oExit,0,240,001C1769,0,1,1,4294967295,0,1
oExit,1520,240,0006DEA6,0,1,1,4294967295,0,1
oHealingPost,96,272,002FB328,0,1,1,4294967295,0,0
oPlayer1,48,272,00088C93,0,1,1,4294967295,0,0
oInvCollPH,16,272,0015D3CF,0,1,1,4294967295,0,0
oInvCollPH,32,272,00314BBE,0,1,1,4294967295,0,0
oInvCollPH,48,272,00337C94,0,1,1,4294967295,0,0
oInvCollPH,64,272,00157672,0,1,1,4294967295,0,0
oInvCollPH,80,272,001C1B96,0,1,1,4294967295,0,0
oInvCollPH,96,272,002203AF,0,1,1,4294967295,0,0
oInvCollPH,112,272,00013B00,0,1,1,4294967295,0,0
oInvCollPH,128,272,0029BD23,0,1,1,4294967295,0,0
oInvCollPH,144,272,0005C1BA,0,1,1,4294967295,0,0
oInvCollPH,160,272,003B94E6,0,1,1,4294967295,0,0
oInvCollPH,176,272,001FB348,0,1,1,4294967295,0,0
oInvCollPH,192,272,001DD95C,0,1,1,4294967295,0,0
oInvCollPH,208,272,001EFF34,0,1,1,4294967295,0,0
oInvCollPH,224,272,003C8631,0,1,1,4294967295,0,0
oInvCollPH,240,272,00092B67,0,1,1,4294967295,0,0
oInvCollPH,256,272,000C2C22,0,1,1,4294967295,0,0
oInvCollPH,272,272,001EC08B,0,1,1,4294967295,0,0
oInvCollPH,288,272,002CB275,0,1,1,4294967295,0,0
oInvCollPH,304,272,00172DEA,0,1,1,4294967295,0,0
oInvCollPH,320,272,001CDFAC,0,1,1,4294967295,0,0
oInvCollPH,336,272,0010314A,0,1,1,4294967295,0,0
oInvCollPH,352,272,00038797,0,1,1,4294967295,0,0
oInvCollPH,368,272,000E198E,0,1,1,4294967295,0,0
oInvCollPH,384,272,000340AB,0,1,1,4294967295,0,0
oInvCollPH,400,272,003430F4,0,1,1,4294967295,0,0
oInvCollPH,416,272,002C8D46,0,1,1,4294967295,0,0
oInvCollPH,432,272,003E2295,0,1,1,4294967295,0,0
oInvCollPH,448,272,0019B5FB,0,1,1,4294967295,0,0
oInvCollPH,464,272,003212D9,0,1,1,4294967295,0,0
oInvCollPH,480,272,001A108C,0,1,1,4294967295,0,0
oInvCollPH,496,272,00332ADE,0,1,1,4294967295,0,0
oInvCollPH,512,272,0012D622,0,1,1,4294967295,0,0
oInvCollPH,528,272,000159C9,0,1,1,4294967295,0,0
oInvCollPH,544,272,002ED8F8,0,1,1,4294967295,0,0
oInvCollPH,560,272,00081B5B,0,1,1,4294967295,0,0
oInvCollPH,576,272,000FF8FC,0,1,1,4294967295,0,0
oInvCollPH,592,272,00009895,0,1,1,4294967295,0,0
oInvCollPH,608,272,000A2554,0,1,1,4294967295,0,0
oInvCollPH,624,272,00381EE8,0,1,1,4294967295,0,0
oInvCollPH,640,272,0033E8CF,0,1,1,4294967295,0,0
oInvCollPH,656,272,0000378F,0,1,1,4294967295,0,0
oInvCollPH,672,272,0020A6C8,0,1,1,4294967295,0,0
oInvCollPH,688,272,001CF328,0,1,1,4294967295,0,0
oInvCollPH,704,272,001E496F,0,1,1,4294967295,0,0
oInvCollPH,720,272,001B4D64,0,1,1,4294967295,0,0
oInvCollPH,736,272,000E23DF,0,1,1,4294967295,0,0
oInvCollPH,752,272,001EE80F,0,1,1,4294967295,0,0
oInvCollPH,768,272,000CA59A,0,1,1,4294967295,0,0
oInvCollPH,784,272,0001CB52,0,1,1,4294967295,0,0
oInvCollPH,800,272,002A0EC3,0,1,1,4294967295,0,0
oInvCollPH,816,272,001D3841,0,1,1,4294967295,0,0
oInvCollPH,832,272,00284343,0,1,1,4294967295,0,0
oInvCollPH,848,272,002EDE50,0,1,1,4294967295,0,0
oInvCollPH,864,272,002B23B1,0,1,1,4294967295,0,0
oInvCollPH,880,272,0034957C,0,1,1,4294967295,0,0
oInvCollPH,896,272,001E1A8A,0,1,1,4294967295,0,0
oInvCollPH,912,272,000CF334,0,1,1,4294967295,0,0
oInvCollPH,928,272,0002D0AE,0,1,1,4294967295,0,0
oInvCollPH,944,272,000EA2BF,0,1,1,4294967295,0,0
oInvCollPH,960,272,002D3E54,0,1,1,4294967295,0,0
oInvCollPH,976,272,00264EEA,0,1,1,4294967295,0,0
oInvCollPH,992,272,00204348,0,1,1,4294967295,0,0
oInvCollPH,1008,272,003D46A0,0,1,1,4294967295,0,0
oInvCollPH,1024,272,0022C532,0,1,1,4294967295,0,0
oInvCollPH,1040,272,004028AA,0,1,1,4294967295,0,0
oInvCollPH,1056,272,001D011B,0,1,1,4294967295,0,0
oInvCollPH,1072,272,002ABD87,0,1,1,4294967295,0,0
oInvCollPH,1088,272,001ECBB4,0,1,1,4294967295,0,0
oInvCollPH,1104,272,002AE2EF,0,1,1,4294967295,0,0
oInvCollPH,1120,272,0005AD7B,0,1,1,4294967295,0,0
oInvCollPH,1136,272,00242845,0,1,1,4294967295,0,0
oInvCollPH,1152,272,0036B3D8,0,1,1,4294967295,0,0
oInvCollPH,1168,272,0020B859,0,1,1,4294967295,0,0
oInvCollPH,1184,272,0010E086,0,1,1,4294967295,0,0
oInvCollPH,1200,272,001F3956,0,1,1,4294967295,0,0
oInvCollPH,1216,272,001D002E,0,1,1,4294967295,0,0
oInvCollPH,1232,272,0018B937,0,1,1,4294967295,0,0
oInvCollPH,1248,272,0002A598,0,1,1,4294967295,0,0
oInvCollPH,1264,272,0033D93C,0,1,1,4294967295,0,0
oInvCollPH,1280,272,003EEC5B,0,1,1,4294967295,0,0
oInvCollPH,1296,272,001E90BF,0,1,1,4294967295,0,0
oInvCollPH,1312,272,003BE0FA,0,1,1,4294967295,0,0
oInvCollPH,1328,272,00140FFE,0,1,1,4294967295,0,0
oInvCollPH,1344,272,000955BF,0,1,1,4294967295,0,0
oInvCollPH,1360,272,0032B122,0,1,1,4294967295,0,0
oInvCollPH,1376,272,000F869C,0,1,1,4294967295,0,0
oInvCollPH,1392,272,00159422,0,1,1,4294967295,0,0
oInvCollPH,1408,272,0028F420,0,1,1,4294967295,0,0
oInvCollPH,1424,272,003DCDD0,0,1,1,4294967295,0,0
oInvCollPH,1440,272,000F82F2,0,1,1,4294967295,0,0
oInvCollPH,1456,272,0002732F,0,1,1,4294967295,0,0
oInvCollPH,1472,272,003356AA,0,1,1,4294967295,0,0
oInvCollPH,1488,272,002B715D,0,1,1,4294967295,0,0
oInvCollPH,1504,272,002941F9,0,1,1,4294967295,0,0
oInvCollPH,1520,272,002AAE78,0,1,1,4294967295,0,0
oInvisibleSolid,0,272,001C6376,0,1,1,4294967295,0,1
oIVaultCir3,32,0,001CA84F,0,1,1,4294967295,0,0
oIVaultCir3,160,0,000D1D32,0,1,1,4294967295,0,0
oIVaultCir3,288,0,002E328C,0,1,1,4294967295,0,0
oIVaultCir3,416,0,00165507,0,1,1,4294967295,0,0
oIVaultCir3,544,0,000CF622,0,1,1,4294967295,0,0
oIVaultCir3,672,0,001C97C4,0,1,1,4294967295,0,0
oIVaultCir3,736,0,0037BB14,0,1,1,4294967295,0,0
oIVaultCir3,800,0,003F9556,0,1,1,4294967295,0,0
oIVaultCir3,928,0,0033BCE3,0,1,1,4294967295,0,0
oIVaultCir3,1056,0,0039F1F9,0,1,1,4294967295,0,0
oIVaultCir3,1184,0,002C6D72,0,1,1,4294967295,0,0
oIVaultCir3,1312,0,0020BBD8,0,1,1,4294967295,0,0
oIVaultCir3,1440,0,00382499,0,1,1,4294967295,0,0
oIVaultCir4,1472,0,003CA223,0,1,1,4294967295,0,0
oIVaultCir4,1344,0,000C1710,0,1,1,4294967295,0,0
oIVaultCir4,1216,0,00194337,0,1,1,4294967295,0,0
oIVaultCir4,1088,0,0005A347,0,1,1,4294967295,0,0
oIVaultCir4,960,0,003FB300,0,1,1,4294967295,0,0
oIVaultCir4,832,0,001376A0,0,1,1,4294967295,0,0
oIVaultCir4,768,0,0014C775,0,1,1,4294967295,0,0
oIVaultCir4,704,0,0019BEA5,0,1,1,4294967295,0,0
oIVaultCir4,576,0,0010386E,0,1,1,4294967295,0,0
oIVaultCir4,448,0,0002E063,0,1,1,4294967295,0,0
oIVaultCir4,320,0,003D0B73,0,1,1,4294967295,0,0
oIVaultCir4,192,0,0034D142,0,1,1,4294967295,0,0
oIVaultCir4,64,0,00157951,0,1,1,4294967295,0,0
