oExit,352,-16,001EC085,0,1,1,4294967295,0,1
oExit,0,144,000C4F63,0,1,1,4294967295,0,1
oExit,0,304,0024E433,0,1,1,4294967295,0,1
oMorphBombUpgrade,288,128,000C04A6,0,1,1,4294967295,0,1
oWeaponLevelUpgrade,352,288,0005C090,0,1,1,4294967295,0,1
oMetroidBlockDisappear,80,128,002CFC9B,0,1,1,4294967295,0,1
oMetroidBlockDisappear,96,128,00030C36,0,1,1,4294967295,0,1
oMetroidBlockDisappear,112,128,00233CA1,0,1,1,4294967295,0,1
oMetroidBlockDisappear,400,208,0022A5B2,0,1,1,4294967295,0,1
oMetroidBlockDisappear,416,208,0022A207,0,1,1,4294967295,0,1
oPlayer1,64,336,00046CB2,0,1,1,4294967295,0,0
oMetLava,0,256,0008FCA1,0,1,1,4294967295,0,1
oInvCollSM,16,144,002B3E69,0,1,1,4294967295,0,0
oInvCollSM,32,144,0036A3A6,0,1,1,4294967295,0,0
oInvCollSM,48,144,002A7E0C,0,1,1,4294967295,0,0
oInvCollSM,64,144,0019895E,0,1,1,4294967295,0,0
oInvCollSM,16,304,00017A38,0,1,1,4294967295,0,0
oInvCollSM,32,304,0034C870,0,1,1,4294967295,0,0
oInvCollPH,176,208,000929CC,0,1,1,4294967295,0,0
oInvCollPH,192,224,00246320,0,1,1,4294967295,0,0
oInvCollPH,288,160,001FBAA7,0,1,1,4294967295,0,0
oInvCollPH,288,176,0026E64B,0,1,1,4294967295,0,0
oInvCollPH,288,192,0011DD6D,0,1,1,4294967295,0,0
oInvCollPH,128,144,003822F8,0,1,1,4294967295,0,0
oInvCollPH,128,160,0022BEE2,0,1,1,4294967295,0,0
oInvCollPH,128,176,000F7396,0,1,1,4294967295,0,0
oInvCollPH,144,128,0017C8CB,0,1,1,4294967295,0,0
oInvCollPH,144,144,001ECC44,0,1,1,4294967295,0,0
oInvCollPH,144,160,0007F16F,0,1,1,4294967295,0,0
oInvCollPH,144,176,0003F050,0,1,1,4294967295,0,0
oInvCollPH,144,192,002BD3C5,0,1,1,4294967295,0,0
oInvCollPH,128,192,001E1A9A,0,1,1,4294967295,0,0
oInvCollPH,128,208,000C198D,0,1,1,4294967295,0,0
oInvCollPH,128,224,00347F7B,0,1,1,4294967295,0,0
oInvCollPH,384,224,00345058,0,1,1,4294967295,0,0
oInvCollPH,64,64,0033E1F7,0,1,1,4294967295,0,0
oInvCollPH,64,80,00094F69,0,1,1,4294967295,0,0
oInvCollPH,64,96,002A5964,0,1,1,4294967295,0,0
oInvCollPH,64,112,001BAA29,0,1,1,4294967295,0,0
oInvCollPH,64,128,0010E3FE,0,1,1,4294967295,0,0
oInvCollPH,16,176,000A0E2D,0,1,1,4294967295,0,0
oInvCollPH,32,176,00352216,0,1,1,4294967295,0,0
oInvCollPH,32,192,0009CF43,0,1,1,4294967295,0,0
oInvCollPH,32,208,002F8391,0,1,1,4294967295,0,0
oInvCollPH,32,224,0006CF77,0,1,1,4294967295,0,0
oInvCollPH,32,256,0027B4A2,0,1,1,4294967295,0,0
oInvCollPH,32,272,0016E261,0,1,1,4294967295,0,0
oInvCollPH,32,288,00097065,0,1,1,4294967295,0,0
oInvCollPH,16,336,0036ECA0,0,1,1,4294967295,0,0
oInvCollPH,32,336,002CAEEB,0,1,1,4294967295,0,0
oInvCollPH,48,336,0015C4F9,0,1,1,4294967295,0,0
oInvCollPH,64,336,002943EF,0,1,1,4294967295,0,0
oInvCollPH,80,336,0010D2A8,0,1,1,4294967295,0,0
oInvCollPH,96,336,0020452F,0,1,1,4294967295,0,0
oInvCollPH,112,336,0032A123,0,1,1,4294967295,0,0
oInvCollPH,128,336,00314DE6,0,1,1,4294967295,0,0
oInvCollPH,144,320,0014F5D1,0,1,1,4294967295,0,0
oInvCollPH,160,336,000D78B1,0,1,1,4294967295,0,0
oInvCollPH,176,336,000D4079,0,1,1,4294967295,0,0
oInvCollPH,192,336,00018F1E,0,1,1,4294967295,0,0
oInvCollPH,208,336,000F5EB6,0,1,1,4294967295,0,0
oInvCollPH,224,336,003BA1CB,0,1,1,4294967295,0,0
oInvCollPH,240,336,002A0EA0,0,1,1,4294967295,0,0
oInvCollPH,256,336,0011D044,0,1,1,4294967295,0,0
oInvCollPH,272,320,000670D9,0,1,1,4294967295,0,0
oInvCollPH,288,336,001A825A,0,1,1,4294967295,0,0
oInvCollPH,304,336,000CFACC,0,1,1,4294967295,0,0
oInvCollPH,320,336,00311C62,0,1,1,4294967295,0,0
oInvCollPH,336,336,00107C9B,0,1,1,4294967295,0,0
oInvCollPH,352,320,001B7297,0,1,1,4294967295,0,0
oInvCollPH,368,336,00240E98,0,1,1,4294967295,0,0
oInvCollPH,384,336,0025E8BC,0,1,1,4294967295,0,0
oInvCollPH,400,336,0022CDFF,0,1,1,4294967295,0,0
oInvCollPH,416,336,0029A6E6,0,1,1,4294967295,0,0
oInvCollPH,432,80,002E42AB,0,1,1,4294967295,0,0
oInvCollPH,432,96,00013719,0,1,1,4294967295,0,0
oInvCollPH,432,112,002CB876,0,1,1,4294967295,0,0
oInvCollPH,432,128,0027A8A2,0,1,1,4294967295,0,0
oInvCollPH,432,208,00152D1B,0,1,1,4294967295,0,0
oInvCollPH,432,192,0031BA4C,0,1,1,4294967295,0,0
oInvCollPH,432,176,001A3688,0,1,1,4294967295,0,0
oInvCollPH,432,160,003AE1CD,0,1,1,4294967295,0,0
oInvCollPH,432,144,00300C95,0,1,1,4294967295,0,0
oInvCollPH,432,288,00283181,0,1,1,4294967295,0,0
oInvCollPH,432,272,000D850F,0,1,1,4294967295,0,0
oInvCollPH,432,256,00159910,0,1,1,4294967295,0,0
oInvCollPH,432,240,001458FF,0,1,1,4294967295,0,0
oInvCollPH,432,224,003EF6FB,0,1,1,4294967295,0,0
oInvCollPH,432,304,0015FCA3,0,1,1,4294967295,0,0
oInvCollPH,432,320,00382EFC,0,1,1,4294967295,0,0
oInvCollPH,80,48,0032C308,0,1,1,4294967295,0,0
oInvCollPH,96,48,000C1FA8,0,1,1,4294967295,0,0
oInvCollPH,112,48,000FE8BE,0,1,1,4294967295,0,0
oInvCollPH,128,48,003B1C94,0,1,1,4294967295,0,0
oInvCollPH,144,48,002CDBB2,0,1,1,4294967295,0,0
oInvCollPH,224,48,002501B5,0,1,1,4294967295,0,0
oInvCollPH,208,48,0028E658,0,1,1,4294967295,0,0
oInvCollPH,192,48,000F4F90,0,1,1,4294967295,0,0
oInvCollPH,176,48,002D6754,0,1,1,4294967295,0,0
oInvCollPH,160,48,001A13EC,0,1,1,4294967295,0,0
oInvCollPH,304,48,00275F53,0,1,1,4294967295,0,0
oInvCollPH,288,48,00108FE7,0,1,1,4294967295,0,0
oInvCollPH,272,48,0012679E,0,1,1,4294967295,0,0
oInvCollPH,256,48,003B778D,0,1,1,4294967295,0,0
oInvCollPH,240,48,00101303,0,1,1,4294967295,0,0
oInvCollPH,320,48,0003098B,0,1,1,4294967295,0,0
oInvCollPH,336,48,002F392C,0,1,1,4294967295,0,0
oInvCollPH,336,32,00080235,0,1,1,4294967295,0,0
oInvCollPH,336,16,00145CEE,0,1,1,4294967295,0,0
oInvCollPH,336,0,00084DB2,0,1,1,4294967295,0,0
oInvCollPH,368,16,003962F2,0,1,1,4294967295,0,0
oInvCollPH,368,32,002C764D,0,1,1,4294967295,0,0
oInvCollPH,368,48,000D3E5D,0,1,1,4294967295,0,0
oInvCollPH,384,48,002CE63B,0,1,1,4294967295,0,0
oInvCollPH,400,48,002852D2,0,1,1,4294967295,0,0
oInvCollPH,416,48,000AB4A9,0,1,1,4294967295,0,0
oInvCollSM,64,240,00367743,0,1,1,4294967295,0,0
oInvCollSM,80,240,001FF6DD,0,1,1,4294967295,0,0
oInvCollSM,96,240,0025A946,0,1,1,4294967295,0,0
oInvCollSM,112,240,000325FC,0,1,1,4294967295,0,0
oInvCollSM,128,240,0036155A,0,1,1,4294967295,0,0
oInvCollSM,144,240,0014D5D5,0,1,1,4294967295,0,0
oInvCollSM,160,240,001179A7,0,1,1,4294967295,0,0
oInvCollSM,176,240,0025446A,0,1,1,4294967295,0,0
oInvCollSM,192,240,002DE3B5,0,1,1,4294967295,0,0
oInvCollSM,208,240,00167125,0,1,1,4294967295,0,0
oInvCollSM,224,240,0023B1CF,0,1,1,4294967295,0,0
oInvCollSM,240,240,000174D3,0,1,1,4294967295,0,0
oInvCollSM,256,240,000E6430,0,1,1,4294967295,0,0
oInvCollSM,272,240,000D9AA1,0,1,1,4294967295,0,0
oInvCollSM,288,240,0026EC9B,0,1,1,4294967295,0,0
oInvCollSM,304,240,0035C393,0,1,1,4294967295,0,0
oInvCollSM,320,240,001E8E64,0,1,1,4294967295,0,0
oInvCollSM,336,240,000EFF99,0,1,1,4294967295,0,0
oInvCollSM,352,240,0032AF84,0,1,1,4294967295,0,0
oInvCollSM,368,240,0018F817,0,1,1,4294967295,0,0
oInvCollSM,384,240,002FDF33,0,1,1,4294967295,0,0
oInvCollPH,208,272,002FB760,0,1,1,4294967295,0,0
oInvCollPH,208,288,000E768C,0,1,1,4294967295,0,0
oInvCollPH,144,288,001BE367,0,1,1,4294967295,0,0
oInvCollPH,144,304,00141F26,0,1,1,4294967295,0,0
oInvCollPH,272,288,001B1BEE,0,1,1,4294967295,0,0
oInvCollPH,272,304,001E471A,0,1,1,4294967295,0,0
oInvisibleSolidMorph,288,208,000D27BC,0,1,1,4294967295,0,0
oInvisibleSolidMorph,0,144,00167C78,0,1,1,4294967295,0,1
oInvisibleSolidMorph,0,304,003AF328,0,1,1,4294967295,0,1
oInvisibleSolid,288,144,001FA2B1,0,1,1,4294967295,0,1
oInvisibleSolid,368,224,003E4654,0,1,1,4294967295,0,1
oInvisibleSolid,384,208,00096005,0,1,1,4294967295,0,0
oInvisibleSolid,160,208,000C0133,0,1,1,4294967295,0,1
oInvisibleSolid,160,224,0016BA7A,0,1,1,4294967295,0,1
oInvisibleSolid,128,128,000AD235,0,1,1,4294967295,0,1
oInvisibleSolid,0,176,000F8085,0,1,1,4294967295,0,1
oInvisibleSolid,0,64,0015389C,0,1,1,4294967295,0,1
oInvisibleSolid,0,0,00132825,0,1,1,4294967295,0,1
oInvisibleSolid,0,336,001FE1DF,0,1,1,4294967295,0,1
oInvisibleSolid,432,64,000FC953,0,1,1,4294967295,0,1
oInvisibleSolid,368,0,00088D02,0,1,1,4294967295,0,1
oInvisibleSolid,144,272,0021662E,0,1,1,4294967295,0,1
oInvisibleSolid,208,256,00199D3B,0,1,1,4294967295,0,1
oInvisibleSolid,272,272,0031E921,0,1,1,4294967295,0,1
oInvisibleSolidMorph,48,240,00066B46,0,1,1,4294967295,0,1
oInvisibleSolidMorph,208,304,002DE1C0,0,1,1,4294967295,0,0
oInvisibleSolid,352,304,000A94D2,0,1,1,4294967295,0,1
