oExit,232,256,003C1DC4,0,1,1,4294967295,0,1
oNPC_Shop,96,256,0009D3FA,0,1,1,4294967295,0,1
oVendingMachine,304,160,0004A165,0,1,1,4294967295,0,0
oEquPotShop,384,256,002A3A15,0,1,1,4294967295,0,1
oPlayer1,272,288,003D4693,0,1,1,4294967295,0,0
oInvCollPH,32,192,002B5E24,0,1,1,4294967295,0,0
oInvCollPH,32,208,00288D1B,0,1,1,4294967295,0,0
oInvCollPH,32,224,000A540E,0,1,1,4294967295,0,0
oInvCollPH,32,240,0034B943,0,1,1,4294967295,0,0
oInvCollPH,32,256,00302B08,0,1,1,4294967295,0,0
oInvCollPH,32,272,002CEBC9,0,1,1,4294967295,0,0
oInvCollPH,432,208,003D0229,0,1,1,4294967295,0,0
oInvCollPH,432,224,0038C06A,0,1,1,4294967295,0,0
oInvCollPH,432,240,0003883A,0,1,1,4294967295,0,0
oInvCollPH,432,256,0008C6B4,0,1,1,4294967295,0,0
oInvCollPH,432,272,001B76AE,0,1,1,4294967295,0,0
oInvCollPH,48,288,001B8271,0,1,1,4294967295,0,0
oInvCollPH,64,288,00054C52,0,1,1,4294967295,0,0
oInvCollPH,80,288,001BFF5C,0,1,1,4294967295,0,0
oInvCollPH,96,288,003F79FE,0,1,1,4294967295,0,0
oInvCollPH,112,288,0035EEE3,0,1,1,4294967295,0,0
oInvCollPH,128,288,00271107,0,1,1,4294967295,0,0
oInvCollPH,144,288,00213545,0,1,1,4294967295,0,0
oInvCollPH,160,288,000C096C,0,1,1,4294967295,0,0
oInvCollPH,176,288,001B267F,0,1,1,4294967295,0,0
oInvCollPH,192,288,0020B4BF,0,1,1,4294967295,0,0
oInvCollPH,208,288,0010256C,0,1,1,4294967295,0,0
oInvCollPH,224,288,0023047F,0,1,1,4294967295,0,0
oInvCollPH,240,288,0014CE62,0,1,1,4294967295,0,0
oInvCollPH,256,288,0002545A,0,1,1,4294967295,0,0
oInvCollPH,272,288,00104E5F,0,1,1,4294967295,0,0
oInvCollPH,288,288,002C3162,0,1,1,4294967295,0,0
oInvCollPH,304,288,000D5549,0,1,1,4294967295,0,0
oInvCollPH,320,288,0039B83E,0,1,1,4294967295,0,0
oInvCollPH,336,288,002FA17E,0,1,1,4294967295,0,0
oInvCollPH,352,288,0035D51C,0,1,1,4294967295,0,0
oInvCollPH,368,288,0027E80B,0,1,1,4294967295,0,0
oInvCollPH,384,288,00314194,0,1,1,4294967295,0,0
oInvCollPH,400,288,00208C69,0,1,1,4294967295,0,0
oInvCollPH,416,288,0037C744,0,1,1,4294967295,0,0
oInvCollPH,48,176,000DC551,0,1,1,4294967295,0,0
oInvCollPH,64,176,00045804,0,1,1,4294967295,0,0
oInvCollPH,80,176,00138EA9,0,1,1,4294967295,0,0
oInvCollPH,96,176,001AA909,0,1,1,4294967295,0,0
oInvCollPH,112,176,000F6B1B,0,1,1,4294967295,0,0
oInvCollPH,128,176,000A7E4D,0,1,1,4294967295,0,0
oInvCollPH,128,160,000C6E37,0,1,1,4294967295,0,0
oInvCollPH,128,144,00322C91,0,1,1,4294967295,0,0
oInvCollPH,128,128,00000B7C,0,1,1,4294967295,0,0
oInvCollPH,128,112,00121D59,0,1,1,4294967295,0,0
oInvCollPH,128,96,0028C92D,0,1,1,4294967295,0,0
oInvCollPH,336,112,00272E0D,0,1,1,4294967295,0,0
oInvCollPH,336,128,000B05AE,0,1,1,4294967295,0,0
oInvCollPH,336,144,00342740,0,1,1,4294967295,0,0
oInvCollPH,336,176,00191237,0,1,1,4294967295,0,0
oInvCollPH,352,176,0024E29B,0,1,1,4294967295,0,0
oInvCollPH,368,176,000A842B,0,1,1,4294967295,0,0
oInvCollPH,384,176,00342BF2,0,1,1,4294967295,0,0
oInvCollPH,400,176,0021922E,0,1,1,4294967295,0,0
oInvCollPH,416,176,00237D07,0,1,1,4294967295,0,0
oInvCollPH,144,80,003D7299,0,1,1,4294967295,0,0
oInvCollPH,160,80,0036FBE5,0,1,1,4294967295,0,0
oInvCollPH,176,80,000262D3,0,1,1,4294967295,0,0
oInvCollPH,192,80,000249E7,0,1,1,4294967295,0,0
oInvCollPH,208,80,00041019,0,1,1,4294967295,0,0
oInvCollPH,224,80,0023DDFD,0,1,1,4294967295,0,0
oInvCollPH,240,80,003E5E66,0,1,1,4294967295,0,0
oInvCollPH,256,80,002FFA4E,0,1,1,4294967295,0,0
oInvCollPH,272,80,00244179,0,1,1,4294967295,0,0
oInvCollPH,288,80,001A0992,0,1,1,4294967295,0,0
oInvCollPH,304,80,003DDE6B,0,1,1,4294967295,0,0
oInvCollPH,320,80,002D1945,0,1,1,4294967295,0,0
oInvCollPH,288,160,00172A3E,0,1,1,4294967295,0,0
oInvCollPH,304,160,002F64A6,0,1,1,4294967295,0,0
oInvCollPH,320,160,0027EE5F,0,1,1,4294967295,0,0
oInvCollPH,192,224,000D6895,0,1,1,4294967295,0,0
oInvisibleSolid,0,192,0005CEE1,0,1,1,4294967295,0,1
oInvisibleSolid,0,288,00001D8F,0,1,1,4294967295,0,1
oInvisibleSolid,432,192,000DD1C7,0,1,1,4294967295,0,1
oInvisibleSolid,0,96,0021BFB3,0,1,1,4294967295,0,1
oInvisibleSolid,0,0,001789D0,0,1,1,4294967295,0,1
oInvisibleSolid,336,96,00287747,0,1,1,4294967295,0,1
oInvisibleSolid,272,160,00200246,0,1,1,4294967295,0,1
oInvisibleSolid,176,224,000AD238,0,1,1,4294967295,0,1
