tileZeldaWater,0,48,32,16,64,48,0,1,1,4294967295
tileZeldaWater,0,32,16,16,64,16,0,1,1,4294967295
tileZeldaWater,0,0,16,16,64,32,0,1,1,4294967295
tileZeldaWater,64,0,16,16,64,48,0,1,1,4294967295
tileZeldaWater,128,0,16,16,64,48,0,1,1,4294967295
tileZeldaWater,0,160,16,0,64,64,0,1,1,4294967295
tileZeldaWater,0,288,16,0,64,48,0,1,1,4294967295
tileZeldaWater,0,672,16,0,64,32,0,1,1,4294967295
tileZeldaWater,64,672,16,0,64,32,0,1,1,4294967295
tileZeldaWater,0,560,16,16,64,48,0,1,1,4294967295
tileZeldaWater,0,336,16,16,64,32,0,1,1,4294967295
tileZeldaWater,0,368,16,16,64,32,0,1,1,4294967295
tileZeldaWater,0,400,16,16,64,32,0,1,1,4294967295
tileZeldaWater,0,432,16,16,64,32,0,1,1,4294967295
tileZeldaWater,0,464,16,16,64,32,0,1,1,4294967295
tileZeldaWater,0,496,16,16,64,32,0,1,1,4294967295
tileZeldaWater,0,528,16,16,64,32,0,1,1,4294967295
tileZeldaWater,64,560,32,16,64,48,0,1,1,4294967295
tileZeldaWater,64,528,32,16,64,32,0,1,1,4294967295
tileZeldaWater,0,608,96,128,32,16,0,1,1,4294967295
tileZeldaWater,0,624,96,128,32,16,0,1,1,4294967295
tileZeldaWater,0,640,96,128,32,16,0,1,1,4294967295
tileZeldaWater,0,656,96,128,32,16,0,1,1,4294967295
tileZeldaWater,32,608,96,128,32,16,0,1,1,4294967295
tileZeldaWater,32,624,96,128,32,16,0,1,1,4294967295
tileZeldaWater,32,640,96,128,32,16,0,1,1,4294967295
tileZeldaWater,32,656,96,128,32,16,0,1,1,4294967295
tileZeldaWater,64,608,96,128,32,16,0,1,1,4294967295
tileZeldaWater,64,624,96,128,32,16,0,1,1,4294967295
tileZeldaWater,64,640,96,128,32,16,0,1,1,4294967295
tileZeldaWater,64,656,96,128,32,16,0,1,1,4294967295
tileZeldaWater,96,608,96,128,32,16,0,1,1,4294967295
tileZeldaWater,96,624,96,128,32,16,0,1,1,4294967295
tileZeldaWater,96,640,96,128,32,16,0,1,1,4294967295
tileZeldaWater,96,656,96,128,32,16,0,1,1,4294967295
tileZeldaWater,64,496,32,16,64,32,0,1,1,4294967295
tileZeldaWater,128,448,16,16,64,48,0,1,1,4294967295
tileZeldaWater,192,448,16,16,64,48,0,1,1,4294967295
tileZeldaWater,128,672,16,0,64,32,0,1,1,4294967295
tileZeldaWater,192,640,0,0,32,32,0,1,1,4294967295
tileZeldaWater,224,640,64,0,32,32,0,1,1,4294967295
tileZeldaWater,192,672,16,16,64,32,0,1,1,4294967295
tileZeldaWater,256,688,16,16,64,16,0,1,1,4294967295
tileZeldaWater,320,640,0,0,64,32,0,1,1,4294967295
tileZeldaWater,320,672,16,16,64,32,0,1,1,4294967295
tileZeldaWater,384,640,16,0,32,32,0,1,1,4294967295
tileZeldaWater,400,560,0,0,32,32,0,1,1,4294967295
tileZeldaWater,400,576,0,48,16,16,0,1,1,4294967295
tileZeldaWater,432,560,16,0,64,48,0,1,1,4294967295
tileZeldaWater,416,640,16,16,16,32,0,1,1,4294967295
tileZeldaWater,384,672,16,16,48,32,0,1,1,4294967295
tileZeldaWater,432,608,16,16,64,32,0,1,1,4294967295
tileZeldaWater,432,640,16,16,64,32,0,1,1,4294967295
tileZeldaWater,432,672,16,16,64,32,0,1,1,4294967295
tileZeldaWater,496,560,32,0,64,48,0,1,1,4294967295
tileZeldaWater,256,448,32,16,64,48,0,1,1,4294967295
tileZeldaWater,464,400,0,16,64,48,0,1,1,4294967295
tileZeldaWater,576,432,16,16,64,48,0,1,1,4294967295
tileZeldaWater,688,480,0,16,64,32,0,1,1,4294967295
tileZeldaWater,688,512,0,16,64,32,0,1,1,4294967295
tileZeldaWater,688,544,0,16,64,32,0,1,1,4294967295
tileZeldaWater,688,576,0,16,64,32,0,1,1,4294967295
tileZeldaWater,512,448,0,32,64,32,0,1,1,4294967295
tileZeldaWater,496,608,16,16,64,32,0,1,1,4294967295
tileZeldaWater,496,640,16,16,64,32,0,1,1,4294967295
tileZeldaWater,496,672,16,16,64,32,0,1,1,4294967295
tileZeldaWater,560,672,16,16,64,32,0,1,1,4294967295
tileZeldaWater,688,672,16,16,64,32,0,1,1,4294967295
tileZeldaWater,560,608,32,0,64,48,0,1,1,4294967295
tileZeldaWater,624,656,16,0,64,48,0,1,1,4294967295
tileZeldaWater,560,656,16,16,64,16,0,1,1,4294967295
tileZeldaWater,688,608,0,16,64,32,0,1,1,4294967295
tileZeldaWater,688,640,0,16,64,16,0,1,1,4294967295
tileZeldaWater,688,656,16,16,64,16,0,1,1,4294967295
tileZeldaWater,256,416,32,16,64,32,0,1,1,4294967295
tileZeldaWater,464,352,0,0,64,48,0,1,1,4294967295
tileZeldaWater,64,288,32,0,64,48,0,1,1,4294967295
tileZeldaWater,64,336,16,16,64,32,0,1,1,4294967295
tileZeldaWater,64,368,16,16,64,32,0,1,1,4294967295
tileZeldaWater,64,400,16,16,64,32,0,1,1,4294967295
tileZeldaWater,64,432,16,16,64,32,0,1,1,4294967295
tileZeldaWater,64,464,16,16,64,32,0,1,1,4294967295
tileZeldaWater,192,416,16,16,64,32,0,1,1,4294967295
tileZeldaWater,128,416,16,16,64,32,0,1,1,4294967295
tileZeldaWater,128,384,16,16,64,32,0,1,1,4294967295
tileZeldaWater,128,368,16,16,64,16,0,1,1,4294967295
tileZeldaWater,256,320,32,16,64,32,0,1,1,4294967295
tileZeldaWater,256,352,32,16,64,32,0,1,1,4294967295
tileZeldaWater,256,384,32,16,64,32,0,1,1,4294967295
tileZeldaWater,288,272,64,0,32,48,0,1,1,4294967295
tileZeldaWater,256,272,0,0,32,48,0,1,1,4294967295
tileZeldaWater,128,336,16,0,64,32,0,1,1,4294967295
tileZeldaWater,192,352,16,16,64,32,0,1,1,4294967295
tileZeldaWater,192,384,16,16,64,32,0,1,1,4294967295
tileZeldaWater,192,336,16,16,64,16,0,1,1,4294967295
tileZeldaWater,64,192,64,32,32,32,0,1,1,4294967295
tileZeldaWater,128,160,32,0,64,16,0,1,1,4294967295
tileZeldaWater,64,160,16,0,64,32,0,1,1,4294967295
tileZeldaWater,128,176,32,48,64,16,0,1,1,4294967295
tileZeldaWater,96,176,16,48,32,16,0,1,1,4294967295
tileZeldaWater,192,304,0,0,64,32,0,1,1,4294967295
tileZeldaWater,256,304,16,16,32,16,0,1,1,4294967295
tileZeldaWater,192,0,16,16,64,48,0,1,1,4294967295
tileZeldaWater,528,400,16,16,64,32,0,1,1,4294967295
tileZeldaWater,592,400,16,16,64,32,0,1,1,4294967295
tileZeldaWater,592,368,16,16,64,32,0,1,1,4294967295
tileZeldaWater,592,352,16,16,64,16,0,1,1,4294967295
tileZeldaWater,656,288,0,112,32,48,0,1,1,4294967295
tileZeldaWater,688,288,0,112,32,48,0,1,1,4294967295
tileZeldaWater,720,304,16,0,64,48,0,1,1,4294967295
tileZeldaWater,720,304,0,0,16,16,0,1,1,4294967295
tileZeldaWater,640,304,80,0,16,16,0,1,1,4294967295
tileZeldaWater,656,336,16,16,64,32,0,1,1,4294967295
tileZeldaWater,656,368,16,16,64,32,0,1,1,4294967295
tileZeldaWater,656,400,16,16,64,32,0,1,1,4294967295
tileZeldaWater,720,352,16,16,64,32,0,1,1,4294967295
tileZeldaWater,720,384,16,16,64,32,0,1,1,4294967295
tileZeldaWater,720,416,16,16,64,32,0,1,1,4294967295
tileZeldaWater,720,448,16,16,64,32,0,1,1,4294967295
tileZeldaWater,688,432,16,16,32,32,0,1,1,4294967295
tileZeldaWater,688,464,16,16,32,16,0,1,1,4294967295
tileZeldaWater,784,304,16,0,64,48,0,1,1,4294967295
tileZeldaWater,768,240,64,112,32,32,0,1,1,4294967295
tileZeldaWater,736,240,96,128,32,16,0,1,1,4294967295
tileZeldaWater,736,256,96,128,32,16,0,1,1,4294967295
tileZeldaWater,736,272,96,128,32,16,0,1,1,4294967295
tileZeldaWater,736,288,96,128,32,16,0,1,1,4294967295
tileZeldaWater,800,240,96,128,32,16,0,1,1,4294967295
tileZeldaWater,800,256,96,128,32,16,0,1,1,4294967295
tileZeldaWater,736,208,96,128,32,16,0,1,1,4294967295
tileZeldaWater,736,224,96,128,32,16,0,1,1,4294967295
tileZeldaWater,768,224,96,128,32,16,0,1,1,4294967295
tileZeldaWater,800,224,96,128,32,16,0,1,1,4294967295
tileZeldaWater,768,208,96,128,32,16,0,1,1,4294967295
tileZeldaWater,800,208,96,128,32,16,0,1,1,4294967295
tileZeldaWater,848,304,32,0,64,48,0,1,1,4294967295
tileZeldaWater,848,352,32,16,64,32,0,1,1,4294967295
tileZeldaWater,848,384,32,16,64,32,0,1,1,4294967295
tileZeldaWater,960,272,0,0,64,48,0,1,1,4294967295
tileZeldaWater,960,320,0,16,64,32,0,1,1,4294967295
tileZeldaWater,960,352,0,16,64,32,0,1,1,4294967295
tileZeldaWater,960,384,0,16,64,32,0,1,1,4294967295
tileZeldaWater,960,416,0,16,64,32,0,1,1,4294967295
tileZeldaWater,848,416,32,16,64,32,0,1,1,4294967295
tileZeldaWater,848,448,32,16,64,32,0,1,1,4294967295
tileZeldaWater,848,480,32,16,64,48,0,1,1,4294967295
tileZeldaWater,784,528,32,16,64,32,0,1,1,4294967295
tileZeldaWater,784,560,32,16,64,32,0,1,1,4294967295
tileZeldaWater,784,592,32,16,64,32,0,1,1,4294967295
tileZeldaWater,848,624,16,0,64,48,0,1,1,4294967295
tileZeldaWater,912,624,16,0,64,48,0,1,1,4294967295
tileZeldaWater,976,624,16,0,64,48,0,1,1,4294967295
tileZeldaWater,1040,624,16,0,64,48,0,1,1,4294967295
tileZeldaWater,960,448,0,16,64,48,0,1,1,4294967295
tileZeldaWater,784,352,16,16,64,32,0,1,1,4294967295
tileZeldaWater,784,384,16,16,64,32,0,1,1,4294967295
tileZeldaWater,784,416,16,16,64,32,0,1,1,4294967295
tileZeldaWater,784,448,16,16,64,32,0,1,1,4294967295
tileZeldaWater,784,480,16,16,64,32,0,1,1,4294967295
tileZeldaWater,848,672,16,16,64,32,0,1,1,4294967295
tileZeldaWater,912,672,16,16,64,32,0,1,1,4294967295
tileZeldaWater,976,672,16,16,64,32,0,1,1,4294967295
tileZeldaWater,1040,672,16,16,64,32,0,1,1,4294967295
tileZeldaWater,784,672,16,16,64,32,0,1,1,4294967295
tileZeldaWater,784,640,16,16,64,32,0,1,1,4294967295
tileZeldaWater,784,512,16,16,64,16,0,1,1,4294967295
tileZeldaWater,784,624,16,16,64,16,0,1,1,4294967295
tileZeldaWater,752,480,16,16,32,32,0,1,1,4294967295
tileZeldaWater,752,512,16,16,32,32,0,1,1,4294967295
tileZeldaWater,752,544,16,16,32,32,0,1,1,4294967295
tileZeldaWater,752,576,16,16,32,32,0,1,1,4294967295
tileZeldaWater,752,608,16,16,32,32,0,1,1,4294967295
tileZeldaWater,752,640,16,16,32,32,0,1,1,4294967295
tileZeldaWater,752,672,16,16,32,32,0,1,1,4294967295
tileZeldaWater,128,544,96,128,32,16,0,1,1,4294967295
tileZeldaWater,128,560,96,128,32,16,0,1,1,4294967295
tileZeldaWater,128,576,96,128,32,16,0,1,1,4294967295
tileZeldaWater,128,592,96,128,32,16,0,1,1,4294967295
tileZeldaWater,128,608,96,128,32,16,0,1,1,4294967295
tileZeldaWater,128,624,96,128,32,16,0,1,1,4294967295
tileZeldaWater,128,640,96,128,32,16,0,1,1,4294967295
tileZeldaWater,128,656,96,128,32,16,0,1,1,4294967295
tileZeldaWater,160,544,96,128,32,16,0,1,1,4294967295
tileZeldaWater,160,560,96,128,32,16,0,1,1,4294967295
tileZeldaWater,160,576,96,128,32,16,0,1,1,4294967295
tileZeldaWater,160,592,96,128,32,16,0,1,1,4294967295
tileZeldaWater,160,608,96,128,32,16,0,1,1,4294967295
tileZeldaWater,160,624,96,128,32,16,0,1,1,4294967295
tileZeldaWater,160,640,96,128,32,16,0,1,1,4294967295
tileZeldaWater,160,656,96,128,32,16,0,1,1,4294967295
tileZeldaWater,192,544,96,128,32,16,0,1,1,4294967295
tileZeldaWater,192,560,96,128,32,16,0,1,1,4294967295
tileZeldaWater,192,576,96,128,32,16,0,1,1,4294967295
tileZeldaWater,192,592,96,128,32,16,0,1,1,4294967295
tileZeldaWater,192,608,96,128,32,16,0,1,1,4294967295
tileZeldaWater,192,624,96,128,32,16,0,1,1,4294967295
tileZeldaWater,224,544,96,128,32,16,0,1,1,4294967295
tileZeldaWater,224,576,96,128,32,16,0,1,1,4294967295
tileZeldaWater,224,592,96,128,32,16,0,1,1,4294967295
tileZeldaWater,224,608,96,128,32,16,0,1,1,4294967295
tileZeldaWater,224,624,96,128,32,16,0,1,1,4294967295
tileZeldaWater,224,560,96,128,32,16,0,1,1,4294967295
tileZeldaWater,256,544,96,128,32,16,0,1,1,4294967295
tileZeldaWater,256,560,96,128,32,16,0,1,1,4294967295
tileZeldaWater,256,576,96,128,32,16,0,1,1,4294967295
tileZeldaWater,256,592,96,128,32,16,0,1,1,4294967295
tileZeldaWater,256,608,96,128,32,16,0,1,1,4294967295
tileZeldaWater,256,624,96,128,32,16,0,1,1,4294967295
tileZeldaWater,288,544,96,128,32,16,0,1,1,4294967295
tileZeldaWater,288,560,96,128,32,16,0,1,1,4294967295
tileZeldaWater,288,576,96,128,32,16,0,1,1,4294967295
tileZeldaWater,288,592,96,128,32,16,0,1,1,4294967295
tileZeldaWater,288,608,96,128,32,16,0,1,1,4294967295
tileZeldaWater,288,624,96,128,32,16,0,1,1,4294967295
tileZeldaWater,320,448,96,96,32,48,0,1,1,4294967295
tileZeldaWater,352,448,96,96,32,48,0,1,1,4294967295
tileZeldaWater,384,448,96,96,32,48,0,1,1,4294967295
tileZeldaWater,416,448,96,96,32,48,0,1,1,4294967295
tileZeldaWater,448,448,96,96,32,48,0,1,1,4294967295
tileZeldaWater,480,448,96,96,32,48,0,1,1,4294967295
tileZeldaWater,656,480,96,128,32,16,0,1,1,4294967295
tileZeldaWater,624,480,96,128,32,16,0,1,1,4294967295
tileZeldaWater,592,480,96,128,32,16,0,1,1,4294967295
tileZeldaWater,560,480,96,128,32,16,0,1,1,4294967295
tileZeldaWater,528,480,96,128,32,16,0,1,1,4294967295
tileZeldaWater,320,496,96,128,32,16,0,1,1,4294967295
tileZeldaWater,352,496,96,128,32,16,0,1,1,4294967295
tileZeldaWater,384,496,96,128,32,16,0,1,1,4294967295
tileZeldaWater,416,496,96,128,32,16,0,1,1,4294967295
tileZeldaWater,448,496,96,128,32,16,0,1,1,4294967295
tileZeldaWater,480,496,96,128,32,16,0,1,1,4294967295
tileZeldaWater,512,496,96,128,32,16,0,1,1,4294967295
tileZeldaWater,544,496,96,128,32,16,0,1,1,4294967295
tileZeldaWater,576,496,96,128,32,16,0,1,1,4294967295
tileZeldaWater,608,496,96,128,32,16,0,1,1,4294967295
tileZeldaWater,640,496,96,128,32,16,0,1,1,4294967295
tileZeldaWater,320,512,96,128,32,16,0,1,1,4294967295
tileZeldaWater,320,528,96,128,32,16,0,1,1,4294967295
tileZeldaWater,320,544,96,128,32,16,0,1,1,4294967295
tileZeldaWater,320,560,96,128,32,16,0,1,1,4294967295
tileZeldaWater,320,576,96,128,32,16,0,1,1,4294967295
tileZeldaWater,320,592,96,128,32,16,0,1,1,4294967295
tileZeldaWater,320,608,96,128,32,16,0,1,1,4294967295
tileZeldaWater,320,624,96,128,32,16,0,1,1,4294967295
tileZeldaWater,352,512,96,128,32,16,0,1,1,4294967295
tileZeldaWater,352,528,96,128,32,16,0,1,1,4294967295
tileZeldaWater,352,544,96,128,32,16,0,1,1,4294967295
tileZeldaWater,352,560,96,128,32,16,0,1,1,4294967295
tileZeldaWater,352,576,96,128,32,16,0,1,1,4294967295
tileZeldaWater,352,592,96,128,32,16,0,1,1,4294967295
tileZeldaWater,352,608,96,128,32,16,0,1,1,4294967295
tileZeldaWater,352,624,96,128,32,16,0,1,1,4294967295
tileZeldaWater,384,512,96,128,32,16,0,1,1,4294967295
tileZeldaWater,416,512,96,128,32,16,0,1,1,4294967295
tileZeldaWater,448,512,96,128,32,16,0,1,1,4294967295
tileZeldaWater,480,512,96,128,32,16,0,1,1,4294967295
tileZeldaWater,512,512,96,128,32,16,0,1,1,4294967295
tileZeldaWater,544,512,96,128,32,16,0,1,1,4294967295
tileZeldaWater,576,512,96,128,32,16,0,1,1,4294967295
tileZeldaWater,608,512,96,128,32,16,0,1,1,4294967295
tileZeldaWater,640,512,96,128,32,16,0,1,1,4294967295
tileZeldaWater,384,528,96,128,32,16,0,1,1,4294967295
tileZeldaWater,416,528,96,128,32,16,0,1,1,4294967295
tileZeldaWater,448,528,96,128,32,16,0,1,1,4294967295
tileZeldaWater,480,528,96,128,32,16,0,1,1,4294967295
tileZeldaWater,512,528,96,128,32,16,0,1,1,4294967295
tileZeldaWater,544,528,96,128,32,16,0,1,1,4294967295
tileZeldaWater,576,528,96,128,32,16,0,1,1,4294967295
tileZeldaWater,608,528,96,128,32,16,0,1,1,4294967295
tileZeldaWater,640,528,96,128,32,16,0,1,1,4294967295
tileZeldaWater,384,544,96,128,32,16,0,1,1,4294967295
tileZeldaWater,416,544,96,128,32,16,0,1,1,4294967295
tileZeldaWater,448,544,96,128,32,16,0,1,1,4294967295
tileZeldaWater,480,544,96,128,32,16,0,1,1,4294967295
tileZeldaWater,512,544,96,128,32,16,0,1,1,4294967295
tileZeldaWater,544,544,96,128,32,16,0,1,1,4294967295
tileZeldaWater,576,544,96,128,32,16,0,1,1,4294967295
tileZeldaWater,608,544,96,128,32,16,0,1,1,4294967295
tileZeldaWater,640,544,96,128,32,16,0,1,1,4294967295
tileZeldaWater,560,560,96,128,32,16,0,1,1,4294967295
tileZeldaWater,592,560,96,128,32,16,0,1,1,4294967295
tileZeldaWater,624,560,96,128,32,16,0,1,1,4294967295
tileZeldaWater,656,560,96,128,32,16,0,1,1,4294967295
tileZeldaWater,560,576,96,128,32,16,0,1,1,4294967295
tileZeldaWater,592,576,96,128,32,16,0,1,1,4294967295
tileZeldaWater,624,576,96,128,32,16,0,1,1,4294967295
tileZeldaWater,656,576,96,128,32,16,0,1,1,4294967295
tileZeldaWater,560,592,96,128,32,16,0,1,1,4294967295
tileZeldaWater,592,592,96,128,32,16,0,1,1,4294967295
tileZeldaWater,624,592,96,128,32,16,0,1,1,4294967295
tileZeldaWater,656,592,96,128,32,16,0,1,1,4294967295
tileZeldaWater,624,608,96,128,32,16,0,1,1,4294967295
tileZeldaWater,624,624,96,128,32,16,0,1,1,4294967295
tileZeldaWater,624,640,96,128,32,16,0,1,1,4294967295
tileZeldaWater,656,608,96,128,32,16,0,1,1,4294967295
tileZeldaWater,656,624,96,128,32,16,0,1,1,4294967295
tileZeldaWater,656,640,96,128,32,16,0,1,1,4294967295
tileZeldaWater,384,560,96,128,16,16,0,1,1,4294967295
tileZeldaWater,384,576,96,128,16,16,0,1,1,4294967295
tileZeldaWater,672,496,96,128,16,16,0,1,1,4294967295
tileZeldaWater,672,512,96,128,16,16,0,1,1,4294967295
tileZeldaWater,672,528,96,128,16,16,0,1,1,4294967295
tileZeldaWater,672,544,96,128,16,16,0,1,1,4294967295
tileZeldaWater,384,592,96,128,32,16,0,1,1,4294967295
tileZeldaWater,384,608,96,128,32,16,0,1,1,4294967295
tileZeldaWater,384,624,96,128,32,16,0,1,1,4294967295
tileZeldaWater,256,640,96,128,32,16,0,1,1,4294967295
tileZeldaWater,288,640,96,128,32,16,0,1,1,4294967295
tileZeldaWater,256,640,0,112,32,48,0,1,1,4294967295
tileZeldaWater,288,640,0,112,32,48,0,1,1,4294967295
tileZeldaWater,384,608,64,64,48,32,0,1,1,4294967295
tileZeldaWater,384,592,64,64,48,16,0,1,1,4294967295
tileZeldaWater,128,512,96,112,32,32,0,1,1,4294967295
tileZeldaWater,160,512,96,112,32,32,0,1,1,4294967295
tileZeldaWater,192,512,96,112,32,32,0,1,1,4294967295
tileZeldaWater,224,512,96,112,32,32,0,1,1,4294967295
tileZeldaWater,256,512,96,112,32,32,0,1,1,4294967295
tileZeldaWater,288,512,96,112,32,32,0,1,1,4294967295
tileZeldaWater,128,496,64,96,32,16,0,1,1,4294967295
tileZeldaWater,160,496,64,96,32,16,0,1,1,4294967295
tileZeldaWater,192,496,64,96,32,16,0,1,1,4294967295
tileZeldaWater,224,496,64,96,32,16,0,1,1,4294967295
tileZeldaWater,256,496,64,96,32,16,0,1,1,4294967295
tileZeldaWater,288,496,64,96,32,16,0,1,1,4294967295
tileZeldaWater,512,0,16,16,64,48,0,1,1,4294967295
tileZeldaWater,576,0,16,16,64,48,0,1,1,4294967295
tileZeldaWater,640,0,16,16,64,48,0,1,1,4294967295
tileZeldaWater,704,0,16,16,64,48,0,1,1,4294967295
tileZeldaWater,768,0,16,16,64,48,0,1,1,4294967295
tileZeldaWater,832,0,16,16,64,48,0,1,1,4294967295
tileZeldaWater,544,160,0,0,96,16,0,1,1,4294967295
tileZeldaWater,544,176,0,48,96,16,0,1,1,4294967295
tileZeldaWater,608,64,96,0,32,64,0,1,1,4294967295
tileZeldaWater,544,64,96,0,32,64,0,1,1,4294967295
tileZeldaWater,544,128,96,16,32,32,0,1,1,4294967295
tileZeldaWater,608,128,96,16,32,32,0,1,1,4294967295
tileZeldaWater,528,48,0,96,64,16,0,1,1,4294967295
tileZeldaWater,592,48,0,96,64,16,0,1,1,4294967295
tileZeldaWater,736,192,0,48,96,16,0,1,1,4294967295
tileZeldaWater,736,176,0,0,96,16,0,1,1,4294967295
tileZeldaWater,720,48,0,96,64,16,0,1,1,4294967295
tileZeldaWater,784,48,0,96,64,16,0,1,1,4294967295
tileZeldaWater,736,64,96,0,32,64,0,1,1,4294967295
tileZeldaWater,800,64,96,0,32,64,0,1,1,4294967295
tileZeldaWater,736,128,96,16,32,48,0,1,1,4294967295
tileZeldaWater,800,128,96,16,32,48,0,1,1,4294967295
tileZeldaWater,896,0,16,16,64,48,0,1,1,4294967295
tileZeldaWater,1024,80,16,16,64,48,0,1,1,4294967295
tileZeldaWater,1104,608,0,112,32,48,0,1,1,4294967295
tileZeldaWater,1136,608,0,112,32,48,0,1,1,4294967295
tileZeldaWater,1072,464,32,112,32,48,0,1,1,4294967295
tileZeldaWater,1104,464,32,112,32,48,0,1,1,4294967295
tileZeldaWater,1136,464,32,112,32,48,0,1,1,4294967295
tileZeldaWater,1168,464,32,112,32,48,0,1,1,4294967295
tileZeldaWater,1200,464,32,112,32,48,0,1,1,4294967295
tileZeldaWater,1024,480,80,48,16,16,0,1,1,4294967295
tileZeldaWater,1040,464,32,112,32,48,0,1,1,4294967295
tileZeldaWater,1024,464,16,16,16,16,0,1,1,4294967295
tileZeldaWater,1232,480,0,48,64,16,0,1,1,4294967295
tileZeldaWater,1168,624,16,0,64,48,0,1,1,4294967295
tileZeldaWater,1232,624,16,0,64,48,0,1,1,4294967295
tileZeldaWater,1024,320,16,16,64,32,0,1,1,4294967295
tileZeldaWater,1024,352,16,16,64,32,0,1,1,4294967295
tileZeldaWater,1024,384,16,16,64,32,0,1,1,4294967295
tileZeldaWater,1024,416,16,16,64,32,0,1,1,4294967295
tileZeldaWater,1168,672,16,16,64,32,0,1,1,4294967295
tileZeldaWater,1232,672,16,16,64,32,0,1,1,4294967295
tileZeldaWater,1104,656,16,16,64,32,0,1,1,4294967295
tileZeldaWater,1024,448,16,16,64,16,0,1,1,4294967295
tileZeldaWater,1104,688,16,16,64,16,0,1,1,4294967295
tileZeldaWater,1088,624,80,0,16,16,0,1,1,4294967295
tileZeldaWater,1168,624,0,0,16,16,0,1,1,4294967295
tileZeldaWater,1296,624,16,0,64,48,0,1,1,4294967295
tileZeldaWater,1360,624,16,0,64,48,0,1,1,4294967295
tileZeldaWater,1296,672,16,16,64,32,0,1,1,4294967295
tileZeldaWater,1360,672,16,16,64,32,0,1,1,4294967295
tileZeldaWater,1296,448,16,16,64,48,0,1,1,4294967295
tileZeldaWater,1360,496,0,16,64,48,0,1,1,4294967295
tileZeldaWater,1232,448,16,16,64,32,0,1,1,4294967295
tileZeldaWater,1232,416,16,16,64,32,0,1,1,4294967295
tileZeldaWater,1296,416,16,16,64,32,0,1,1,4294967295
tileZeldaWater,1360,416,16,16,64,32,0,1,1,4294967295
tileZeldaWater,1088,416,16,16,64,32,0,1,1,4294967295
tileZeldaWater,1152,416,16,16,64,32,0,1,1,4294967295
tileZeldaWater,1216,416,16,16,16,32,0,1,1,4294967295
tileZeldaWater,1088,448,16,16,64,16,0,1,1,4294967295
tileZeldaWater,1152,448,16,16,64,16,0,1,1,4294967295
tileZeldaWater,1216,448,16,16,16,16,0,1,1,4294967295
tileZeldaWater,1088,272,32,0,64,32,0,1,1,4294967295
tileZeldaWater,1152,272,0,112,32,48,0,1,1,4294967295
tileZeldaWater,1184,272,0,112,32,48,0,1,1,4294967295
tileZeldaWater,1216,256,0,0,64,48,0,1,1,4294967295
tileZeldaWater,1280,256,16,0,64,48,0,1,1,4294967295
tileZeldaWater,1344,256,16,0,64,48,0,1,1,4294967295
tileZeldaWater,1360,448,16,16,64,32,0,1,1,4294967295
tileZeldaWater,1360,480,16,16,64,16,0,1,1,4294967295
tileZeldaWater,1408,256,16,0,16,48,0,1,1,4294967295
tileZeldaWater,1152,320,16,16,64,32,0,1,1,4294967295
tileZeldaWater,1152,352,16,16,64,32,0,1,1,4294967295
tileZeldaWater,1152,384,16,16,64,32,0,1,1,4294967295
tileZeldaWater,1088,320,16,16,64,32,0,1,1,4294967295
tileZeldaWater,1088,352,16,16,64,32,0,1,1,4294967295
tileZeldaWater,1088,384,16,16,64,32,0,1,1,4294967295
tileZeldaWater,1216,320,16,16,64,32,0,1,1,4294967295
tileZeldaWater,1280,320,16,16,64,32,0,1,1,4294967295
tileZeldaWater,1344,320,16,16,64,32,0,1,1,4294967295
tileZeldaWater,1216,352,16,16,64,32,0,1,1,4294967295
tileZeldaWater,1280,352,16,16,64,32,0,1,1,4294967295
tileZeldaWater,1344,352,16,16,64,32,0,1,1,4294967295
tileZeldaWater,1216,384,16,16,64,32,0,1,1,4294967295
tileZeldaWater,1280,384,16,16,64,32,0,1,1,4294967295
tileZeldaWater,1344,384,16,16,64,32,0,1,1,4294967295
tileZeldaWater,1088,304,16,16,64,16,0,1,1,4294967295
tileZeldaWater,1216,304,16,16,64,16,0,1,1,4294967295
tileZeldaWater,1280,304,16,16,64,16,0,1,1,4294967295
tileZeldaWater,1344,304,16,16,64,16,0,1,1,4294967295
tileZeldaWater,1408,384,16,16,16,32,0,1,1,4294967295
tileZeldaWater,1408,352,16,16,16,32,0,1,1,4294967295
tileZeldaWater,1408,320,16,16,16,32,0,1,1,4294967295
tileZeldaWater,1408,304,16,16,16,16,0,1,1,4294967295
tileZeldaWater,1344,112,0,16,64,48,0,1,1,4294967295
tileZeldaWater,1344,80,0,16,64,32,0,1,1,4294967295
tileZeldaWater,1344,48,0,16,64,32,0,1,1,4294967295
tileZeldaWater,1152,0,16,16,64,48,0,1,1,4294967295
tileZeldaWater,1216,0,16,16,64,48,0,1,1,4294967295
tileZeldaWater,1280,0,16,16,64,48,0,1,1,4294967295
tileZeldaWater,1408,112,16,16,16,48,0,1,1,4294967295
tileZeldaWater,1344,0,16,16,64,32,0,1,1,4294967295
tileZeldaWater,1344,32,16,16,64,16,0,1,1,4294967295
tileZeldaWater,1408,80,16,16,16,32,0,1,1,4294967295
tileZeldaWater,1408,48,16,16,16,32,0,1,1,4294967295
tileZeldaWater,1408,16,16,16,16,32,0,1,1,4294967295
tileZeldaWater,1408,0,16,16,16,16,0,1,1,4294967295
tileZeldaWater,1088,80,32,16,64,48,0,1,1,4294967295
tileZeldaWater,960,80,0,16,64,48,0,1,1,4294967295
tileZeldaWater,960,48,0,16,64,32,0,1,1,4294967295
tileZeldaWater,1088,48,32,16,64,32,0,1,1,4294967295
tileZeldaWater,1024,48,16,16,64,32,0,1,1,4294967295
tileZeldaWater,960,0,16,16,64,32,0,1,1,4294967295
tileZeldaWater,1024,0,16,16,64,32,0,1,1,4294967295
tileZeldaWater,1088,0,16,16,64,32,0,1,1,4294967295
tileZeldaWater,960,32,16,16,64,16,0,1,1,4294967295
tileZeldaWater,1024,32,16,16,64,16,0,1,1,4294967295
tileZeldaWater,1088,32,16,16,64,16,0,1,1,4294967295
tileZeldaWater,1024,240,0,0,32,32,0,1,1,4294967295
tileZeldaWater,1056,240,64,0,32,32,0,1,1,4294967295
tileZeldaWater,1024,288,16,16,64,32,0,1,1,4294967295
tileZeldaWater,1024,272,16,16,64,16,0,1,1,4294967295
tileZeldaWater,1024,128,0,96,64,16,0,1,1,4294967295
tileZeldaWater,1040,144,96,0,32,64,0,1,1,4294967295
tileZeldaWater,1040,208,96,0,32,32,0,1,1,4294967295
tileZeldaWater,976,496,0,96,64,16,0,1,1,4294967295
tileZeldaWater,1232,496,0,96,64,16,0,1,1,4294967295
tileZeldaWater,1296,496,0,96,64,16,0,1,1,4294967295
tileZeldaWater,992,512,96,0,32,64,0,1,1,4294967295
tileZeldaWater,1248,512,96,0,32,64,0,1,1,4294967295
tileZeldaWater,1312,512,96,0,32,64,0,1,1,4294967295
tileZeldaWater,992,576,96,16,32,48,0,1,1,4294967295
tileZeldaWater,1248,576,96,16,32,48,0,1,1,4294967295
tileZeldaWater,1312,576,96,16,32,48,0,1,1,4294967295
tileZeldaWater,1152,64,96,112,32,32,0,1,1,4294967295
tileZeldaWater,1184,64,96,112,32,32,0,1,1,4294967295
tileZeldaWater,1216,64,96,112,32,32,0,1,1,4294967295
tileZeldaWater,1248,64,96,112,32,32,0,1,1,4294967295
tileZeldaWater,1280,64,96,112,32,32,0,1,1,4294967295
tileZeldaWater,1312,64,96,112,32,32,0,1,1,4294967295
tileZeldaWater,1152,48,64,96,32,16,0,1,1,4294967295
tileZeldaWater,1184,48,64,96,32,16,0,1,1,4294967295
tileZeldaWater,1216,48,64,96,32,16,0,1,1,4294967295
tileZeldaWater,1248,48,64,96,32,16,0,1,1,4294967295
tileZeldaWater,1280,48,64,96,32,16,0,1,1,4294967295
tileZeldaWater,1312,48,64,96,32,16,0,1,1,4294967295
tileZeldaWater,1152,96,96,96,32,32,0,1,1,4294967295
tileZeldaWater,1184,96,96,96,32,32,0,1,1,4294967295
tileZeldaWater,1216,96,96,96,32,32,0,1,1,4294967295
tileZeldaWater,1248,96,96,96,32,32,0,1,1,4294967295
tileZeldaWater,1280,96,96,96,32,32,0,1,1,4294967295
tileZeldaWater,1312,96,96,96,32,32,0,1,1,4294967295
tileZeldaWater,640,432,16,16,48,48,0,1,1,4294967295
tileZeldaWater,512,432,16,16,64,16,0,1,1,4294967295
tileZeldaWater,512,480,96,128,16,16,0,1,1,4294967295
tileZeldaWater,256,16,32,112,32,48,0,1,1,4294967295
tileZeldaWater,288,16,32,112,32,48,0,1,1,4294967295
tileZeldaWater,320,16,32,112,32,48,0,1,1,4294967295
tileZeldaWater,352,16,32,112,32,48,0,1,1,4294967295
tileZeldaWater,384,16,32,112,32,48,0,1,1,4294967295
tileZeldaWater,416,16,32,112,32,48,0,1,1,4294967295
tileZeldaWater,448,16,32,112,32,48,0,1,1,4294967295
tileZeldaWater,480,16,32,112,32,48,0,1,1,4294967295
tileZeldaWater,256,0,16,16,64,16,0,1,1,4294967295
tileZeldaWater,320,0,16,16,64,16,0,1,1,4294967295
tileZeldaWater,384,0,16,16,64,16,0,1,1,4294967295
tileZeldaWater,448,0,16,16,64,16,0,1,1,4294967295
tileZeldaWater,512,32,0,48,16,16,0,1,1,4294967295
tileZeldaWater,240,32,80,48,16,16,0,1,1,4294967295
tileZeldaWater,768,272,64,128,64,16,0,1,1,4294967295
tileZeldaWater,768,288,64,128,64,16,0,1,1,4294967295
tileZeldaWater,560,336,0,0,32,16,0,1,1,4294967295
tileZeldaWater,592,304,0,0,64,32,0,1,1,4294967295
tileZeldaWater,592,336,16,16,64,16,0,1,1,4294967295
tileZeldaWater,528,352,16,0,32,48,0,1,1,4294967295
tileZeldaWater,560,352,16,16,32,32,0,1,1,4294967295
tileZeldaWater,560,384,16,16,32,16,0,1,1,4294967295
