oExit,0,640,0005C00F,0,1,1,4294967295,0,1
oExit,0,256,0006CE75,0,1,1,4294967295,0,1
oExit,0,128,003265D5,0,1,1,4294967295,0,1
oExit,1408,592,00394AA1,0,1,1,4294967295,0,1
oExit,1408,224,003C9C5F,0,1,1,4294967295,0,1
oExit,776,272,002C8327,0,1,1,4294967295,0,1
oABubblePile,872,608,002E314B,0,1,1,4294967295,0,0
oWaterSwitch,592,592,00267D06,0,1,1,4294967295,0,1
oWaterSwitch,1328,88,003276F0,0,1,1,4294967295,0,1
oWaterFloatPlatform,320,384,00058A54,0,1,1,4294967295,0,0
oWaterFloatPlatform,368,384,0039B57F,0,1,1,4294967295,0,0
oWaterFloatPlatform,416,384,0001BBB0,0,1,1,4294967295,0,0
oWaterFloatPlatform,912,384,003F59DF,0,1,1,4294967295,0,0
oZeldaBreakPot,648,640,0017FD33,0,1,1,4294967295,0,0
oZeldaBreakPot,1104,256,002C83B0,0,1,1,4294967295,0,0
oSmallJumper,352,624,001EF7EE,0,1,1,4294967295,0,0
oLargeJumper,420,536,00050A95,0,1,1,4294967295,0,0
oLargeJumper,1064,600,0040185D,0,1,1,4294967295,0,0
oLargeJumper,1184,600,003C3A11,0,1,1,4294967295,0,0
oAquaticDemon,304,592,003DF21D,0,1,1,4294967295,0,0
oAquaticDemon,1136,592,003E0D24,0,1,1,4294967295,0,0
oCyclopsBat,400,112,002DC2C9,0,1,1,4294967295,0,0
oCyclopsBat,528,240,00186C68,0,1,1,4294967295,0,0
oCyclopsBat,736,528,00377DDF,0,1,1,4294967295,0,0
oSkullFish,1120,208,00254E61,0,1,1,4294967295,0,0
oSkullFish,864,576,003642AC,0,1,1,4294967295,0,0
oGreenOrc,1056,240,002C0175,0,1,1,4294967295,0,0
oGreenSlime,656,656,0019744A,0,1,1,4294967295,0,0
oPlayer1,48,288,001029AC,0,1,1,4294967295,0,0
oSpikeZone,256,656,00025FAC,0,1,1,4294967295,0,0
oSpikeZone,272,656,0035A8F7,0,1,1,4294967295,0,0
oSpikeZone,288,656,0004B0F5,0,1,1,4294967295,0,0
oSpikeZone,304,656,000F90AC,0,1,1,4294967295,0,0
oSpikeZone,400,592,0039AA63,0,1,1,4294967295,0,0
oSpikeZone,400,624,0003C440,0,1,1,4294967295,0,0
oSpikeZone,1040,480,003088D8,0,1,1,4294967295,0,0
oSpikeZone,1056,480,000D6B09,0,1,1,4294967295,0,0
oSpikeZone,1072,480,000DFA72,0,1,1,4294967295,0,0
oSpikeZone,1088,480,002855DB,0,1,1,4294967295,0,0
oSpikeZone,1104,480,00058DA6,0,1,1,4294967295,0,0
oSpikeZone,1120,480,0023C6B2,0,1,1,4294967295,0,0
oSpikeZone,1136,480,002CC1A3,0,1,1,4294967295,0,0
oSpikeZone,1152,480,00090F7B,0,1,1,4294967295,0,0
oSpikeZone,1168,480,0016D448,0,1,1,4294967295,0,0
oSpikeZone,1184,480,003BCA9B,0,1,1,4294967295,0,0
oSpikeZone,1200,480,0014EE2F,0,1,1,4294967295,0,0
oSpikeZone,1216,480,000A038F,0,1,1,4294967295,0,0
oSpikeZone,1104,624,0004FC94,0,1,1,4294967295,0,0
oSpikeZone,1120,624,0014AD82,0,1,1,4294967295,0,0
oSpikeZone,1136,624,0037F59A,0,1,1,4294967295,0,0
oSpikeZone,1152,624,00115427,0,1,1,4294967295,0,0
oSpikeZone,1152,288,0036CFAE,0,1,1,4294967295,0,0
oSpikeZone,1168,288,00222D0B,0,1,1,4294967295,0,0
oSpikeZone,1184,288,00072389,0,1,1,4294967295,0,0
oSpikeZone,1200,288,000121E9,0,1,1,4294967295,0,0
oSpikeZone,656,304,001247A4,0,1,1,4294967295,0,0
oSpikeZone,672,304,003E27CD,0,1,1,4294967295,0,0
oSpikeZone,688,304,003164AB,0,1,1,4294967295,0,0
oSpikeZone,704,304,000C61AF,0,1,1,4294967295,0,0
oSpikeZone,256,32,00012286,0,1,1,4294967295,0,0
oSpikeZone,272,32,00009E7D,0,1,1,4294967295,0,0
oSpikeZone,288,32,0012854D,0,1,1,4294967295,0,0
oSpikeZone,304,32,001CB7A1,0,1,1,4294967295,0,0
oSpikeZone,320,32,000BF75B,0,1,1,4294967295,0,0
oSpikeZone,336,32,001C67CC,0,1,1,4294967295,0,0
oSpikeZone,352,32,0039ED97,0,1,1,4294967295,0,0
oSpikeZone,368,32,0012556F,0,1,1,4294967295,0,0
oSpikeZone,384,32,00348DE4,0,1,1,4294967295,0,0
oSpikeZone,400,32,002A79A0,0,1,1,4294967295,0,0
oSpikeZone,416,32,0028D834,0,1,1,4294967295,0,0
oSpikeZone,432,32,00341E5C,0,1,1,4294967295,0,0
oSpikeZone,448,32,002AE56B,0,1,1,4294967295,0,0
oSpikeZone,464,32,000CCAC3,0,1,1,4294967295,0,0
oSpikeZone,480,32,0035470C,0,1,1,4294967295,0,0
oSpikeZone,496,32,00345453,0,1,1,4294967295,0,0
oWaterVolume,0,368,000427A7,0,1,1,4294967295,0,1
oInvCollPH,0,80,003A5C46,0,1,1,4294967295,0,0
oInvCollPH,16,80,000B0AD2,0,1,1,4294967295,0,0
oInvCollPH,32,80,001D27FB,0,1,1,4294967295,0,0
oInvCollPH,48,80,0023496E,0,1,1,4294967295,0,0
oInvCollPH,48,64,000515E1,0,1,1,4294967295,0,0
oInvCollPH,48,48,0016B195,0,1,1,4294967295,0,0
oInvCollPH,192,656,00380A26,0,1,1,4294967295,0,0
oInvCollPH,208,640,002864DB,0,1,1,4294967295,0,0
oInvCollPH,224,640,0024191B,0,1,1,4294967295,0,0
oInvCollPH,240,640,003A7090,0,1,1,4294967295,0,0
oInvCollPH,240,656,003DB7AE,0,1,1,4294967295,0,0
oInvCollPH,16,672,00239584,0,1,1,4294967295,0,0
oInvCollPH,32,672,001500A2,0,1,1,4294967295,0,0
oInvCollPH,48,672,00028F3E,0,1,1,4294967295,0,0
oInvCollPH,64,672,000B9096,0,1,1,4294967295,0,0
oInvCollPH,80,672,002CA31E,0,1,1,4294967295,0,0
oInvCollPH,96,672,001A0DE9,0,1,1,4294967295,0,0
oInvCollPH,112,672,003F68D8,0,1,1,4294967295,0,0
oInvCollPH,128,672,00367ED8,0,1,1,4294967295,0,0
oInvCollPH,144,672,0032AE1F,0,1,1,4294967295,0,0
oInvCollPH,160,672,000C3C15,0,1,1,4294967295,0,0
oInvCollPH,176,672,0025AC6F,0,1,1,4294967295,0,0
oInvCollPH,256,672,000D8063,0,1,1,4294967295,0,0
oInvCollPH,272,672,001831E3,0,1,1,4294967295,0,0
oInvCollPH,288,672,003306C5,0,1,1,4294967295,0,0
oInvCollPH,304,672,0034E725,0,1,1,4294967295,0,0
oInvCollPH,400,576,0040389F,0,1,1,4294967295,0,0
oInvCollPH,416,560,00386F6A,0,1,1,4294967295,0,0
oInvCollPH,432,560,00307BF8,0,1,1,4294967295,0,0
oInvCollPH,448,560,000F9E9B,0,1,1,4294967295,0,0
oInvCollPH,464,560,003DB755,0,1,1,4294967295,0,0
oInvCollPH,480,560,0036B27D,0,1,1,4294967295,0,0
oInvCollPH,496,560,00317990,0,1,1,4294967295,0,0
oInvCollPH,512,560,002889F5,0,1,1,4294967295,0,0
oInvCollPH,528,560,000F6706,0,1,1,4294967295,0,0
oInvCollPH,544,560,0039820F,0,1,1,4294967295,0,0
oInvCollPH,544,576,003B3D4D,0,1,1,4294967295,0,0
oInvCollPH,320,656,00247700,0,1,1,4294967295,0,0
oInvCollPH,336,640,00174284,0,1,1,4294967295,0,0
oInvCollPH,352,640,001E3745,0,1,1,4294967295,0,0
oInvCollPH,368,640,001DBC90,0,1,1,4294967295,0,0
oInvCollPH,384,640,0033CE8C,0,1,1,4294967295,0,0
oInvCollPH,400,640,0012C9C7,0,1,1,4294967295,0,0
oInvCollPH,640,656,0009EA19,0,1,1,4294967295,0,0
oInvCollPH,656,656,0031EF9B,0,1,1,4294967295,0,0
oInvCollPH,672,656,0020D9D7,0,1,1,4294967295,0,0
oInvCollPH,576,608,0034DB37,0,1,1,4294967295,0,0
oInvCollPH,592,608,00203AB1,0,1,1,4294967295,0,0
oInvCollPH,608,608,0017F191,0,1,1,4294967295,0,0
oInvCollPH,608,624,002A594C,0,1,1,4294967295,0,0
oInvCollPH,608,640,0030D19A,0,1,1,4294967295,0,0
oInvCollPH,416,608,003BECC0,0,1,1,4294967295,0,0
oInvCollPH,416,624,0001078E,0,1,1,4294967295,0,0
oInvCollPH,544,592,00096099,0,1,1,4294967295,0,0
oInvCollPH,224,304,002A4E7A,0,1,1,4294967295,0,0
oInvCollPH,240,304,0014CCCE,0,1,1,4294967295,0,0
oInvCollPH,304,304,00179E18,0,1,1,4294967295,0,0
oInvCollPH,304,320,0019E45B,0,1,1,4294967295,0,0
oInvCollPH,304,336,0004C460,0,1,1,4294967295,0,0
oInvCollPH,304,352,000E216B,0,1,1,4294967295,0,0
oInvCollPH,304,368,002EA635,0,1,1,4294967295,0,0
oInvCollPH,304,384,0023F294,0,1,1,4294967295,0,0
oInvCollPH,304,400,00252DD8,0,1,1,4294967295,0,0
oInvCollPH,304,416,0035E7DC,0,1,1,4294967295,0,0
oInvCollPH,304,432,002FD764,0,1,1,4294967295,0,0
oInvCollPH,304,448,001D6DAC,0,1,1,4294967295,0,0
oInvCollPH,304,464,0000E0BB,0,1,1,4294967295,0,0
oInvCollPH,304,480,000E77D8,0,1,1,4294967295,0,0
oInvCollPH,288,480,00041524,0,1,1,4294967295,0,0
oInvCollPH,272,480,002CC1AB,0,1,1,4294967295,0,0
oInvCollPH,256,480,00169BE4,0,1,1,4294967295,0,0
oInvCollPH,240,480,000433B6,0,1,1,4294967295,0,0
oInvCollPH,224,480,0031DD11,0,1,1,4294967295,0,0
oInvCollPH,208,480,0005BB78,0,1,1,4294967295,0,0
oInvCollPH,192,480,003E59FE,0,1,1,4294967295,0,0
oInvCollPH,144,336,002E1F3A,0,1,1,4294967295,0,0
oInvCollPH,160,336,00134E1F,0,1,1,4294967295,0,0
oInvCollPH,176,336,00154CFC,0,1,1,4294967295,0,0
oInvCollPH,208,304,0031DF44,0,1,1,4294967295,0,0
oInvCollPH,176,480,000DE759,0,1,1,4294967295,0,0
oInvCollPH,160,480,0027ADA3,0,1,1,4294967295,0,0
oInvCollPH,144,480,001A4D47,0,1,1,4294967295,0,0
oInvCollPH,128,480,00216C2A,0,1,1,4294967295,0,0
oInvCollPH,16,288,000A4FEF,0,1,1,4294967295,0,0
oInvCollPH,32,288,002CD426,0,1,1,4294967295,0,0
oInvCollPH,48,288,00344711,0,1,1,4294967295,0,0
oInvCollPH,64,288,0025CE13,0,1,1,4294967295,0,0
oInvCollPH,80,288,00394605,0,1,1,4294967295,0,0
oInvCollPH,96,288,000391BE,0,1,1,4294967295,0,0
oInvCollPH,112,288,003AC799,0,1,1,4294967295,0,0
oInvCollPH,112,304,00247727,0,1,1,4294967295,0,0
oInvCollPH,112,320,0030BE39,0,1,1,4294967295,0,0
oInvCollPH,112,496,00117A23,0,1,1,4294967295,0,0
oInvCollPH,112,512,0020A85F,0,1,1,4294967295,0,0
oInvCollPH,112,528,002A2A79,0,1,1,4294967295,0,0
oInvCollPH,112,544,002759AC,0,1,1,4294967295,0,0
oInvCollPH,112,560,00289B17,0,1,1,4294967295,0,0
oInvCollPH,112,576,003D0B8C,0,1,1,4294967295,0,0
oInvCollPH,112,592,0001DDC9,0,1,1,4294967295,0,0
oInvCollPH,96,592,00040CF1,0,1,1,4294967295,0,0
oInvCollPH,80,592,0027AE0B,0,1,1,4294967295,0,0
oInvCollPH,64,592,00238D09,0,1,1,4294967295,0,0
oInvCollPH,48,592,00212832,0,1,1,4294967295,0,0
oInvCollPH,32,592,0013EDD4,0,1,1,4294967295,0,0
oInvCollPH,16,592,000F3EBB,0,1,1,4294967295,0,0
oInvCollPH,0,592,000B1DB5,0,1,1,4294967295,0,0
oInvCollPH,304,288,000CEE70,0,1,1,4294967295,0,0
oInvCollPH,304,272,00258750,0,1,1,4294967295,0,0
oInvCollPH,288,272,001B66DC,0,1,1,4294967295,0,0
oInvCollPH,272,272,000942FE,0,1,1,4294967295,0,0
oInvCollPH,256,288,0033FB29,0,1,1,4294967295,0,0
oInvCollPH,192,320,0020254A,0,1,1,4294967295,0,0
oInvCollPH,16,160,000022E8,0,1,1,4294967295,0,0
oInvCollPH,32,160,00403547,0,1,1,4294967295,0,0
oInvCollPH,48,160,003EB3D2,0,1,1,4294967295,0,0
oInvCollPH,64,160,003801C5,0,1,1,4294967295,0,0
oInvCollPH,80,160,003A892E,0,1,1,4294967295,0,0
oInvCollPH,80,192,0028CFE3,0,1,1,4294967295,0,0
oInvCollPH,80,208,0032041E,0,1,1,4294967295,0,0
oInvCollPH,64,208,0031B594,0,1,1,4294967295,0,0
oInvCollPH,48,208,003000A3,0,1,1,4294967295,0,0
oInvCollPH,32,208,0036F0E7,0,1,1,4294967295,0,0
oInvCollPH,16,208,0007A14F,0,1,1,4294967295,0,0
oInvCollPH,0,208,003ABCD4,0,1,1,4294967295,0,0
oInvCollPH,112,160,00325F7B,0,1,1,4294967295,0,0
oInvCollPH,128,160,001CE455,0,1,1,4294967295,0,0
oInvCollPH,144,160,0035682F,0,1,1,4294967295,0,0
oInvCollPH,160,160,0026807D,0,1,1,4294967295,0,0
oInvCollPH,176,160,003FF552,0,1,1,4294967295,0,0
oInvCollPH,176,176,000FF91C,0,1,1,4294967295,0,0
oInvCollPH,160,176,00278144,0,1,1,4294967295,0,0
oInvCollPH,144,176,00366884,0,1,1,4294967295,0,0
oInvCollPH,128,176,0033BFF2,0,1,1,4294967295,0,0
oInvCollPH,112,176,0033D648,0,1,1,4294967295,0,0
oInvCollPH,96,176,000A467B,0,1,1,4294967295,0,0
oInvCollPH,464,368,001C4409,0,1,1,4294967295,0,0
oInvCollPH,464,384,0023631B,0,1,1,4294967295,0,0
oInvCollPH,464,400,0029C859,0,1,1,4294967295,0,0
oInvCollPH,464,416,00045D75,0,1,1,4294967295,0,0
oInvCollPH,464,432,003E85EE,0,1,1,4294967295,0,0
oInvCollPH,480,432,00391D19,0,1,1,4294967295,0,0
oInvCollPH,496,432,0010796C,0,1,1,4294967295,0,0
oInvCollPH,528,464,001BA04F,0,1,1,4294967295,0,0
oInvCollPH,480,352,000B89BC,0,1,1,4294967295,0,0
oInvCollPH,496,352,0028DAD4,0,1,1,4294967295,0,0
oInvCollPH,528,352,000BD64C,0,1,1,4294967295,0,0
oInvCollPH,544,352,000B05B3,0,1,1,4294967295,0,0
oInvCollPH,512,448,00064FCD,0,1,1,4294967295,0,0
oInvCollPH,512,464,003195D6,0,1,1,4294967295,0,0
oInvCollPH,544,464,0001FEA9,0,1,1,4294967295,0,0
oInvCollPH,560,464,0021C0AB,0,1,1,4294967295,0,0
oInvCollPH,576,464,0037835F,0,1,1,4294967295,0,0
oInvCollPH,592,320,00260F89,0,1,1,4294967295,0,0
oInvCollPH,576,336,0008CA3A,0,1,1,4294967295,0,0
oInvCollPH,608,304,000F2000,0,1,1,4294967295,0,0
oInvCollPH,624,304,000B6793,0,1,1,4294967295,0,0
oInvCollPH,640,304,000FE615,0,1,1,4294967295,0,0
oInvCollPH,592,464,000D4102,0,1,1,4294967295,0,0
oInvCollPH,608,464,00172D6A,0,1,1,4294967295,0,0
oInvCollPH,624,464,00305005,0,1,1,4294967295,0,0
oInvCollPH,640,464,000958BF,0,1,1,4294967295,0,0
oInvCollPH,688,496,00118B64,0,1,1,4294967295,0,0
oInvCollPH,688,512,00320A0A,0,1,1,4294967295,0,0
oInvCollPH,848,512,0011845D,0,1,1,4294967295,0,0
oInvCollPH,864,512,003DC777,0,1,1,4294967295,0,0
oInvCollPH,880,512,002B6B6F,0,1,1,4294967295,0,0
oInvCollPH,896,512,00307E2D,0,1,1,4294967295,0,0
oInvCollPH,896,480,002BDCAA,0,1,1,4294967295,0,0
oInvCollPH,896,496,000ECDB4,0,1,1,4294967295,0,0
oInvCollPH,832,528,003E39CA,0,1,1,4294967295,0,0
oInvCollPH,832,544,000BC953,0,1,1,4294967295,0,0
oInvCollPH,832,560,00350528,0,1,1,4294967295,0,0
oInvCollPH,832,576,00313CCF,0,1,1,4294967295,0,0
oInvCollPH,832,592,003C49A0,0,1,1,4294967295,0,0
oInvCollPH,832,608,001760A6,0,1,1,4294967295,0,0
oInvCollPH,688,544,00305607,0,1,1,4294967295,0,0
oInvCollPH,688,560,00186A25,0,1,1,4294967295,0,0
oInvCollPH,688,576,0009B30B,0,1,1,4294967295,0,0
oInvCollPH,688,592,001A8504,0,1,1,4294967295,0,0
oInvCollPH,688,608,000F5BEC,0,1,1,4294967295,0,0
oInvCollPH,688,624,00296238,0,1,1,4294967295,0,0
oInvCollPH,688,640,002CD2F1,0,1,1,4294967295,0,0
oInvCollPH,672,320,002BDEE8,0,1,1,4294967295,0,0
oInvCollPH,688,320,001387E5,0,1,1,4294967295,0,0
oInvCollPH,704,320,002B7A33,0,1,1,4294967295,0,0
oInvCollPH,656,464,0003D6B3,0,1,1,4294967295,0,0
oInvCollPH,672,464,0032A7F9,0,1,1,4294967295,0,0
oInvCollPH,736,304,00321452,0,1,1,4294967295,0,0
oInvCollPH,752,304,000C0936,0,1,1,4294967295,0,0
oInvCollPH,768,304,0011A7FC,0,1,1,4294967295,0,0
oInvCollPH,784,304,0006959F,0,1,1,4294967295,0,0
oInvCollPH,800,304,000EE229,0,1,1,4294967295,0,0
oInvCollPH,816,304,00110FD3,0,1,1,4294967295,0,0
oInvCollPH,832,304,00341929,0,1,1,4294967295,0,0
oInvCollPH,848,304,00358C7E,0,1,1,4294967295,0,0
oInvCollPH,864,304,0032052F,0,1,1,4294967295,0,0
oInvCollPH,896,304,00297304,0,1,1,4294967295,0,0
oInvCollPH,896,320,003582AE,0,1,1,4294967295,0,0
oInvCollPH,896,336,00024AFD,0,1,1,4294967295,0,0
oInvCollPH,896,352,00262DE4,0,1,1,4294967295,0,0
oInvCollPH,896,368,001BBF55,0,1,1,4294967295,0,0
oInvCollPH,896,384,0031FEFF,0,1,1,4294967295,0,0
oInvCollPH,880,304,000B556D,0,1,1,4294967295,0,0
oInvCollPH,896,400,000A3C58,0,1,1,4294967295,0,0
oInvCollPH,896,416,0021F5A7,0,1,1,4294967295,0,0
oInvCollPH,896,432,001A7A36,0,1,1,4294967295,0,0
oInvCollPH,896,448,0006759F,0,1,1,4294967295,0,0
oInvCollPH,896,464,0022E822,0,1,1,4294967295,0,0
oInvCollPH,544,176,000F46BF,0,1,1,4294967295,0,0
oInvCollPH,560,176,0032A990,0,1,1,4294967295,0,0
oInvCollPH,576,176,00215B2F,0,1,1,4294967295,0,0
oInvCollPH,592,176,001152B8,0,1,1,4294967295,0,0
oInvCollPH,608,176,00324E97,0,1,1,4294967295,0,0
oInvCollPH,624,176,00324E06,0,1,1,4294967295,0,0
oInvCollPH,624,160,0017BDAD,0,1,1,4294967295,0,0
oInvCollPH,608,160,00244287,0,1,1,4294967295,0,0
oInvCollPH,592,160,002E9AF4,0,1,1,4294967295,0,0
oInvCollPH,576,160,000818A5,0,1,1,4294967295,0,0
oInvCollPH,560,160,002AA769,0,1,1,4294967295,0,0
oInvCollPH,736,192,0001B813,0,1,1,4294967295,0,0
oInvCollPH,752,192,002150C6,0,1,1,4294967295,0,0
oInvCollPH,768,192,0006B7CE,0,1,1,4294967295,0,0
oInvCollPH,784,192,002BAB74,0,1,1,4294967295,0,0
oInvCollPH,800,192,0001D3D8,0,1,1,4294967295,0,0
oInvCollPH,816,192,002B9807,0,1,1,4294967295,0,0
oInvCollPH,816,176,00169C35,0,1,1,4294967295,0,0
oInvCollPH,800,176,0026FA4C,0,1,1,4294967295,0,0
oInvCollPH,784,176,001852AC,0,1,1,4294967295,0,0
oInvCollPH,768,176,0013B0DD,0,1,1,4294967295,0,0
oInvCollPH,752,176,0019E352,0,1,1,4294967295,0,0
oInvCollPH,1120,640,00005A6E,0,1,1,4294967295,0,0
oInvCollPH,1136,640,003D175B,0,1,1,4294967295,0,0
oInvCollPH,1152,640,003BFB2F,0,1,1,4294967295,0,0
oInvCollPH,976,480,002C6DF4,0,1,1,4294967295,0,0
oInvCollPH,992,480,0004B023,0,1,1,4294967295,0,0
oInvCollPH,1008,480,00024B9D,0,1,1,4294967295,0,0
oInvCollPH,1024,480,0036ED2F,0,1,1,4294967295,0,0
oInvCollPH,864,624,00399741,0,1,1,4294967295,0,0
oInvCollPH,880,624,002D68C2,0,1,1,4294967295,0,0
oInvCollPH,896,624,0016A8EA,0,1,1,4294967295,0,0
oInvCollPH,912,624,002C3AED,0,1,1,4294967295,0,0
oInvCollPH,928,624,00351E49,0,1,1,4294967295,0,0
oInvCollPH,944,624,002FD1EB,0,1,1,4294967295,0,0
oInvCollPH,960,624,00156BAF,0,1,1,4294967295,0,0
oInvCollPH,976,624,0039210E,0,1,1,4294967295,0,0
oInvCollPH,992,624,003E5E3E,0,1,1,4294967295,0,0
oInvCollPH,1088,624,001C7320,0,1,1,4294967295,0,0
oInvCollPH,1072,624,0006B259,0,1,1,4294967295,0,0
oInvCollPH,1056,624,0002A0F2,0,1,1,4294967295,0,0
oInvCollPH,1040,624,00311CFF,0,1,1,4294967295,0,0
oInvCollPH,1024,624,0013B3E7,0,1,1,4294967295,0,0
oInvCollPH,1008,624,002318FB,0,1,1,4294967295,0,0
oInvCollPH,1184,624,00065357,0,1,1,4294967295,0,0
oInvCollPH,1200,624,001ED965,0,1,1,4294967295,0,0
oInvCollPH,1216,624,003DB5B4,0,1,1,4294967295,0,0
oInvCollPH,1232,624,003678E9,0,1,1,4294967295,0,0
oInvCollPH,1248,624,0005D01D,0,1,1,4294967295,0,0
oInvCollPH,1264,624,001C6A16,0,1,1,4294967295,0,0
oInvCollPH,1280,624,002AD50A,0,1,1,4294967295,0,0
oInvCollPH,1296,624,0012676F,0,1,1,4294967295,0,0
oInvCollPH,1312,624,003E0483,0,1,1,4294967295,0,0
oInvCollPH,1408,624,003BDDAB,0,1,1,4294967295,0,0
oInvCollPH,1392,624,00129020,0,1,1,4294967295,0,0
oInvCollPH,1376,624,000E53AD,0,1,1,4294967295,0,0
oInvCollPH,1360,624,001F90BF,0,1,1,4294967295,0,0
oInvCollPH,1344,624,0018F0DB,0,1,1,4294967295,0,0
oInvCollPH,1328,624,002FA318,0,1,1,4294967295,0,0
oInvCollPH,1024,256,0022A65D,0,1,1,4294967295,0,0
oInvCollPH,1040,240,00196270,0,1,1,4294967295,0,0
oInvCollPH,1056,240,003195B2,0,1,1,4294967295,0,0
oInvCollPH,1072,240,000E64E9,0,1,1,4294967295,0,0
oInvCollPH,1072,256,00008B52,0,1,1,4294967295,0,0
oInvCollPH,1360,528,0009624E,0,1,1,4294967295,0,0
oInvCollPH,1376,528,000BF9FB,0,1,1,4294967295,0,0
oInvCollPH,1392,528,0033114E,0,1,1,4294967295,0,0
oInvCollPH,1408,528,001551C5,0,1,1,4294967295,0,0
oInvCollPH,1360,512,00048E4D,0,1,1,4294967295,0,0
oInvCollPH,1168,304,0008B627,0,1,1,4294967295,0,0
oInvCollPH,1184,304,000438BD,0,1,1,4294967295,0,0
oInvCollPH,1200,304,0034BE40,0,1,1,4294967295,0,0
oInvCollPH,1152,464,002DD6BE,0,1,1,4294967295,0,0
oInvCollPH,1168,464,00007925,0,1,1,4294967295,0,0
oInvCollPH,1184,464,00054FB3,0,1,1,4294967295,0,0
oInvCollPH,1200,464,003E21BD,0,1,1,4294967295,0,0
oInvCollPH,976,272,00275A19,0,1,1,4294967295,0,0
oInvCollPH,992,272,002A5030,0,1,1,4294967295,0,0
oInvCollPH,1008,272,002B34F9,0,1,1,4294967295,0,0
oInvCollPH,1088,272,0018441E,0,1,1,4294967295,0,0
oInvCollPH,1104,272,003B5B2C,0,1,1,4294967295,0,0
oInvCollPH,1120,272,000CCFC5,0,1,1,4294967295,0,0
oInvCollPH,1136,272,003446E1,0,1,1,4294967295,0,0
oInvCollPH,1136,288,0034754E,0,1,1,4294967295,0,0
oInvCollPH,960,288,00235F26,0,1,1,4294967295,0,0
oInvCollPH,960,304,001641DD,0,1,1,4294967295,0,0
oInvCollPH,960,320,00350317,0,1,1,4294967295,0,0
oInvCollPH,960,336,0014F732,0,1,1,4294967295,0,0
oInvCollPH,960,352,002DC005,0,1,1,4294967295,0,0
oInvCollPH,960,368,003C9441,0,1,1,4294967295,0,0
oInvCollPH,960,384,001ACDFF,0,1,1,4294967295,0,0
oInvCollPH,960,400,002BB282,0,1,1,4294967295,0,0
oInvCollPH,960,416,00076D91,0,1,1,4294967295,0,0
oInvCollPH,960,432,0021075F,0,1,1,4294967295,0,0
oInvCollPH,960,448,003A3456,0,1,1,4294967295,0,0
oInvCollPH,960,464,0028821B,0,1,1,4294967295,0,0
oInvCollPH,1040,464,000A4D46,0,1,1,4294967295,0,0
oInvCollPH,1056,464,003E15F6,0,1,1,4294967295,0,0
oInvCollPH,1072,464,0008721D,0,1,1,4294967295,0,0
oInvCollPH,1088,464,002D4997,0,1,1,4294967295,0,0
oInvCollPH,1104,464,0035CF8F,0,1,1,4294967295,0,0
oInvCollPH,1120,464,00323472,0,1,1,4294967295,0,0
oInvCollPH,1136,464,003911A3,0,1,1,4294967295,0,0
oInvCollPH,1248,480,002183FE,0,1,1,4294967295,0,0
oInvCollPH,1264,480,001058A8,0,1,1,4294967295,0,0
oInvCollPH,1280,480,00150477,0,1,1,4294967295,0,0
oInvCollPH,1296,480,0039B009,0,1,1,4294967295,0,0
oInvCollPH,1312,480,0037B796,0,1,1,4294967295,0,0
oInvCollPH,1328,480,003D608A,0,1,1,4294967295,0,0
oInvCollPH,1344,480,0008A063,0,1,1,4294967295,0,0
oInvCollPH,1216,272,00291152,0,1,1,4294967295,0,0
oInvCollPH,1216,288,0000DD0D,0,1,1,4294967295,0,0
oInvCollPH,1216,464,001CF753,0,1,1,4294967295,0,0
oInvCollPH,1232,256,0010443A,0,1,1,4294967295,0,0
oInvCollPH,1248,256,00248C38,0,1,1,4294967295,0,0
oInvCollPH,1264,256,000121DA,0,1,1,4294967295,0,0
oInvCollPH,1280,256,002963AA,0,1,1,4294967295,0,0
oInvCollPH,1296,256,000325F3,0,1,1,4294967295,0,0
oInvCollPH,1312,256,00226332,0,1,1,4294967295,0,0
oInvCollPH,1328,256,003EDBAC,0,1,1,4294967295,0,0
oInvCollPH,1344,256,0003C0D7,0,1,1,4294967295,0,0
oInvCollPH,1360,256,0002F0A4,0,1,1,4294967295,0,0
oInvCollPH,1376,256,001BC64B,0,1,1,4294967295,0,0
oInvCollPH,1392,256,001F805A,0,1,1,4294967295,0,0
oInvCollPH,1408,256,0003571D,0,1,1,4294967295,0,0
oInvCollPH,960,64,002B71E4,0,1,1,4294967295,0,0
oInvCollPH,960,80,001903B8,0,1,1,4294967295,0,0
oInvCollPH,960,96,0032546A,0,1,1,4294967295,0,0
oInvCollPH,960,112,001BCC6F,0,1,1,4294967295,0,0
oInvCollPH,976,112,000310BF,0,1,1,4294967295,0,0
oInvCollPH,992,112,0002C6B7,0,1,1,4294967295,0,0
oInvCollPH,1008,112,00114C5B,0,1,1,4294967295,0,0
oInvCollPH,1024,112,000990FF,0,1,1,4294967295,0,0
oInvCollPH,1040,112,0005AD12,0,1,1,4294967295,0,0
oInvCollPH,1056,112,002C74DD,0,1,1,4294967295,0,0
oInvCollPH,1072,112,001FCDE9,0,1,1,4294967295,0,0
oInvCollPH,1088,112,003EF2A3,0,1,1,4294967295,0,0
oInvCollPH,1104,112,002B319F,0,1,1,4294967295,0,0
oInvCollPH,1136,112,0017E055,0,1,1,4294967295,0,0
oInvCollPH,1136,96,002E8ABF,0,1,1,4294967295,0,0
oInvCollPH,1136,80,0018F7C5,0,1,1,4294967295,0,0
oInvCollPH,1136,64,002620D4,0,1,1,4294967295,0,0
oInvCollPH,1120,112,000A6EB7,0,1,1,4294967295,0,0
oInvCollPH,1136,48,00293134,0,1,1,4294967295,0,0
oInvCollPH,1344,64,003EAFAD,0,1,1,4294967295,0,0
oInvCollPH,1344,80,001FBD99,0,1,1,4294967295,0,0
oInvCollPH,1344,96,003A1308,0,1,1,4294967295,0,0
oInvCollPH,1344,112,000BCBEC,0,1,1,4294967295,0,0
oInvCollPH,1344,128,0006AC8C,0,1,1,4294967295,0,0
oInvCollPH,1344,144,00279C3A,0,1,1,4294967295,0,0
oInvCollPH,1360,144,0022796B,0,1,1,4294967295,0,0
oInvCollPH,1376,144,000CB0AC,0,1,1,4294967295,0,0
oInvCollPH,1392,144,001A0611,0,1,1,4294967295,0,0
oInvCollPH,1408,144,000C97A7,0,1,1,4294967295,0,0
oInvCollPH,64,32,00193C34,0,1,1,4294967295,0,0
oInvCollPH,80,32,000C6444,0,1,1,4294967295,0,0
oInvCollPH,96,32,00250262,0,1,1,4294967295,0,0
oInvCollPH,112,32,00091229,0,1,1,4294967295,0,0
oInvCollPH,128,32,000B1B2A,0,1,1,4294967295,0,0
oInvCollPH,144,32,00179B1B,0,1,1,4294967295,0,0
oInvCollPH,160,32,00355BF6,0,1,1,4294967295,0,0
oInvCollPH,176,32,00197B89,0,1,1,4294967295,0,0
oInvCollPH,192,32,002F2281,0,1,1,4294967295,0,0
oInvCollPH,208,32,001B05B3,0,1,1,4294967295,0,0
oInvCollPH,224,32,00206D74,0,1,1,4294967295,0,0
oInvCollPH,240,32,0025C809,0,1,1,4294967295,0,0
oInvCollPH,256,16,002B04E2,0,1,1,4294967295,0,0
oInvCollPH,272,16,001A18C1,0,1,1,4294967295,0,0
oInvCollPH,288,16,00007466,0,1,1,4294967295,0,0
oInvCollPH,304,16,000D105B,0,1,1,4294967295,0,0
oInvCollPH,320,16,001A1FC2,0,1,1,4294967295,0,0
oInvCollPH,336,16,00083CE5,0,1,1,4294967295,0,0
oInvCollPH,352,16,001F4076,0,1,1,4294967295,0,0
oInvCollPH,368,16,0017F42E,0,1,1,4294967295,0,0
oInvCollPH,384,16,00126113,0,1,1,4294967295,0,0
oInvCollPH,400,16,00205B4E,0,1,1,4294967295,0,0
oInvCollPH,416,16,00150F52,0,1,1,4294967295,0,0
oInvCollPH,432,16,0032F0C5,0,1,1,4294967295,0,0
oInvCollPH,448,16,001838D9,0,1,1,4294967295,0,0
oInvCollPH,464,16,002401A2,0,1,1,4294967295,0,0
oInvCollPH,480,16,00360B4F,0,1,1,4294967295,0,0
oInvCollPH,496,16,0026221C,0,1,1,4294967295,0,0
oInvCollPH,512,32,00000609,0,1,1,4294967295,0,0
oInvCollPH,528,32,00402C26,0,1,1,4294967295,0,0
oInvCollPH,544,32,002FB6F5,0,1,1,4294967295,0,0
oInvCollPH,560,32,000C9B0A,0,1,1,4294967295,0,0
oInvCollPH,576,32,000CE6AC,0,1,1,4294967295,0,0
oInvCollPH,592,32,001ED6DA,0,1,1,4294967295,0,0
oInvCollPH,608,32,00131CDC,0,1,1,4294967295,0,0
oInvCollPH,624,32,001D4AC3,0,1,1,4294967295,0,0
oInvCollPH,640,32,002988BC,0,1,1,4294967295,0,0
oInvCollPH,656,32,0004A706,0,1,1,4294967295,0,0
oInvCollPH,672,32,000E985F,0,1,1,4294967295,0,0
oInvCollPH,688,32,0028DEC6,0,1,1,4294967295,0,0
oInvCollPH,704,32,002CB590,0,1,1,4294967295,0,0
oInvCollPH,720,32,0021627C,0,1,1,4294967295,0,0
oInvCollPH,736,32,002FB751,0,1,1,4294967295,0,0
oInvCollPH,752,32,0000F8EF,0,1,1,4294967295,0,0
oInvCollPH,768,32,00277809,0,1,1,4294967295,0,0
oInvCollPH,784,32,00106C62,0,1,1,4294967295,0,0
oInvCollPH,800,32,001418C3,0,1,1,4294967295,0,0
oInvCollPH,816,32,000AE619,0,1,1,4294967295,0,0
oInvCollPH,832,32,000B172A,0,1,1,4294967295,0,0
oInvCollPH,848,32,001601FE,0,1,1,4294967295,0,0
oInvCollPH,864,32,0001ECD3,0,1,1,4294967295,0,0
oInvCollPH,880,32,000EAD0D,0,1,1,4294967295,0,0
oInvCollPH,896,32,00076E52,0,1,1,4294967295,0,0
oInvCollPH,912,32,002FDABE,0,1,1,4294967295,0,0
oInvCollPH,928,32,002B7977,0,1,1,4294967295,0,0
oInvCollPH,944,32,0029D035,0,1,1,4294967295,0,0
oInvCollPH,1152,32,000EE1E3,0,1,1,4294967295,0,0
oInvCollPH,1168,32,0027B7EF,0,1,1,4294967295,0,0
oInvCollPH,1184,32,0036FB8E,0,1,1,4294967295,0,0
oInvCollPH,1200,32,0014804F,0,1,1,4294967295,0,0
oInvCollPH,1216,32,00009D5F,0,1,1,4294967295,0,0
oInvCollPH,1232,32,00224F1D,0,1,1,4294967295,0,0
oInvCollPH,1248,32,00332E8A,0,1,1,4294967295,0,0
oInvCollPH,1264,32,00402F02,0,1,1,4294967295,0,0
oInvCollPH,1280,32,00079C64,0,1,1,4294967295,0,0
oInvCollPH,1296,32,0033ED56,0,1,1,4294967295,0,0
oInvCollPH,1312,32,002C5C38,0,1,1,4294967295,0,0
oInvCollPH,1328,32,001D449E,0,1,1,4294967295,0,0
oInvisibleSolid,0,0,000C3AD4,0,1,1,4294967295,0,1
oInvisibleSolid,0,48,00171050,0,1,1,4294967295,0,1
oInvisibleSolid,0,160,002AF225,0,1,1,4294967295,0,1
oInvisibleSolid,0,288,00326811,0,1,1,4294967295,0,1
oInvisibleSolid,0,672,00297698,0,1,1,4294967295,0,1
oInvisibleSolid,192,640,00314456,0,1,1,4294967295,0,1
oInvisibleSolid,320,640,0032271D,0,1,1,4294967295,0,1
oInvisibleSolid,400,560,002F9C38,0,1,1,4294967295,0,1
oInvisibleSolid,416,592,0022A466,0,1,1,4294967295,0,1
oInvisibleSolid,560,608,001D0E17,0,1,1,4294967295,0,1
oInvisibleSolid,624,656,002594BC,0,1,1,4294967295,0,1
oInvisibleSolid,688,480,002B2D83,0,1,1,4294967295,0,1
oInvisibleSolid,464,352,0009CE13,0,1,1,4294967295,0,1
oInvisibleSolid,128,336,000D4A55,0,1,1,4294967295,0,1
oInvisibleSolid,192,304,002127B4,0,1,1,4294967295,0,1
oInvisibleSolid,256,272,001C1CFC,0,1,1,4294967295,0,1
oInvisibleSolid,96,160,00072230,0,1,1,4294967295,0,1
oInvisibleSolid,512,352,003ED1B4,0,1,1,4294967295,0,1
oInvisibleSolid,592,304,0009C589,0,1,1,4294967295,0,1
oInvisibleSolid,656,320,002A0A24,0,1,1,4294967295,0,1
oInvisibleSolid,720,304,00009154,0,1,1,4294967295,0,1
oInvisibleSolid,848,624,003EA17B,0,1,1,4294967295,0,1
oInvisibleSolid,688,528,00364183,0,1,1,4294967295,0,1
oInvisibleSolid,960,272,00051B04,0,1,1,4294967295,0,1
oInvisibleSolid,544,160,00149929,0,1,1,4294967295,0,1
oInvisibleSolid,736,176,000FE0AA,0,1,1,4294967295,0,1
oInvisibleSolid,1168,624,002F95FB,0,1,1,4294967295,0,1
oInvisibleSolid,1104,640,00019B22,0,1,1,4294967295,0,1
oInvisibleSolid,960,480,0017BB2E,0,1,1,4294967295,0,1
oInvisibleSolid,1024,240,0005D22D,0,1,1,4294967295,0,1
oInvisibleSolid,1152,304,003BF7FC,0,1,1,4294967295,0,1
oInvisibleSolid,1232,480,002F9A23,0,1,1,4294967295,0,1
oInvisibleSolid,1360,496,000653FB,0,1,1,4294967295,0,1
oInvisibleSolid,1216,256,001C70CD,0,1,1,4294967295,0,1
oInvisibleSolid,1344,48,003DCED4,0,1,1,4294967295,0,1
oInvisibleSolid,960,48,003C210B,0,1,1,4294967295,0,1
oInvisibleSolid,512,0,00376C57,0,1,1,4294967295,0,1
oInvisibleSolid,256,0,00373F57,0,1,1,4294967295,0,1
oInvisibleSolid,560,336,0012ED43,0,1,1,4294967295,0,1
