oPlayer1,464,288,00241398,0,1,1,4294967295,0,0
oInvCollPH,272,256,000CC73B,0,1,1,4294967295,0,0
oInvCollPH,288,256,00362C50,0,1,1,4294967295,0,0
oInvCollPH,304,256,0011D875,0,1,1,4294967295,0,0
oInvCollPH,176,272,001CAA3B,0,1,1,4294967295,0,0
oInvCollPH,192,272,0006AA49,0,1,1,4294967295,0,0
oInvCollPH,208,272,003D425D,0,1,1,4294967295,0,0
oInvCollPH,720,256,0029D9F5,0,1,1,4294967295,0,0
oInvCollPH,848,256,00395BCC,0,1,1,4294967295,0,0
oInvCollPH,864,256,0024A327,0,1,1,4294967295,0,0
oInvCollPH,880,256,0009AC16,0,1,1,4294967295,0,0
oInvCollPH,768,272,001C5162,0,1,1,4294967295,0,0
oInvCollPH,784,272,000D6A8D,0,1,1,4294967295,0,0
oInvCollPH,656,272,0032BD88,0,1,1,4294967295,0,0
oInvCollPH,640,272,00195E24,0,1,1,4294967295,0,0
oInvCollPH,624,272,000CAB27,0,1,1,4294967295,0,0
oInvCollPH,608,272,002AFE13,0,1,1,4294967295,0,0
oInvCollPH,592,272,001E5797,0,1,1,4294967295,0,0
oInvCollPH,576,272,002C9C2F,0,1,1,4294967295,0,0
oInvCollPH,560,272,00001ED2,0,1,1,4294967295,0,0
oInvCollPH,16,288,002804BB,0,1,1,4294967295,0,0
oInvCollPH,32,288,0035DC0B,0,1,1,4294967295,0,0
oInvCollPH,48,288,00101952,0,1,1,4294967295,0,0
oInvCollPH,64,288,0008195B,0,1,1,4294967295,0,0
oInvCollPH,80,288,001F07D4,0,1,1,4294967295,0,0
oInvCollPH,96,288,00205997,0,1,1,4294967295,0,0
oInvCollPH,112,288,000C0BBC,0,1,1,4294967295,0,0
oInvCollPH,384,288,000CAD69,0,1,1,4294967295,0,0
oInvCollPH,400,288,002D23A3,0,1,1,4294967295,0,0
oInvCollPH,416,288,0013B74D,0,1,1,4294967295,0,0
oInvCollPH,432,288,003EC8CC,0,1,1,4294967295,0,0
oInvCollPH,448,288,000439CC,0,1,1,4294967295,0,0
oInvCollPH,464,288,003DD06A,0,1,1,4294967295,0,0
oInvCollPH,480,288,002EA9CC,0,1,1,4294967295,0,0
oInvCollPH,496,288,0000B258,0,1,1,4294967295,0,0
oInvCollPH,960,288,002F904B,0,1,1,4294967295,0,0
oInvCollPH,976,288,000BE8B1,0,1,1,4294967295,0,0
oInvCollPH,992,288,0001D101,0,1,1,4294967295,0,0
oInvCollPH,1008,288,002A9229,0,1,1,4294967295,0,0
oInvisibleRupLowSlope,128,272,00378055,0,1,1,4294967295,0,0
oInvisibleRupLowSlope,224,256,003D4BBF,0,1,1,4294967295,0,0
oInvisibleRupLowSlope,512,272,002E56C7,0,1,1,4294967295,0,0
oInvisibleRupLowSlope,672,256,00378E6B,0,1,1,4294967295,0,0
oInvisibleRupLowSlope,800,256,003F4BC3,0,1,1,4294967295,0,0
oInvisibleLupLowSlope,320,256,000CE8C5,0,1,1,4294967295,0,0
oInvisibleLupLowSlope,352,272,0025B695,0,1,1,4294967295,0,0
oInvisibleLupLowSlope,736,256,001DE553,0,1,1,4294967295,0,0
oInvisibleLupLowSlope,896,256,003E3246,0,1,1,4294967295,0,0
oInvisibleLupLowSlope,928,272,00071787,0,1,1,4294967295,0,0
oInvisibleSolid,0,288,00275B5D,0,1,1,4294967295,0,1
oInvisibleSolid,160,272,0020021C,0,1,1,4294967295,0,1
oInvisibleSolid,256,256,000ECBEA,0,1,1,4294967295,0,1
oInvisibleSolid,544,272,003233EA,0,1,1,4294967295,0,1
oInvisibleSolid,704,256,00057616,0,1,1,4294967295,0,1
oInvisibleSolid,832,256,00074814,0,1,1,4294967295,0,1
