tileHPF,0,272,0,336,64,48,0,1,1,4294967295
tileHPF,0,320,0,224,128,32,0,1,1,4294967295
tileHPF,64,272,0,336,64,48,0,1,1,4294967295
tileHPF,128,272,0,336,64,48,0,1,1,4294967295
tileHPF,192,272,0,336,64,48,0,1,1,4294967295
tileHPF,256,272,0,336,64,48,0,1,1,4294967295
tileHPF,320,272,0,336,64,48,0,1,1,4294967295
tileHPF,384,272,0,336,64,48,0,1,1,4294967295
tileHPF,448,272,0,336,64,48,0,1,1,4294967295
tileHPF,128,320,0,224,64,32,0,1,1,4294967295
tileHPF,192,320,64,160,64,32,0,1,1,4294967295
tileHPF,256,320,0,224,128,32,0,1,1,4294967295
tileHPF,384,320,64,160,64,32,0,1,1,4294967295
tileHPF,0,160,64,160,64,64,0,1,1,4294967295
tileHPF,0,224,160,112,32,16,0,1,1,4294967295
tileHPF,32,224,160,112,32,16,0,1,1,4294967295
tileHPF,0,96,0,224,64,64,0,1,1,4294967295
tileHPF,96,32,160,112,32,16,0,1,1,4294967295
tileHPF,128,32,160,112,32,16,0,1,1,4294967295
tileHPF,160,32,160,112,32,16,0,1,1,4294967295
tileHPF,192,32,160,112,32,16,0,1,1,4294967295
tileHPF,224,32,160,112,32,16,0,1,1,4294967295
tileHPF,64,32,160,112,32,8,0,1,1,4294967295
tileHPF,176,80,0,336,64,48,0,1,1,4294967295
tileHPF,160,80,160,128,16,48,0,1,1,4294967295
tileHPF,240,80,0,336,64,48,0,1,1,4294967295
tileHPF,304,80,0,336,64,48,0,1,1,4294967295
tileHPF,368,80,0,336,64,48,0,1,1,4294967295
tileHPF,512,272,0,336,64,48,0,1,1,4294967295
tileHPF,576,272,0,336,64,48,0,1,1,4294967295
tileHPF,448,320,0,224,128,32,0,1,1,4294967295
tileHPF,576,320,64,224,64,32,0,1,1,4294967295
tileHPF,256,32,160,112,32,16,0,1,1,4294967295
tileHPF,288,32,160,112,32,16,0,1,1,4294967295
tileHPF,320,32,160,112,32,16,0,1,1,4294967295
tileHPF,352,32,160,112,32,16,0,1,1,4294967295
tileHPF,432,80,0,336,64,48,0,1,1,4294967295
tileHPF,496,80,0,336,64,48,0,1,1,4294967295
tileHPF,560,80,0,336,64,48,0,1,1,4294967295
tileHPF,624,80,0,336,64,48,0,1,1,4294967295
tileHPF,384,32,160,112,32,16,0,1,1,4294967295
tileHPF,416,32,160,112,32,16,0,1,1,4294967295
tileHPF,448,32,160,112,32,16,0,1,1,4294967295
tileHPF,480,32,160,112,32,16,0,1,1,4294967295
tileHPF,512,32,160,112,32,16,0,1,1,4294967295
tileHPF,544,32,160,112,32,16,0,1,1,4294967295
tileHPF,576,32,160,112,32,16,0,1,1,4294967295
tileHPF,608,32,160,112,32,16,0,1,1,4294967295
tileHPF,640,32,160,112,32,16,0,1,1,4294967295
tileHPF,720,80,176,128,16,48,0,1,1,4294967295
tileHPF,672,32,160,112,32,16,0,1,1,4294967295
tileHPF,704,32,160,112,32,16,0,1,1,4294967295
tileHPF,736,32,160,112,32,16,0,1,1,4294967295
tileHPF,80,96,64,128,32,32,0,1,1,4294967295
tileHPF,416,128,160,112,32,16,0,1,1,4294967295
tileHPF,448,128,160,112,32,16,0,1,1,4294967295
tileHPF,480,128,160,112,32,16,0,1,1,4294967295
tileHPF,512,128,160,112,32,16,0,1,1,4294967295
tileHPF,640,272,0,336,64,48,0,1,1,4294967295
tileHPF,704,272,0,336,64,48,0,1,1,4294967295
tileHPF,768,272,0,336,64,48,0,1,1,4294967295
tileHPF,832,272,0,336,64,48,0,1,1,4294967295
tileHPF,896,272,0,336,64,48,0,1,1,4294967295
tileHPF,960,272,0,336,64,48,0,1,1,4294967295
tileHPF,1024,272,0,336,64,48,0,1,1,4294967295
tileHPF,1088,272,0,336,64,48,0,1,1,4294967295
tileHPF,640,320,0,224,128,32,0,1,1,4294967295
tileHPF,0,0,64,192,64,96,0,1,1,4294967295
tileHPF,64,0,0,256,64,32,0,1,1,4294967295
tileHPF,704,0,0,256,64,32,0,1,1,4294967295
tileHPF,192,0,64,256,64,32,0,1,1,4294967295
tileHPF,640,0,64,256,64,32,0,1,1,4294967295
tileHPF,256,0,0,256,128,32,0,1,1,4294967295
tileHPF,128,0,64,192,64,32,0,1,1,4294967295
tileHPF,384,0,64,192,64,32,0,1,1,4294967295
tileHPF,512,0,64,192,64,32,0,1,1,4294967295
tileHPF,576,0,64,192,64,32,0,1,1,4294967295
tileHPF,768,320,64,160,64,32,0,1,1,4294967295
tileHPF,832,320,0,224,64,32,0,1,1,4294967295
tileHPF,896,320,64,160,64,32,0,1,1,4294967295
tileHPF,960,320,64,160,64,32,0,1,1,4294967295
tileHPF,1024,320,64,224,64,32,0,1,1,4294967295
tileHPF,1088,320,0,224,64,32,0,1,1,4294967295
tileHPF,688,80,0,336,32,48,0,1,1,4294967295
tileHPF,1152,272,0,336,64,48,0,1,1,4294967295
tileHPF,1216,272,0,336,64,48,0,1,1,4294967295
tileHPF,1152,320,64,160,64,32,0,1,1,4294967295
tileHPF,1216,320,64,224,64,32,0,1,1,4294967295
tileHPF,1280,320,64,224,64,32,0,1,1,4294967295
tileHPF,768,0,64,256,64,32,0,1,1,4294967295
tileHPF,544,128,160,112,32,16,0,1,1,4294967295
tileHPF,576,128,160,112,32,16,0,1,1,4294967295
tileHPF,608,128,160,112,32,16,0,1,1,4294967295
tileHPF,640,128,160,112,32,16,0,1,1,4294967295
tileHPF,672,128,160,112,32,16,0,1,1,4294967295
tileHPF,704,128,160,112,16,16,0,1,1,4294967295
tileHPF,448,0,64,256,64,32,0,1,1,4294967295
tileHPF,1280,256,0,224,16,64,0,1,1,4294967295
tileHPF,1296,256,48,224,16,64,0,1,1,4294967295
tileHPF,1280,192,64,160,16,64,0,1,1,4294967295
tileHPF,1296,192,112,160,16,64,0,1,1,4294967295
tileHPF,1312,272,0,336,64,48,0,1,1,4294967295
tileHPF,1376,272,0,336,64,48,0,1,1,4294967295
tileHPF,1440,272,0,336,64,48,0,1,1,4294967295
tileHPF,1344,320,0,224,128,32,0,1,1,4294967295
tileHPF,832,0,0,256,128,32,0,1,1,4294967295
tileHPF,960,0,64,256,64,32,0,1,1,4294967295
tileHPF,1088,0,64,192,64,32,0,1,1,4294967295
tileHPF,1024,0,0,256,64,32,0,1,1,4294967295
tileHPF,1504,272,0,336,64,48,0,1,1,4294967295
tileHPF,1568,272,0,336,64,48,0,1,1,4294967295
tileHPF,1664,272,0,336,64,48,0,1,1,4294967295
tileHPF,1728,272,0,336,64,48,0,1,1,4294967295
tileHPF,1792,272,0,336,64,48,0,1,1,4294967295
tileHPF,1856,272,0,336,64,48,0,1,1,4294967295
tileHPF,1632,256,64,160,16,64,0,1,1,4294967295
tileHPF,1648,256,112,160,16,64,0,1,1,4294967295
tileHPF,1472,320,0,224,64,32,0,1,1,4294967295
tileHPF,1536,320,64,160,64,32,0,1,1,4294967295
tileHPF,1600,320,0,224,128,32,0,1,1,4294967295
tileHPF,1728,320,64,160,64,32,0,1,1,4294967295
tileHPF,1792,320,64,160,64,32,0,1,1,4294967295
tileHPF,1152,0,0,256,64,32,0,1,1,4294967295
tileHPF,1216,0,0,256,128,32,0,1,1,4294967295
tileHPF,1344,0,64,192,64,32,0,1,1,4294967295
tileHPF,1408,0,64,256,64,32,0,1,1,4294967295
tileHPF,1472,0,64,256,64,32,0,1,1,4294967295
tileHPF,1536,0,0,256,64,32,0,1,1,4294967295
tileHPF,1600,0,64,192,64,32,0,1,1,4294967295
tileHPF,1664,0,64,192,64,32,0,1,1,4294967295
tileHPF,1728,0,0,256,128,32,0,1,1,4294967295
tileHPF,1632,192,64,224,16,64,0,1,1,4294967295
tileHPF,1648,192,112,224,16,64,0,1,1,4294967295
tileHPF,1632,32,64,224,16,64,0,1,1,4294967295
tileHPF,1648,32,112,224,16,64,0,1,1,4294967295
tileHPF,1856,320,0,224,64,32,0,1,1,4294967295
tileHPF,1920,320,0,224,128,32,0,1,1,4294967295
tileHPF,1984,272,0,336,64,48,0,1,1,4294967295
tileHPF,1984,160,64,160,64,64,0,1,1,4294967295
tileHPF,1984,32,64,160,64,128,0,1,1,4294967295
tileHPF,1920,0,0,256,128,32,0,1,1,4294967295
tileHPF,1856,0,64,192,64,32,0,1,1,4294967295
tileHPF,1120,80,0,336,64,48,0,1,1,4294967295
tileHPF,1184,80,0,336,64,48,0,1,1,4294967295
tileHPF,1248,80,0,336,64,48,0,1,1,4294967295
tileHPF,1312,80,0,336,64,48,0,1,1,4294967295
tileHPF,1104,80,160,128,16,48,0,1,1,4294967295
tileHPF,1376,80,176,128,16,48,0,1,1,4294967295
tileHPF,1120,128,160,112,32,16,0,1,1,4294967295
tileHPF,1152,128,160,112,32,16,0,1,1,4294967295
tileHPF,1184,128,160,112,32,16,0,1,1,4294967295
tileHPF,1216,128,160,112,32,16,0,1,1,4294967295
tileHPF,1248,128,160,112,32,16,0,1,1,4294967295
tileHPF,1280,128,160,112,32,16,0,1,1,4294967295
tileHPF,1312,128,160,112,32,16,0,1,1,4294967295
tileHPF,1344,128,160,112,32,16,0,1,1,4294967295
tileHPF,800,32,160,112,32,16,0,1,1,4294967295
tileHPF,832,32,160,112,32,16,0,1,1,4294967295
tileHPF,864,32,160,112,32,16,0,1,1,4294967295
tileHPF,896,32,160,112,32,16,0,1,1,4294967295
tileHPF,928,32,160,112,32,16,0,1,1,4294967295
tileHPF,960,32,160,112,32,16,0,1,1,4294967295
tileHPF,992,32,160,112,32,16,0,1,1,4294967295
tileHPF,1024,32,160,112,32,16,0,1,1,4294967295
tileHPF,1056,32,160,112,32,16,0,1,1,4294967295
tileHPF,1088,32,160,112,32,16,0,1,1,4294967295
tileHPF,1120,32,160,112,32,16,0,1,1,4294967295
tileHPF,1152,32,160,112,32,16,0,1,1,4294967295
tileHPF,1184,32,160,112,32,16,0,1,1,4294967295
tileHPF,1216,32,160,112,32,16,0,1,1,4294967295
tileHPF,1248,32,160,112,32,16,0,1,1,4294967295
tileHPF,1280,32,160,112,32,16,0,1,1,4294967295
tileHPF,1312,32,160,112,32,16,0,1,1,4294967295
tileHPF,1344,32,160,112,32,16,0,1,1,4294967295
tileHPF,1376,32,160,112,32,16,0,1,1,4294967295
tileHPF,1408,32,160,112,32,16,0,1,1,4294967295
tileHPF,1440,32,160,112,32,16,0,1,1,4294967295
tileHPF,1472,32,160,112,32,16,0,1,1,4294967295
tileHPF,1504,32,160,112,32,16,0,1,1,4294967295
tileHPF,1536,32,160,112,32,16,0,1,1,4294967295
tileHPF,1568,32,160,112,32,16,0,1,1,4294967295
tileHPF,1600,32,160,112,32,16,0,1,1,4294967295
tileHPF,1632,96,160,112,32,16,0,1,1,4294967295
tileHPF,1664,32,160,112,32,16,0,1,1,4294967295
tileHPF,1696,32,160,112,32,16,0,1,1,4294967295
tileHPF,1728,32,160,112,32,16,0,1,1,4294967295
tileHPF,1760,32,160,112,32,16,0,1,1,4294967295
tileHPF,1792,32,160,112,32,16,0,1,1,4294967295
tileHPF,1824,32,160,112,32,16,0,1,1,4294967295
tileHPF,1856,32,160,112,32,16,0,1,1,4294967295
tileHPF,1888,32,160,112,32,16,0,1,1,4294967295
tileHPF,1920,32,160,112,32,16,0,1,1,4294967295
tileHPF,1952,32,160,112,32,16,0,1,1,4294967295
tileHPF,1984,224,160,112,32,16,0,1,1,4294967295
tileHPF,2016,224,160,112,32,16,0,1,1,4294967295
tileHPF,1856,64,64,160,64,16,0,1,1,4294967295
tileHPF,1856,80,64,208,64,16,0,1,1,4294967295
tileHPF,1920,64,64,224,64,16,0,1,1,4294967295
tileHPF,1728,64,64,224,64,16,0,1,1,4294967295
tileHPF,1792,64,64,160,64,16,0,1,1,4294967295
tileHPF,1792,80,64,208,64,16,0,1,1,4294967295
tileHPF,1728,80,64,272,64,16,0,1,1,4294967295
tileHPF,1920,80,64,272,64,16,0,1,1,4294967295
tileHPF,1728,96,160,112,32,16,0,1,1,4294967295
tileHPF,1760,96,160,112,32,16,0,1,1,4294967295
tileHPF,1792,128,160,112,32,16,0,1,1,4294967295
tileHPF,1824,128,160,112,32,16,0,1,1,4294967295
tileHPF,1856,96,160,112,32,16,0,1,1,4294967295
tileHPF,1888,96,160,112,32,16,0,1,1,4294967295
tileHPF,1920,96,160,112,32,16,0,1,1,4294967295
tileHPF,1952,96,160,112,32,16,0,1,1,4294967295
tileHPF,1800,48,64,128,24,8,0,1,1,4294967295
tileHPF,1800,56,64,152,24,8,0,1,1,4294967295
tileHPF,1672,56,176,104,16,8,0,1,1,4294967295
tileHPF,1824,56,176,104,16,8,0,1,1,4294967295
tileHPF,1960,56,176,104,16,8,0,1,1,4294967295
tileHPF,880,208,32,80,16,48,0,1,1,4294967295
tileHPF,880,64,32,64,16,48,0,1,1,4294967295
tileHPF,880,160,32,72,16,48,0,1,1,4294967295
tileHPF,832,144,160,288,32,32,0,1,1,4294967295
tileHPF,920,144,160,288,32,32,0,1,1,4294967295
tileHPF,768,32,160,112,32,8,0,1,1,4294967295
tileHPF,736,112,160,352,32,16,0,1,1,4294967295
tileHPF,816,112,160,352,32,16,0,1,1,4294967295
tileHPF,896,112,160,352,32,16,0,1,1,4294967295
tileHPF,976,112,160,352,32,16,0,1,1,4294967295
tileHPF,1056,112,160,352,32,16,0,1,1,4294967295
tileHPF,1088,112,176,352,16,16,0,1,1,4294967295
tileHPF,1008,112,176,352,16,16,0,1,1,4294967295
tileHPF,1024,112,176,352,16,16,0,1,1,4294967295
tileHPF,1040,112,176,352,16,16,0,1,1,4294967295
tileHPF,928,112,176,352,16,16,0,1,1,4294967295
tileHPF,944,112,176,352,16,16,0,1,1,4294967295
tileHPF,960,112,176,352,16,16,0,1,1,4294967295
tileHPF,848,112,176,352,16,16,0,1,1,4294967295
tileHPF,864,112,176,352,16,16,0,1,1,4294967295
tileHPF,880,112,176,352,16,16,0,1,1,4294967295
tileHPF,768,112,176,352,16,16,0,1,1,4294967295
tileHPF,784,112,176,352,16,16,0,1,1,4294967295
tileHPF,800,112,176,352,16,16,0,1,1,4294967295
tileHPF,1472,200,96,288,16,16,0,1,1,4294967295
tileHPF,1488,200,96,288,16,16,0,1,1,4294967295
tileHPF,1504,200,96,288,16,16,0,1,1,4294967295
tileHPF,1528,200,112,288,16,32,0,1,1,4294967295
tileHPF,1520,200,96,288,8,16,0,1,1,4294967295
tileHPF,1792,96,0,224,64,16,0,1,1,4294967295
tileHPF,1792,112,0,272,64,16,0,1,1,4294967295
tileHPF,1856,112,160,352,32,16,0,1,1,4294967295
tileHPF,1952,112,160,352,32,16,0,1,1,4294967295
tileHPF,1888,112,176,352,16,16,0,1,1,4294967295
tileHPF,1936,112,176,352,16,16,0,1,1,4294967295
tileHPF,1920,112,176,8,16,32,0,1,1,4294967295
