tileMM_A1,0,256,16,0,32,48,0,1,1,4294967295
tileMM_A1,64,256,16,0,32,48,0,1,1,4294967295
tileMM_A1,160,224,0,16,32,32,0,1,1,4294967295
tileMM_A1,128,256,16,0,32,48,0,1,1,4294967295
tileMM_A1,32,256,64,0,16,48,0,1,1,4294967295
tileMM_A1,96,256,64,0,16,48,0,1,1,4294967295
tileMM_A1,48,256,96,0,16,48,0,1,1,4294967295
tileMM_A1,112,256,96,0,16,48,0,1,1,4294967295
tileMM_A1,0,144,16,16,48,48,0,1,1,4294967295
tileMM_A1,0,80,144,48,48,64,0,1,1,4294967295
tileMM_A1,48,64,32,96,32,16,0,1,1,4294967295
tileMM_A1,0,304,16,16,32,32,0,1,1,4294967295
tileMM_A1,32,304,16,16,32,32,0,1,1,4294967295
tileMM_A1,64,304,16,16,32,32,0,1,1,4294967295
tileMM_A1,96,304,16,16,32,32,0,1,1,4294967295
tileMM_A1,128,304,16,16,32,32,0,1,1,4294967295
tileMM_A1,160,256,16,16,32,32,0,1,1,4294967295
tileMM_A1,160,288,16,16,32,32,0,1,1,4294967295
tileMM_A1,160,320,16,16,32,32,0,1,1,4294967295
tileMM_A1,0,336,16,16,32,16,0,1,1,4294967295
tileMM_A1,32,336,16,16,32,16,0,1,1,4294967295
tileMM_A1,64,336,16,16,32,16,0,1,1,4294967295
tileMM_A1,96,336,16,16,32,16,0,1,1,4294967295
tileMM_A1,128,336,16,16,32,16,0,1,1,4294967295
tileMM_A1,48,0,16,16,32,32,0,1,1,4294967295
tileMM_A1,48,32,16,16,32,32,0,1,1,4294967295
tileMM_A1,16,0,16,16,32,32,0,1,1,4294967295
tileMM_A1,16,32,16,16,32,32,0,1,1,4294967295
tileMM_A1,32,64,48,64,16,16,0,1,1,4294967295
tileMM_A1,0,64,16,16,32,16,0,1,1,4294967295
tileMM_A1,80,32,16,16,32,48,0,1,1,4294967295
tileMM_A1,0,0,16,16,16,32,0,1,1,4294967295
tileMM_A1,0,32,16,16,16,32,0,1,1,4294967295
tileMM_A1,80,0,16,16,32,32,0,1,1,4294967295
tileMM_A1,112,64,32,96,32,16,0,1,1,4294967295
tileMM_A1,144,32,112,0,48,48,0,1,1,4294967295
tileMM_A1,192,64,32,96,32,16,0,1,1,4294967295
tileMM_A1,256,64,32,96,32,16,0,1,1,4294967295
tileMM_A1,288,32,112,0,48,48,0,1,1,4294967295
tileMM_A1,112,32,16,16,32,32,0,1,1,4294967295
tileMM_A1,192,32,16,16,32,32,0,1,1,4294967295
tileMM_A1,256,32,16,16,32,32,0,1,1,4294967295
tileMM_A1,112,0,16,16,32,32,0,1,1,4294967295
tileMM_A1,144,0,16,16,32,32,0,1,1,4294967295
tileMM_A1,176,0,16,16,32,32,0,1,1,4294967295
tileMM_A1,208,0,16,16,32,32,0,1,1,4294967295
tileMM_A1,240,0,16,16,32,32,0,1,1,4294967295
tileMM_A1,272,0,16,16,32,32,0,1,1,4294967295
tileMM_A1,304,0,16,16,32,32,0,1,1,4294967295
tileMM_A1,160,192,0,0,32,32,0,1,1,4294967295
tileMM_A1,192,192,64,0,48,48,0,1,1,4294967295
tileMM_A1,240,192,16,0,32,48,0,1,1,4294967295
tileMM_A1,272,192,64,0,48,48,0,1,1,4294967295
tileMM_A1,320,192,32,0,32,48,0,1,1,4294967295
tileMM_A1,192,240,16,16,32,32,0,1,1,4294967295
tileMM_A1,224,240,16,16,32,32,0,1,1,4294967295
tileMM_A1,256,240,16,16,32,32,0,1,1,4294967295
tileMM_A1,288,240,16,16,32,32,0,1,1,4294967295
tileMM_A1,192,272,16,16,32,32,0,1,1,4294967295
tileMM_A1,224,272,16,16,32,32,0,1,1,4294967295
tileMM_A1,256,272,16,16,32,32,0,1,1,4294967295
tileMM_A1,288,272,16,16,32,32,0,1,1,4294967295
tileMM_A1,192,304,16,16,32,32,0,1,1,4294967295
tileMM_A1,224,304,16,16,32,32,0,1,1,4294967295
tileMM_A1,256,304,16,16,32,32,0,1,1,4294967295
tileMM_A1,288,304,16,16,32,32,0,1,1,4294967295
tileMM_A1,192,336,16,16,32,16,0,1,1,4294967295
tileMM_A1,224,336,16,16,32,16,0,1,1,4294967295
tileMM_A1,256,336,16,16,32,16,0,1,1,4294967295
tileMM_A1,288,336,16,16,32,16,0,1,1,4294967295
tileMM_A1,320,240,32,16,32,32,0,1,1,4294967295
tileMM_A1,320,272,32,16,32,32,0,1,1,4294967295
tileMM_A1,320,304,32,16,32,32,0,1,1,4294967295
tileMM_A1,320,336,32,16,32,16,0,1,1,4294967295
tileMM_A1,400,176,0,16,16,48,0,1,1,4294967295
tileMM_A1,416,176,48,16,16,48,0,1,1,4294967295
tileMM_A1,480,320,0,16,32,32,0,1,1,4294967295
tileMM_A1,480,288,0,16,32,32,0,1,1,4294967295
tileMM_A1,480,256,0,16,32,32,0,1,1,4294967295
tileMM_A1,480,224,0,16,32,32,0,1,1,4294967295
tileMM_A1,480,192,0,16,32,32,0,1,1,4294967295
tileMM_A1,400,80,0,16,16,32,0,1,1,4294967295
tileMM_A1,416,80,48,16,16,32,0,1,1,4294967295
tileMM_A1,512,192,16,0,32,48,0,1,1,4294967295
tileMM_A1,336,32,112,0,48,48,0,1,1,4294967295
tileMM_A1,448,32,112,0,48,48,0,1,1,4294967295
tileMM_A1,496,32,112,0,48,48,0,1,1,4294967295
tileMM_A1,384,32,16,16,32,32,0,1,1,4294967295
tileMM_A1,336,0,16,16,32,32,0,1,1,4294967295
tileMM_A1,368,0,16,16,32,32,0,1,1,4294967295
tileMM_A1,400,0,16,16,32,32,0,1,1,4294967295
tileMM_A1,464,0,16,16,32,32,0,1,1,4294967295
tileMM_A1,496,0,16,16,32,32,0,1,1,4294967295
tileMM_A1,400,64,32,64,32,16,0,1,1,4294967295
tileMM_A1,544,192,16,0,32,48,0,1,1,4294967295
tileMM_A1,576,192,16,0,32,48,0,1,1,4294967295
tileMM_A1,432,0,16,16,32,32,0,1,1,4294967295
tileMM_A1,384,64,32,96,16,16,0,1,1,4294967295
tileMM_A1,432,64,32,96,16,16,0,1,1,4294967295
tileMM_A1,416,32,16,16,32,32,0,1,1,4294967295
tileMM_A1,400,112,64,48,16,64,0,1,1,4294967295
tileMM_A1,416,112,176,48,16,64,0,1,1,4294967295
tileMM_A1,512,240,16,16,32,32,0,1,1,4294967295
tileMM_A1,512,272,16,16,32,32,0,1,1,4294967295
tileMM_A1,512,304,16,16,32,32,0,1,1,4294967295
tileMM_A1,544,240,16,16,32,32,0,1,1,4294967295
tileMM_A1,544,272,16,16,32,32,0,1,1,4294967295
tileMM_A1,544,304,16,16,32,32,0,1,1,4294967295
tileMM_A1,576,240,16,16,32,32,0,1,1,4294967295
tileMM_A1,576,272,16,16,32,32,0,1,1,4294967295
tileMM_A1,576,304,16,16,32,32,0,1,1,4294967295
tileMM_A1,512,336,16,16,32,16,0,1,1,4294967295
tileMM_A1,544,336,16,16,32,16,0,1,1,4294967295
tileMM_A1,576,336,16,16,32,16,0,1,1,4294967295
tileMM_A1,544,64,32,96,32,16,0,1,1,4294967295
tileMM_A1,576,32,16,16,32,48,0,1,1,4294967295
tileMM_A1,608,64,32,96,32,16,0,1,1,4294967295
tileMM_A1,544,32,16,16,32,32,0,1,1,4294967295
tileMM_A1,608,32,16,16,32,32,0,1,1,4294967295
tileMM_A1,528,0,16,16,32,32,0,1,1,4294967295
tileMM_A1,560,0,16,16,32,32,0,1,1,4294967295
tileMM_A1,592,0,16,16,32,32,0,1,1,4294967295
tileMM_A1,240,80,48,32,16,32,0,1,1,4294967295
tileMM_A1,224,80,0,32,16,32,0,1,1,4294967295
tileMM_A1,224,64,32,64,32,16,0,1,1,4294967295
tileMM_A1,224,32,16,16,32,32,0,1,1,4294967295
tileMM_A1,480,160,0,0,8,32,0,1,1,4294967295
tileMM_A1,488,160,56,0,8,32,0,1,1,4294967295
tileMM_A1,496,192,16,0,16,16,0,1,1,4294967295
tileMM_A1,608,192,32,0,32,48,0,1,1,4294967295
tileMM_A1,608,240,32,16,32,32,0,1,1,4294967295
tileMM_A1,640,272,16,0,32,48,0,1,1,4294967295
tileMM_A1,640,320,16,16,32,32,0,1,1,4294967295
tileMM_A1,608,288,16,16,32,32,0,1,1,4294967295
tileMM_A1,608,320,16,16,32,32,0,1,1,4294967295
tileMM_A1,624,272,48,80,16,16,0,1,1,4294967295
tileMM_A1,608,272,16,16,16,16,0,1,1,4294967295
tileMM_A1,672,272,16,0,32,48,0,1,1,4294967295
tileMM_A1,704,272,16,0,32,48,0,1,1,4294967295
tileMM_A1,736,272,16,0,32,48,0,1,1,4294967295
tileMM_A1,640,32,112,0,48,48,0,1,1,4294967295
tileMM_A1,688,64,32,96,32,16,0,1,1,4294967295
tileMM_A1,720,32,16,16,32,48,0,1,1,4294967295
tileMM_A1,752,64,32,96,32,16,0,1,1,4294967295
tileMM_A1,784,32,112,0,48,48,0,1,1,4294967295
tileMM_A1,688,32,16,16,32,32,0,1,1,4294967295
tileMM_A1,752,32,16,16,32,32,0,1,1,4294967295
tileMM_A1,624,0,16,16,32,32,0,1,1,4294967295
tileMM_A1,656,0,16,16,32,32,0,1,1,4294967295
tileMM_A1,688,0,16,16,32,32,0,1,1,4294967295
tileMM_A1,720,0,16,16,32,32,0,1,1,4294967295
tileMM_A1,752,0,16,16,32,32,0,1,1,4294967295
tileMM_A1,784,0,16,16,32,32,0,1,1,4294967295
tileMM_A1,928,32,112,0,48,48,0,1,1,4294967295
tileMM_A1,832,64,32,96,32,16,0,1,1,4294967295
tileMM_A1,896,64,32,96,32,16,0,1,1,4294967295
tileMM_A1,864,32,16,16,32,48,0,1,1,4294967295
tileMM_A1,832,32,16,16,32,32,0,1,1,4294967295
tileMM_A1,896,32,16,16,32,32,0,1,1,4294967295
tileMM_A1,816,0,16,16,32,32,0,1,1,4294967295
tileMM_A1,848,0,16,16,32,32,0,1,1,4294967295
tileMM_A1,880,0,16,16,32,32,0,1,1,4294967295
tileMM_A1,912,0,16,16,32,32,0,1,1,4294967295
tileMM_A1,944,0,16,16,32,32,0,1,1,4294967295
tileMM_A1,672,320,16,16,32,32,0,1,1,4294967295
tileMM_A1,704,320,16,16,32,32,0,1,1,4294967295
tileMM_A1,736,320,16,16,32,32,0,1,1,4294967295
tileMM_A1,768,272,16,0,32,48,0,1,1,4294967295
tileMM_A1,800,272,16,0,32,48,0,1,1,4294967295
tileMM_A1,832,272,16,0,32,48,0,1,1,4294967295
tileMM_A1,864,272,16,0,32,48,0,1,1,4294967295
tileMM_A1,768,320,16,16,32,32,0,1,1,4294967295
tileMM_A1,800,320,16,16,32,32,0,1,1,4294967295
tileMM_A1,832,320,16,16,32,32,0,1,1,4294967295
tileMM_A1,864,320,16,16,32,32,0,1,1,4294967295
tileMM_A1,1024,272,32,0,32,32,0,1,1,4294967295
tileMM_A1,896,272,16,0,32,48,0,1,1,4294967295
tileMM_A1,928,272,16,0,32,48,0,1,1,4294967295
tileMM_A1,960,272,16,0,32,48,0,1,1,4294967295
tileMM_A1,992,272,16,0,32,48,0,1,1,4294967295
tileMM_A1,896,320,16,16,32,32,0,1,1,4294967295
tileMM_A1,928,320,16,16,32,32,0,1,1,4294967295
tileMM_A1,960,320,16,16,32,32,0,1,1,4294967295
tileMM_A1,992,320,16,16,32,32,0,1,1,4294967295
tileMM_A1,1056,304,16,0,32,48,0,1,1,4294967295
tileMM_A1,1024,320,16,16,32,32,0,1,1,4294967295
tileMM_A1,1040,304,48,80,16,16,0,1,1,4294967295
tileMM_A1,1024,304,16,16,16,16,0,1,1,4294967295
tileMM_A1,1136,304,16,0,32,48,0,1,1,4294967295
tileMM_A1,1168,304,16,0,32,48,0,1,1,4294967295
tileMM_A1,1248,304,16,0,32,48,0,1,1,4294967295
tileMM_A1,1280,304,16,0,32,48,0,1,1,4294967295
tileMM_A1,976,64,32,96,32,16,0,1,1,4294967295
tileMM_A1,1040,64,32,96,32,16,0,1,1,4294967295
tileMM_A1,1120,64,32,96,32,16,0,1,1,4294967295
tileMM_A1,1184,64,32,96,32,16,0,1,1,4294967295
tileMM_A1,1072,32,112,0,48,48,0,1,1,4294967295
tileMM_A1,1008,32,16,16,32,48,0,1,1,4294967295
tileMM_A1,1152,32,16,16,32,48,0,1,1,4294967295
tileMM_A1,976,32,16,16,32,32,0,1,1,4294967295
tileMM_A1,976,0,16,16,32,32,0,1,1,4294967295
tileMM_A1,1008,0,16,16,32,32,0,1,1,4294967295
tileMM_A1,1040,0,16,16,32,32,0,1,1,4294967295
tileMM_A1,1072,0,16,16,32,32,0,1,1,4294967295
tileMM_A1,1104,0,16,16,32,32,0,1,1,4294967295
tileMM_A1,1136,0,16,16,32,32,0,1,1,4294967295
tileMM_A1,1168,0,16,16,32,32,0,1,1,4294967295
tileMM_A1,1040,32,16,16,32,32,0,1,1,4294967295
tileMM_A1,1120,32,16,16,32,32,0,1,1,4294967295
tileMM_A1,1184,32,16,16,32,32,0,1,1,4294967295
tileMM_A1,1216,80,0,16,48,48,0,1,1,4294967295
tileMM_A1,1264,80,16,16,32,48,0,1,1,4294967295
tileMM_A1,1296,80,112,0,48,48,0,1,1,4294967295
tileMM_A1,1344,80,16,16,32,48,0,1,1,4294967295
tileMM_A1,1376,80,16,16,32,48,0,1,1,4294967295
tileMM_A1,1408,80,112,0,48,48,0,1,1,4294967295
tileMM_A1,1456,80,16,16,32,48,0,1,1,4294967295
tileMM_A1,1488,80,16,16,32,48,0,1,1,4294967295
tileMM_A1,1200,0,16,16,32,32,0,1,1,4294967295
tileMM_A1,1232,0,16,16,32,32,0,1,1,4294967295
tileMM_A1,1264,0,16,16,32,32,0,1,1,4294967295
tileMM_A1,1296,0,16,16,32,32,0,1,1,4294967295
tileMM_A1,1328,0,16,16,32,32,0,1,1,4294967295
tileMM_A1,1360,0,16,16,32,32,0,1,1,4294967295
tileMM_A1,1392,0,16,16,32,32,0,1,1,4294967295
tileMM_A1,1424,0,16,16,32,32,0,1,1,4294967295
tileMM_A1,1456,0,16,16,32,32,0,1,1,4294967295
tileMM_A1,1488,0,16,16,32,32,0,1,1,4294967295
tileMM_A1,1216,32,16,16,32,32,0,1,1,4294967295
tileMM_A1,1248,32,16,16,32,32,0,1,1,4294967295
tileMM_A1,1280,32,16,16,32,32,0,1,1,4294967295
tileMM_A1,1312,32,16,16,32,32,0,1,1,4294967295
tileMM_A1,1344,32,16,16,32,32,0,1,1,4294967295
tileMM_A1,1376,32,16,16,32,32,0,1,1,4294967295
tileMM_A1,1408,32,16,16,32,32,0,1,1,4294967295
tileMM_A1,1440,32,16,16,32,32,0,1,1,4294967295
tileMM_A1,1472,32,16,16,32,32,0,1,1,4294967295
tileMM_A1,1232,64,16,16,32,16,0,1,1,4294967295
tileMM_A1,1264,64,16,16,32,16,0,1,1,4294967295
tileMM_A1,1296,64,16,16,32,16,0,1,1,4294967295
tileMM_A1,1328,64,16,16,32,16,0,1,1,4294967295
tileMM_A1,1360,64,16,16,32,16,0,1,1,4294967295
tileMM_A1,1392,64,16,16,32,16,0,1,1,4294967295
tileMM_A1,1424,64,16,16,32,16,0,1,1,4294967295
tileMM_A1,1456,64,16,16,32,16,0,1,1,4294967295
tileMM_A1,1488,64,16,16,32,16,0,1,1,4294967295
tileMM_A1,1216,64,32,64,16,16,0,1,1,4294967295
tileMM_A1,1088,304,64,0,48,48,0,1,1,4294967295
tileMM_A1,1200,304,64,0,48,48,0,1,1,4294967295
tileMM_A1,1312,304,64,0,48,48,0,1,1,4294967295
tileMM_A1,1360,304,16,0,32,48,0,1,1,4294967295
tileMM_A1,1392,304,16,0,32,48,0,1,1,4294967295
tileMM_A1,1520,80,112,0,48,48,0,1,1,4294967295
tileMM_A1,1568,80,16,16,32,48,0,1,1,4294967295
tileMM_A1,1600,80,16,16,32,48,0,1,1,4294967295
tileMM_A1,1520,0,16,16,32,32,0,1,1,4294967295
tileMM_A1,1552,0,16,16,32,32,0,1,1,4294967295
tileMM_A1,1584,0,16,16,32,32,0,1,1,4294967295
tileMM_A1,1504,32,16,16,32,32,0,1,1,4294967295
tileMM_A1,1536,32,16,16,32,32,0,1,1,4294967295
tileMM_A1,1568,32,16,16,32,32,0,1,1,4294967295
tileMM_A1,1600,32,16,16,32,32,0,1,1,4294967295
tileMM_A1,1520,64,16,16,32,16,0,1,1,4294967295
tileMM_A1,1552,64,16,16,32,16,0,1,1,4294967295
tileMM_A1,1584,64,16,16,32,16,0,1,1,4294967295
tileMM_A1,1424,304,64,0,48,48,0,1,1,4294967295
tileMM_A1,1536,304,64,0,48,48,0,1,1,4294967295
tileMM_A1,1472,304,16,0,32,48,0,1,1,4294967295
tileMM_A1,1504,304,16,0,32,48,0,1,1,4294967295
tileMM_A1,1584,304,16,0,32,48,0,1,1,4294967295
tileMM_A1,1632,160,0,32,48,32,0,1,1,4294967295
tileMM_A1,1632,128,0,16,48,32,0,1,1,4294967295
tileMM_A1,1680,144,16,16,32,48,0,1,1,4294967295
tileMM_A1,1712,144,16,16,32,48,0,1,1,4294967295
tileMM_A1,1744,144,16,16,32,48,0,1,1,4294967295
tileMM_A1,1776,144,16,16,32,48,0,1,1,4294967295
tileMM_A1,1808,144,16,16,32,48,0,1,1,4294967295
tileMM_A1,1840,144,16,16,32,48,0,1,1,4294967295
tileMM_A1,1872,144,16,16,32,48,0,1,1,4294967295
tileMM_A1,1904,144,16,16,32,48,0,1,1,4294967295
tileMM_A1,1936,144,16,16,32,48,0,1,1,4294967295
tileMM_A1,1968,144,16,16,32,48,0,1,1,4294967295
tileMM_A1,1616,0,16,16,32,32,0,1,1,4294967295
tileMM_A1,1648,0,16,16,32,32,0,1,1,4294967295
tileMM_A1,1680,0,16,16,32,32,0,1,1,4294967295
tileMM_A1,1712,0,16,16,32,32,0,1,1,4294967295
tileMM_A1,1744,0,16,16,32,32,0,1,1,4294967295
tileMM_A1,1776,0,16,16,32,32,0,1,1,4294967295
tileMM_A1,1808,0,16,16,32,32,0,1,1,4294967295
tileMM_A1,1840,0,16,16,32,32,0,1,1,4294967295
tileMM_A1,1872,0,16,16,32,32,0,1,1,4294967295
tileMM_A1,1904,0,16,16,32,32,0,1,1,4294967295
tileMM_A1,1936,0,16,16,32,32,0,1,1,4294967295
tileMM_A1,1968,0,16,16,32,32,0,1,1,4294967295
tileMM_A1,2000,0,16,16,32,32,0,1,1,4294967295
tileMM_A1,1632,32,16,16,32,32,0,1,1,4294967295
tileMM_A1,1664,32,16,16,32,32,0,1,1,4294967295
tileMM_A1,1696,32,16,16,32,32,0,1,1,4294967295
tileMM_A1,1728,32,16,16,32,32,0,1,1,4294967295
tileMM_A1,1760,32,16,16,32,32,0,1,1,4294967295
tileMM_A1,1792,32,16,16,32,32,0,1,1,4294967295
tileMM_A1,1824,32,16,16,32,32,0,1,1,4294967295
tileMM_A1,1856,32,16,16,32,32,0,1,1,4294967295
tileMM_A1,1888,32,16,16,32,32,0,1,1,4294967295
tileMM_A1,1920,32,16,16,32,32,0,1,1,4294967295
tileMM_A1,1952,32,16,16,32,32,0,1,1,4294967295
tileMM_A1,1984,32,16,16,32,32,0,1,1,4294967295
tileMM_A1,1632,64,16,16,32,32,0,1,1,4294967295
tileMM_A1,1664,64,16,16,32,32,0,1,1,4294967295
tileMM_A1,1696,64,16,16,32,32,0,1,1,4294967295
tileMM_A1,1728,64,16,16,32,32,0,1,1,4294967295
tileMM_A1,1760,64,16,16,32,32,0,1,1,4294967295
tileMM_A1,1792,64,16,16,32,32,0,1,1,4294967295
tileMM_A1,1824,64,16,16,32,32,0,1,1,4294967295
tileMM_A1,1856,64,16,16,32,32,0,1,1,4294967295
tileMM_A1,1888,64,16,16,32,32,0,1,1,4294967295
tileMM_A1,1920,64,16,16,32,32,0,1,1,4294967295
tileMM_A1,1952,64,16,16,32,32,0,1,1,4294967295
tileMM_A1,1648,96,16,16,32,32,0,1,1,4294967295
tileMM_A1,1680,96,16,16,32,32,0,1,1,4294967295
tileMM_A1,1712,96,16,16,32,32,0,1,1,4294967295
tileMM_A1,1744,96,16,16,32,32,0,1,1,4294967295
tileMM_A1,1776,96,16,16,32,32,0,1,1,4294967295
tileMM_A1,1808,96,16,16,32,32,0,1,1,4294967295
tileMM_A1,1840,96,16,16,32,32,0,1,1,4294967295
tileMM_A1,1872,96,16,16,32,32,0,1,1,4294967295
tileMM_A1,1904,96,16,16,32,32,0,1,1,4294967295
tileMM_A1,1936,96,16,16,32,32,0,1,1,4294967295
tileMM_A1,1968,96,16,16,32,32,0,1,1,4294967295
tileMM_A1,1616,64,16,16,16,16,0,1,1,4294967295
tileMM_A1,1632,96,16,16,16,16,0,1,1,4294967295
tileMM_A1,1632,112,32,64,16,16,0,1,1,4294967295
tileMM_A1,1680,128,16,16,32,16,0,1,1,4294967295
tileMM_A1,1712,128,16,16,32,16,0,1,1,4294967295
tileMM_A1,1744,128,16,16,32,16,0,1,1,4294967295
tileMM_A1,1776,128,16,16,32,16,0,1,1,4294967295
tileMM_A1,1808,128,16,16,32,16,0,1,1,4294967295
tileMM_A1,1840,128,16,16,32,16,0,1,1,4294967295
tileMM_A1,1872,128,16,16,32,16,0,1,1,4294967295
tileMM_A1,1904,128,16,16,32,16,0,1,1,4294967295
tileMM_A1,1936,128,16,16,32,16,0,1,1,4294967295
tileMM_A1,1968,128,16,16,32,16,0,1,1,4294967295
tileMM_A1,1616,304,16,0,32,48,0,1,1,4294967295
tileMM_A1,1648,304,64,0,48,48,0,1,1,4294967295
tileMM_A1,1696,304,64,0,48,48,0,1,1,4294967295
tileMM_A1,1744,304,64,0,48,48,0,1,1,4294967295
tileMM_A1,1792,304,64,0,48,48,0,1,1,4294967295
tileMM_A1,1840,304,64,0,48,48,0,1,1,4294967295
tileMM_A1,1888,304,64,0,48,48,0,1,1,4294967295
tileMM_A1,1936,304,64,0,48,48,0,1,1,4294967295
tileMM_A1,1984,304,64,0,48,48,0,1,1,4294967295
tileMM_A1,2000,144,16,16,48,48,0,1,1,4294967295
tileMM_A1,2032,304,16,0,32,48,0,1,1,4294967295
tileMM_A1,2064,304,16,0,32,48,0,1,1,4294967295
tileMM_A1,2096,304,64,0,48,48,0,1,1,4294967295
tileMM_A1,2208,304,64,0,48,48,0,1,1,4294967295
tileMM_A1,2144,304,16,0,32,48,0,1,1,4294967295
tileMM_A1,2176,304,16,0,32,48,0,1,1,4294967295
tileMM_A1,2256,304,16,0,32,48,0,1,1,4294967295
tileMM_A1,2288,304,16,0,32,48,0,1,1,4294967295
tileMM_A1,2416,304,32,16,32,32,0,1,1,4294967295
tileMM_A1,2416,336,32,16,32,16,0,1,1,4294967295
tileMM_A1,2384,304,16,16,32,32,0,1,1,4294967295
tileMM_A1,2352,304,16,16,32,32,0,1,1,4294967295
tileMM_A1,2320,304,16,16,32,32,0,1,1,4294967295
tileMM_A1,2320,336,16,16,32,16,0,1,1,4294967295
tileMM_A1,2352,336,16,16,32,16,0,1,1,4294967295
tileMM_A1,2384,336,16,16,32,16,0,1,1,4294967295
tileMM_A1,2320,304,32,80,16,16,0,1,1,4294967295
tileMM_A1,2000,112,16,16,48,32,0,1,1,4294967295
tileMM_A1,2000,80,16,16,48,32,0,1,1,4294967295
tileMM_A1,2048,64,32,96,32,16,0,1,1,4294967295
tileMM_A1,2080,32,16,16,32,48,0,1,1,4294967295
tileMM_A1,2112,64,32,96,32,16,0,1,1,4294967295
tileMM_A1,2144,32,112,0,48,48,0,1,1,4294967295
tileMM_A1,2288,32,112,0,48,48,0,1,1,4294967295
tileMM_A1,2432,32,112,0,48,48,0,1,1,4294967295
tileMM_A1,2224,32,16,16,32,48,0,1,1,4294967295
tileMM_A1,2368,32,16,16,32,48,0,1,1,4294967295
tileMM_A1,2192,64,32,96,32,16,0,1,1,4294967295
tileMM_A1,2256,64,32,96,32,16,0,1,1,4294967295
tileMM_A1,2336,64,32,96,32,16,0,1,1,4294967295
tileMM_A1,2400,64,32,96,32,16,0,1,1,4294967295
tileMM_A1,2016,32,16,16,32,32,0,1,1,4294967295
tileMM_A1,2048,32,16,16,32,32,0,1,1,4294967295
tileMM_A1,1984,64,16,16,32,32,0,1,1,4294967295
tileMM_A1,2032,0,16,16,32,32,0,1,1,4294967295
tileMM_A1,2064,0,16,16,32,32,0,1,1,4294967295
tileMM_A1,2096,0,16,16,32,32,0,1,1,4294967295
tileMM_A1,2128,0,16,16,32,32,0,1,1,4294967295
tileMM_A1,2160,0,16,16,32,32,0,1,1,4294967295
tileMM_A1,2192,0,16,16,32,32,0,1,1,4294967295
tileMM_A1,2224,0,16,16,32,32,0,1,1,4294967295
tileMM_A1,2256,0,16,16,32,32,0,1,1,4294967295
tileMM_A1,2288,0,16,16,32,32,0,1,1,4294967295
tileMM_A1,2320,0,16,16,32,32,0,1,1,4294967295
tileMM_A1,2352,0,16,16,32,32,0,1,1,4294967295
tileMM_A1,2384,0,16,16,32,32,0,1,1,4294967295
tileMM_A1,2416,0,16,16,32,32,0,1,1,4294967295
tileMM_A1,2448,0,16,16,32,32,0,1,1,4294967295
tileMM_A1,2112,32,16,16,32,32,0,1,1,4294967295
tileMM_A1,2192,32,16,16,32,32,0,1,1,4294967295
tileMM_A1,2256,32,16,16,32,32,0,1,1,4294967295
tileMM_A1,2336,32,16,16,32,32,0,1,1,4294967295
tileMM_A1,2400,32,16,16,32,32,0,1,1,4294967295
tileMM_A1,2016,64,16,16,16,16,0,1,1,4294967295
tileMM_A1,2032,64,48,64,16,16,0,1,1,4294967295
tileMM_A1,2480,64,32,96,32,16,0,1,1,4294967295
tileMM_A1,2544,64,32,96,32,16,0,1,1,4294967295
tileMM_A1,2624,64,32,96,32,16,0,1,1,4294967295
tileMM_A1,2688,64,32,96,32,16,0,1,1,4294967295
tileMM_A1,2768,64,32,96,32,16,0,1,1,4294967295
tileMM_A1,2832,64,32,96,32,16,0,1,1,4294967295
tileMM_A1,2512,32,16,16,32,48,0,1,1,4294967295
tileMM_A1,2656,32,16,16,32,48,0,1,1,4294967295
tileMM_A1,2800,32,16,16,32,48,0,1,1,4294967295
tileMM_A1,2576,32,112,0,48,48,0,1,1,4294967295
tileMM_A1,2720,32,112,0,48,48,0,1,1,4294967295
tileMM_A1,2864,32,112,0,48,48,0,1,1,4294967295
tileMM_A1,3008,32,112,0,48,48,0,1,1,4294967295
tileMM_A1,2912,64,32,96,32,16,0,1,1,4294967295
tileMM_A1,2976,64,32,96,32,16,0,1,1,4294967295
tileMM_A1,2944,32,16,16,32,48,0,1,1,4294967295
tileMM_A1,2976,32,16,16,32,32,0,1,1,4294967295
tileMM_A1,2912,32,16,16,32,32,0,1,1,4294967295
tileMM_A1,2832,32,16,16,32,32,0,1,1,4294967295
tileMM_A1,2768,32,16,16,32,32,0,1,1,4294967295
tileMM_A1,2688,32,16,16,32,32,0,1,1,4294967295
tileMM_A1,2624,32,16,16,32,32,0,1,1,4294967295
tileMM_A1,2544,32,16,16,32,32,0,1,1,4294967295
tileMM_A1,2480,32,16,16,32,32,0,1,1,4294967295
tileMM_A1,2480,0,16,16,32,32,0,1,1,4294967295
tileMM_A1,2512,0,16,16,32,32,0,1,1,4294967295
tileMM_A1,2544,0,16,16,32,32,0,1,1,4294967295
tileMM_A1,2576,0,16,16,32,32,0,1,1,4294967295
tileMM_A1,2608,0,16,16,32,32,0,1,1,4294967295
tileMM_A1,2640,0,16,16,32,32,0,1,1,4294967295
tileMM_A1,2672,0,16,16,32,32,0,1,1,4294967295
tileMM_A1,2704,0,16,16,32,32,0,1,1,4294967295
tileMM_A1,2736,0,16,16,32,32,0,1,1,4294967295
tileMM_A1,2768,0,16,16,32,32,0,1,1,4294967295
tileMM_A1,2800,0,16,16,32,32,0,1,1,4294967295
tileMM_A1,2832,0,16,16,32,32,0,1,1,4294967295
tileMM_A1,2864,0,16,16,32,32,0,1,1,4294967295
tileMM_A1,2896,0,16,16,32,32,0,1,1,4294967295
tileMM_A1,2928,0,16,16,32,32,0,1,1,4294967295
tileMM_A1,2960,0,16,16,32,32,0,1,1,4294967295
tileMM_A1,2992,0,16,16,32,32,0,1,1,4294967295
tileMM_A1,3024,0,16,16,32,32,0,1,1,4294967295
tileMM_A1,3152,32,112,0,48,48,0,1,1,4294967295
tileMM_A1,3296,32,112,0,48,48,0,1,1,4294967295
tileMM_A1,3440,32,112,0,48,48,0,1,1,4294967295
tileMM_A1,3584,32,112,0,48,48,0,1,1,4294967295
tileMM_A1,3056,64,32,96,32,16,0,1,1,4294967295
tileMM_A1,3120,64,32,96,32,16,0,1,1,4294967295
tileMM_A1,3200,64,32,96,32,16,0,1,1,4294967295
tileMM_A1,3264,64,32,96,32,16,0,1,1,4294967295
tileMM_A1,3344,64,32,96,32,16,0,1,1,4294967295
tileMM_A1,3408,64,32,96,32,16,0,1,1,4294967295
tileMM_A1,3488,64,32,96,32,16,0,1,1,4294967295
tileMM_A1,3552,64,32,96,32,16,0,1,1,4294967295
tileMM_A1,3088,32,16,16,32,48,0,1,1,4294967295
tileMM_A1,3232,32,16,16,32,48,0,1,1,4294967295
tileMM_A1,3376,32,16,16,32,48,0,1,1,4294967295
tileMM_A1,3520,32,16,16,32,48,0,1,1,4294967295
tileMM_A1,3056,0,16,16,32,32,0,1,1,4294967295
tileMM_A1,3088,0,16,16,32,32,0,1,1,4294967295
tileMM_A1,3120,0,16,16,32,32,0,1,1,4294967295
tileMM_A1,3152,0,16,16,32,32,0,1,1,4294967295
tileMM_A1,3184,0,16,16,32,32,0,1,1,4294967295
tileMM_A1,3216,0,16,16,32,32,0,1,1,4294967295
tileMM_A1,3248,0,16,16,32,32,0,1,1,4294967295
tileMM_A1,3280,0,16,16,32,32,0,1,1,4294967295
tileMM_A1,3312,0,16,16,32,32,0,1,1,4294967295
tileMM_A1,3344,0,16,16,32,32,0,1,1,4294967295
tileMM_A1,3376,0,16,16,32,32,0,1,1,4294967295
tileMM_A1,3408,0,16,16,32,32,0,1,1,4294967295
tileMM_A1,3440,0,16,16,32,32,0,1,1,4294967295
tileMM_A1,3472,0,16,16,32,32,0,1,1,4294967295
tileMM_A1,3504,0,16,16,32,32,0,1,1,4294967295
tileMM_A1,3536,0,16,16,32,32,0,1,1,4294967295
tileMM_A1,3568,0,16,16,32,32,0,1,1,4294967295
tileMM_A1,3600,0,16,16,32,32,0,1,1,4294967295
tileMM_A1,3056,32,16,16,32,32,0,1,1,4294967295
tileMM_A1,3120,32,16,16,32,32,0,1,1,4294967295
tileMM_A1,3200,32,16,16,32,32,0,1,1,4294967295
tileMM_A1,3264,32,16,16,32,32,0,1,1,4294967295
tileMM_A1,3344,32,16,16,32,32,0,1,1,4294967295
tileMM_A1,3408,32,16,16,32,32,0,1,1,4294967295
tileMM_A1,3488,32,16,16,32,32,0,1,1,4294967295
tileMM_A1,3552,32,16,16,32,32,0,1,1,4294967295
tileMM_A1,3472,176,0,0,48,48,0,1,1,4294967295
tileMM_A1,3472,288,0,16,48,32,0,1,1,4294967295
tileMM_A1,3472,320,0,16,48,32,0,1,1,4294967295
tileMM_A1,3472,224,64,48,80,64,0,1,1,4294967295
tileMM_A1,3552,224,112,48,80,64,0,1,1,4294967295
tileMM_A1,3584,176,16,0,48,48,0,1,1,4294967295
tileMM_A1,3520,176,64,0,32,48,0,1,1,4294967295
tileMM_A1,3552,176,80,0,32,48,0,1,1,4294967295
tileMM_A1,3632,288,16,0,32,48,0,1,1,4294967295
tileMM_A1,3664,288,64,0,48,48,0,1,1,4294967295
tileMM_A1,3712,288,16,0,32,48,0,1,1,4294967295
tileMM_A1,3744,288,64,0,48,48,0,1,1,4294967295
tileMM_A1,3632,336,16,16,32,16,0,1,1,4294967295
tileMM_A1,3664,336,16,16,32,16,0,1,1,4294967295
tileMM_A1,3696,336,16,16,32,16,0,1,1,4294967295
tileMM_A1,3728,336,16,16,32,16,0,1,1,4294967295
tileMM_A1,3760,336,16,16,32,16,0,1,1,4294967295
tileMM_A1,3584,288,16,16,32,32,0,1,1,4294967295
tileMM_A1,3520,288,16,16,32,32,0,1,1,4294967295
tileMM_A1,3552,288,16,16,32,32,0,1,1,4294967295
tileMM_A1,3584,320,16,16,32,32,0,1,1,4294967295
tileMM_A1,3520,320,16,16,32,32,0,1,1,4294967295
tileMM_A1,3552,320,16,16,32,32,0,1,1,4294967295
tileMM_A1,3616,320,16,16,16,32,0,1,1,4294967295
tileMM_A1,3616,304,16,16,16,16,0,1,1,4294967295
tileMM_A1,3616,288,48,80,16,16,0,1,1,4294967295
tileMM_A1,3744,176,0,16,48,48,0,1,1,4294967295
tileMM_A1,3744,112,64,48,48,64,0,1,1,4294967295
tileMM_A1,3632,64,32,96,32,16,0,1,1,4294967295
tileMM_A1,3696,64,32,96,32,16,0,1,1,4294967295
tileMM_A1,3664,32,16,16,32,48,0,1,1,4294967295
tileMM_A1,3744,80,0,16,48,32,0,1,1,4294967295
tileMM_A1,3728,64,32,96,16,16,0,1,1,4294967295
tileMM_A1,3632,0,16,16,32,32,0,1,1,4294967295
tileMM_A1,3664,0,16,16,32,32,0,1,1,4294967295
tileMM_A1,3696,0,16,16,32,32,0,1,1,4294967295
tileMM_A1,3728,0,16,16,32,32,0,1,1,4294967295
tileMM_A1,3760,0,16,16,32,32,0,1,1,4294967295
tileMM_A1,3632,32,16,16,32,32,0,1,1,4294967295
tileMM_A1,3696,32,16,16,32,32,0,1,1,4294967295
tileMM_A1,3728,32,16,16,32,32,0,1,1,4294967295
tileMM_A1,3760,32,16,16,32,32,0,1,1,4294967295
tileMM_A1,3760,64,16,16,32,16,0,1,1,4294967295
tileMM_A1,3744,64,32,64,16,16,0,1,1,4294967295
tileMM_A2,0,192,0,0,32,16,0,1,1,4294967295
tileMM_A2,0,208,0,0,32,16,0,1,1,4294967295
tileMM_A2,0,224,0,0,32,16,0,1,1,4294967295
tileMM_A2,0,240,0,0,32,16,0,1,1,4294967295
tileMM_A2,256,80,32,0,64,96,0,1,1,4294967295
tileMM_A2,320,80,32,0,64,96,0,1,1,4294967295
tileMM_A2,384,80,96,0,16,96,0,1,1,4294967295
tileMM_A2,240,112,16,32,16,64,0,1,1,4294967295
tileMM_A2,224,112,96,32,16,64,0,1,1,4294967295
tileMM_A2,224,176,96,80,16,16,0,1,1,4294967295
tileMM_A2,240,176,16,80,16,16,0,1,1,4294967295
tileMM_A2,384,176,96,0,16,16,0,1,1,4294967295
tileMM_A2,272,176,48,96,32,16,0,1,1,4294967295
tileMM_A2,336,176,48,96,32,16,0,1,1,4294967295
tileMM_A2,304,176,48,112,32,16,0,1,1,4294967295
tileMM_A2,256,176,48,112,16,16,0,1,1,4294967295
tileMM_A2,368,176,48,112,16,16,0,1,1,4294967295
tileMM_A2,352,192,0,128,32,16,0,1,1,4294967295
tileMM_A2,384,192,0,128,16,16,0,1,1,4294967295
tileMM_A1,2320,224,0,0,48,16,0,1,1,4294967295
tileMM_A1,2368,224,16,0,32,16,0,1,1,4294967295
tileMM_A1,2400,224,16,0,48,16,0,1,1,4294967295
tileMM_A1,2320,240,64,48,128,64,0,1,1,4294967295
tileMM_A2,48,144,160,96,16,16,0,1,1,4294967295
tileMM_A2,64,128,160,96,16,16,0,1,1,4294967295
tileMM_A2,80,112,160,96,16,16,0,1,1,4294967295
tileMM_A2,96,96,160,96,16,16,0,1,1,4294967295
tileMM_A2,112,80,160,96,16,16,0,1,1,4294967295
tileMM_A2,96,80,32,0,16,16,0,1,1,4294967295
tileMM_A2,80,96,32,0,16,16,0,1,1,4294967295
tileMM_A2,64,112,32,0,16,16,0,1,1,4294967295
tileMM_A2,48,128,32,0,16,16,0,1,1,4294967295
tileMM_A2,48,96,48,112,32,16,0,1,1,4294967295
tileMM_A2,48,112,48,112,16,16,0,1,1,4294967295
tileMM_A2,80,80,48,112,16,16,0,1,1,4294967295
tileMM_A2,208,96,176,96,16,16,0,1,1,4294967295
tileMM_A2,192,80,176,96,16,16,0,1,1,4294967295
tileMM_A2,208,80,80,0,16,16,0,1,1,4294967295
tileMM_A2,400,288,176,112,16,16,0,1,1,4294967295
tileMM_A2,416,288,160,112,16,16,0,1,1,4294967295
tileMM_A2,432,304,160,112,16,16,0,1,1,4294967295
tileMM_A2,448,320,160,112,16,16,0,1,1,4294967295
tileMM_A2,464,336,160,112,16,16,0,1,1,4294967295
tileMM_A2,384,304,176,112,16,16,0,1,1,4294967295
tileMM_A2,368,320,176,112,16,16,0,1,1,4294967295
tileMM_A2,352,336,176,112,16,16,0,1,1,4294967295
tileMM_A2,400,304,80,80,16,16,0,1,1,4294967295
tileMM_A2,384,320,80,80,16,16,0,1,1,4294967295
tileMM_A2,368,336,80,80,16,16,0,1,1,4294967295
tileMM_A2,416,304,32,80,16,16,0,1,1,4294967295
tileMM_A2,432,320,32,80,16,16,0,1,1,4294967295
tileMM_A2,448,336,32,80,16,16,0,1,1,4294967295
tileMM_A2,400,320,48,112,32,16,0,1,1,4294967295
tileMM_A2,400,336,80,96,16,16,0,1,1,4294967295
tileMM_A2,416,336,112,96,16,16,0,1,1,4294967295
tileMM_A2,384,336,48,112,16,16,0,1,1,4294967295
tileMM_A2,432,336,48,112,16,16,0,1,1,4294967295
tileMM_A2,528,80,96,0,32,64,0,1,1,4294967295
tileMM_A2,528,144,96,48,32,48,0,1,1,4294967295
tileMM_A2,432,112,160,96,16,16,0,1,1,4294967295
tileMM_A2,448,96,160,96,16,16,0,1,1,4294967295
tileMM_A2,464,80,160,96,16,16,0,1,1,4294967295
tileMM_A2,448,80,32,0,16,16,0,1,1,4294967295
tileMM_A2,432,96,32,0,16,16,0,1,1,4294967295
tileMM_A2,432,80,112,112,16,16,0,1,1,4294967295
tileMM_A2,48,80,96,112,32,16,0,1,1,4294967295
tileMM_A2,560,80,0,0,32,48,0,1,1,4294967295
tileMM_A2,560,128,0,32,32,64,0,1,1,4294967295
tileMM_A2,592,80,32,0,64,96,0,1,1,4294967295
tileMM_A2,656,80,32,0,64,96,0,1,1,4294967295
tileMM_A2,720,80,32,0,64,96,0,1,1,4294967295
tileMM_A2,784,80,32,0,64,96,0,1,1,4294967295
tileMM_A2,848,80,32,0,64,96,0,1,1,4294967295
tileMM_A2,976,176,96,0,32,96,0,1,1,4294967295
tileMM_A2,912,80,32,0,96,96,0,1,1,4294967295
tileMM_A2,1008,80,0,0,32,96,0,1,1,4294967295
tileMM_A2,1008,176,0,0,32,96,0,1,1,4294967295
tileMM_A2,912,176,32,0,64,96,0,1,1,4294967295
tileMM_A2,848,176,32,0,64,96,0,1,1,4294967295
tileMM_A2,784,176,32,0,64,96,0,1,1,4294967295
tileMM_A2,720,176,32,0,64,96,0,1,1,4294967295
tileMM_A2,656,176,32,0,64,96,0,1,1,4294967295
tileMM_A2,640,176,80,0,16,16,0,1,1,4294967295
tileMM_A2,640,192,16,0,16,16,0,1,1,4294967295
tileMM_A2,640,208,16,0,16,16,0,1,1,4294967295
tileMM_A2,640,224,16,0,16,16,0,1,1,4294967295
tileMM_A2,640,240,16,0,16,16,0,1,1,4294967295
tileMM_A2,640,256,16,0,16,16,0,1,1,4294967295
tileMM_A2,608,176,48,96,32,16,0,1,1,4294967295
tileMM_A2,592,176,48,112,16,16,0,1,1,4294967295
tileMM_A2,1232,144,176,96,16,16,0,1,1,4294967295
tileMM_A2,1216,128,176,96,16,16,0,1,1,4294967295
tileMM_A2,1264,288,176,112,16,16,0,1,1,4294967295
tileMM_A2,1248,144,80,0,16,16,0,1,1,4294967295
tileMM_A2,1232,128,80,0,16,16,0,1,1,4294967295
tileMM_A2,1280,288,80,80,16,16,0,1,1,4294967295
tileMM_A2,1312,192,0,0,96,96,0,1,1,4294967295
tileMM_A2,1280,192,96,0,32,96,0,1,1,4294967295
tileMM_A2,1248,160,176,96,16,16,0,1,1,4294967295
tileMM_A2,1264,176,176,96,16,16,0,1,1,4294967295
tileMM_A2,1264,160,80,0,16,16,0,1,1,4294967295
tileMM_A2,1280,176,80,0,16,16,0,1,1,4294967295
tileMM_A2,1408,192,32,0,64,96,0,1,1,4294967295
tileMM_A2,1472,192,32,0,96,96,0,1,1,4294967295
tileMM_A2,1568,192,0,0,32,96,0,1,1,4294967295
tileMM_A2,1600,288,160,112,16,16,0,1,1,4294967295
tileMM_A2,1360,288,48,96,32,16,0,1,1,4294967295
tileMM_A2,1424,288,48,96,32,16,0,1,1,4294967295
tileMM_A2,1488,288,48,96,32,16,0,1,1,4294967295
tileMM_A2,1392,288,48,112,32,16,0,1,1,4294967295
tileMM_A2,1456,288,48,112,32,16,0,1,1,4294967295
tileMM_A2,1312,288,0,0,32,16,0,1,1,4294967295
tileMM_A2,1536,288,96,0,32,16,0,1,1,4294967295
tileMM_A2,1584,288,32,80,16,16,0,1,1,4294967295
tileMM_A2,1568,288,0,0,16,16,0,1,1,4294967295
tileMM_A2,1296,288,112,0,16,16,0,1,1,4294967295
tileMM_A2,1344,288,48,112,16,16,0,1,1,4294967295
tileMM_A2,1520,288,48,112,16,16,0,1,1,4294967295
tileMM_A2,1360,128,48,96,32,16,0,1,1,4294967295
tileMM_A2,1360,144,48,96,32,16,0,1,1,4294967295
tileMM_A2,1360,160,48,96,32,16,0,1,1,4294967295
tileMM_A2,1360,176,48,96,32,16,0,1,1,4294967295
tileMM_A2,1424,128,48,96,32,16,0,1,1,4294967295
tileMM_A2,1424,144,48,96,32,16,0,1,1,4294967295
tileMM_A2,1424,160,48,96,32,16,0,1,1,4294967295
tileMM_A2,1424,176,48,96,32,16,0,1,1,4294967295
tileMM_A2,1488,128,48,96,32,16,0,1,1,4294967295
tileMM_A2,1488,144,48,96,32,16,0,1,1,4294967295
tileMM_A2,1488,160,48,96,32,16,0,1,1,4294967295
tileMM_A2,1488,176,48,96,32,16,0,1,1,4294967295
tileMM_A2,1392,128,48,112,32,16,0,1,1,4294967295
tileMM_A2,1392,144,48,112,32,16,0,1,1,4294967295
tileMM_A2,1392,160,48,112,32,16,0,1,1,4294967295
tileMM_A2,1392,176,48,112,32,16,0,1,1,4294967295
tileMM_A2,1456,128,48,112,32,16,0,1,1,4294967295
tileMM_A2,1456,144,48,112,32,16,0,1,1,4294967295
tileMM_A2,1456,160,48,112,32,16,0,1,1,4294967295
tileMM_A2,1456,176,48,112,32,16,0,1,1,4294967295
tileMM_A2,1344,128,48,112,16,16,0,1,1,4294967295
tileMM_A2,1344,144,48,112,16,16,0,1,1,4294967295
tileMM_A2,1344,160,48,112,16,16,0,1,1,4294967295
tileMM_A2,1344,176,48,112,16,16,0,1,1,4294967295
tileMM_A2,1520,176,48,112,16,16,0,1,1,4294967295
tileMM_A2,1520,160,48,112,16,16,0,1,1,4294967295
tileMM_A2,1520,144,48,112,16,16,0,1,1,4294967295
tileMM_A2,1520,128,48,112,16,16,0,1,1,4294967295
tileMM_A2,1312,176,0,0,32,16,0,1,1,4294967295
tileMM_A2,1312,160,0,0,32,16,0,1,1,4294967295
tileMM_A2,1312,144,0,0,32,16,0,1,1,4294967295
tileMM_A2,1312,128,0,0,32,16,0,1,1,4294967295
tileMM_A2,1536,176,96,0,32,16,0,1,1,4294967295
tileMM_A2,1536,160,96,0,32,16,0,1,1,4294967295
tileMM_A2,1536,144,96,0,32,16,0,1,1,4294967295
tileMM_A2,1536,128,96,0,32,16,0,1,1,4294967295
tileMM_A2,1600,176,160,96,16,16,0,1,1,4294967295
tileMM_A2,1616,160,160,96,16,16,0,1,1,4294967295
tileMM_A2,1584,176,32,0,16,16,0,1,1,4294967295
tileMM_A2,1600,160,32,0,16,16,0,1,1,4294967295
tileMM_A2,1616,144,32,0,16,16,0,1,1,4294967295
tileMM_A2,1600,128,80,112,32,16,0,1,1,4294967295
tileMM_A2,1248,128,80,112,48,16,0,1,1,4294967295
tileMM_A2,1568,176,0,0,16,16,0,1,1,4294967295
tileMM_A2,1568,128,0,0,16,16,0,1,1,4294967295
tileMM_A2,1568,144,0,0,16,16,0,1,1,4294967295
tileMM_A2,1568,160,0,0,16,16,0,1,1,4294967295
tileMM_A2,1584,144,48,112,48,16,0,1,1,4294967295
tileMM_A2,1584,128,48,112,16,16,0,1,1,4294967295
tileMM_A2,1584,160,48,112,16,16,0,1,1,4294967295
tileMM_A2,1296,128,112,0,16,16,0,1,1,4294967295
tileMM_A2,1296,144,112,0,16,16,0,1,1,4294967295
tileMM_A2,1296,160,112,0,16,16,0,1,1,4294967295
tileMM_A2,1296,176,112,0,16,16,0,1,1,4294967295
tileMM_A2,1280,160,48,112,16,16,0,1,1,4294967295
tileMM_A2,1264,144,48,112,32,16,0,1,1,4294967295
tileMM_A2,2048,192,176,96,16,16,0,1,1,4294967295
tileMM_A2,2064,208,176,96,16,16,0,1,1,4294967295
tileMM_A2,2080,224,176,96,16,16,0,1,1,4294967295
tileMM_A2,2096,240,176,96,16,16,0,1,1,4294967295
tileMM_A2,2112,256,176,96,16,16,0,1,1,4294967295
tileMM_A2,2128,272,176,96,16,16,0,1,1,4294967295
tileMM_A2,2144,288,176,96,16,16,0,1,1,4294967295
tileMM_A2,2048,176,80,0,16,16,0,1,1,4294967295
tileMM_A2,2064,192,80,0,16,16,0,1,1,4294967295
tileMM_A2,2080,208,80,0,16,16,0,1,1,4294967295
tileMM_A2,2096,224,80,0,16,16,0,1,1,4294967295
tileMM_A2,2112,240,80,0,16,16,0,1,1,4294967295
tileMM_A2,2128,256,80,0,16,16,0,1,1,4294967295
tileMM_A2,2144,272,80,0,16,16,0,1,1,4294967295
tileMM_A2,2160,288,80,0,16,16,0,1,1,4294967295
tileMM_A2,2352,208,160,96,16,16,0,1,1,4294967295
tileMM_A2,2368,192,160,96,16,16,0,1,1,4294967295
tileMM_A2,2384,176,160,96,16,16,0,1,1,4294967295
tileMM_A2,2400,160,160,96,16,16,0,1,1,4294967295
tileMM_A2,2416,144,160,96,16,16,0,1,1,4294967295
tileMM_A2,2432,128,160,96,16,16,0,1,1,4294967295
tileMM_A2,2448,112,160,96,16,16,0,1,1,4294967295
tileMM_A2,2464,96,160,96,16,16,0,1,1,4294967295
tileMM_A2,2480,80,160,96,16,16,0,1,1,4294967295
tileMM_A2,2336,208,32,0,16,16,0,1,1,4294967295
tileMM_A2,2352,192,32,0,16,16,0,1,1,4294967295
tileMM_A2,2368,176,32,0,16,16,0,1,1,4294967295
tileMM_A2,2384,160,32,0,16,16,0,1,1,4294967295
tileMM_A2,2400,144,32,0,16,16,0,1,1,4294967295
tileMM_A2,2416,128,32,0,16,16,0,1,1,4294967295
tileMM_A2,2432,112,32,0,16,16,0,1,1,4294967295
tileMM_A2,2448,96,32,0,16,16,0,1,1,4294967295
tileMM_A2,2464,80,32,0,16,16,0,1,1,4294967295
tileMM_A2,2224,96,48,0,32,96,0,1,1,4294967295
tileMM_A2,2192,96,48,0,32,96,0,1,1,4294967295
tileMM_A2,2160,96,48,0,32,96,0,1,1,4294967295
tileMM_A2,2256,96,48,0,32,96,0,1,1,4294967295
tileMM_A2,2128,80,48,96,32,16,0,1,1,4294967295
tileMM_A2,2160,80,48,96,32,16,0,1,1,4294967295
tileMM_A2,2192,80,48,96,32,16,0,1,1,4294967295
tileMM_A2,2224,80,48,96,32,16,0,1,1,4294967295
tileMM_A2,2256,80,48,96,32,16,0,1,1,4294967295
tileMM_A2,2288,80,48,96,32,16,0,1,1,4294967295
tileMM_A2,2128,192,48,96,32,16,0,1,1,4294967295
tileMM_A2,2160,192,48,96,32,16,0,1,1,4294967295
tileMM_A2,2192,192,48,96,32,16,0,1,1,4294967295
tileMM_A2,2224,192,48,96,32,16,0,1,1,4294967295
tileMM_A2,2256,192,48,96,32,16,0,1,1,4294967295
tileMM_A2,2288,192,48,96,32,16,0,1,1,4294967295
tileMM_A2,2288,96,48,0,80,96,0,1,1,4294967295
tileMM_A2,2080,96,0,0,80,96,0,1,1,4294967295
tileMM_A2,2336,80,96,0,32,16,0,1,1,4294967295
tileMM_A2,2080,80,0,0,32,16,0,1,1,4294967295
tileMM_A2,2112,80,48,112,16,16,0,1,1,4294967295
tileMM_A2,2320,80,48,112,16,16,0,1,1,4294967295
tileMM_A2,2336,192,96,0,16,16,0,1,1,4294967295
tileMM_A2,2080,192,0,0,32,16,0,1,1,4294967295
tileMM_A2,2096,208,16,0,16,16,0,1,1,4294967295
tileMM_A2,2112,192,48,112,16,16,0,1,1,4294967295
tileMM_A2,2320,192,48,112,16,16,0,1,1,4294967295
tileMM_A2,2048,80,112,112,16,16,0,1,1,4294967295
tileMM_A2,2064,176,112,0,16,16,0,1,1,4294967295
tileMM_A2,2064,160,112,0,16,16,0,1,1,4294967295
tileMM_A2,2064,144,112,0,16,16,0,1,1,4294967295
tileMM_A2,2064,128,112,0,16,16,0,1,1,4294967295
tileMM_A2,2064,112,112,0,16,16,0,1,1,4294967295
tileMM_A2,2064,96,112,0,16,16,0,1,1,4294967295
tileMM_A2,2064,80,112,0,16,16,0,1,1,4294967295
tileMM_A2,2048,96,48,112,16,16,0,1,1,4294967295
tileMM_A2,2048,112,48,112,16,16,0,1,1,4294967295
tileMM_A2,2048,128,48,112,16,16,0,1,1,4294967295
tileMM_A2,2048,144,48,112,16,16,0,1,1,4294967295
tileMM_A2,2048,160,48,112,16,16,0,1,1,4294967295
tileMM_A2,2368,160,0,0,16,16,0,1,1,4294967295
tileMM_A2,2368,144,0,0,16,16,0,1,1,4294967295
tileMM_A2,2368,128,0,0,16,16,0,1,1,4294967295
tileMM_A2,2368,112,0,0,16,16,0,1,1,4294967295
tileMM_A2,2368,96,0,0,16,16,0,1,1,4294967295
tileMM_A2,2368,80,0,0,16,16,0,1,1,4294967295
tileMM_A2,2384,80,80,112,48,16,0,1,1,4294967295
tileMM_A2,2432,80,48,112,32,16,0,1,1,4294967295
tileMM_A2,2384,96,48,112,32,16,0,1,1,4294967295
tileMM_A2,2416,96,48,112,32,16,0,1,1,4294967295
tileMM_A2,2384,112,48,112,32,16,0,1,1,4294967295
tileMM_A2,2384,128,48,112,32,16,0,1,1,4294967295
tileMM_A2,2384,144,48,112,16,16,0,1,1,4294967295
tileMM_A2,2416,112,48,112,16,16,0,1,1,4294967295
tileMM_A2,2288,240,128,0,32,64,0,1,1,4294967295
tileMM_A2,2304,224,128,0,16,16,0,1,1,4294967295
tileMM_A2,2320,208,128,0,16,16,0,1,1,4294967295
tileMM_A2,2272,256,128,0,16,16,0,1,1,4294967295
tileMM_A2,2256,272,128,0,16,16,0,1,1,4294967295
tileMM_A2,2240,288,128,0,16,16,0,1,1,4294967295
tileMM_A2,2256,288,48,112,32,16,0,1,1,4294967295
tileMM_A2,2272,272,48,112,16,16,0,1,1,4294967295
tileMM_A2,2192,288,144,0,32,16,0,1,1,4294967295
tileMM_A2,2192,272,112,0,16,16,0,1,1,4294967295
tileMM_A2,2192,256,112,0,16,16,0,1,1,4294967295
tileMM_A2,2192,240,112,0,16,16,0,1,1,4294967295
tileMM_A2,2192,224,112,0,16,16,0,1,1,4294967295
tileMM_A2,2192,208,112,0,16,16,0,1,1,4294967295
tileMM_A2,2208,272,0,0,16,16,0,1,1,4294967295
tileMM_A2,2208,256,0,0,16,16,0,1,1,4294967295
tileMM_A2,2208,240,0,0,16,16,0,1,1,4294967295
tileMM_A2,2208,224,0,0,16,16,0,1,1,4294967295
tileMM_A2,2208,208,0,0,16,16,0,1,1,4294967295
tileMM_A2,2160,208,48,96,32,16,0,1,1,4294967295
tileMM_A2,2128,208,48,96,32,16,0,1,1,4294967295
tileMM_A2,2128,224,48,96,32,16,0,1,1,4294967295
tileMM_A2,2128,240,48,96,32,16,0,1,1,4294967295
tileMM_A2,2160,224,48,96,32,16,0,1,1,4294967295
tileMM_A2,2160,240,48,96,32,16,0,1,1,4294967295
tileMM_A2,2160,256,48,96,32,16,0,1,1,4294967295
tileMM_A2,2160,272,48,96,32,16,0,1,1,4294967295
tileMM_A2,2224,208,48,96,32,16,0,1,1,4294967295
tileMM_A2,2256,208,48,96,32,16,0,1,1,4294967295
tileMM_A2,2288,208,48,96,32,16,0,1,1,4294967295
tileMM_A2,2224,224,48,96,32,16,0,1,1,4294967295
tileMM_A2,2256,224,48,96,32,16,0,1,1,4294967295
tileMM_A2,2224,240,48,96,32,16,0,1,1,4294967295
tileMM_A2,2256,240,48,96,32,16,0,1,1,4294967295
tileMM_A2,2224,256,48,96,32,16,0,1,1,4294967295
tileMM_A2,2224,272,48,96,32,16,0,1,1,4294967295
tileMM_A2,2144,256,48,96,16,16,0,1,1,4294967295
tileMM_A2,2176,288,48,96,16,16,0,1,1,4294967295
tileMM_A2,2224,288,48,96,16,16,0,1,1,4294967295
tileMM_A2,2256,256,48,96,16,16,0,1,1,4294967295
tileMM_A2,2288,224,48,96,16,16,0,1,1,4294967295
tileMM_A2,2112,208,48,112,16,16,0,1,1,4294967295
tileMM_A2,2112,224,48,112,16,16,0,1,1,4294967295
tileMM_A2,3520,80,128,0,64,96,0,1,1,4294967295
tileMM_A2,3504,96,128,0,16,16,0,1,1,4294967295
tileMM_A2,3504,80,176,112,16,16,0,1,1,4294967295
tileMM_A2,3488,112,128,0,16,16,0,1,1,4294967295
tileMM_A2,3584,96,176,0,16,16,0,1,1,4294967295
tileMM_A2,3600,112,176,0,16,16,0,1,1,4294967295
tileMM_A2,3584,144,176,80,16,16,0,1,1,4294967295
tileMM_A2,3600,128,176,80,16,16,0,1,1,4294967295
tileMM_A2,3504,144,128,80,16,16,0,1,1,4294967295
tileMM_A2,3488,128,128,80,16,16,0,1,1,4294967295
tileMM_A2,3504,112,48,112,16,16,0,1,1,4294967295
tileMM_A2,3504,128,48,112,16,16,0,1,1,4294967295
tileMM_A2,3584,112,48,112,16,16,0,1,1,4294967295
tileMM_A2,3584,128,48,112,16,16,0,1,1,4294967295
tileMM_A2,3600,144,160,96,16,16,0,1,1,4294967295
tileMM_A2,3584,160,160,96,16,16,0,1,1,4294967295
tileMM_A2,3616,128,160,96,16,16,0,1,1,4294967295
tileMM_A2,3616,112,160,112,16,16,0,1,1,4294967295
tileMM_A2,3600,96,160,112,16,16,0,1,1,4294967295
tileMM_A2,3584,80,160,112,16,16,0,1,1,4294967295
tileMM_A2,3488,96,176,112,16,16,0,1,1,4294967295
tileMM_A2,3472,112,176,112,16,16,0,1,1,4294967295
tileMM_A2,3472,128,176,96,16,16,0,1,1,4294967295
tileMM_A2,3488,144,176,96,16,16,0,1,1,4294967295
tileMM_A2,3504,160,176,96,16,16,0,1,1,4294967295
tileMM_A2,3632,208,32,128,32,16,0,1,1,4294967295
tileMM_A2,3664,208,32,128,32,16,0,1,1,4294967295
tileMM_A2,3696,208,32,128,32,16,0,1,1,4294967295
tileMM_A2,3632,176,0,128,32,16,0,1,1,4294967295
tileMM_A2,3664,176,0,128,32,16,0,1,1,4294967295
tileMM_A2,3696,176,0,128,32,16,0,1,1,4294967295
tileMM_A2,3728,176,0,128,16,16,0,1,1,4294967295
tileMM_A2,3728,208,32,128,16,16,0,1,1,4294967295
tileMM_A2,3632,192,48,112,32,16,0,1,1,4294967295
tileMM_A2,3664,192,48,112,32,16,0,1,1,4294967295
tileMM_A2,3696,192,48,112,32,16,0,1,1,4294967295
tileMM_A2,3728,192,48,112,16,16,0,1,1,4294967295
tileMM_A2,3744,224,96,0,32,16,0,1,1,4294967295
tileMM_A2,3744,240,96,0,32,16,0,1,1,4294967295
tileMM_A2,3744,256,96,0,32,16,0,1,1,4294967295
tileMM_A2,3744,272,96,0,32,16,0,1,1,4294967295
tileMM_A2,3776,224,0,0,16,16,0,1,1,4294967295
tileMM_A2,3776,240,0,0,16,16,0,1,1,4294967295
tileMM_A2,3776,256,0,0,16,16,0,1,1,4294967295
tileMM_A2,3776,272,0,0,16,16,0,1,1,4294967295
tileMM_A2,3632,224,96,0,32,32,0,1,1,4294967295
tileMM_A2,3712,224,0,0,32,32,0,1,1,4294967295
tileMM_A2,3712,256,0,64,32,32,0,1,1,4294967295
tileMM_A2,3632,256,96,64,32,32,0,1,1,4294967295
tileMM_A2,3664,224,48,96,32,16,0,1,1,4294967295
tileMM_A2,3664,240,48,96,32,16,0,1,1,4294967295
tileMM_A2,3664,256,48,96,32,16,0,1,1,4294967295
tileMM_A2,3664,272,48,96,32,16,0,1,1,4294967295
tileMM_A2,3696,224,48,96,16,16,0,1,1,4294967295
tileMM_A2,3696,240,48,96,16,16,0,1,1,4294967295
tileMM_A2,3696,256,48,96,16,16,0,1,1,4294967295
tileMM_A2,3696,272,48,96,16,16,0,1,1,4294967295
tileMM_A2,3632,80,32,0,48,96,0,1,1,4294967295
tileMM_A2,3680,80,48,0,64,96,0,1,1,4294967295
