tileZeldaForest,0,640,64,32,64,16,0,1,1,4294967295
tileZeldaForest,64,640,64,32,64,16,0,1,1,4294967295
tileZeldaForest,0,656,64,80,64,16,0,1,1,4294967295
tileZeldaForest,64,656,64,80,64,16,0,1,1,4294967295
tileZeldaForest,0,672,0,0,64,32,0,1,1,4294967295
tileZeldaForest,64,672,32,32,32,32,0,1,1,4294967295
tileZeldaForest,96,672,128,32,64,32,0,1,1,4294967295
tileZeldaForest,0,544,32,32,32,32,0,1,1,4294967295
tileZeldaForest,32,512,0,32,32,64,0,1,1,4294967295
tileZeldaForest,0,480,0,32,32,64,0,1,1,4294967295
tileZeldaForest,32,448,0,32,32,64,0,1,1,4294967295
tileZeldaForest,0,416,0,32,32,64,0,1,1,4294967295
tileZeldaForest,32,384,0,32,32,64,0,1,1,4294967295
tileZeldaForest,0,352,0,32,32,64,0,1,1,4294967295
tileZeldaForest,32,320,0,32,32,64,0,1,1,4294967295
tileZeldaForest,0,288,0,32,32,64,0,1,1,4294967295
tileZeldaForest,32,256,0,32,32,64,0,1,1,4294967295
tileZeldaForest,64,320,0,0,64,32,0,1,1,4294967295
tileZeldaForest,192,320,96,0,96,32,0,1,1,4294967295
tileZeldaForest,128,640,32,32,32,32,0,1,1,4294967295
tileZeldaForest,160,640,64,32,48,64,0,1,1,4294967295
tileZeldaForest,208,640,80,32,32,64,0,1,1,4294967295
tileZeldaForest,240,640,80,32,32,64,0,1,1,4294967295
tileZeldaForest,272,640,80,32,48,64,0,1,1,4294967295
tileZeldaForest,320,608,0,96,96,96,0,1,1,4294967295
tileZeldaForest,416,640,64,32,48,64,0,1,1,4294967295
tileZeldaForest,464,640,80,32,32,64,0,1,1,4294967295
tileZeldaForest,496,640,80,32,48,64,0,1,1,4294967295
tileZeldaForest,544,608,0,96,96,96,0,1,1,4294967295
tileZeldaForest,640,640,32,32,32,64,0,1,1,4294967295
tileZeldaForest,672,640,0,32,64,64,0,1,1,4294967295
tileZeldaForest,288,320,0,32,32,64,0,1,1,4294967295
tileZeldaForest,320,320,96,0,96,32,0,1,1,4294967295
tileZeldaForest,416,288,0,32,32,64,0,1,1,4294967295
tileZeldaForest,448,320,0,32,32,64,0,1,1,4294967295
tileZeldaForest,480,288,0,32,32,64,0,1,1,4294967295
tileZeldaForest,448,288,32,32,32,32,0,1,1,4294967295
tileZeldaForest,512,320,0,32,32,64,0,1,1,4294967295
tileZeldaForest,544,288,0,32,32,64,0,1,1,4294967295
tileZeldaForest,576,320,0,32,32,64,0,1,1,4294967295
tileZeldaForest,608,288,0,32,32,64,0,1,1,4294967295
tileZeldaForest,512,288,32,32,32,32,0,1,1,4294967295
tileZeldaForest,576,288,32,32,32,32,0,1,1,4294967295
tileZeldaForest,640,320,0,32,32,64,0,1,1,4294967295
tileZeldaForest,640,288,32,32,32,32,0,1,1,4294967295
tileZeldaForest,672,288,0,32,32,64,0,1,1,4294967295
tileZeldaForest,704,320,96,0,96,32,0,1,1,4294967295
tileZeldaForest,800,320,0,32,32,64,0,1,1,4294967295
tileZeldaForest,832,352,0,32,32,64,0,1,1,4294967295
tileZeldaForest,800,384,0,32,32,64,0,1,1,4294967295
tileZeldaForest,832,416,0,32,32,64,0,1,1,4294967295
tileZeldaForest,864,320,0,32,32,64,0,1,1,4294967295
tileZeldaForest,832,320,32,32,32,32,0,1,1,4294967295
tileZeldaForest,864,384,0,32,32,64,0,1,1,4294967295
tileZeldaForest,800,448,32,32,32,32,0,1,1,4294967295
tileZeldaForest,864,448,32,32,32,32,0,1,1,4294967295
tileZeldaForest,736,608,0,96,96,96,0,1,1,4294967295
tileZeldaForest,64,352,0,32,32,64,0,1,1,4294967295
tileZeldaForest,128,384,0,0,64,32,0,1,1,4294967295
tileZeldaForest,160,352,32,32,32,32,0,1,1,4294967295
tileZeldaForest,112,352,16,0,48,32,0,1,1,4294967295
tileZeldaForest,96,352,32,32,16,32,0,1,1,4294967295
tileZeldaForest,144,320,16,0,32,32,0,1,1,4294967295
tileZeldaForest,176,320,48,32,16,32,0,1,1,4294967295
tileZeldaForest,128,320,32,64,16,32,0,1,1,4294967295
tileZeldaForest,96,384,32,64,32,32,0,1,1,4294967295
tileZeldaForest,128,480,64,32,64,64,0,1,1,4294967295
tileZeldaForest,448,480,64,32,64,64,0,1,1,4294967295
tileZeldaForest,608,432,64,0,32,32,0,1,1,4294967295
tileZeldaForest,640,544,64,0,32,32,0,1,1,4294967295
tileZeldaForest,736,480,64,0,32,32,0,1,1,4294967295
tileZeldaForest,896,640,0,32,32,64,0,1,1,4294967295
tileZeldaForest,832,640,0,32,32,64,0,1,1,4294967295
tileZeldaForest,864,640,32,64,32,32,0,1,1,4294967295
tileZeldaForest,864,672,32,32,32,32,0,1,1,4294967295
tileZeldaForest,1280,128,64,32,32,64,0,1,1,4294967295
tileZeldaForest,1376,128,80,32,32,64,0,1,1,4294967295
tileZeldaForest,1408,128,80,32,32,64,0,1,1,4294967295
tileZeldaForest,1408,0,80,32,32,64,0,1,1,4294967295
tileZeldaForest,1376,0,80,32,32,64,0,1,1,4294967295
tileZeldaForest,1344,0,64,32,32,64,0,1,1,4294967295
tileZeldaForest,1056,416,0,96,64,64,0,1,1,4294967295
tileZeldaForest,1056,480,0,128,64,64,0,1,1,4294967295
tileZeldaForest,1120,416,32,96,64,64,0,1,1,4294967295
tileZeldaForest,1120,480,32,128,64,64,0,1,1,4294967295
tileZeldaForest,928,640,32,32,32,64,0,1,1,4294967295
tileZeldaForest,960,608,0,96,32,96,0,1,1,4294967295
tileZeldaForest,992,608,64,96,32,96,0,1,1,4294967295
tileZeldaForest,1024,640,0,96,80,32,0,1,1,4294967295
tileZeldaForest,1104,640,16,96,64,32,0,1,1,4294967295
tileZeldaForest,1168,640,16,96,64,32,0,1,1,4294967295
tileZeldaForest,1232,640,16,96,80,32,0,1,1,4294967295
tileZeldaForest,1024,672,0,160,80,32,0,1,1,4294967295
tileZeldaForest,1104,672,16,160,64,32,0,1,1,4294967295
tileZeldaForest,1168,672,16,160,64,32,0,1,1,4294967295
tileZeldaForest,1232,672,16,160,80,32,0,1,1,4294967295
tileZeldaForest,1312,576,0,96,96,64,0,1,1,4294967295
tileZeldaForest,1312,640,0,128,96,64,0,1,1,4294967295
tileZeldaForest,1408,640,0,32,32,64,0,1,1,4294967295
tileZeldaForest,1408,576,0,32,32,64,0,1,1,4294967295
tileZeldaForest,1408,512,0,32,32,64,0,1,1,4294967295
tileZeldaForest,1408,448,0,32,32,64,0,1,1,4294967295
tileZeldaForest,1408,384,0,32,32,64,0,1,1,4294967295
tileZeldaForest,960,480,96,0,32,32,0,1,1,4294967295
tileZeldaForest,992,480,160,0,32,32,0,1,1,4294967295
tileZeldaForest,1312,432,64,0,32,32,0,1,1,4294967295
tileZeldaForest,1424,352,48,0,16,32,0,1,1,4294967295
tileZeldaForest,1392,352,16,0,32,32,0,1,1,4294967295
tileZeldaForest,1376,352,32,64,16,32,0,1,1,4294967295
tileZeldaForest,1376,320,128,32,64,32,0,1,1,4294967295
tileZeldaForest,1408,288,160,32,32,16,0,1,1,4294967295
tileZeldaForest,1376,288,160,32,32,16,0,1,1,4294967295
tileZeldaForest,1376,304,144,32,48,16,0,1,1,4294967295
tileZeldaForest,1424,304,176,48,16,16,0,1,1,4294967295
tileZeldaForest,1344,288,32,32,32,32,0,1,1,4294967295
tileZeldaForest,1312,288,32,64,32,32,0,1,1,4294967295
tileZeldaForest,1376,256,0,0,64,32,0,1,1,4294967295
tileZeldaForest,1296,0,80,32,48,64,0,1,1,4294967295
tileZeldaForest,1184,0,64,32,48,64,0,1,1,4294967295
tileZeldaForest,1232,0,80,32,32,64,0,1,1,4294967295
tileZeldaForest,1264,0,80,32,32,64,0,1,1,4294967295
tileZeldaForest,640,0,0,96,32,64,0,1,1,4294967295
tileZeldaForest,672,0,64,96,32,64,0,1,1,4294967295
tileZeldaForest,640,96,0,128,32,64,0,1,1,4294967295
tileZeldaForest,672,96,64,128,32,64,0,1,1,4294967295
tileZeldaForest,640,64,0,128,32,32,0,1,1,4294967295
tileZeldaForest,672,64,64,128,32,32,0,1,1,4294967295
tileZeldaForest,0,224,0,32,32,64,0,1,1,4294967295
tileZeldaForest,32,192,0,32,32,64,0,1,1,4294967295
tileZeldaForest,0,0,32,32,32,32,0,1,1,4294967295
tileZeldaForest,32,0,32,32,32,32,0,1,1,4294967295
tileZeldaForest,64,0,32,32,32,32,0,1,1,4294967295
tileZeldaForest,96,0,32,32,32,32,0,1,1,4294967295
tileZeldaForest,0,32,32,32,32,32,0,1,1,4294967295
tileZeldaForest,32,32,32,32,32,32,0,1,1,4294967295
tileZeldaForest,64,32,32,32,32,32,0,1,1,4294967295
tileZeldaForest,96,32,32,32,32,32,0,1,1,4294967295
tileZeldaForest,0,128,32,32,32,32,0,1,1,4294967295
tileZeldaForest,32,128,32,32,32,32,0,1,1,4294967295
tileZeldaForest,32,160,32,32,32,32,0,1,1,4294967295
tileZeldaForest,0,160,0,32,32,64,0,1,1,4294967295
tileZeldaForest,64,128,32,32,32,32,0,1,1,4294967295
tileZeldaForest,96,128,32,32,32,32,0,1,1,4294967295
tileZeldaForest,64,160,32,32,32,32,0,1,1,4294967295
tileZeldaForest,128,0,32,32,32,32,0,1,1,4294967295
tileZeldaForest,128,32,32,32,32,32,0,1,1,4294967295
tileZeldaForest,160,0,32,32,32,32,0,1,1,4294967295
tileZeldaForest,192,0,32,32,32,32,0,1,1,4294967295
tileZeldaForest,224,0,32,32,32,32,0,1,1,4294967295
tileZeldaForest,256,0,32,32,32,32,0,1,1,4294967295
tileZeldaForest,256,32,32,32,32,32,0,1,1,4294967295
tileZeldaForest,288,0,32,32,32,32,0,1,1,4294967295
tileZeldaForest,288,32,32,32,32,32,0,1,1,4294967295
tileZeldaForest,320,0,32,32,32,32,0,1,1,4294967295
tileZeldaForest,320,32,32,32,32,32,0,1,1,4294967295
tileZeldaForest,416,64,32,32,32,32,0,1,1,4294967295
tileZeldaForest,352,0,32,32,32,32,0,1,1,4294967295
tileZeldaForest,352,32,32,32,32,32,0,1,1,4294967295
tileZeldaForest,352,64,32,32,32,32,0,1,1,4294967295
tileZeldaForest,384,0,32,32,32,32,0,1,1,4294967295
tileZeldaForest,416,0,32,32,32,32,0,1,1,4294967295
tileZeldaForest,448,0,32,32,32,32,0,1,1,4294967295
tileZeldaForest,384,32,32,32,32,32,0,1,1,4294967295
tileZeldaForest,384,64,32,32,32,32,0,1,1,4294967295
tileZeldaForest,416,32,32,32,32,32,0,1,1,4294967295
tileZeldaForest,448,32,32,32,32,32,0,1,1,4294967295
tileZeldaForest,448,64,32,32,32,32,0,1,1,4294967295
tileZeldaForest,480,0,32,32,32,32,0,1,1,4294967295
tileZeldaForest,480,32,32,32,32,32,0,1,1,4294967295
tileZeldaForest,480,64,32,32,32,32,0,1,1,4294967295
tileZeldaForest,448,96,32,32,32,32,0,1,1,4294967295
tileZeldaForest,480,96,32,32,32,32,0,1,1,4294967295
tileZeldaForest,512,96,32,32,32,32,0,1,1,4294967295
tileZeldaForest,512,0,32,32,32,32,0,1,1,4294967295
tileZeldaForest,512,32,32,32,32,32,0,1,1,4294967295
tileZeldaForest,512,64,32,32,32,32,0,1,1,4294967295
tileZeldaForest,544,0,32,32,32,32,0,1,1,4294967295
tileZeldaForest,544,32,32,32,32,32,0,1,1,4294967295
tileZeldaForest,576,0,32,32,32,32,0,1,1,4294967295
tileZeldaForest,576,32,32,32,32,32,0,1,1,4294967295
tileZeldaForest,608,0,32,32,32,32,0,1,1,4294967295
tileZeldaForest,608,32,32,32,32,32,0,1,1,4294967295
tileZeldaForest,160,256,64,0,32,32,0,1,1,4294967295
tileZeldaForest,144,256,128,32,16,32,0,1,1,4294967295
tileZeldaForest,192,256,128,32,16,32,0,1,1,4294967295
tileZeldaForest,288,224,64,32,64,16,0,1,1,4294967295
tileZeldaForest,288,240,64,80,64,16,0,1,1,4294967295
tileZeldaForest,416,224,64,32,16,64,0,1,1,4294967295
tileZeldaForest,432,224,112,32,16,64,0,1,1,4294967295
tileZeldaForest,672,224,64,32,16,64,0,1,1,4294967295
tileZeldaForest,688,224,112,32,16,64,0,1,1,4294967295
tileZeldaForest,768,256,96,0,32,32,0,1,1,4294967295
tileZeldaForest,800,256,160,0,32,32,0,1,1,4294967295
tileZeldaForest,704,0,0,96,64,16,0,1,1,4294967295
tileZeldaForest,704,16,0,176,64,16,0,1,1,4294967295
tileZeldaForest,768,0,32,96,64,16,0,1,1,4294967295
tileZeldaForest,768,16,32,176,64,16,0,1,1,4294967295
tileZeldaForest,832,0,64,32,48,64,0,1,1,4294967295
tileZeldaForest,880,0,80,32,48,64,0,1,1,4294967295
tileZeldaForest,512,256,0,96,96,16,0,1,1,4294967295
tileZeldaForest,512,272,0,176,96,16,0,1,1,4294967295
tileZeldaForest,928,0,0,96,96,16,0,1,1,4294967295
tileZeldaForest,1088,0,0,96,96,16,0,1,1,4294967295
tileZeldaForest,928,16,0,176,96,16,0,1,1,4294967295
tileZeldaForest,1088,16,0,176,96,16,0,1,1,4294967295
tileZeldaForest,1024,0,64,32,64,64,0,1,1,4294967295
tileZeldaForest,864,128,0,96,16,96,0,1,1,4294967295
tileZeldaForest,880,128,80,96,16,96,0,1,1,4294967295
tileZeldaForest,1056,224,80,96,16,96,0,1,1,4294967295
tileZeldaForest,1040,224,0,96,16,96,0,1,1,4294967295
tileZeldaForest,896,320,32,32,16,32,0,1,1,4294967295
tileZeldaForest,912,320,16,0,32,32,0,1,1,4294967295
tileZeldaForest,944,320,48,32,16,32,0,1,1,4294967295
tileZeldaForest,1072,224,64,32,64,16,0,1,1,4294967295
tileZeldaForest,1072,240,64,80,64,16,0,1,1,4294967295
tileZeldaForest,1184,352,64,0,32,32,0,1,1,4294967295
tileZeldaForest,1280,288,64,0,32,32,0,1,1,4294967295
tileZeldaForest,1136,224,64,0,32,32,0,1,1,4294967295
tileZeldaForest,1008,256,64,0,32,32,0,1,1,4294967295
tileZeldaForest,1344,128,80,32,32,64,0,1,1,4294967295
tileZeldaForest,1312,128,80,32,32,64,0,1,1,4294967295
tileZeldaForest,288,128,0,256,64,64,0,1,1,4294967295
tileZeldaForest,224,448,0,256,64,48,0,1,1,4294967295
tileZeldaForest,352,448,0,256,64,48,0,1,1,4294967295
tileZeldaForest,224,528,0,272,64,48,0,1,1,4294967295
tileZeldaForest,352,528,0,272,64,48,0,1,1,4294967295
tileZeldaForest,224,496,0,272,64,32,0,1,1,4294967295
tileZeldaForest,352,496,0,272,64,32,0,1,1,4294967295
tileZeldaForest,1088,560,0,256,64,64,0,1,1,4294967295
tileZeldaForest,816,512,0,256,64,64,0,1,1,4294967295
tileZeldaForest,1072,256,0,256,64,64,0,1,1,4294967295
tileZeldaForest,1024,96,0,256,64,64,0,1,1,4294967295
tileZeldaForest,1408,64,16,192,32,64,0,1,1,4294967295
tileZeldaForest,1344,64,16,192,32,64,0,1,1,4294967295
tileZeldaForest,1312,64,16,192,32,32,0,1,1,4294967295
tileZeldaForest,1312,96,16,208,32,16,0,1,1,4294967295
tileZeldaForest,1312,112,16,208,32,16,0,1,1,4294967295
tileZeldaForest,1376,96,16,208,32,32,0,1,1,4294967295
tileZeldaForest,1376,64,16,192,32,16,0,1,1,4294967295
tileZeldaForest,1376,80,16,224,32,16,0,1,1,4294967295
tileZeldaForest,64,64,0,320,48,32,0,1,1,4294967295
tileZeldaForest,32,64,0,320,32,32,0,1,1,4294967295
tileZeldaForest,0,64,0,320,32,32,0,1,1,4294967295
tileZeldaForest,64,96,0,336,48,16,0,1,1,4294967295
tileZeldaForest,64,112,0,336,48,16,0,1,1,4294967295
tileZeldaForest,0,96,0,336,32,16,0,1,1,4294967295
tileZeldaForest,32,96,0,336,32,16,0,1,1,4294967295
tileZeldaForest,0,112,0,336,32,16,0,1,1,4294967295
tileZeldaForest,32,112,0,336,32,16,0,1,1,4294967295
tileZeldaForest,112,64,48,272,16,32,0,1,1,4294967295
tileZeldaForest,112,96,48,272,16,32,0,1,1,4294967295
tileZeldaForest,480,352,160,224,32,32,0,1,1,4294967295
tileZeldaForest,544,352,160,224,32,32,0,1,1,4294967295
tileZeldaForest,608,352,160,224,32,32,0,1,1,4294967295
tileZeldaForest,64,416,160,224,32,32,0,1,1,4294967295
tileZeldaForest,96,416,160,224,32,32,0,1,1,4294967295
tileZeldaForest,128,416,160,224,32,32,0,1,1,4294967295
tileZeldaForest,160,416,160,224,32,32,0,1,1,4294967295
tileZeldaForest,160,32,160,224,32,32,0,1,1,4294967295
tileZeldaForest,192,32,160,224,32,32,0,1,1,4294967295
tileZeldaForest,224,32,160,224,32,32,0,1,1,4294967295
tileZeldaForest,288,64,160,224,32,32,0,1,1,4294967295
tileZeldaForest,320,64,160,224,32,32,0,1,1,4294967295
tileZeldaForest,928,32,160,224,32,32,0,1,1,4294967295
tileZeldaForest,960,32,160,224,32,32,0,1,1,4294967295
tileZeldaForest,992,32,160,224,32,32,0,1,1,4294967295
tileZeldaForest,1088,32,160,224,32,32,0,1,1,4294967295
tileZeldaForest,1120,32,160,224,32,32,0,1,1,4294967295
tileZeldaForest,1152,32,160,224,32,32,0,1,1,4294967295
tileZeldaForest,1312,192,160,224,32,32,0,1,1,4294967295
tileZeldaForest,1344,192,160,224,32,32,0,1,1,4294967295
tileZeldaForest,1280,192,160,224,32,32,0,1,1,4294967295
tileZeldaForest,704,32,160,224,32,32,0,1,1,4294967295
tileZeldaForest,736,32,160,224,32,32,0,1,1,4294967295
tileZeldaForest,768,32,160,224,32,32,0,1,1,4294967295
tileZeldaForest,800,32,160,224,32,32,0,1,1,4294967295
tileZeldaForest,288,384,64,224,32,32,0,1,1,4294967295
tileZeldaForest,256,64,64,224,32,32,0,1,1,4294967295
tileZeldaForest,416,96,64,192,32,64,0,1,1,4294967295
tileZeldaForest,448,128,64,224,32,32,0,1,1,4294967295
tileZeldaForest,384,96,64,224,32,32,0,1,1,4294967295
tileZeldaForest,544,64,64,224,32,32,0,1,1,4294967295
tileZeldaForest,576,64,64,224,32,32,0,1,1,4294967295
tileZeldaForest,576,96,64,224,32,32,0,1,1,4294967295
tileZeldaForest,704,128,64,224,32,32,0,1,1,4294967295
tileZeldaForest,704,160,64,224,32,32,0,1,1,4294967295
tileZeldaForest,672,160,64,224,32,32,0,1,1,4294967295
tileZeldaForest,896,192,64,224,32,32,0,1,1,4294967295
tileZeldaForest,896,160,64,224,32,32,0,1,1,4294967295
tileZeldaForest,864,224,64,224,32,32,0,1,1,4294967295
tileZeldaForest,896,224,64,224,32,32,0,1,1,4294967295
tileZeldaForest,896,448,64,224,32,32,0,1,1,4294967295
tileZeldaForest,864,480,64,224,32,32,0,1,1,4294967295
tileZeldaForest,896,480,64,224,32,32,0,1,1,4294967295
tileZeldaForest,736,512,64,224,32,32,0,1,1,4294967295
tileZeldaForest,640,608,64,224,32,32,0,1,1,4294967295
tileZeldaForest,448,544,64,224,32,32,0,1,1,4294967295
tileZeldaForest,512,480,64,224,32,32,0,1,1,4294967295
tileZeldaForest,480,448,64,224,32,32,0,1,1,4294967295
tileZeldaForest,128,448,64,224,32,32,0,1,1,4294967295
tileZeldaForest,192,352,64,224,32,32,0,1,1,4294967295
tileZeldaForest,416,352,64,224,32,32,0,1,1,4294967295
tileZeldaForest,672,352,64,224,32,32,0,1,1,4294967295
tileZeldaForest,608,384,64,224,32,32,0,1,1,4294967295
tileZeldaForest,1248,544,64,224,32,32,0,1,1,4294967295
tileZeldaForest,1376,544,64,224,32,32,0,1,1,4294967295
tileZeldaForest,1376,384,64,224,32,32,0,1,1,4294967295
tileZeldaForest,1280,608,64,352,32,32,0,1,1,4294967295
tileZeldaForest,1280,576,32,384,16,32,0,1,1,4294967295
tileZeldaForest,1296,576,144,256,16,32,0,1,1,4294967295
tileZeldaForest,1248,576,80,336,32,16,0,1,1,4294967295
tileZeldaForest,1184,576,48,336,32,16,0,1,1,4294967295
tileZeldaForest,1216,544,48,384,32,32,0,1,1,4294967295
tileZeldaForest,1184,528,160,256,32,48,0,1,1,4294967295
tileZeldaForest,1152,592,128,256,32,32,0,1,1,4294967295
tileZeldaForest,1184,592,32,352,32,32,0,1,1,4294967295
tileZeldaForest,1200,624,96,352,16,16,0,1,1,4294967295
tileZeldaForest,1072,624,64,288,128,16,0,1,1,4294967295
tileZeldaForest,1152,544,128,256,32,48,0,1,1,4294967295
tileZeldaForest,1216,576,160,352,32,64,0,1,1,4294967295
tileZeldaForest,1088,544,0,320,32,16,0,1,1,4294967295
tileZeldaForest,1120,544,0,320,32,16,0,1,1,4294967295
tileZeldaForest,1056,544,160,224,32,80,0,1,1,4294967295
tileZeldaForest,1024,624,64,288,48,16,0,1,1,4294967295
tileZeldaForest,832,624,64,288,48,16,0,1,1,4294967295
tileZeldaForest,880,624,64,288,48,16,0,1,1,4294967295
tileZeldaForest,928,624,64,288,32,16,0,1,1,4294967295
tileZeldaForest,832,608,128,288,64,16,0,1,1,4294967295
tileZeldaForest,896,608,128,288,64,16,0,1,1,4294967295
tileZeldaForest,1024,592,64,224,32,32,0,1,1,4294967295
tileZeldaForest,976,512,16,208,32,48,0,1,1,4294967295
tileZeldaForest,976,560,16,208,32,48,0,1,1,4294967295
tileZeldaForest,1008,512,48,224,16,32,0,1,1,4294967295
tileZeldaForest,1008,544,48,224,16,32,0,1,1,4294967295
tileZeldaForest,1008,576,0,224,16,32,0,1,1,4294967295
tileZeldaForest,960,512,48,192,16,32,0,1,1,4294967295
tileZeldaForest,960,544,48,192,16,32,0,1,1,4294967295
tileZeldaForest,960,576,48,192,16,32,0,1,1,4294967295
tileZeldaForest,1024,544,128,256,32,48,0,1,1,4294967295
tileZeldaForest,1024,496,160,256,32,48,0,1,1,4294967295
tileZeldaForest,1008,448,32,352,32,32,0,1,1,4294967295
tileZeldaForest,1024,480,80,400,16,16,0,1,1,4294967295
tileZeldaForest,1040,480,0,384,16,16,0,1,1,4294967295
tileZeldaForest,1040,456,160,336,16,16,0,1,1,4294967295
tileZeldaForest,1040,448,80,336,16,16,0,1,1,4294967295
tileZeldaForest,992,416,96,224,64,32,0,1,1,4294967295
tileZeldaForest,976,448,160,256,32,32,0,1,1,4294967295
tileZeldaForest,896,512,64,192,32,64,0,1,1,4294967295
tileZeldaForest,880,544,0,192,16,32,0,1,1,4294967295
tileZeldaForest,880,512,0,224,16,32,0,1,1,4294967295
tileZeldaForest,928,512,128,256,32,32,0,1,1,4294967295
tileZeldaForest,928,544,128,256,32,32,0,1,1,4294967295
tileZeldaForest,896,576,128,256,32,32,0,1,1,4294967295
tileZeldaForest,928,576,128,256,32,32,0,1,1,4294967295
tileZeldaForest,928,480,16,224,32,32,0,1,1,4294967295
tileZeldaForest,928,448,16,224,32,32,0,1,1,4294967295
tileZeldaForest,960,448,0,224,16,32,0,1,1,4294967295
tileZeldaForest,960,416,0,224,16,32,0,1,1,4294967295
tileZeldaForest,976,416,0,224,16,32,0,1,1,4294967295
tileZeldaForest,896,384,16,208,32,16,0,1,1,4294967295
tileZeldaForest,896,400,16,208,32,16,0,1,1,4294967295
tileZeldaForest,896,416,16,208,32,16,0,1,1,4294967295
tileZeldaForest,896,432,16,208,32,16,0,1,1,4294967295
tileZeldaForest,896,352,16,192,32,32,0,1,1,4294967295
tileZeldaForest,928,352,64,224,32,32,0,1,1,4294967295
tileZeldaForest,928,384,16,208,32,16,0,1,1,4294967295
tileZeldaForest,928,400,16,224,32,16,0,1,1,4294967295
tileZeldaForest,928,416,16,224,32,16,0,1,1,4294967295
tileZeldaForest,928,432,16,224,32,16,0,1,1,4294967295
tileZeldaForest,1072,384,96,224,64,32,0,1,1,4294967295
tileZeldaForest,864,288,96,224,64,32,0,1,1,4294967295
tileZeldaForest,544,560,32,352,32,32,0,1,1,4294967295
tileZeldaForest,560,592,16,384,16,16,0,1,1,4294967295
tileZeldaForest,544,592,48,384,16,16,0,1,1,4294967295
tileZeldaForest,544,544,80,400,16,16,0,1,1,4294967295
tileZeldaForest,544,528,48,336,32,16,0,1,1,4294967295
tileZeldaForest,512,512,128,256,32,32,0,1,1,4294967295
tileZeldaForest,512,544,160,256,32,32,0,1,1,4294967295
tileZeldaForest,480,544,64,192,32,64,0,1,1,4294967295
tileZeldaForest,512,576,128,256,32,32,0,1,1,4294967295
tileZeldaForest,512,608,128,256,32,32,0,1,1,4294967295
tileZeldaForest,544,496,128,256,32,32,0,1,1,4294967295
tileZeldaForest,576,512,128,256,32,16,0,1,1,4294967295
tileZeldaForest,592,544,80,336,32,16,0,1,1,4294967295
tileZeldaForest,576,528,0,400,16,16,0,1,1,4294967295
tileZeldaForest,592,528,144,272,16,16,0,1,1,4294967295
tileZeldaForest,624,560,0,400,16,16,0,1,1,4294967295
tileZeldaForest,672,544,144,256,32,32,0,1,1,4294967295
tileZeldaForest,624,544,128,256,16,16,0,1,1,4294967295
tileZeldaForest,608,592,80,384,16,16,0,1,1,4294967295
tileZeldaForest,624,576,144,304,16,16,0,1,1,4294967295
tileZeldaForest,624,592,32,368,16,16,0,1,1,4294967295
tileZeldaForest,640,576,128,256,32,32,0,1,1,4294967295
tileZeldaForest,128,544,160,304,32,32,0,1,1,4294967295
tileZeldaForest,160,544,128,256,32,32,0,1,1,4294967295
tileZeldaForest,176,576,144,304,16,16,0,1,1,4294967295
tileZeldaForest,176,592,48,240,16,16,0,1,1,4294967295
tileZeldaForest,160,608,128,256,32,32,0,1,1,4294967295
tileZeldaForest,144,608,0,384,16,32,0,1,1,4294967295
tileZeldaForest,160,592,80,384,16,16,0,1,1,4294967295
tileZeldaForest,96,608,32,352,32,32,0,1,1,4294967295
tileZeldaForest,96,576,0,352,32,32,0,1,1,4294967295
tileZeldaForest,96,544,64,192,32,32,0,1,1,4294967295
tileZeldaForest,0,576,16,192,32,64,0,1,1,4294967295
tileZeldaForest,32,576,16,192,32,64,0,1,1,4294967295
tileZeldaForest,64,544,0,192,16,32,0,1,1,4294967295
tileZeldaForest,64,576,0,192,16,32,0,1,1,4294967295
tileZeldaForest,80,608,0,192,16,32,0,1,1,4294967295
tileZeldaForest,80,576,0,224,16,32,0,1,1,4294967295
tileZeldaForest,64,608,48,224,16,32,0,1,1,4294967295
tileZeldaForest,80,544,48,224,16,32,0,1,1,4294967295
tileZeldaForest,64,448,64,224,32,32,0,1,1,4294967295
tileZeldaForest,64,480,64,224,32,32,0,1,1,4294967295
tileZeldaForest,96,480,64,224,32,32,0,1,1,4294967295
tileZeldaForest,64,512,96,224,64,32,0,1,1,4294967295
tileZeldaForest,96,448,128,256,32,32,0,1,1,4294967295
tileZeldaForest,160,448,128,256,32,32,0,1,1,4294967295
tileZeldaForest,192,480,128,256,32,32,0,1,1,4294967295
tileZeldaForest,192,608,128,256,32,32,0,1,1,4294967295
tileZeldaForest,224,576,128,256,32,32,0,1,1,4294967295
tileZeldaForest,192,544,64,224,32,32,0,1,1,4294967295
tileZeldaForest,192,576,64,224,32,32,0,1,1,4294967295
tileZeldaForest,256,608,64,224,32,32,0,1,1,4294967295
tileZeldaForest,288,544,64,192,32,64,0,1,1,4294967295
tileZeldaForest,288,512,128,256,64,32,0,1,1,4294967295
tileZeldaForest,192,512,160,256,32,32,0,1,1,4294967295
tileZeldaForest,288,608,160,256,32,32,0,1,1,4294967295
tileZeldaForest,256,576,128,288,32,16,0,1,1,4294967295
tileZeldaForest,256,592,160,288,32,16,0,1,1,4294967295
tileZeldaForest,240,608,48,224,16,32,0,1,1,4294967295
tileZeldaForest,224,608,0,192,16,32,0,1,1,4294967295
tileZeldaForest,464,608,64,304,48,32,0,1,1,4294967295
tileZeldaForest,448,624,48,320,16,16,0,1,1,4294967295
tileZeldaForest,672,624,48,320,16,16,0,1,1,4294967295
tileZeldaForest,672,608,16,272,32,16,0,1,1,4294967295
tileZeldaForest,688,624,128,304,16,16,0,1,1,4294967295
tileZeldaForest,704,624,96,320,16,16,0,1,1,4294967295
tileZeldaForest,704,608,16,272,32,16,0,1,1,4294967295
tileZeldaForest,720,624,16,288,16,16,0,1,1,4294967295
tileZeldaForest,672,576,96,224,64,32,0,1,1,4294967295
tileZeldaForest,752,576,64,304,48,32,0,1,1,4294967295
tileZeldaForest,736,592,48,320,16,16,0,1,1,4294967295
tileZeldaForest,736,576,16,272,16,16,0,1,1,4294967295
tileZeldaForest,704,544,128,256,48,32,0,1,1,4294967295
tileZeldaForest,752,544,64,256,32,32,0,1,1,4294967295
tileZeldaForest,784,544,64,256,32,32,0,1,1,4294967295
tileZeldaForest,800,576,64,256,32,32,0,1,1,4294967295
tileZeldaForest,848,576,48,224,16,32,0,1,1,4294967295
tileZeldaForest,832,576,48,224,16,32,0,1,1,4294967295
tileZeldaForest,864,576,48,192,16,32,0,1,1,4294967295
tileZeldaForest,880,576,48,192,16,32,0,1,1,4294967295
tileZeldaForest,384,576,64,352,32,32,0,1,1,4294967295
tileZeldaForest,352,592,80,400,16,16,0,1,1,4294967295
tileZeldaForest,352,576,64,336,16,16,0,1,1,4294967295
tileZeldaForest,320,576,128,256,32,32,0,1,1,4294967295
tileZeldaForest,320,544,64,224,32,32,0,1,1,4294967295
tileZeldaForest,224,352,16,208,32,16,0,1,1,4294967295
tileZeldaForest,224,368,16,208,32,16,0,1,1,4294967295
tileZeldaForest,224,384,16,208,32,32,0,1,1,4294967295
tileZeldaForest,224,416,16,224,32,16,0,1,1,4294967295
tileZeldaForest,224,432,16,224,32,16,0,1,1,4294967295
tileZeldaForest,256,352,48,192,16,32,0,1,1,4294967295
tileZeldaForest,256,384,48,192,16,32,0,1,1,4294967295
tileZeldaForest,256,416,48,192,16,32,0,1,1,4294967295
tileZeldaForest,272,384,0,192,16,64,0,1,1,4294967295
tileZeldaForest,272,352,0,192,16,32,0,1,1,4294967295
tileZeldaForest,192,384,160,256,32,32,0,1,1,4294967295
tileZeldaForest,208,416,48,192,16,32,0,1,1,4294967295
tileZeldaForest,192,416,176,256,16,32,0,1,1,4294967295
tileZeldaForest,192,448,176,256,16,32,0,1,1,4294967295
tileZeldaForest,208,448,176,256,16,32,0,1,1,4294967295
tileZeldaForest,416,544,176,256,16,32,0,1,1,4294967295
tileZeldaForest,416,576,96,224,64,32,0,1,1,4294967295
tileZeldaForest,432,544,48,224,16,32,0,1,1,4294967295
tileZeldaForest,416,608,128,256,32,32,0,1,1,4294967295
tileZeldaForest,448,608,96,304,16,16,0,1,1,4294967295
tileZeldaForest,352,416,96,224,64,32,0,1,1,4294967295
tileZeldaForest,720,384,0,256,64,64,0,1,1,4294967295
tileZeldaForest,784,384,48,224,16,32,0,1,1,4294967295
tileZeldaForest,784,416,176,256,16,32,0,1,1,4294967295
tileZeldaForest,768,448,96,304,32,16,0,1,1,4294967295
tileZeldaForest,736,448,64,304,32,32,0,1,1,4294967295
tileZeldaForest,688,528,48,320,16,16,0,1,1,4294967295
tileZeldaForest,672,512,144,304,16,32,0,1,1,4294967295
tileZeldaForest,656,528,80,400,16,16,0,1,1,4294967295
tileZeldaForest,640,496,32,352,32,32,0,1,1,4294967295
tileZeldaForest,624,528,128,288,32,16,0,1,1,4294967295
tileZeldaForest,608,528,64,304,16,16,0,1,1,4294967295
tileZeldaForest,688,496,128,256,32,32,0,1,1,4294967295
tileZeldaForest,672,496,80,336,16,16,0,1,1,4294967295
tileZeldaForest,640,464,96,224,64,32,0,1,1,4294967295
tileZeldaForest,704,528,128,288,32,16,0,1,1,4294967295
tileZeldaForest,720,464,48,192,16,64,0,1,1,4294967295
tileZeldaForest,512,448,16,192,32,32,0,1,1,4294967295
tileZeldaForest,480,416,96,224,64,32,0,1,1,4294967295
tileZeldaForest,544,464,160,256,32,32,0,1,1,4294967295
tileZeldaForest,416,448,160,256,32,32,0,1,1,4294967295
tileZeldaForest,576,384,160,256,32,32,0,1,1,4294967295
tileZeldaForest,608,480,128,256,32,48,0,1,1,4294967295
tileZeldaForest,576,464,128,256,32,48,0,1,1,4294967295
tileZeldaForest,704,432,0,192,16,64,0,1,1,4294967295
tileZeldaForest,720,448,80,304,16,16,0,1,1,4294967295
tileZeldaForest,704,352,160,256,32,32,0,1,1,4294967295
tileZeldaForest,736,352,96,224,64,32,0,1,1,4294967295
tileZeldaForest,640,384,96,224,64,32,0,1,1,4294967295
tileZeldaForest,704,384,80,304,16,16,0,1,1,4294967295
tileZeldaForest,704,400,176,256,16,32,0,1,1,4294967295
tileZeldaForest,288,480,96,224,64,32,0,1,1,4294967295
tileZeldaForest,768,464,64,224,32,32,0,1,1,4294967295
tileZeldaForest,800,480,128,256,64,32,0,1,1,4294967295
tileZeldaForest,784,512,160,304,32,32,0,1,1,4294967295
tileZeldaForest,768,528,64,336,16,16,0,1,1,4294967295
tileZeldaForest,768,496,176,256,16,32,0,1,1,4294967295
tileZeldaForest,784,496,64,304,16,16,0,1,1,4294967295
tileZeldaForest,576,432,64,224,32,32,0,1,1,4294967295
tileZeldaForest,640,432,64,224,32,32,0,1,1,4294967295
tileZeldaForest,640,416,128,288,64,16,0,1,1,4294967295
tileZeldaForest,672,432,64,192,32,32,0,1,1,4294967295
tileZeldaForest,448,448,64,192,32,32,0,1,1,4294967295
tileZeldaForest,416,480,64,192,32,32,0,1,1,4294967295
tileZeldaForest,352,384,64,192,32,32,0,1,1,4294967295
tileZeldaForest,512,384,64,192,32,32,0,1,1,4294967295
tileZeldaForest,384,352,64,192,32,32,0,1,1,4294967295
tileZeldaForest,288,448,64,192,32,32,0,1,1,4294967295
tileZeldaForest,288,416,160,256,32,32,0,1,1,4294967295
tileZeldaForest,320,416,128,256,32,32,0,1,1,4294967295
tileZeldaForest,320,352,16,240,32,16,0,1,1,4294967295
tileZeldaForest,320,368,16,240,32,16,0,1,1,4294967295
tileZeldaForest,320,384,16,240,32,16,0,1,1,4294967295
tileZeldaForest,320,400,16,240,32,16,0,1,1,4294967295
tileZeldaForest,352,352,16,240,32,16,0,1,1,4294967295
tileZeldaForest,352,368,16,240,32,16,0,1,1,4294967295
tileZeldaForest,448,384,16,192,32,64,0,1,1,4294967295
tileZeldaForest,320,448,16,192,32,32,0,1,1,4294967295
tileZeldaForest,384,384,0,224,16,32,0,1,1,4294967295
tileZeldaForest,400,384,0,224,16,32,0,1,1,4294967295
tileZeldaForest,432,384,48,224,16,32,0,1,1,4294967295
tileZeldaForest,416,384,48,192,16,64,0,1,1,4294967295
tileZeldaForest,432,416,48,192,16,32,0,1,1,4294967295
tileZeldaForest,416,512,64,224,32,32,0,1,1,4294967295
tileZeldaForest,480,384,64,224,32,32,0,1,1,4294967295
tileZeldaForest,544,384,64,224,32,32,0,1,1,4294967295
tileZeldaForest,576,416,96,288,32,16,0,1,1,4294967295
tileZeldaForest,560,416,128,288,16,16,0,1,1,4294967295
tileZeldaForest,544,416,176,256,16,32,0,1,1,4294967295
tileZeldaForest,544,448,96,256,32,16,0,1,1,4294967295
tileZeldaForest,560,432,64,304,16,16,0,1,1,4294967295
tileZeldaForest,1312,224,0,352,32,32,0,1,1,4294967295
tileZeldaForest,1344,224,48,336,32,16,0,1,1,4294967295
tileZeldaForest,1296,256,96,384,32,32,0,1,1,4294967295
tileZeldaForest,1296,224,32,384,16,32,0,1,1,4294967295
tileZeldaForest,1264,224,48,336,32,16,0,1,1,4294967295
tileZeldaForest,1344,256,80,384,16,16,0,1,1,4294967295
tileZeldaForest,1344,272,0,384,16,16,0,1,1,4294967295
tileZeldaForest,1360,272,144,256,16,16,0,1,1,4294967295
tileZeldaForest,1360,240,0,384,16,16,0,1,1,4294967295
tileZeldaForest,1360,256,32,368,16,16,0,1,1,4294967295
tileZeldaForest,1264,304,80,384,16,16,0,1,1,4294967295
tileZeldaForest,1280,320,144,256,16,32,0,1,1,4294967295
tileZeldaForest,1264,320,0,384,16,16,0,1,1,4294967295
tileZeldaForest,1264,336,128,272,16,16,0,1,1,4294967295
tileZeldaForest,1232,224,0,352,32,32,0,1,1,4294967295
tileZeldaForest,1200,240,0,352,32,32,0,1,1,4294967295
tileZeldaForest,1184,272,48,336,32,16,0,1,1,4294967295
tileZeldaForest,1168,288,32,352,32,32,0,1,1,4294967295
tileZeldaForest,1152,320,128,256,32,32,0,1,1,4294967295
tileZeldaForest,1184,336,80,400,16,16,0,1,1,4294967295
tileZeldaForest,1216,352,128,256,32,32,0,1,1,4294967295
tileZeldaForest,1248,352,128,256,32,32,0,1,1,4294967295
tileZeldaForest,1248,336,80,384,16,16,0,1,1,4294967295
tileZeldaForest,1232,256,128,384,16,32,0,1,1,4294967295
tileZeldaForest,368,576,144,384,16,16,0,1,1,4294967295
tileZeldaForest,577,544,144,384,16,16,0,1,1,4294967295
tileZeldaForest,1200,320,0,384,32,16,0,1,1,4294967295
tileZeldaForest,1200,336,128,272,32,16,0,1,1,4294967295
tileZeldaForest,1232,336,80,400,16,16,0,1,1,4294967295
tileZeldaForest,1296,320,96,224,64,32,0,1,1,4294967295
tileZeldaForest,1360,320,48,224,16,32,0,1,1,4294967295
tileZeldaForest,1312,352,16,192,32,32,0,1,1,4294967295
tileZeldaForest,1312,384,16,208,32,16,0,1,1,4294967295
tileZeldaForest,1312,400,16,208,32,32,0,1,1,4294967295
tileZeldaForest,1312,464,16,224,32,16,0,1,1,4294967295
tileZeldaForest,1376,416,64,192,32,64,0,1,1,4294967295
tileZeldaForest,1376,480,64,192,32,32,0,1,1,4294967295
tileZeldaForest,1376,512,64,192,32,32,0,1,1,4294967295
tileZeldaForest,288,288,64,256,128,32,0,1,1,4294967295
tileZeldaForest,64,288,64,256,128,32,0,1,1,4294967295
tileZeldaForest,704,288,64,256,128,32,0,1,1,4294967295
tileZeldaForest,1040,192,64,256,128,32,0,1,1,4294967295
tileZeldaForest,704,224,0,192,64,64,0,1,1,4294967295
tileZeldaForest,704,192,96,224,64,32,0,1,1,4294967295
tileZeldaForest,512,128,16,208,32,16,0,1,1,4294967295
tileZeldaForest,512,144,16,208,32,16,0,1,1,4294967295
tileZeldaForest,512,160,16,208,32,16,0,1,1,4294967295
tileZeldaForest,512,176,16,208,32,32,0,1,1,4294967295
tileZeldaForest,512,208,16,224,32,16,0,1,1,4294967295
tileZeldaForest,512,224,16,224,32,16,0,1,1,4294967295
tileZeldaForest,512,240,16,224,32,16,0,1,1,4294967295
tileZeldaForest,160,160,16,192,32,64,0,1,1,4294967295
tileZeldaForest,160,128,64,224,32,32,0,1,1,4294967295
tileZeldaForest,144,64,0,224,16,32,0,1,1,4294967295
tileZeldaForest,144,96,0,224,16,32,0,1,1,4294967295
tileZeldaForest,144,128,0,224,16,32,0,1,1,4294967295
tileZeldaForest,144,160,0,224,16,32,0,1,1,4294967295
tileZeldaForest,192,96,48,224,16,32,0,1,1,4294967295
tileZeldaForest,192,128,48,224,16,32,0,1,1,4294967295
tileZeldaForest,192,160,48,224,16,32,0,1,1,4294967295
tileZeldaForest,144,192,48,192,16,32,0,1,1,4294967295
tileZeldaForest,144,224,48,192,16,32,0,1,1,4294967295
tileZeldaForest,192,64,0,192,16,32,0,1,1,4294967295
tileZeldaForest,192,192,0,192,16,32,0,1,1,4294967295
tileZeldaForest,192,224,0,192,16,32,0,1,1,4294967295
tileZeldaForest,128,64,160,256,16,32,0,1,1,4294967295
tileZeldaForest,128,128,160,256,16,32,0,1,1,4294967295
tileZeldaForest,128,96,176,256,16,32,0,1,1,4294967295
tileZeldaForest,160,64,64,192,32,64,0,1,1,4294967295
tileZeldaForest,160,224,16,240,32,16,0,1,1,4294967295
tileZeldaForest,160,240,16,240,32,16,0,1,1,4294967295
tileZeldaForest,432,192,0,352,32,32,0,1,1,4294967295
tileZeldaForest,480,224,160,304,32,32,0,1,1,4294967295
tileZeldaForest,464,192,160,304,32,32,0,1,1,4294967295
tileZeldaForest,448,256,32,352,32,32,0,1,1,4294967295
tileZeldaForest,496,272,0,384,16,16,0,1,1,4294967295
tileZeldaForest,448,240,80,400,16,16,0,1,1,4294967295
tileZeldaForest,496,192,176,256,16,32,0,1,1,4294967295
tileZeldaForest,480,128,128,256,32,32,0,1,1,4294967295
tileZeldaForest,384,256,128,256,32,32,0,1,1,4294967295
tileZeldaForest,288,256,16,192,32,32,0,1,1,4294967295
tileZeldaForest,320,256,16,192,32,32,0,1,1,4294967295
tileZeldaForest,288,192,16,192,32,32,0,1,1,4294967295
tileZeldaForest,320,192,16,192,32,16,0,1,1,4294967295
tileZeldaForest,320,208,16,224,32,16,0,1,1,4294967295
tileZeldaForest,544,160,0,256,16,64,0,1,1,4294967295
tileZeldaForest,560,160,48,256,16,64,0,1,1,4294967295
tileZeldaForest,896,112,0,256,64,16,0,1,1,4294967295
tileZeldaForest,928,208,0,256,64,16,0,1,1,4294967295
tileZeldaForest,976,288,0,256,64,16,0,1,1,4294967295
tileZeldaForest,800,240,0,256,64,16,0,1,1,4294967295
tileZeldaForest,736,176,0,256,64,16,0,1,1,4294967295
tileZeldaForest,704,112,0,256,64,16,0,1,1,4294967295
tileZeldaForest,800,64,0,256,64,16,0,1,1,4294967295
tileZeldaForest,1104,176,0,256,64,16,0,1,1,4294967295
tileZeldaForest,976,336,0,256,64,16,0,1,1,4294967295
tileZeldaForest,896,272,0,256,64,16,0,1,1,4294967295
tileZeldaForest,800,160,128,288,64,16,0,1,1,4294967295
tileZeldaForest,768,192,128,288,64,16,0,1,1,4294967295
tileZeldaForest,896,256,128,288,64,16,0,1,1,4294967295
tileZeldaForest,928,304,128,288,64,16,0,1,1,4294967295
tileZeldaForest,192,288,96,224,64,32,0,1,1,4294967295
tileZeldaForest,608,256,96,224,64,32,0,1,1,4294967295
tileZeldaForest,1040,160,96,224,64,32,0,1,1,4294967295
tileZeldaForest,928,176,96,224,64,32,0,1,1,4294967295
tileZeldaForest,736,144,96,224,64,32,0,1,1,4294967295
tileZeldaForest,976,224,96,224,64,32,0,1,1,4294967295
tileZeldaForest,1024,64,96,224,64,32,0,1,1,4294967295
tileZeldaForest,928,80,96,224,64,32,0,1,1,4294967295
tileZeldaForest,864,80,96,224,64,32,0,1,1,4294967295
tileZeldaForest,864,64,64,288,128,16,0,1,1,4294967295
tileZeldaForest,928,160,64,288,112,16,0,1,1,4294967295
tileZeldaForest,736,128,64,288,128,16,0,1,1,4294967295
tileZeldaForest,800,144,64,304,32,16,0,1,1,4294967295
tileZeldaForest,768,80,96,224,96,32,0,1,1,4294967295
tileZeldaForest,704,64,16,192,32,48,0,1,1,4294967295
tileZeldaForest,736,64,16,192,32,16,0,1,1,4294967295
tileZeldaForest,768,64,16,192,32,16,0,1,1,4294967295
tileZeldaForest,736,80,16,224,32,32,0,1,1,4294967295
tileZeldaForest,992,64,16,192,32,64,0,1,1,4294967295
tileZeldaForest,992,128,16,208,32,32,0,1,1,4294967295
tileZeldaForest,832,112,16,192,32,16,0,1,1,4294967295
tileZeldaForest,768,112,16,192,32,16,0,1,1,4294967295
tileZeldaForest,800,112,16,192,32,16,0,1,1,4294967295
tileZeldaForest,896,128,16,192,32,32,0,1,1,4294967295
tileZeldaForest,832,288,112,304,32,32,0,1,1,4294967295
tileZeldaForest,832,256,128,256,64,32,0,1,1,4294967295
tileZeldaForest,928,128,160,256,32,32,0,1,1,4294967295
tileZeldaForest,832,176,64,304,32,16,0,1,1,4294967295
tileZeldaForest,832,192,96,304,32,16,0,1,1,4294967295
tileZeldaForest,800,176,96,304,32,16,0,1,1,4294967295
tileZeldaForest,800,208,128,256,64,32,0,1,1,4294967295
tileZeldaForest,768,208,160,288,32,16,0,1,1,4294967295
tileZeldaForest,768,240,160,288,32,16,0,1,1,4294967295
tileZeldaForest,768,224,128,288,32,16,0,1,1,4294967295
tileZeldaForest,960,112,128,288,32,16,0,1,1,4294967295
tileZeldaForest,960,128,64,224,32,32,0,1,1,4294967295
tileZeldaForest,1008,176,160,256,32,48,0,1,1,4294967295
tileZeldaForest,992,176,0,192,16,32,0,1,1,4294967295
tileZeldaForest,992,208,64,304,16,16,0,1,1,4294967295
tileZeldaForest,960,256,64,224,32,32,0,1,1,4294967295
tileZeldaForest,944,224,64,224,32,32,0,1,1,4294967295
tileZeldaForest,928,224,176,256,16,32,0,1,1,4294967295
tileZeldaForest,928,288,128,288,48,16,0,1,1,4294967295
tileZeldaForest,992,256,48,224,16,32,0,1,1,4294967295
tileZeldaForest,992,320,128,288,64,16,0,1,1,4294967295
tileZeldaForest,1008,304,128,288,32,16,0,1,1,4294967295
tileZeldaForest,960,320,128,288,32,16,0,1,1,4294967295
tileZeldaForest,992,304,64,304,16,16,0,1,1,4294967295
tileZeldaForest,640,192,0,256,64,16,0,1,1,4294967295
tileZeldaForest,672,208,128,288,32,16,0,1,1,4294967295
tileZeldaForest,640,224,160,256,32,32,0,1,1,4294967295
tileZeldaForest,624,224,0,192,16,32,0,1,1,4294967295
tileZeldaForest,640,160,160,224,32,32,0,1,1,4294967295
tileZeldaForest,608,64,160,224,32,32,0,1,1,4294967295
tileZeldaForest,544,128,96,224,64,32,0,1,1,4294967295
tileZeldaForest,352,192,96,224,64,32,0,1,1,4294967295
tileZeldaForest,64,192,96,224,64,32,0,1,1,4294967295
tileZeldaForest,80,256,96,224,64,32,0,1,1,4294967295
tileZeldaForest,1216,192,96,224,64,32,0,1,1,4294967295
tileZeldaForest,1216,160,96,224,64,32,0,1,1,4294967295
tileZeldaForest,1184,128,96,224,64,32,0,1,1,4294967295
tileZeldaForest,1184,96,96,224,64,32,0,1,1,4294967295
tileZeldaForest,1184,64,96,224,64,32,0,1,1,4294967295
tileZeldaForest,1072,320,96,224,64,32,0,1,1,4294967295
tileZeldaForest,1072,352,96,224,64,32,0,1,1,4294967295
tileZeldaForest,1216,448,96,224,64,32,0,1,1,4294967295
tileZeldaForest,1216,416,96,224,64,32,0,1,1,4294967295
tileZeldaForest,1216,384,96,224,64,32,0,1,1,4294967295
tileZeldaForest,208,96,96,224,64,32,0,1,1,4294967295
tileZeldaForest,208,128,96,224,64,32,0,1,1,4294967295
tileZeldaForest,208,160,96,224,64,32,0,1,1,4294967295
tileZeldaForest,208,192,96,224,64,32,0,1,1,4294967295
tileZeldaForest,208,224,96,224,64,32,0,1,1,4294967295
tileZeldaForest,208,256,96,224,64,32,0,1,1,4294967295
tileZeldaForest,256,288,64,224,32,32,0,1,1,4294967295
tileZeldaForest,272,224,48,192,16,64,0,1,1,4294967295
tileZeldaForest,272,96,48,192,16,64,0,1,1,4294967295
tileZeldaForest,272,160,0,192,16,64,0,1,1,4294967295
tileZeldaForest,208,64,128,256,48,32,0,1,1,4294967295
tileZeldaForest,96,160,96,224,32,32,0,1,1,4294967295
tileZeldaForest,64,224,96,224,32,32,0,1,1,4294967295
tileZeldaForest,128,160,144,224,16,32,0,1,1,4294967295
tileZeldaForest,96,224,144,224,16,32,0,1,1,4294967295
tileZeldaForest,112,224,64,224,32,32,0,1,1,4294967295
tileZeldaForest,128,192,0,192,16,32,0,1,1,4294967295
tileZeldaForest,64,256,0,192,16,32,0,1,1,4294967295
tileZeldaForest,352,224,128,256,32,32,0,1,1,4294967295
tileZeldaForest,288,96,128,256,32,32,0,1,1,4294967295
tileZeldaForest,352,128,128,256,32,32,0,1,1,4294967295
tileZeldaForest,384,160,128,256,32,32,0,1,1,4294967295
tileZeldaForest,544,96,128,256,32,32,0,1,1,4294967295
tileZeldaForest,608,160,128,256,32,32,0,1,1,4294967295
tileZeldaForest,576,192,128,256,32,32,0,1,1,4294967295
tileZeldaForest,1280,352,128,256,32,32,0,1,1,4294967295
tileZeldaForest,1280,384,128,256,32,32,0,1,1,4294967295
tileZeldaForest,1344,448,128,256,32,32,0,1,1,4294967295
tileZeldaForest,1344,480,128,256,32,32,0,1,1,4294967295
tileZeldaForest,1312,480,128,256,32,32,0,1,1,4294967295
tileZeldaForest,1088,64,128,256,32,32,0,1,1,4294967295
tileZeldaForest,1120,64,128,256,32,32,0,1,1,4294967295
tileZeldaForest,1152,64,128,256,32,32,0,1,1,4294967295
tileZeldaForest,1248,64,128,256,32,32,0,1,1,4294967295
tileZeldaForest,1248,96,128,256,32,32,0,1,1,4294967295
tileZeldaForest,1280,64,128,256,32,32,0,1,1,4294967295
tileZeldaForest,1280,96,128,256,32,32,0,1,1,4294967295
tileZeldaForest,1152,96,128,256,32,32,0,1,1,4294967295
tileZeldaForest,1152,128,128,256,32,32,0,1,1,4294967295
tileZeldaForest,1184,160,128,256,32,32,0,1,1,4294967295
tileZeldaForest,1152,352,128,256,32,32,0,1,1,4294967295
tileZeldaForest,1184,384,128,256,32,32,0,1,1,4294967295
tileZeldaForest,1280,544,128,256,32,32,0,1,1,4294967295
tileZeldaForest,1040,384,128,256,32,32,0,1,1,4294967295
tileZeldaForest,960,352,128,256,32,32,0,1,1,4294967295
tileZeldaForest,960,384,128,256,32,32,0,1,1,4294967295
tileZeldaForest,992,352,160,224,32,32,0,1,1,4294967295
tileZeldaForest,992,384,64,304,32,32,0,1,1,4294967295
tileZeldaForest,1152,384,64,304,32,32,0,1,1,4294967295
tileZeldaForest,1344,528,64,304,32,32,0,1,1,4294967295
tileZeldaForest,1344,416,64,304,32,32,0,1,1,4294967295
tileZeldaForest,1104,144,64,304,32,32,0,1,1,4294967295
tileZeldaForest,608,128,64,304,32,32,0,1,1,4294967295
tileZeldaForest,576,224,64,304,32,32,0,1,1,4294967295
tileZeldaForest,352,256,64,304,32,32,0,1,1,4294967295
tileZeldaForest,320,96,64,304,32,32,0,1,1,4294967295
tileZeldaForest,352,96,0,192,16,32,0,1,1,4294967295
tileZeldaForest,416,192,0,192,16,32,0,1,1,4294967295
tileZeldaForest,560,224,0,192,16,32,0,1,1,4294967295
tileZeldaForest,368,96,48,192,16,32,0,1,1,4294967295
tileZeldaForest,496,160,48,192,16,32,0,1,1,4294967295
tileZeldaForest,384,128,48,192,16,32,0,1,1,4294967295
tileZeldaForest,608,96,48,192,16,32,0,1,1,4294967295
tileZeldaForest,368,160,48,224,16,32,0,1,1,4294967295
tileZeldaForest,624,96,48,224,16,32,0,1,1,4294967295
tileZeldaForest,544,224,48,224,16,32,0,1,1,4294967295
tileZeldaForest,400,128,48,224,16,32,0,1,1,4294967295
tileZeldaForest,352,160,0,224,16,32,0,1,1,4294967295
tileZeldaForest,608,224,0,224,16,32,0,1,1,4294967295
tileZeldaForest,592,160,0,224,16,32,0,1,1,4294967295
tileZeldaForest,608,208,128,288,64,16,0,1,1,4294967295
tileZeldaForest,576,160,176,256,16,32,0,1,1,4294967295
tileZeldaForest,416,160,176,256,16,32,0,1,1,4294967295
tileZeldaForest,464,160,176,256,16,32,0,1,1,4294967295
tileZeldaForest,384,224,176,256,16,32,0,1,1,4294967295
tileZeldaForest,480,160,176,256,16,32,0,1,1,4294967295
tileZeldaForest,432,160,176,256,16,32,0,1,1,4294967295
tileZeldaForest,448,160,48,224,16,32,0,1,1,4294967295
tileZeldaForest,400,224,48,224,16,32,0,1,1,4294967295
tileZeldaForest,608,192,64,304,32,16,0,1,1,4294967295
tileZeldaForest,1344,352,64,192,32,64,0,1,1,4294967295
tileZeldaForest,1280,448,128,256,32,32,0,1,1,4294967295
tileZeldaForest,1184,448,128,256,32,32,0,1,1,4294967295
tileZeldaForest,1184,480,128,256,32,48,0,1,1,4294967295
tileZeldaForest,1184,416,64,224,32,32,0,1,1,4294967295
tileZeldaForest,1136,384,48,192,16,32,0,1,1,4294967295
tileZeldaForest,1136,352,48,224,16,32,0,1,1,4294967295
tileZeldaForest,1136,112,0,272,16,32,0,1,1,4294967295
tileZeldaForest,1136,144,0,272,16,32,0,1,1,4294967295
tileZeldaForest,1024,352,0,272,16,32,0,1,1,4294967295
tileZeldaForest,1024,384,0,272,16,32,0,1,1,4294967295
tileZeldaForest,960,336,64,304,16,16,0,1,1,4294967295
tileZeldaForest,1088,96,0,256,64,16,0,1,1,4294967295
tileZeldaForest,1088,128,48,224,16,32,0,1,1,4294967295
tileZeldaForest,1104,112,48,224,16,32,0,1,1,4294967295
tileZeldaForest,1120,112,48,192,16,32,0,1,1,4294967295
tileZeldaForest,1088,112,128,304,16,16,0,1,1,4294967295
tileZeldaForest,1328,528,128,304,16,16,0,1,1,4294967295
tileZeldaForest,1328,512,48,320,16,16,0,1,1,4294967295
tileZeldaForest,1280,416,64,304,32,16,0,1,1,4294967295
tileZeldaForest,1040,336,64,304,32,16,0,1,1,4294967295
tileZeldaForest,1152,160,64,304,32,16,0,1,1,4294967295
tileZeldaForest,1136,288,160,256,32,32,0,1,1,4294967295
tileZeldaForest,1040,352,160,256,32,32,0,1,1,4294967295
tileZeldaForest,1280,512,160,256,32,32,0,1,1,4294967295
tileZeldaForest,1280,480,64,224,32,32,0,1,1,4294967295
tileZeldaForest,1136,256,64,224,32,32,0,1,1,4294967295
tileZeldaForest,1184,192,64,224,32,32,0,1,1,4294967295
tileZeldaForest,1168,176,0,192,16,64,0,1,1,4294967295
tileZeldaForest,1184,240,48,224,16,32,0,1,1,4294967295
tileZeldaForest,1168,256,48,224,16,32,0,1,1,4294967295
tileZeldaForest,1136,320,48,192,16,32,0,1,1,4294967295
tileZeldaForest,1312,512,48,192,16,32,0,1,1,4294967295
tileZeldaForest,1280,432,128,288,32,16,0,1,1,4294967295
tileZeldaForest,1200,224,128,288,32,16,0,1,1,4294967295
tileZeldaForest,1184,224,64,304,16,16,0,1,1,4294967295
tileZeldaForest,1168,240,64,304,16,16,0,1,1,4294967295
tileZeldaForest,1056,320,64,304,16,16,0,1,1,4294967295
tileZeldaForest,1248,128,64,192,32,32,0,1,1,4294967295
tileZeldaForest,1216,480,0,256,64,16,0,1,1,4294967295
tileZeldaForest,1216,496,32,32,32,32,0,1,1,4294967295
tileZeldaForest,1248,496,64,0,32,32,0,1,1,4294967295
tileZeldaForest,1216,528,160,288,32,16,0,1,1,4294967295
tileZeldaForest,1248,528,128,288,32,16,0,1,1,4294967295
tileZeldaForest,1344,560,160,32,32,16,0,1,1,4294967295
tileZeldaForest,1312,544,64,224,32,32,0,1,1,4294967295
tileZeldaForest,1344,512,128,288,32,16,0,1,1,4294967295
tileZeldaForest,608,416,160,288,32,16,0,1,1,4294967295
tileZeldaForest,608,464,64,304,32,16,0,1,1,4294967295
tileZeldaForest,864,112,160,288,32,16,0,1,1,4294967295
tileZeldaForest,832,144,128,288,32,16,0,1,1,4294967295
tileZeldaForest,1408,192,0,32,32,64,0,1,1,4294967295
tileZeldaForest,1376,192,160,224,32,32,0,1,1,4294967295
tileZeldaForest,1376,224,64,224,32,32,0,1,1,4294967295
