oExit,4912,288,00128F8E,0,1,1,4294967295,0,1
oChaosTruck,3808,256,000A3E52,0,1,1,4294967295,0,0
oChaosTruck,1600,256,00322390,0,1,1,4294967295,0,0
oChaosTruck,1472,256,003F2493,0,1,1,4294967295,0,0
oChaosTruck,1264,256,0022F774,0,1,1,4294967295,0,0
oChaosTruck,1056,256,002859D4,0,1,1,4294967295,0,0
oChaosTruck,176,256,00131836,0,1,1,4294967295,0,0
oChaosTruck,512,128,0020F34A,0,1,1,4294967295,0,0
oChaosTruck,320,144,001131CE,0,1,1,4294967295,0,0
oExit,0,288,0015C928,0,1,1,4294967295,0,1
oExit,4624,288,003F7FBD,0,1,1,4294967295,0,1
oMoneyChest,1296,64,003EBBD7,0,1,1,4294967295,0,1
oZeldaBreakPot,2616,160,0013A7B6,0,1,1,4294967295,0,0
oZeldaBreakPot,1976,304,0020EDCD,0,1,1,4294967295,0,0
oZakoCannonfodder,4256,224,0028C99B,0,1,1,4294967295,0,0
oZakoCannonfodder,4256,160,001D8958,0,1,1,4294967295,0,0
oZakoCannonfodder,3872,256,002EBF4D,0,1,1,4294967295,0,0
oZakoCannonfodder,3424,128,0019E482,0,1,1,4294967295,0,0
oZakoCannonfodder,3488,320,00351E82,0,1,1,4294967295,0,0
oZakoCannonfodder,2976,256,000ED47A,0,1,1,4294967295,0,0
oZakoCannonfodder,2656,176,000E6BE3,0,1,1,4294967295,0,0
oZakoCannonfodder,2512,160,0040355A,0,1,1,4294967295,0,0
oZakoCannonfodder,2112,256,0038EFF0,0,1,1,4294967295,0,0
oZakoCannonfodder,1552,64,0023A699,0,1,1,4294967295,0,0
oZakoCannonfodder,1248,64,0008D96E,0,1,1,4294967295,0,0
oZakoCannonfodder,1328,256,00355E35,0,1,1,4294967295,0,0
oZakoSoldier,3312,128,00163CD2,0,1,1,4294967295,0,0
oZakoSoldier,4144,224,00115A67,0,1,1,4294967295,0,0
oZakoSoldier,3664,288,00119BBC,0,1,1,4294967295,0,0
oZakoSoldier,2880,224,002FF045,0,1,1,4294967295,0,0
oZakoSoldier,2624,320,0011D398,0,1,1,4294967295,0,0
oZakoSoldier,1792,256,00271CAF,0,1,1,4294967295,0,0
oZakoSoldier,1536,256,003C6B49,0,1,1,4294967295,0,0
oZakoBomber,3824,288,003185BA,0,1,1,4294967295,0,0
oZakoBomber,3312,320,00009A34,0,1,1,4294967295,0,0
oZakoBomber,2384,160,003FBE07,0,1,1,4294967295,0,0
oZakoBomber,1920,288,00378B35,0,1,1,4294967295,0,0
oZakoBomber,1168,320,0019BDF0,0,1,1,4294967295,0,0
oZakoBomber,1072,288,0002E202,0,1,1,4294967295,0,0
oJunkyardCar,3152,320,0032BFE5,0,1,1,4294967295,0,0
oZakoBomber,544,160,003B9FC9,0,1,1,4294967295,0,0
oZakoBomber,592,320,003CDC66,0,1,1,4294967295,0,0
oZakoSoldier,368,320,000DB66E,0,1,1,4294967295,0,0
oZakoSoldier,352,176,0011B815,0,1,1,4294967295,0,0
oZakoCannonfodder,832,288,00327B47,0,1,1,4294967295,0,0
oZakoCannonfodder,592,128,00173161,0,1,1,4294967295,0,0
oZakoCannonfodder,704,256,0010E59B,0,1,1,4294967295,0,0
oPlayer1,4880,320,001C4558,0,1,1,4294967295,0,0
oInvCollPH,4624,320,00281BF9,0,1,1,4294967295,0,0
oInvCollPH,4480,304,0007DDF6,0,1,1,4294967295,0,0
oInvCollPH,4496,256,0009E3F3,0,1,1,4294967295,0,0
oInvCollPH,4480,288,0021329C,0,1,1,4294967295,0,0
oInvCollPH,4496,272,00095D79,0,1,1,4294967295,0,0
oInvCollPH,4640,320,0024F1EE,0,1,1,4294967295,0,0
oInvCollPH,4656,320,001929BB,0,1,1,4294967295,0,0
oInvCollPH,4672,320,00179EE9,0,1,1,4294967295,0,0
oInvCollPH,4688,320,0028EFC5,0,1,1,4294967295,0,0
oInvCollPH,4704,320,00346B7C,0,1,1,4294967295,0,0
oInvCollPH,4720,320,0022DE54,0,1,1,4294967295,0,0
oInvCollPH,4736,320,003E6C8C,0,1,1,4294967295,0,0
oInvCollPH,4752,320,001D9657,0,1,1,4294967295,0,0
oInvCollPH,4768,320,00313D30,0,1,1,4294967295,0,0
oInvCollPH,4784,320,00201F10,0,1,1,4294967295,0,0
oInvCollPH,4448,320,003E6F48,0,1,1,4294967295,0,0
oInvCollPH,4464,320,001F0435,0,1,1,4294967295,0,0
oInvCollPH,4544,320,002FE264,0,1,1,4294967295,0,0
oInvCollPH,4560,320,0022821A,0,1,1,4294967295,0,0
oInvCollPH,4576,320,0039152F,0,1,1,4294967295,0,0
oInvCollPH,4592,320,00345947,0,1,1,4294967295,0,0
oInvCollPH,4608,320,002724A6,0,1,1,4294967295,0,0
oInvCollPH,4480,272,000CD603,0,1,1,4294967295,0,0
oInvCollPH,4496,288,0020F6EA,0,1,1,4294967295,0,0
oInvCollPH,4496,304,001E813B,0,1,1,4294967295,0,0
oInvCollPH,4352,288,0020A4D6,0,1,1,4294967295,0,0
oInvCollPH,4368,288,00114D75,0,1,1,4294967295,0,0
oInvCollPH,4384,288,002A7049,0,1,1,4294967295,0,0
oInvCollPH,4400,288,0035B188,0,1,1,4294967295,0,0
oInvCollPH,4416,288,00236638,0,1,1,4294967295,0,0
oInvCollPH,4432,288,0011FC50,0,1,1,4294967295,0,0
oInvCollPH,4432,304,002CDA2F,0,1,1,4294967295,0,0
oInvCollPH,3984,288,003DB22C,0,1,1,4294967295,0,0
oInvCollPH,4000,288,003BCA5E,0,1,1,4294967295,0,0
oInvCollPH,4016,288,00151851,0,1,1,4294967295,0,0
oInvCollPH,4032,288,0021D38C,0,1,1,4294967295,0,0
oInvCollPH,4048,288,000C3E3B,0,1,1,4294967295,0,0
oInvCollPH,3968,304,00135FF4,0,1,1,4294967295,0,0
oInvCollPH,4144,224,000A0651,0,1,1,4294967295,0,0
oInvCollPH,4160,224,003BE595,0,1,1,4294967295,0,0
oInvCollPH,4176,224,00266A66,0,1,1,4294967295,0,0
oInvCollPH,4192,224,001DC54E,0,1,1,4294967295,0,0
oInvCollPH,4208,224,002FAB63,0,1,1,4294967295,0,0
oInvCollPH,4224,224,001F004A,0,1,1,4294967295,0,0
oInvCollPH,4240,224,00098240,0,1,1,4294967295,0,0
oInvCollPH,4256,224,0028F153,0,1,1,4294967295,0,0
oInvCollPH,4272,224,001901FE,0,1,1,4294967295,0,0
oInvCollPH,3648,304,002D1C8F,0,1,1,4294967295,0,0
oInvCollPH,3664,288,00395BFF,0,1,1,4294967295,0,0
oInvCollPH,3680,288,00217F8B,0,1,1,4294967295,0,0
oInvCollPH,3696,288,00006FB8,0,1,1,4294967295,0,0
oInvCollPH,3712,288,000CD220,0,1,1,4294967295,0,0
oInvCollPH,3728,288,00210C63,0,1,1,4294967295,0,0
oInvCollPH,3744,288,002FB2EE,0,1,1,4294967295,0,0
oInvCollPH,3760,288,00396337,0,1,1,4294967295,0,0
oInvCollPH,3760,304,00297120,0,1,1,4294967295,0,0
oInvCollPH,3776,320,0017148A,0,1,1,4294967295,0,0
oInvCollPH,3792,320,00317C94,0,1,1,4294967295,0,0
oInvCollPH,3904,320,002668CD,0,1,1,4294967295,0,0
oInvCollPH,3920,320,002FF491,0,1,1,4294967295,0,0
oInvCollPH,3936,320,0016F079,0,1,1,4294967295,0,0
oInvCollPH,3952,320,002723DE,0,1,1,4294967295,0,0
oInvCollPH,3808,320,0014D740,0,1,1,4294967295,0,0
oInvCollPH,3824,320,002CA28B,0,1,1,4294967295,0,0
oInvCollPH,3840,320,0016A2CC,0,1,1,4294967295,0,0
oInvCollPH,3856,320,0007CB33,0,1,1,4294967295,0,0
oInvCollPH,3872,320,00366109,0,1,1,4294967295,0,0
oInvCollPH,3888,320,00206F77,0,1,1,4294967295,0,0
oInvCollPH,3632,320,001AD329,0,1,1,4294967295,0,0
oInvCollPH,3616,320,002377C1,0,1,1,4294967295,0,0
oInvCollPH,3600,320,002C8AB0,0,1,1,4294967295,0,0
oInvCollPH,3584,320,000437F8,0,1,1,4294967295,0,0
oInvCollPH,3568,320,00081A6F,0,1,1,4294967295,0,0
oInvCollPH,3552,320,003EB867,0,1,1,4294967295,0,0
oInvCollPH,3536,320,0001A189,0,1,1,4294967295,0,0
oInvCollPH,3520,320,00368AB4,0,1,1,4294967295,0,0
oInvCollPH,3504,320,003BE6D1,0,1,1,4294967295,0,0
oInvCollPH,3488,320,003A03F5,0,1,1,4294967295,0,0
oInvCollPH,3472,320,00167F7D,0,1,1,4294967295,0,0
oInvCollPH,3456,320,003C1FB2,0,1,1,4294967295,0,0
oInvCollPH,3440,320,002F7592,0,1,1,4294967295,0,0
oInvCollPH,3424,320,00042505,0,1,1,4294967295,0,0
oInvCollPH,3408,320,0009B8DE,0,1,1,4294967295,0,0
oInvCollPH,3392,320,00276C5B,0,1,1,4294967295,0,0
oInvCollPH,3376,320,00039B6F,0,1,1,4294967295,0,0
oInvCollPH,3360,320,00090086,0,1,1,4294967295,0,0
oInvCollPH,3216,320,000C8FA2,0,1,1,4294967295,0,0
oInvCollPH,3232,320,0015641B,0,1,1,4294967295,0,0
oInvCollPH,3248,320,003F1A61,0,1,1,4294967295,0,0
oInvCollPH,3264,320,002585C7,0,1,1,4294967295,0,0
oInvCollPH,3280,320,00179799,0,1,1,4294967295,0,0
oInvCollPH,3296,320,00150018,0,1,1,4294967295,0,0
oInvCollPH,3312,320,001EEF2A,0,1,1,4294967295,0,0
oInvCollPH,3184,320,003F4286,0,1,1,4294967295,0,0
oInvCollPH,3200,320,00096FB0,0,1,1,4294967295,0,0
oInvCollPH,3552,240,001C25D0,0,1,1,4294967295,0,0
oInvCollPH,3568,224,002DF475,0,1,1,4294967295,0,0
oInvCollPH,3568,240,0027FE40,0,1,1,4294967295,0,0
oInvCollPH,3168,208,0005D2F7,0,1,1,4294967295,0,0
oInvCollPH,3184,208,003D25C3,0,1,1,4294967295,0,0
oInvCollPH,3264,128,0018C59E,0,1,1,4294967295,0,0
oInvCollPH,3280,128,0009BDAF,0,1,1,4294967295,0,0
oInvCollPH,3296,128,003B0E59,0,1,1,4294967295,0,0
oInvCollPH,3312,128,001EB6C1,0,1,1,4294967295,0,0
oInvCollPH,3328,128,00162FB4,0,1,1,4294967295,0,0
oInvCollPH,3344,128,0024D438,0,1,1,4294967295,0,0
oInvCollPH,3360,128,0004D0EB,0,1,1,4294967295,0,0
oInvCollPH,3376,128,000C0857,0,1,1,4294967295,0,0
oInvCollPH,3392,128,003CE282,0,1,1,4294967295,0,0
oInvCollPH,3408,128,003B695F,0,1,1,4294967295,0,0
oInvCollPH,3424,128,00379209,0,1,1,4294967295,0,0
oInvCollPH,3440,128,003C27ED,0,1,1,4294967295,0,0
oInvCollPH,3456,128,00381B90,0,1,1,4294967295,0,0
oInvCollPH,3264,144,001708B4,0,1,1,4294967295,0,0
oInvCollPH,3280,144,0022218D,0,1,1,4294967295,0,0
oInvCollPH,3296,144,00059FDA,0,1,1,4294967295,0,0
oInvCollPH,3312,144,001B20FD,0,1,1,4294967295,0,0
oInvCollPH,3328,144,002217FA,0,1,1,4294967295,0,0
oInvCollPH,3344,144,00389879,0,1,1,4294967295,0,0
oInvCollPH,3360,144,0004B001,0,1,1,4294967295,0,0
oInvCollPH,3376,144,002017CE,0,1,1,4294967295,0,0
oInvCollPH,3392,144,001E0251,0,1,1,4294967295,0,0
oInvCollPH,3408,144,001424B8,0,1,1,4294967295,0,0
oInvCollPH,3424,144,003F5E0D,0,1,1,4294967295,0,0
oInvCollPH,3440,144,00322F8D,0,1,1,4294967295,0,0
oInvCollPH,3328,304,0015B1A0,0,1,1,4294967295,0,0
oInvCollPH,3344,288,0017F58E,0,1,1,4294967295,0,0
oInvCollPH,3344,304,0030F541,0,1,1,4294967295,0,0
oInvCollPH,1728,272,00332ED4,0,1,1,4294967295,0,0
oInvCollPH,1728,288,00339ACC,0,1,1,4294967295,0,0
oInvCollPH,1728,304,000AD2E3,0,1,1,4294967295,0,0
oInvCollPH,1744,256,002F57F8,0,1,1,4294967295,0,0
oInvCollPH,1760,256,003A88A9,0,1,1,4294967295,0,0
oInvCollPH,1776,256,00372E2E,0,1,1,4294967295,0,0
oInvCollPH,1792,256,00126C86,0,1,1,4294967295,0,0
oInvCollPH,1808,256,0028AB2C,0,1,1,4294967295,0,0
oInvCollPH,1808,272,001C345F,0,1,1,4294967295,0,0
oInvCollPH,1840,288,001666C6,0,1,1,4294967295,0,0
oInvCollPH,1856,288,0002DC57,0,1,1,4294967295,0,0
oInvCollPH,1872,288,001133FB,0,1,1,4294967295,0,0
oInvCollPH,1888,288,00186088,0,1,1,4294967295,0,0
oInvCollPH,1904,288,0024A086,0,1,1,4294967295,0,0
oInvCollPH,1920,288,000CBF75,0,1,1,4294967295,0,0
oInvCollPH,1920,304,002250E2,0,1,1,4294967295,0,0
oInvCollPH,2032,304,00202110,0,1,1,4294967295,0,0
oInvCollPH,2048,288,00290EE0,0,1,1,4294967295,0,0
oInvCollPH,2064,288,001DEB95,0,1,1,4294967295,0,0
oInvCollPH,2080,288,001CA90F,0,1,1,4294967295,0,0
oInvCollPH,2096,272,0030E438,0,1,1,4294967295,0,0
oInvCollPH,2112,272,0022E289,0,1,1,4294967295,0,0
oInvCollPH,2128,288,001E29BD,0,1,1,4294967295,0,0
oInvCollPH,2144,288,001361FF,0,1,1,4294967295,0,0
oInvCollPH,2160,288,0013C97B,0,1,1,4294967295,0,0
oInvCollPH,2176,288,0003162A,0,1,1,4294967295,0,0
oInvCollPH,2192,288,003E1539,0,1,1,4294967295,0,0
oInvCollPH,2208,288,00105C29,0,1,1,4294967295,0,0
oInvCollPH,2224,288,0021AB30,0,1,1,4294967295,0,0
oInvCollPH,2240,288,0038F61F,0,1,1,4294967295,0,0
oInvCollPH,2240,304,001DC034,0,1,1,4294967295,0,0
oInvCollPH,2784,304,00364C05,0,1,1,4294967295,0,0
oInvCollPH,2800,288,0037B34D,0,1,1,4294967295,0,0
oInvCollPH,2800,304,0039371A,0,1,1,4294967295,0,0
oInvCollPH,2880,240,0025DBA6,0,1,1,4294967295,0,0
oInvCollPH,2880,256,00123A6E,0,1,1,4294967295,0,0
oInvCollPH,2880,272,001F1E1D,0,1,1,4294967295,0,0
oInvCollPH,2880,288,00002FE0,0,1,1,4294967295,0,0
oInvCollPH,2880,304,0034F489,0,1,1,4294967295,0,0
oInvCollPH,2896,224,0022CC05,0,1,1,4294967295,0,0
oInvCollPH,2896,240,0035D54C,0,1,1,4294967295,0,0
oInvCollPH,2896,256,0015380E,0,1,1,4294967295,0,0
oInvCollPH,2896,272,001CC69B,0,1,1,4294967295,0,0
oInvCollPH,2896,288,00223BAC,0,1,1,4294967295,0,0
oInvCollPH,2896,304,003480C7,0,1,1,4294967295,0,0
oInvCollPH,2944,304,002A4A1A,0,1,1,4294967295,0,0
oInvCollPH,2944,288,0034B6B9,0,1,1,4294967295,0,0
oInvCollPH,2944,272,003CE7E3,0,1,1,4294967295,0,0
oInvCollPH,2960,256,00057573,0,1,1,4294967295,0,0
oInvCollPH,2976,256,00070470,0,1,1,4294967295,0,0
oInvCollPH,2992,256,00165119,0,1,1,4294967295,0,0
oInvCollPH,3008,256,0021CAA0,0,1,1,4294967295,0,0
oInvCollPH,3024,256,00373715,0,1,1,4294967295,0,0
oInvCollPH,3024,272,00300166,0,1,1,4294967295,0,0
oInvCollPH,3024,288,0034A1C3,0,1,1,4294967295,0,0
oInvCollPH,3024,304,0032585A,0,1,1,4294967295,0,0
oInvCollPH,2288,208,001E423A,0,1,1,4294967295,0,0
oInvCollPH,2304,208,002F8B4E,0,1,1,4294967295,0,0
oInvCollPH,2448,208,0007AD67,0,1,1,4294967295,0,0
oInvCollPH,2464,208,002360EA,0,1,1,4294967295,0,0
oInvCollPH,2464,192,00194BF0,0,1,1,4294967295,0,0
oInvCollPH,2528,224,001C8EB4,0,1,1,4294967295,0,0
oInvCollPH,2544,224,000593BA,0,1,1,4294967295,0,0
oInvCollPH,2688,224,00083373,0,1,1,4294967295,0,0
oInvCollPH,2704,224,00161901,0,1,1,4294967295,0,0
oInvCollPH,2704,208,000F451D,0,1,1,4294967295,0,0
oInvCollPH,1632,112,00079E64,0,1,1,4294967295,0,0
oInvCollPH,1648,112,0024D816,0,1,1,4294967295,0,0
oInvCollPH,1648,96,0012D5B0,0,1,1,4294967295,0,0
oInvCollPH,864,176,00174BFA,0,1,1,4294967295,0,0
oInvCollPH,880,176,00200CAF,0,1,1,4294967295,0,0
oInvCollPH,2352,160,00243A0C,0,1,1,4294967295,0,0
oInvCollPH,2368,160,00104127,0,1,1,4294967295,0,0
oInvCollPH,2384,160,003F9628,0,1,1,4294967295,0,0
oInvCollPH,2400,160,002DA9D5,0,1,1,4294967295,0,0
oInvCollPH,2416,160,002DE555,0,1,1,4294967295,0,0
oInvCollPH,2352,176,003E8CA6,0,1,1,4294967295,0,0
oInvCollPH,2368,176,001B6625,0,1,1,4294967295,0,0
oInvCollPH,2384,176,00359F45,0,1,1,4294967295,0,0
oInvCollPH,2400,176,001FA669,0,1,1,4294967295,0,0
oInvCollPH,2592,176,000F8BDF,0,1,1,4294967295,0,0
oInvCollPH,2608,176,00176BB5,0,1,1,4294967295,0,0
oInvCollPH,2624,176,00210779,0,1,1,4294967295,0,0
oInvCollPH,2640,176,002054E2,0,1,1,4294967295,0,0
oInvCollPH,2656,176,002C79FC,0,1,1,4294967295,0,0
oInvCollPH,2592,192,0011A905,0,1,1,4294967295,0,0
oInvCollPH,2608,192,00385148,0,1,1,4294967295,0,0
oInvCollPH,2624,192,00078B98,0,1,1,4294967295,0,0
oInvCollPH,2640,192,003D4C64,0,1,1,4294967295,0,0
oInvCollPH,992,64,002A3A0A,0,1,1,4294967295,0,0
oInvCollPH,1008,64,00399308,0,1,1,4294967295,0,0
oInvCollPH,1024,64,0020B12F,0,1,1,4294967295,0,0
oInvCollPH,1040,64,003D936B,0,1,1,4294967295,0,0
oInvCollPH,1056,64,00350A9A,0,1,1,4294967295,0,0
oInvCollPH,1072,64,00400F64,0,1,1,4294967295,0,0
oInvCollPH,1088,64,003CA305,0,1,1,4294967295,0,0
oInvCollPH,1104,64,003C8CDB,0,1,1,4294967295,0,0
oInvCollPH,1120,64,0026210E,0,1,1,4294967295,0,0
oInvCollPH,1600,64,00038A2F,0,1,1,4294967295,0,0
oInvCollPH,1584,64,000E7D48,0,1,1,4294967295,0,0
oInvCollPH,1568,64,0032A5EE,0,1,1,4294967295,0,0
oInvCollPH,1552,64,001C17DF,0,1,1,4294967295,0,0
oInvCollPH,1536,64,0021E933,0,1,1,4294967295,0,0
oInvCollPH,1520,64,003D35D7,0,1,1,4294967295,0,0
oInvCollPH,1504,64,00186D1D,0,1,1,4294967295,0,0
oInvCollPH,1488,64,003F5002,0,1,1,4294967295,0,0
oInvCollPH,1472,64,001CA138,0,1,1,4294967295,0,0
oInvCollPH,1456,64,002CFA2D,0,1,1,4294967295,0,0
oInvCollPH,1216,64,0036A6F2,0,1,1,4294967295,0,0
oInvCollPH,1232,64,0035F5CB,0,1,1,4294967295,0,0
oInvCollPH,1248,64,001B972F,0,1,1,4294967295,0,0
oInvCollPH,1264,64,0009746A,0,1,1,4294967295,0,0
oInvCollPH,1280,64,0025B47B,0,1,1,4294967295,0,0
oInvCollPH,1296,64,0013F5ED,0,1,1,4294967295,0,0
oInvCollPH,1312,64,000C47A6,0,1,1,4294967295,0,0
oInvCollPH,1328,64,001286B7,0,1,1,4294967295,0,0
oInvCollPH,1344,64,001D0625,0,1,1,4294967295,0,0
oInvCollPH,1360,64,003B96F4,0,1,1,4294967295,0,0
oInvCollPH,1136,64,000D5D90,0,1,1,4294967295,0,0
oInvCollPH,1152,64,001B2694,0,1,1,4294967295,0,0
oInvCollPH,1168,64,0010C15D,0,1,1,4294967295,0,0
oInvCollPH,1184,64,0007396D,0,1,1,4294967295,0,0
oInvCollPH,1200,64,0004C628,0,1,1,4294967295,0,0
oInvCollPH,1376,64,002A4B52,0,1,1,4294967295,0,0
oInvCollPH,1392,64,003F85B3,0,1,1,4294967295,0,0
oInvCollPH,1408,64,0029C16E,0,1,1,4294967295,0,0
oInvCollPH,1424,64,0000EC60,0,1,1,4294967295,0,0
oInvCollPH,1440,64,001A8D93,0,1,1,4294967295,0,0
oInvCollPH,992,80,003D92C1,0,1,1,4294967295,0,0
oInvCollPH,1008,80,0004B118,0,1,1,4294967295,0,0
oInvCollPH,1024,80,0001DAB4,0,1,1,4294967295,0,0
oInvCollPH,1040,80,00057A03,0,1,1,4294967295,0,0
oInvCollPH,1056,80,0038782E,0,1,1,4294967295,0,0
oInvCollPH,1072,80,00123CE8,0,1,1,4294967295,0,0
oInvCollPH,1088,80,000A3D1E,0,1,1,4294967295,0,0
oInvCollPH,1104,80,00140749,0,1,1,4294967295,0,0
oInvCollPH,1120,80,003594DF,0,1,1,4294967295,0,0
oInvCollPH,1136,80,003C248F,0,1,1,4294967295,0,0
oInvCollPH,1152,80,0026E87C,0,1,1,4294967295,0,0
oInvCollPH,1168,80,001FA733,0,1,1,4294967295,0,0
oInvCollPH,1184,80,002593B1,0,1,1,4294967295,0,0
oInvCollPH,1200,80,0018FA4D,0,1,1,4294967295,0,0
oInvCollPH,1216,80,002B9E95,0,1,1,4294967295,0,0
oInvCollPH,1232,80,00200C19,0,1,1,4294967295,0,0
oInvCollPH,1248,80,00333A5F,0,1,1,4294967295,0,0
oInvCollPH,1264,80,0011BD5D,0,1,1,4294967295,0,0
oInvCollPH,1280,80,00353E4C,0,1,1,4294967295,0,0
oInvCollPH,1296,80,002F4878,0,1,1,4294967295,0,0
oInvCollPH,1312,80,00031A08,0,1,1,4294967295,0,0
oInvCollPH,1328,80,003F38DA,0,1,1,4294967295,0,0
oInvCollPH,1344,80,003F66FC,0,1,1,4294967295,0,0
oInvCollPH,1360,80,002ECD20,0,1,1,4294967295,0,0
oInvCollPH,1376,80,0025AA80,0,1,1,4294967295,0,0
oInvCollPH,1392,80,0027A409,0,1,1,4294967295,0,0
oInvCollPH,1408,80,002D3A74,0,1,1,4294967295,0,0
oInvCollPH,1424,80,000C2412,0,1,1,4294967295,0,0
oInvCollPH,1440,80,000279DE,0,1,1,4294967295,0,0
oInvCollPH,1456,80,00206A17,0,1,1,4294967295,0,0
oInvCollPH,1472,80,002B602D,0,1,1,4294967295,0,0
oInvCollPH,1488,80,0030A9EC,0,1,1,4294967295,0,0
oInvCollPH,1504,80,002B17A1,0,1,1,4294967295,0,0
oInvCollPH,1520,80,000ED2D8,0,1,1,4294967295,0,0
oInvCollPH,1536,80,001DD2E4,0,1,1,4294967295,0,0
oInvCollPH,1552,80,0011C869,0,1,1,4294967295,0,0
oInvCollPH,1568,80,00147DFE,0,1,1,4294967295,0,0
oInvCollPH,1584,80,001AF91C,0,1,1,4294967295,0,0
oInvCollPH,3168,320,0026F14D,0,1,1,4294967295,0,0
oInvCollPH,3152,320,0016DEA7,0,1,1,4294967295,0,0
oInvCollPH,3136,320,001FA615,0,1,1,4294967295,0,0
oInvCollPH,3120,320,0034BC0C,0,1,1,4294967295,0,0
oInvCollPH,3104,320,001FA421,0,1,1,4294967295,0,0
oInvCollPH,3088,320,00129C5C,0,1,1,4294967295,0,0
oInvCollPH,3072,320,00075143,0,1,1,4294967295,0,0
oInvCollPH,3056,320,003AB484,0,1,1,4294967295,0,0
oInvCollPH,3040,320,003FCC37,0,1,1,4294967295,0,0
oInvCollPH,2928,320,0020E948,0,1,1,4294967295,0,0
oInvCollPH,2912,320,0022D821,0,1,1,4294967295,0,0
oInvCollPH,2864,320,000BCD8A,0,1,1,4294967295,0,0
oInvCollPH,2848,320,002F831E,0,1,1,4294967295,0,0
oInvCollPH,2832,320,003E0732,0,1,1,4294967295,0,0
oInvCollPH,2816,320,00086E71,0,1,1,4294967295,0,0
oInvCollPH,1184,304,00185113,0,1,1,4294967295,0,0
oInvCollPH,1200,288,00064EBA,0,1,1,4294967295,0,0
oInvCollPH,1216,288,0018D1E0,0,1,1,4294967295,0,0
oInvCollPH,1232,288,00373D52,0,1,1,4294967295,0,0
oInvCollPH,1232,304,0025C26F,0,1,1,4294967295,0,0
oInvCollPH,1392,304,00110776,0,1,1,4294967295,0,0
oInvCollPH,1408,272,000E9AF8,0,1,1,4294967295,0,0
oInvCollPH,1424,256,0006E4DC,0,1,1,4294967295,0,0
oInvCollPH,1424,272,0004B417,0,1,1,4294967295,0,0
oInvCollPH,1440,288,00062C1E,0,1,1,4294967295,0,0
oInvCollPH,1440,304,00100134,0,1,1,4294967295,0,0
oInvCollPH,2112,256,0034B39E,0,1,1,4294967295,0,0
oInvCollPH,2416,304,00011FEE,0,1,1,4294967295,0,0
oInvCollPH,2432,288,0005C3D9,0,1,1,4294967295,0,0
oInvCollPH,2432,304,00228336,0,1,1,4294967295,0,0
oInvCollPH,2768,320,00274196,0,1,1,4294967295,0,0
oInvCollPH,2752,320,002FCB73,0,1,1,4294967295,0,0
oInvCollPH,2736,320,0016C3C7,0,1,1,4294967295,0,0
oInvCollPH,2720,320,0001A230,0,1,1,4294967295,0,0
oInvCollPH,2704,320,0009D0F9,0,1,1,4294967295,0,0
oInvCollPH,2688,320,0012E239,0,1,1,4294967295,0,0
oInvCollPH,2672,320,00014C89,0,1,1,4294967295,0,0
oInvCollPH,2656,320,00201BB6,0,1,1,4294967295,0,0
oInvCollPH,2640,320,0005B64F,0,1,1,4294967295,0,0
oInvCollPH,2624,320,00025683,0,1,1,4294967295,0,0
oInvCollPH,2608,320,000D75A9,0,1,1,4294967295,0,0
oInvCollPH,2592,320,002A826C,0,1,1,4294967295,0,0
oInvCollPH,2576,320,0009C8E1,0,1,1,4294967295,0,0
oInvCollPH,2560,320,00200E35,0,1,1,4294967295,0,0
oInvCollPH,2544,320,0027C5E2,0,1,1,4294967295,0,0
oInvCollPH,2528,320,00030F5A,0,1,1,4294967295,0,0
oInvCollPH,2512,320,000231C8,0,1,1,4294967295,0,0
oInvCollPH,2496,320,003B7B50,0,1,1,4294967295,0,0
oInvCollPH,2480,320,000A53FF,0,1,1,4294967295,0,0
oInvCollPH,2464,320,001AC458,0,1,1,4294967295,0,0
oInvCollPH,2448,320,00106560,0,1,1,4294967295,0,0
oInvCollPH,2400,320,00148D98,0,1,1,4294967295,0,0
oInvCollPH,2384,320,00270F24,0,1,1,4294967295,0,0
oInvCollPH,2368,320,000A1E5F,0,1,1,4294967295,0,0
oInvCollPH,2352,320,000627B2,0,1,1,4294967295,0,0
oInvCollPH,2336,320,00128DE9,0,1,1,4294967295,0,0
oInvCollPH,2320,320,003E0EBD,0,1,1,4294967295,0,0
oInvCollPH,2304,320,000C5CC8,0,1,1,4294967295,0,0
oInvCollPH,2288,320,000FD216,0,1,1,4294967295,0,0
oInvCollPH,2272,320,003401EF,0,1,1,4294967295,0,0
oInvCollPH,2256,320,0027B37C,0,1,1,4294967295,0,0
oInvCollPH,2016,320,0000E4D7,0,1,1,4294967295,0,0
oInvCollPH,2000,320,001A75C7,0,1,1,4294967295,0,0
oInvCollPH,1984,320,003EB2AC,0,1,1,4294967295,0,0
oInvCollPH,1968,320,0018DA9F,0,1,1,4294967295,0,0
oInvCollPH,1952,320,000F799B,0,1,1,4294967295,0,0
oInvCollPH,1936,320,003B876D,0,1,1,4294967295,0,0
oInvCollPH,1712,320,0028F379,0,1,1,4294967295,0,0
oInvCollPH,1696,320,003A3712,0,1,1,4294967295,0,0
oInvCollPH,1680,320,00075AB6,0,1,1,4294967295,0,0
oInvCollPH,1664,320,00044E5A,0,1,1,4294967295,0,0
oInvCollPH,1648,320,0021742B,0,1,1,4294967295,0,0
oInvCollPH,1632,320,000E680C,0,1,1,4294967295,0,0
oInvCollPH,1616,320,0005F915,0,1,1,4294967295,0,0
oInvCollPH,1600,320,0011FED7,0,1,1,4294967295,0,0
oInvCollPH,1584,320,0008B70E,0,1,1,4294967295,0,0
oInvCollPH,1568,320,0032F2FB,0,1,1,4294967295,0,0
oInvCollPH,1552,320,0006C5DD,0,1,1,4294967295,0,0
oInvCollPH,1536,320,002E6EEE,0,1,1,4294967295,0,0
oInvCollPH,1520,320,0039D851,0,1,1,4294967295,0,0
oInvCollPH,1504,320,0028A6E6,0,1,1,4294967295,0,0
oInvCollPH,1488,320,0016540F,0,1,1,4294967295,0,0
oInvCollPH,1472,320,00179CF1,0,1,1,4294967295,0,0
oInvCollPH,1456,320,001D39DB,0,1,1,4294967295,0,0
oInvCollPH,1376,320,00152D1F,0,1,1,4294967295,0,0
oInvCollPH,1360,320,0029CC33,0,1,1,4294967295,0,0
oInvCollPH,1344,320,000141B5,0,1,1,4294967295,0,0
oInvCollPH,1328,320,00061C4A,0,1,1,4294967295,0,0
oInvCollPH,1312,320,0038985B,0,1,1,4294967295,0,0
oInvCollPH,1296,320,001A6F16,0,1,1,4294967295,0,0
oInvCollPH,1280,320,003E83AF,0,1,1,4294967295,0,0
oInvCollPH,1264,320,0032B629,0,1,1,4294967295,0,0
oInvCollPH,1248,320,00219E89,0,1,1,4294967295,0,0
oInvCollPH,1168,320,0018A3EA,0,1,1,4294967295,0,0
oInvCollPH,1152,320,0021FE3F,0,1,1,4294967295,0,0
oInvCollPH,1136,320,000CD8F5,0,1,1,4294967295,0,0
oInvCollPH,1120,320,00092238,0,1,1,4294967295,0,0
oInvCollPH,1104,320,0018C44A,0,1,1,4294967295,0,0
oInvCollPH,1088,320,001FE796,0,1,1,4294967295,0,0
oInvCollPH,1072,320,003D0D7E,0,1,1,4294967295,0,0
oInvCollPH,1056,320,0004BD4E,0,1,1,4294967295,0,0
oInvCollPH,1040,320,00037B0C,0,1,1,4294967295,0,0
oInvCollPH,1024,320,001981A7,0,1,1,4294967295,0,0
oInvCollPH,1008,320,003010B0,0,1,1,4294967295,0,0
oInvCollPH,992,320,00076303,0,1,1,4294967295,0,0
oInvCollPH,976,320,0018A434,0,1,1,4294967295,0,0
oInvCollPH,960,320,003FA6F8,0,1,1,4294967295,0,0
oInvCollPH,944,320,0006E795,0,1,1,4294967295,0,0
oInvCollPH,928,320,0009C846,0,1,1,4294967295,0,0
oInvCollPH,912,320,00096531,0,1,1,4294967295,0,0
oInvCollPH,896,320,00264DE7,0,1,1,4294967295,0,0
oInvCollPH,880,320,00291BEB,0,1,1,4294967295,0,0
oInvCollPH,864,320,00255BBE,0,1,1,4294967295,0,0
oInvCollPH,848,320,001D6444,0,1,1,4294967295,0,0
oInvCollPH,336,208,0024416E,0,1,1,4294967295,0,0
oInvCollPH,352,208,002D5376,0,1,1,4294967295,0,0
oInvCollPH,368,208,0024B33D,0,1,1,4294967295,0,0
oInvCollPH,384,208,0024CF6B,0,1,1,4294967295,0,0
oInvCollPH,400,208,00236F94,0,1,1,4294967295,0,0
oInvCollPH,320,224,00252907,0,1,1,4294967295,0,0
oInvCollPH,336,224,000317E9,0,1,1,4294967295,0,0
oInvCollPH,352,224,002AACB4,0,1,1,4294967295,0,0
oInvCollPH,368,224,00102FC6,0,1,1,4294967295,0,0
oInvCollPH,384,224,00394F6E,0,1,1,4294967295,0,0
oInvCollPH,400,224,00277226,0,1,1,4294967295,0,0
oInvCollPH,528,192,000D1E78,0,1,1,4294967295,0,0
oInvCollPH,544,192,0007F767,0,1,1,4294967295,0,0
oInvCollPH,560,192,0026A3AD,0,1,1,4294967295,0,0
oInvCollPH,576,192,002B8902,0,1,1,4294967295,0,0
oInvCollPH,592,192,001AE607,0,1,1,4294967295,0,0
oInvCollPH,512,208,0020CF9A,0,1,1,4294967295,0,0
oInvCollPH,528,208,00049CA1,0,1,1,4294967295,0,0
oInvCollPH,544,208,001F90E7,0,1,1,4294967295,0,0
oInvCollPH,560,208,001BA6C0,0,1,1,4294967295,0,0
oInvCollPH,576,208,001EE943,0,1,1,4294967295,0,0
oInvCollPH,592,208,001E8232,0,1,1,4294967295,0,0
oInvCollPH,112,304,000DCD80,0,1,1,4294967295,0,0
oInvCollPH,128,304,00181DC7,0,1,1,4294967295,0,0
oInvCollPH,128,288,002F9F5B,0,1,1,4294967295,0,0
oInvCollPH,512,304,003D750D,0,1,1,4294967295,0,0
oInvCollPH,528,304,00041FA3,0,1,1,4294967295,0,0
oInvCollPH,528,288,00205FD2,0,1,1,4294967295,0,0
oInvCollPH,656,288,000949A1,0,1,1,4294967295,0,0
oInvCollPH,656,304,00238D97,0,1,1,4294967295,0,0
oInvCollPH,640,304,0033CD6F,0,1,1,4294967295,0,0
oInvCollPH,720,304,0013C048,0,1,1,4294967295,0,0
oInvCollPH,736,304,000C8709,0,1,1,4294967295,0,0
oInvCollPH,736,288,0030828D,0,1,1,4294967295,0,0
oInvCollPH,832,288,002043F1,0,1,1,4294967295,0,0
oInvCollPH,832,304,003BD51F,0,1,1,4294967295,0,0
oInvCollPH,816,304,0022ADD0,0,1,1,4294967295,0,0
oInvCollPH,800,320,000AA97F,0,1,1,4294967295,0,0
oInvCollPH,784,320,003152B9,0,1,1,4294967295,0,0
oInvCollPH,768,320,000975A8,0,1,1,4294967295,0,0
oInvCollPH,752,320,00122C95,0,1,1,4294967295,0,0
oInvCollPH,704,320,0010A213,0,1,1,4294967295,0,0
oInvCollPH,688,320,001DB2AA,0,1,1,4294967295,0,0
oInvCollPH,672,320,002079A3,0,1,1,4294967295,0,0
oInvCollPH,624,320,000A7968,0,1,1,4294967295,0,0
oInvCollPH,608,320,001C93C3,0,1,1,4294967295,0,0
oInvCollPH,592,320,003F9CCD,0,1,1,4294967295,0,0
oInvCollPH,576,320,0020C7FA,0,1,1,4294967295,0,0
oInvCollPH,560,320,00393DAA,0,1,1,4294967295,0,0
oInvCollPH,544,320,003D2B2B,0,1,1,4294967295,0,0
oInvCollPH,144,320,003CB2F3,0,1,1,4294967295,0,0
oInvCollPH,160,320,000C7546,0,1,1,4294967295,0,0
oInvCollPH,176,320,000F9FF0,0,1,1,4294967295,0,0
oInvCollPH,192,320,0022852F,0,1,1,4294967295,0,0
oInvCollPH,208,320,002C73B9,0,1,1,4294967295,0,0
oInvCollPH,224,320,0017CF03,0,1,1,4294967295,0,0
oInvCollPH,240,320,003DADBC,0,1,1,4294967295,0,0
oInvCollPH,256,320,001CB017,0,1,1,4294967295,0,0
oInvCollPH,272,320,002AFB4F,0,1,1,4294967295,0,0
oInvCollPH,288,320,0019095F,0,1,1,4294967295,0,0
oInvCollPH,304,320,0027D8A1,0,1,1,4294967295,0,0
oInvCollPH,320,320,0003D410,0,1,1,4294967295,0,0
oInvCollPH,336,320,002EDB88,0,1,1,4294967295,0,0
oInvCollPH,352,320,00363884,0,1,1,4294967295,0,0
oInvCollPH,368,320,00245D4A,0,1,1,4294967295,0,0
oInvCollPH,384,320,00296469,0,1,1,4294967295,0,0
oInvCollPH,400,320,0012F368,0,1,1,4294967295,0,0
oInvCollPH,416,320,0038C3F3,0,1,1,4294967295,0,0
oInvCollPH,432,320,00012107,0,1,1,4294967295,0,0
oInvCollPH,448,320,0021A94C,0,1,1,4294967295,0,0
oInvCollPH,464,320,003463DE,0,1,1,4294967295,0,0
oInvCollPH,480,320,0012670E,0,1,1,4294967295,0,0
oInvCollPH,496,320,00010496,0,1,1,4294967295,0,0
oInvCollPH,16,320,001251C4,0,1,1,4294967295,0,0
oInvCollPH,32,320,003113EC,0,1,1,4294967295,0,0
oInvCollPH,48,320,000CB6C4,0,1,1,4294967295,0,0
oInvCollPH,64,320,002E35C0,0,1,1,4294967295,0,0
oInvCollPH,80,320,0001BB81,0,1,1,4294967295,0,0
oInvCollPH,96,320,00068DC9,0,1,1,4294967295,0,0
oInvCollPH,4528,320,0020B80B,0,1,1,4294967295,0,0
oInvCollPH,4512,320,00300D61,0,1,1,4294967295,0,0
oInvCollPH,4800,320,001B2D6D,0,1,1,4294967295,0,0
oInvCollPH,4816,320,0032EB57,0,1,1,4294967295,0,0
oInvCollPH,4832,320,003097F0,0,1,1,4294967295,0,0
oInvCollPH,4848,320,000AD3CB,0,1,1,4294967295,0,0
oInvCollPH,4864,320,001F5EAB,0,1,1,4294967295,0,0
oInvCollPH,4880,320,0013BE60,0,1,1,4294967295,0,0
oInvCollPH,4896,320,001572F9,0,1,1,4294967295,0,0
oInvCollPH,4912,320,002ADB7F,0,1,1,4294967295,0,0
oInvisibleSolid,0,320,0020B751,0,1,1,4294967295,0,1
oInvisibleSolid,4480,256,002EF23B,0,1,1,4294967295,0,1
oInvisibleLupSlope,4288,224,003124DE,0,1,1,4294967295,0,0
oInvisibleLupSlope,4304,240,000D0E6B,0,1,1,4294967295,0,0
oInvisibleLupSlope,4320,256,0008FB2D,0,1,1,4294967295,0,0
oInvisibleLupSlope,4336,272,00349FF0,0,1,1,4294967295,0,0
oInvisibleRCeilingSlope,4272,256,00356D32,0,1,1,4294967295,0,0
oInvisibleRCeilingSlope,4288,272,001B1934,0,1,1,4294967295,0,0
oInvisibleRCeilingSlope,4304,288,001DB8B7,0,1,1,4294967295,0,0
oInvisibleRCeilingSlope,4320,304,0026BA78,0,1,1,4294967295,0,0
oInvisibleSolid,4336,288,002CB78B,0,1,1,4294967295,0,1
oInvisibleSolid,4288,240,003C1BEE,0,1,1,4294967295,0,1
oInvisibleSolid,4304,256,00139302,0,1,1,4294967295,0,1
oInvisibleSolid,4320,272,0032439E,0,1,1,4294967295,0,1
oInvisibleRupSlope,4112,224,001B0264,0,1,1,4294967295,0,0
oInvisibleRupSlope,4096,240,00274385,0,1,1,4294967295,0,0
oInvisibleRupSlope,4080,256,00224AEB,0,1,1,4294967295,0,0
oInvisibleRupSlope,4064,272,0006AAF5,0,1,1,4294967295,0,0
oInvisibleLCeilingSlope,4128,256,00228F08,0,1,1,4294967295,0,0
oInvisibleLCeilingSlope,4112,272,003758AC,0,1,1,4294967295,0,0
oInvisibleLCeilingSlope,4096,288,002CFD79,0,1,1,4294967295,0,0
oInvisibleLCeilingSlope,4080,304,00212A60,0,1,1,4294967295,0,0
oInvisibleSolid,4112,240,00210A57,0,1,1,4294967295,0,1
oInvisibleSolid,4096,256,00193A70,0,1,1,4294967295,0,1
oInvisibleSolid,4080,272,003E6D7D,0,1,1,4294967295,0,1
oInvisibleSolid,3968,288,0031B6A5,0,1,1,4294967295,0,1
oInvisibleSolid,4128,224,001DAE95,0,1,1,4294967295,0,1
oInvisibleSolid,3648,288,000D87F5,0,1,1,4294967295,0,1
oInvisibleRupSlope,3232,128,0015D214,0,1,1,4294967295,0,0
oInvisibleRupSlope,3216,144,001AA78C,0,1,1,4294967295,0,0
oInvisibleRupSlope,3200,160,002DDBE3,0,1,1,4294967295,0,0
oInvisibleRupSlope,3184,176,003B7254,0,1,1,4294967295,0,0
oInvisibleLupSlope,3488,144,0015C01F,0,1,1,4294967295,0,0
oInvisibleLupSlope,3504,160,0012383B,0,1,1,4294967295,0,0
oInvisibleLupSlope,3520,176,000764DC,0,1,1,4294967295,0,0
oInvisibleLupSlope,3536,192,003065B3,0,1,1,4294967295,0,0
oInvisibleLupSlope,3552,208,0000FE0F,0,1,1,4294967295,0,0
oInvisibleRCeilingSlope,3456,160,00098D26,0,1,1,4294967295,0,0
oInvisibleRCeilingSlope,3472,176,0004D8AC,0,1,1,4294967295,0,0
oInvisibleRCeilingSlope,3488,192,0003A877,0,1,1,4294967295,0,0
oInvisibleRCeilingSlope,3504,208,000A7BEE,0,1,1,4294967295,0,0
oInvisibleRCeilingSlope,3520,224,000FA048,0,1,1,4294967295,0,0
oInvisibleRCeilingSlope,3536,240,001ADAA0,0,1,1,4294967295,0,0
oInvisibleLCeilingSlope,3248,160,002425C7,0,1,1,4294967295,0,0
oInvisibleLCeilingSlope,3232,176,00388EF4,0,1,1,4294967295,0,0
oInvisibleLCeilingSlope,3216,192,0038C78B,0,1,1,4294967295,0,0
oInvisibleLCeilingSlope,3200,208,001C7315,0,1,1,4294967295,0,0
oInvisibleLupSlope,3472,128,00211B12,0,1,1,4294967295,0,0
oInvisibleSolid,3248,128,001597DE,0,1,1,4294967295,0,1
oInvisibleSolid,3232,144,0018291F,0,1,1,4294967295,0,1
oInvisibleSolid,3216,160,002DC44B,0,1,1,4294967295,0,1
oInvisibleSolid,3200,176,0027E8B1,0,1,1,4294967295,0,1
oInvisibleSolid,3552,224,00127547,0,1,1,4294967295,0,1
oInvisibleSolid,3168,192,00188BC1,0,1,1,4294967295,0,1
oInvisibleSolid,3536,208,002C520F,0,1,1,4294967295,0,1
oInvisibleSolid,3520,192,002F63BB,0,1,1,4294967295,0,1
oInvisibleSolid,3504,176,001E2CCB,0,1,1,4294967295,0,1
oInvisibleSolid,3488,160,0024FECE,0,1,1,4294967295,0,1
oInvisibleSolid,3472,144,001E40CE,0,1,1,4294967295,0,1
oInvisibleSolid,3328,288,002DE144,0,1,1,4294967295,0,1
oInvisibleSolid,2944,256,002F8F87,0,1,1,4294967295,0,1
oInvisibleSolid,2880,224,00027531,0,1,1,4294967295,0,1
oInvisibleSolid,2784,288,000C3E18,0,1,1,4294967295,0,1
oInvisibleSolid,2032,288,0027A580,0,1,1,4294967295,0,1
oInvisibleSolid,1824,288,0008D1BC,0,1,1,4294967295,0,1
oInvisibleSolid,1728,256,000FE2A6,0,1,1,4294967295,0,1
oInvisibleRupSlope,2560,176,0019FEF4,0,1,1,4294967295,0,0
oInvisibleRupSlope,2544,192,0034D95F,0,1,1,4294967295,0,0
oInvisibleRupSlope,2320,160,0012299D,0,1,1,4294967295,0,0
oInvisibleRupSlope,2304,176,00315DF3,0,1,1,4294967295,0,0
oInvisibleRupSlope,960,64,003FA41C,0,1,1,4294967295,0,0
oInvisibleRupSlope,944,80,002DAC07,0,1,1,4294967295,0,0
oInvisibleRupSlope,928,96,0033018A,0,1,1,4294967295,0,0
oInvisibleRupSlope,912,112,0000BE21,0,1,1,4294967295,0,0
oInvisibleRupSlope,896,128,00178504,0,1,1,4294967295,0,0
oInvisibleRupSlope,880,144,003D0573,0,1,1,4294967295,0,0
oInvisibleLupSlope,1616,64,0028A3B8,0,1,1,4294967295,0,0
oInvisibleLupSlope,1632,80,0004CB66,0,1,1,4294967295,0,0
oInvisibleLupSlope,2432,160,002655C5,0,1,1,4294967295,0,0
oInvisibleLupSlope,2448,176,0024052C,0,1,1,4294967295,0,0
oInvisibleLupSlope,2672,176,00293697,0,1,1,4294967295,0,0
oInvisibleLupSlope,2688,192,0001C157,0,1,1,4294967295,0,0
oInvisibleRCeilingSlope,2656,208,0020B8B4,0,1,1,4294967295,0,0
oInvisibleRCeilingSlope,2672,224,0007D872,0,1,1,4294967295,0,0
oInvisibleRCeilingSlope,2416,192,002D6064,0,1,1,4294967295,0,0
oInvisibleRCeilingSlope,2432,208,003D7412,0,1,1,4294967295,0,0
oInvisibleRCeilingSlope,1600,96,0032FDA6,0,1,1,4294967295,0,0
oInvisibleRCeilingSlope,1616,112,00352CD5,0,1,1,4294967295,0,0
oInvisibleLCeilingSlope,896,176,0003B604,0,1,1,4294967295,0,0
oInvisibleLCeilingSlope,976,96,0037F903,0,1,1,4294967295,0,0
oInvisibleLCeilingSlope,960,112,0011D0F8,0,1,1,4294967295,0,0
oInvisibleLCeilingSlope,944,128,001D611F,0,1,1,4294967295,0,0
oInvisibleLCeilingSlope,928,144,00239DE5,0,1,1,4294967295,0,0
oInvisibleLCeilingSlope,912,160,00248BB0,0,1,1,4294967295,0,0
oInvisibleLCeilingSlope,2336,192,002A9F60,0,1,1,4294967295,0,0
oInvisibleLCeilingSlope,2320,208,00194533,0,1,1,4294967295,0,0
oInvisibleLCeilingSlope,2576,208,001F8F74,0,1,1,4294967295,0,0
oInvisibleLCeilingSlope,2560,224,003A2C27,0,1,1,4294967295,0,0
oInvisibleSolid,2672,192,001228B7,0,1,1,4294967295,0,1
oInvisibleSolid,2560,192,001837D1,0,1,1,4294967295,0,1
oInvisibleSolid,2432,176,001EB0CF,0,1,1,4294967295,0,1
oInvisibleSolid,2320,176,0016FD55,0,1,1,4294967295,0,1
oInvisibleSolid,1616,80,00073710,0,1,1,4294967295,0,1
oInvisibleSolid,960,80,000D8851,0,1,1,4294967295,0,1
oInvisibleSolid,944,96,003FFE55,0,1,1,4294967295,0,1
oInvisibleSolid,928,112,00244D9A,0,1,1,4294967295,0,1
oInvisibleSolid,912,128,0030F5C4,0,1,1,4294967295,0,1
oInvisibleSolid,896,144,0019C28F,0,1,1,4294967295,0,1
oInvisibleSolid,2688,208,0027FDE1,0,1,1,4294967295,0,1
oInvisibleSolid,2528,208,00383FE6,0,1,1,4294967295,0,1
oInvisibleSolid,2448,192,000CC415,0,1,1,4294967295,0,1
oInvisibleSolid,2288,192,00007BE1,0,1,1,4294967295,0,1
oInvisibleSolid,1632,96,002FB697,0,1,1,4294967295,0,1
oInvisibleSolid,864,160,002BCC8E,0,1,1,4294967295,0,1
oInvisibleSolid,976,64,0002C41B,0,1,1,4294967295,0,1
oInvisibleSolid,2336,160,00316EB4,0,1,1,4294967295,0,1
oInvisibleSolid,2576,176,0037F6CA,0,1,1,4294967295,0,1
oInvisibleSolid,1392,288,0019DD51,0,1,1,4294967295,0,1
oInvisibleSolid,1408,256,003097A2,0,1,1,4294967295,0,1
oInvisibleSolid,1184,288,00085E12,0,1,1,4294967295,0,1
oInvisibleSolid,2096,256,003CA510,0,1,1,4294967295,0,1
oInvisibleSolid,2416,288,0021975F,0,1,1,4294967295,0,1
oInvisibleSolid,112,288,000F8ED9,0,1,1,4294967295,0,1
oInvisibleSolid,512,288,0020ADBF,0,1,1,4294967295,0,1
oInvisibleSolid,640,288,000BEF0B,0,1,1,4294967295,0,1
oInvisibleSolid,720,288,00236A5D,0,1,1,4294967295,0,1
oInvisibleSolid,816,288,0032072C,0,1,1,4294967295,0,1
oInvisibleSolid,320,208,002CF669,0,1,1,4294967295,0,1
oInvisibleSolid,512,192,00187B94,0,1,1,4294967295,0,1
