oExit,0,256,0007E36D,0,1,1,4294967295,0,1
oSignPost,1840,288,000A0D0A,0,1,1,4294967295,0,1
oExit,2544,192,00241EFD,0,1,1,4294967295,0,1
oHealingPost,112,288,000BB474,0,1,1,4294967295,0,0
oG6_EarthPlat,384,64,00218DDD,0,1,1,4294967295,0,1
oG6_EarthPlat,1056,160,00038984,0,1,1,4294967295,0,1
oG6_EarthPlat,1088,160,00150A3B,0,1,1,4294967295,0,1
oG6_EarthPlat,2144,192,000B1EE5,0,1,1,4294967295,0,1
oG6_EarthPlat,2144,256,0014407E,0,1,1,4294967295,0,1
oPuzzleReset,1872,208,0013A4BA,0,1,1,4294967295,0,1
oZeldaBreakPot,2080,272,001E3C56,0,1,1,4294967295,0,0
oG6_EarthSwitch,544,245,002A5905,0,1,1,4294967295,0,1
oG6_EarthSwitch,888,213,000C6C7C,0,1,1,4294967295,0,1
oG6_EarthSwitch,1032,117,003B8A01,0,1,1,4294967295,0,1
oG6_EarthSwitch,1896,277,001A3D3D,0,1,1,4294967295,0,1
oG6_EarthSwitch,1976,149,001A5D6E,0,1,1,4294967295,0,1
oPushRock,240,256,003F418E,0,1,1,4294967295,0,1
oPushRock,768,192,003ACD20,0,1,1,4294967295,0,1
oPT_Slime,944,224,0014F9AE,0,1,1,4294967295,0,1
oPT_Skeleton,1440,192,0033E614,0,1,1,4294967295,0,1
oPT_Skeleton,1984,288,00146A9B,0,1,1,4294967295,0,1
oPT_Slime,1776,288,0008E172,0,1,1,4294967295,0,1
oPushRock,1760,128,00244A0D,0,1,1,4294967295,0,1
oPlayer1,48,288,001CDD91,0,1,1,4294967295,0,0
oInvCollPH,16,288,0023A417,0,1,1,4294967295,0,0
oInvCollPH,32,288,001647F4,0,1,1,4294967295,0,0
oInvCollPH,48,288,0008D27A,0,1,1,4294967295,0,0
oInvCollPH,64,288,0000A78E,0,1,1,4294967295,0,0
oInvCollPH,80,288,00050005,0,1,1,4294967295,0,0
oInvCollPH,96,288,002CF20A,0,1,1,4294967295,0,0
oInvCollPH,112,288,001466EB,0,1,1,4294967295,0,0
oInvCollPH,128,288,002BEEE1,0,1,1,4294967295,0,0
oInvCollPH,144,288,002F89DC,0,1,1,4294967295,0,0
oInvCollPH,160,288,0029A5E9,0,1,1,4294967295,0,0
oInvCollPH,176,288,0004DD11,0,1,1,4294967295,0,0
oInvCollPH,192,288,002838CF,0,1,1,4294967295,0,0
oInvCollPH,208,288,002600F0,0,1,1,4294967295,0,0
oInvCollPH,224,288,00227F49,0,1,1,4294967295,0,0
oInvCollPH,240,288,001440F5,0,1,1,4294967295,0,0
oInvCollPH,256,288,000136DB,0,1,1,4294967295,0,0
oInvCollPH,272,288,00283EC8,0,1,1,4294967295,0,0
oInvCollPH,288,288,00202F79,0,1,1,4294967295,0,0
oInvCollPH,304,288,0013A055,0,1,1,4294967295,0,0
oInvCollPH,352,288,003BB3A2,0,1,1,4294967295,0,0
oInvCollPH,368,288,0020D824,0,1,1,4294967295,0,0
oInvCollPH,384,288,00141155,0,1,1,4294967295,0,0
oInvCollPH,400,288,0034C910,0,1,1,4294967295,0,0
oInvCollPH,416,288,0026D0A3,0,1,1,4294967295,0,0
oInvCollPH,432,288,002A33BD,0,1,1,4294967295,0,0
oInvCollPH,320,272,002669F9,0,1,1,4294967295,0,0
oInvCollPH,336,256,00364921,0,1,1,4294967295,0,0
oInvCollPH,336,272,0033BB5C,0,1,1,4294967295,0,0
oInvCollPH,464,256,0024E12F,0,1,1,4294967295,0,0
oInvCollPH,480,256,000F5409,0,1,1,4294967295,0,0
oInvCollPH,496,256,000258A7,0,1,1,4294967295,0,0
oInvCollPH,512,256,0003287C,0,1,1,4294967295,0,0
oInvCollPH,528,256,000CAEF3,0,1,1,4294967295,0,0
oInvCollPH,544,256,001EB84B,0,1,1,4294967295,0,0
oInvCollPH,560,256,0019D327,0,1,1,4294967295,0,0
oInvCollPH,576,256,003F81A9,0,1,1,4294967295,0,0
oInvCollPH,592,256,0000C08A,0,1,1,4294967295,0,0
oInvCollPH,448,272,0014365A,0,1,1,4294967295,0,0
oInvCollPH,0,208,0003BBD5,0,1,1,4294967295,0,0
oInvCollPH,16,208,000911A9,0,1,1,4294967295,0,0
oInvCollPH,32,208,002D586C,0,1,1,4294967295,0,0
oInvCollPH,48,208,0009B6C1,0,1,1,4294967295,0,0
oInvCollPH,64,208,0008B0B6,0,1,1,4294967295,0,0
oInvCollPH,80,208,0010F532,0,1,1,4294967295,0,0
oInvCollPH,96,208,00165A60,0,1,1,4294967295,0,0
oInvCollPH,112,208,000E2347,0,1,1,4294967295,0,0
oInvCollPH,128,208,00158906,0,1,1,4294967295,0,0
oInvCollPH,144,208,0018F44B,0,1,1,4294967295,0,0
oInvCollPH,160,208,003550FA,0,1,1,4294967295,0,0
oInvCollPH,176,208,00060871,0,1,1,4294967295,0,0
oInvCollPH,192,208,0037B775,0,1,1,4294967295,0,0
oInvCollPH,208,208,0036F36E,0,1,1,4294967295,0,0
oInvCollPH,224,208,0026E258,0,1,1,4294967295,0,0
oInvCollPH,240,208,000C5BFC,0,1,1,4294967295,0,0
oInvCollPH,240,192,0012F4A2,0,1,1,4294967295,0,0
oInvCollPH,240,176,0002FF6A,0,1,1,4294967295,0,0
oInvCollPH,240,160,000E7797,0,1,1,4294967295,0,0
oInvCollPH,240,144,00085C3C,0,1,1,4294967295,0,0
oInvCollPH,240,128,0022C38A,0,1,1,4294967295,0,0
oInvCollPH,256,112,00188063,0,1,1,4294967295,0,0
oInvCollPH,272,112,00239D2E,0,1,1,4294967295,0,0
oInvCollPH,288,112,002E017B,0,1,1,4294967295,0,0
oInvCollPH,304,112,001E20DB,0,1,1,4294967295,0,0
oInvCollPH,304,96,00200810,0,1,1,4294967295,0,0
oInvCollPH,320,80,003B8285,0,1,1,4294967295,0,0
oInvCollPH,336,80,001F9E5B,0,1,1,4294967295,0,0
oInvCollPH,352,80,003823E5,0,1,1,4294967295,0,0
oInvCollPH,368,80,0034E89C,0,1,1,4294967295,0,0
oInvCollPH,368,64,001E37B7,0,1,1,4294967295,0,0
oInvCollPH,384,48,00389D4B,0,1,1,4294967295,0,0
oInvCollPH,400,48,001EF3C9,0,1,1,4294967295,0,0
oInvCollPH,416,48,0034A392,0,1,1,4294967295,0,0
oInvCollPH,432,48,0019E802,0,1,1,4294967295,0,0
oInvCollPH,448,48,000D6698,0,1,1,4294967295,0,0
oInvCollPH,464,48,003A116B,0,1,1,4294967295,0,0
oInvCollPH,480,48,000BC290,0,1,1,4294967295,0,0
oInvCollPH,496,48,000C55D5,0,1,1,4294967295,0,0
oInvCollPH,512,48,001E1036,0,1,1,4294967295,0,0
oInvCollPH,528,48,00087C76,0,1,1,4294967295,0,0
oInvCollPH,592,160,003234FB,0,1,1,4294967295,0,0
oInvCollPH,608,160,001AC6F1,0,1,1,4294967295,0,0
oInvCollPH,624,160,00241469,0,1,1,4294967295,0,0
oInvCollPH,640,160,001CF124,0,1,1,4294967295,0,0
oInvCollPH,656,160,0027C2C8,0,1,1,4294967295,0,0
oInvCollPH,608,192,00342707,0,1,1,4294967295,0,0
oInvCollPH,608,208,001CE614,0,1,1,4294967295,0,0
oInvCollPH,624,176,0036E01D,0,1,1,4294967295,0,0
oInvCollPH,624,192,0019554E,0,1,1,4294967295,0,0
oInvCollPH,624,208,000E43A9,0,1,1,4294967295,0,0
oInvCollPH,720,48,003817D0,0,1,1,4294967295,0,0
oInvCollPH,704,48,001681F8,0,1,1,4294967295,0,0
oInvCollPH,688,48,001BDE7F,0,1,1,4294967295,0,0
oInvCollPH,672,48,001DAFB6,0,1,1,4294967295,0,0
oInvCollPH,656,48,00249F97,0,1,1,4294967295,0,0
oInvCollPH,640,48,002FD5D7,0,1,1,4294967295,0,0
oInvCollPH,624,48,00033E06,0,1,1,4294967295,0,0
oInvCollPH,608,48,0013738C,0,1,1,4294967295,0,0
oInvCollPH,592,48,00314393,0,1,1,4294967295,0,0
oInvCollPH,576,48,00288166,0,1,1,4294967295,0,0
oInvCollPH,560,48,00054663,0,1,1,4294967295,0,0
oInvCollPH,544,48,003F49F8,0,1,1,4294967295,0,0
oInvCollPH,736,80,002AC2CC,0,1,1,4294967295,0,0
oInvCollPH,752,80,0029BF07,0,1,1,4294967295,0,0
oInvCollPH,768,80,00242978,0,1,1,4294967295,0,0
oInvCollPH,784,80,0031C538,0,1,1,4294967295,0,0
oInvCollPH,800,80,002FB3FD,0,1,1,4294967295,0,0
oInvCollPH,816,80,0031AA7F,0,1,1,4294967295,0,0
oInvCollPH,832,80,0016E102,0,1,1,4294967295,0,0
oInvCollPH,848,80,0002DE8B,0,1,1,4294967295,0,0
oInvCollPH,848,64,002CCA2E,0,1,1,4294967295,0,0
oInvCollPH,864,48,003F536B,0,1,1,4294967295,0,0
oInvCollPH,880,48,002F7141,0,1,1,4294967295,0,0
oInvCollPH,896,48,000B2628,0,1,1,4294967295,0,0
oInvCollPH,912,48,002234D2,0,1,1,4294967295,0,0
oInvCollPH,928,48,0027F24F,0,1,1,4294967295,0,0
oInvCollPH,944,48,002F094F,0,1,1,4294967295,0,0
oInvCollPH,944,32,0031E644,0,1,1,4294967295,0,0
oInvCollPH,640,224,002594D9,0,1,1,4294967295,0,0
oInvCollPH,656,224,001A2333,0,1,1,4294967295,0,0
oInvCollPH,672,224,003B879E,0,1,1,4294967295,0,0
oInvCollPH,688,224,00179566,0,1,1,4294967295,0,0
oInvCollPH,704,224,0000DF5B,0,1,1,4294967295,0,0
oInvCollPH,720,224,0035FCBB,0,1,1,4294967295,0,0
oInvCollPH,736,224,0034A948,0,1,1,4294967295,0,0
oInvCollPH,752,224,00133761,0,1,1,4294967295,0,0
oInvCollPH,912,224,0027FA6C,0,1,1,4294967295,0,0
oInvCollPH,896,224,003D582A,0,1,1,4294967295,0,0
oInvCollPH,880,224,000EF5D1,0,1,1,4294967295,0,0
oInvCollPH,864,224,00233ECA,0,1,1,4294967295,0,0
oInvCollPH,848,224,001CF4EF,0,1,1,4294967295,0,0
oInvCollPH,832,224,00279DAB,0,1,1,4294967295,0,0
oInvCollPH,816,224,0008D6D8,0,1,1,4294967295,0,0
oInvCollPH,800,224,0022B978,0,1,1,4294967295,0,0
oInvCollPH,784,224,001E126B,0,1,1,4294967295,0,0
oInvCollPH,768,224,00255BF9,0,1,1,4294967295,0,0
oInvCollPH,608,240,0013186F,0,1,1,4294967295,0,0
oInvCollPH,928,224,00025399,0,1,1,4294967295,0,0
oInvCollPH,944,224,001BF1F1,0,1,1,4294967295,0,0
oInvCollPH,960,224,00359081,0,1,1,4294967295,0,0
oInvCollPH,976,224,0033FA56,0,1,1,4294967295,0,0
oInvCollPH,992,224,002782A8,0,1,1,4294967295,0,0
oInvCollPH,1008,224,002843BE,0,1,1,4294967295,0,0
oInvCollPH,1024,224,00210674,0,1,1,4294967295,0,0
oInvCollPH,1040,224,003D0F79,0,1,1,4294967295,0,0
oInvCollPH,1040,240,002A224C,0,1,1,4294967295,0,0
oInvCollPH,1040,256,002D04F7,0,1,1,4294967295,0,0
oInvCollPH,1040,272,000E6B17,0,1,1,4294967295,0,0
oInvCollPH,1040,288,000A6AEB,0,1,1,4294967295,0,0
oInvCollPH,1040,304,003308C5,0,1,1,4294967295,0,0
oInvCollPH,1040,320,002BDF08,0,1,1,4294967295,0,0
oInvCollPH,1040,336,0005D953,0,1,1,4294967295,0,0
oInvCollPH,1120,240,00340B8B,0,1,1,4294967295,0,0
oInvCollPH,1120,256,002964F0,0,1,1,4294967295,0,0
oInvCollPH,1136,224,001F3D46,0,1,1,4294967295,0,0
oInvCollPH,1152,224,00259F18,0,1,1,4294967295,0,0
oInvCollPH,1120,272,001DFA10,0,1,1,4294967295,0,0
oInvCollPH,1120,288,002F78E6,0,1,1,4294967295,0,0
oInvCollPH,1120,304,0019CEAE,0,1,1,4294967295,0,0
oInvCollPH,1120,320,00145CE8,0,1,1,4294967295,0,0
oInvCollPH,1120,336,00265358,0,1,1,4294967295,0,0
oInvCollPH,1168,224,00127913,0,1,1,4294967295,0,0
oInvCollPH,1184,224,0001BFD8,0,1,1,4294967295,0,0
oInvCollPH,1200,224,00215E72,0,1,1,4294967295,0,0
oInvCollPH,1216,224,0033FD1C,0,1,1,4294967295,0,0
oInvCollPH,1232,224,003FA58C,0,1,1,4294967295,0,0
oInvCollPH,1024,144,002E8165,0,1,1,4294967295,0,0
oInvCollPH,1040,144,002542D8,0,1,1,4294967295,0,0
oInvCollPH,1040,128,00160542,0,1,1,4294967295,0,0
oInvCollPH,960,16,001F6FF5,0,1,1,4294967295,0,0
oInvCollPH,976,16,002FB2CE,0,1,1,4294967295,0,0
oInvCollPH,992,16,000A6F6B,0,1,1,4294967295,0,0
oInvCollPH,1008,16,000397B8,0,1,1,4294967295,0,0
oInvCollPH,1024,16,0033F6A5,0,1,1,4294967295,0,0
oInvCollPH,1040,16,0037BA6D,0,1,1,4294967295,0,0
oInvCollPH,1056,32,00102D84,0,1,1,4294967295,0,0
oInvCollPH,1056,48,003C958B,0,1,1,4294967295,0,0
oInvCollPH,1056,64,00016C98,0,1,1,4294967295,0,0
oInvCollPH,1056,80,002FDC1F,0,1,1,4294967295,0,0
oInvCollPH,1056,96,000D7D7D,0,1,1,4294967295,0,0
oInvCollPH,1056,112,000DE961,0,1,1,4294967295,0,0
oInvCollPH,1056,144,003E14EB,0,1,1,4294967295,0,0
oInvCollPH,1072,144,0008498B,0,1,1,4294967295,0,0
oInvCollPH,1072,128,001C68C1,0,1,1,4294967295,0,0
oInvCollPH,1088,112,0035107D,0,1,1,4294967295,0,0
oInvCollPH,1104,112,002FAD90,0,1,1,4294967295,0,0
oInvCollPH,1120,112,003A7A47,0,1,1,4294967295,0,0
oInvCollPH,1136,112,000D63BE,0,1,1,4294967295,0,0
oInvCollPH,1152,112,001C5335,0,1,1,4294967295,0,0
oInvCollPH,1168,112,00161EBF,0,1,1,4294967295,0,0
oInvCollPH,1168,96,0002A35E,0,1,1,4294967295,0,0
oInvCollPH,1184,80,0001D071,0,1,1,4294967295,0,0
oInvCollPH,1200,80,00304178,0,1,1,4294967295,0,0
oInvCollPH,1216,80,003AC7B9,0,1,1,4294967295,0,0
oInvCollPH,1248,208,00357419,0,1,1,4294967295,0,0
oInvCollPH,1264,192,0037EB1F,0,1,1,4294967295,0,0
oInvCollPH,1280,192,00182C8F,0,1,1,4294967295,0,0
oInvCollPH,1296,192,003F419F,0,1,1,4294967295,0,0
oInvCollPH,1312,192,000BF233,0,1,1,4294967295,0,0
oInvCollPH,1328,192,00087776,0,1,1,4294967295,0,0
oInvCollPH,1344,192,001C17B5,0,1,1,4294967295,0,0
oInvCollPH,1360,192,002336A9,0,1,1,4294967295,0,0
oInvCollPH,1376,192,00330F7F,0,1,1,4294967295,0,0
oInvCollPH,1392,192,00267DDE,0,1,1,4294967295,0,0
oInvCollPH,1408,192,00119351,0,1,1,4294967295,0,0
oInvCollPH,1424,192,0007F6A4,0,1,1,4294967295,0,0
oInvCollPH,1440,192,0006057C,0,1,1,4294967295,0,0
oInvCollPH,1456,192,001BBCC4,0,1,1,4294967295,0,0
oInvCollPH,1472,192,0014C655,0,1,1,4294967295,0,0
oInvCollPH,1488,192,0035A3BA,0,1,1,4294967295,0,0
oInvCollPH,1504,192,0006D9BF,0,1,1,4294967295,0,0
oInvCollPH,1520,192,00238933,0,1,1,4294967295,0,0
oInvCollPH,1536,192,0040289E,0,1,1,4294967295,0,0
oInvCollPH,1552,192,001E4F67,0,1,1,4294967295,0,0
oInvCollPH,1568,192,000D6A69,0,1,1,4294967295,0,0
oInvCollPH,1584,192,002B109B,0,1,1,4294967295,0,0
oInvCollPH,1600,192,002ED1D0,0,1,1,4294967295,0,0
oInvCollPH,1616,192,001A30E6,0,1,1,4294967295,0,0
oInvCollPH,1616,208,0007A789,0,1,1,4294967295,0,0
oInvCollPH,1632,224,001A9986,0,1,1,4294967295,0,0
oInvCollPH,1648,224,0026709C,0,1,1,4294967295,0,0
oInvCollPH,1664,224,001D8C05,0,1,1,4294967295,0,0
oInvCollPH,1680,224,002A7CA5,0,1,1,4294967295,0,0
oInvCollPH,1680,240,001549B6,0,1,1,4294967295,0,0
oInvCollPH,1680,256,000F9FB5,0,1,1,4294967295,0,0
oInvCollPH,1680,272,00046CA4,0,1,1,4294967295,0,0
oInvCollPH,1232,80,0005CC88,0,1,1,4294967295,0,0
oInvCollPH,1328,80,002DE133,0,1,1,4294967295,0,0
oInvCollPH,1312,80,003C0DCF,0,1,1,4294967295,0,0
oInvCollPH,1296,80,0019B44C,0,1,1,4294967295,0,0
oInvCollPH,1280,80,00026E41,0,1,1,4294967295,0,0
oInvCollPH,1264,80,00200A77,0,1,1,4294967295,0,0
oInvCollPH,1248,80,000109F8,0,1,1,4294967295,0,0
oInvCollPH,1488,80,000E7A14,0,1,1,4294967295,0,0
oInvCollPH,1472,80,00175F37,0,1,1,4294967295,0,0
oInvCollPH,1456,80,002E812D,0,1,1,4294967295,0,0
oInvCollPH,1440,80,00080361,0,1,1,4294967295,0,0
oInvCollPH,1424,80,002CF7E9,0,1,1,4294967295,0,0
oInvCollPH,1408,80,001E1431,0,1,1,4294967295,0,0
oInvCollPH,1392,80,0011A03C,0,1,1,4294967295,0,0
oInvCollPH,1376,80,0036EF09,0,1,1,4294967295,0,0
oInvCollPH,1360,80,00372CA2,0,1,1,4294967295,0,0
oInvCollPH,1344,80,003A18B3,0,1,1,4294967295,0,0
oInvCollPH,1504,80,003364F9,0,1,1,4294967295,0,0
oInvCollPH,1520,80,0009130A,0,1,1,4294967295,0,0
oInvCollPH,1536,80,0001252F,0,1,1,4294967295,0,0
oInvCollPH,1552,80,003100E2,0,1,1,4294967295,0,0
oInvCollPH,1568,80,0008B478,0,1,1,4294967295,0,0
oInvCollPH,1584,80,00380A42,0,1,1,4294967295,0,0
oInvCollPH,1584,64,003B16F2,0,1,1,4294967295,0,0
oInvCollPH,1760,160,000AEEC3,0,1,1,4294967295,0,0
oInvCollPH,1776,160,000E65A2,0,1,1,4294967295,0,0
oInvCollPH,1792,160,0019C267,0,1,1,4294967295,0,0
oInvCollPH,1952,160,00276B60,0,1,1,4294967295,0,0
oInvCollPH,1968,160,00221865,0,1,1,4294967295,0,0
oInvCollPH,1984,160,002CB25D,0,1,1,4294967295,0,0
oInvCollPH,1856,224,000C85F0,0,1,1,4294967295,0,0
oInvCollPH,1872,224,000DC44D,0,1,1,4294967295,0,0
oInvCollPH,1888,224,003A7174,0,1,1,4294967295,0,0
oInvCollPH,1856,256,002489F5,0,1,1,4294967295,0,0
oInvCollPH,1856,272,00402ADA,0,1,1,4294967295,0,0
oInvCollPH,1872,240,0022EB24,0,1,1,4294967295,0,0
oInvCollPH,1872,256,002F1FCC,0,1,1,4294967295,0,0
oInvCollPH,1872,272,0022AC3F,0,1,1,4294967295,0,0
oInvCollPH,2176,112,0009BBAD,0,1,1,4294967295,0,0
oInvCollPH,2176,128,00364F70,0,1,1,4294967295,0,0
oInvCollPH,2176,144,00189DBA,0,1,1,4294967295,0,0
oInvCollPH,2176,160,000C7B04,0,1,1,4294967295,0,0
oInvCollPH,2176,176,003CAFE6,0,1,1,4294967295,0,0
oInvCollPH,2176,192,00373669,0,1,1,4294967295,0,0
oInvCollPH,2176,208,003F67BB,0,1,1,4294967295,0,0
oInvCollPH,2192,208,0011EF6D,0,1,1,4294967295,0,0
oInvCollPH,2192,192,001DF6DD,0,1,1,4294967295,0,0
oInvCollPH,2192,176,003FD773,0,1,1,4294967295,0,0
oInvCollPH,2192,160,000159F3,0,1,1,4294967295,0,0
oInvCollPH,2192,144,000F3139,0,1,1,4294967295,0,0
oInvCollPH,2192,128,00208A2A,0,1,1,4294967295,0,0
oInvCollPH,2192,112,0008B788,0,1,1,4294967295,0,0
oInvCollPH,2192,96,0020394A,0,1,1,4294967295,0,0
oInvCollPH,2496,112,00314554,0,1,1,4294967295,0,0
oInvCollPH,2496,128,000F8164,0,1,1,4294967295,0,0
oInvCollPH,2496,144,001BE2B3,0,1,1,4294967295,0,0
oInvCollPH,2512,144,0007A834,0,1,1,4294967295,0,0
oInvCollPH,2528,144,0022EBB0,0,1,1,4294967295,0,0
oInvCollPH,2544,144,0011018D,0,1,1,4294967295,0,0
oInvCollPH,2368,240,0017FEF8,0,1,1,4294967295,0,0
oInvCollPH,2368,256,0038EEFE,0,1,1,4294967295,0,0
oInvCollPH,2368,272,00301D94,0,1,1,4294967295,0,0
oInvCollPH,2384,224,00069D2C,0,1,1,4294967295,0,0
oInvCollPH,2400,224,000082AF,0,1,1,4294967295,0,0
oInvCollPH,2416,224,0006FE20,0,1,1,4294967295,0,0
oInvCollPH,2432,224,00128531,0,1,1,4294967295,0,0
oInvCollPH,2448,224,00332A61,0,1,1,4294967295,0,0
oInvCollPH,2464,224,0034A88F,0,1,1,4294967295,0,0
oInvCollPH,2480,224,002FE0DE,0,1,1,4294967295,0,0
oInvCollPH,2496,224,0027DB74,0,1,1,4294967295,0,0
oInvCollPH,2512,224,001EC39D,0,1,1,4294967295,0,0
oInvCollPH,2528,224,002B142C,0,1,1,4294967295,0,0
oInvCollPH,2544,224,0033C47A,0,1,1,4294967295,0,0
oInvCollPH,2192,288,00020CA3,0,1,1,4294967295,0,0
oInvCollPH,2208,288,001F7811,0,1,1,4294967295,0,0
oInvCollPH,2224,288,0020D1AC,0,1,1,4294967295,0,0
oInvCollPH,2240,288,00044D50,0,1,1,4294967295,0,0
oInvCollPH,2256,288,001319BE,0,1,1,4294967295,0,0
oInvCollPH,2272,288,0039C203,0,1,1,4294967295,0,0
oInvCollPH,2288,288,001CCF2F,0,1,1,4294967295,0,0
oInvCollPH,2304,288,00279CE6,0,1,1,4294967295,0,0
oInvCollPH,2320,288,0015AD1D,0,1,1,4294967295,0,0
oInvCollPH,2336,288,00204D8B,0,1,1,4294967295,0,0
oInvCollPH,2352,288,000ADDE4,0,1,1,4294967295,0,0
oInvCollPH,2176,304,00267F43,0,1,1,4294967295,0,0
oInvCollPH,2176,320,0019CFED,0,1,1,4294967295,0,0
oInvCollPH,2176,336,0010435F,0,1,1,4294967295,0,0
oInvCollPH,2080,96,002BC0C3,0,1,1,4294967295,0,0
oInvCollPH,2080,112,0034B1AB,0,1,1,4294967295,0,0
oInvCollPH,2080,128,0020F4AE,0,1,1,4294967295,0,0
oInvCollPH,2080,144,000BADCC,0,1,1,4294967295,0,0
oInvCollPH,2080,80,0038CB08,0,1,1,4294967295,0,0
oInvCollPH,2080,160,00069F26,0,1,1,4294967295,0,0
oInvCollPH,2080,176,0028A0B6,0,1,1,4294967295,0,0
oInvCollPH,2080,192,0039E9CC,0,1,1,4294967295,0,0
oInvCollPH,2080,208,001E75CD,0,1,1,4294967295,0,0
oInvCollPH,2096,208,003A1AF6,0,1,1,4294967295,0,0
oInvCollPH,2112,208,0021F9CF,0,1,1,4294967295,0,0
oInvCollPH,2128,208,00208F94,0,1,1,4294967295,0,0
oInvCollPH,2128,192,0015CD26,0,1,1,4294967295,0,0
oInvCollPH,2128,176,0033DAAF,0,1,1,4294967295,0,0
oInvCollPH,2128,160,00380C3E,0,1,1,4294967295,0,0
oInvCollPH,2128,144,00073E3E,0,1,1,4294967295,0,0
oInvCollPH,2128,128,002191C2,0,1,1,4294967295,0,0
oInvCollPH,2128,112,0000EC39,0,1,1,4294967295,0,0
oInvCollPH,2128,96,00017BB4,0,1,1,4294967295,0,0
oInvCollPH,2128,80,002C5033,0,1,1,4294967295,0,0
oInvCollPH,2128,64,0033179E,0,1,1,4294967295,0,0
oInvCollPH,2400,80,002FD049,0,1,1,4294967295,0,0
oInvCollPH,2416,80,00270948,0,1,1,4294967295,0,0
oInvCollPH,2432,80,0034841E,0,1,1,4294967295,0,0
oInvCollPH,2448,80,0005038D,0,1,1,4294967295,0,0
oInvCollPH,2464,80,001CB704,0,1,1,4294967295,0,0
oInvCollPH,2480,80,00379501,0,1,1,4294967295,0,0
oInvCollPH,2240,80,0016F30F,0,1,1,4294967295,0,0
oInvCollPH,2256,80,002F29DD,0,1,1,4294967295,0,0
oInvCollPH,2272,80,003D66AC,0,1,1,4294967295,0,0
oInvCollPH,2288,80,00348AFB,0,1,1,4294967295,0,0
oInvCollPH,2304,80,001E912C,0,1,1,4294967295,0,0
oInvCollPH,2320,80,0027CFBF,0,1,1,4294967295,0,0
oInvCollPH,2336,80,001C622F,0,1,1,4294967295,0,0
oInvCollPH,2352,80,002067CD,0,1,1,4294967295,0,0
oInvCollPH,2368,80,000037C5,0,1,1,4294967295,0,0
oInvCollPH,2384,80,00337165,0,1,1,4294967295,0,0
oInvCollPH,2224,80,00152493,0,1,1,4294967295,0,0
oInvCollPH,2208,80,0017A5DB,0,1,1,4294967295,0,0
oInvCollPH,2176,80,0011C7E8,0,1,1,4294967295,0,0
oInvCollPH,2176,64,00141A30,0,1,1,4294967295,0,0
oInvCollPH,2160,48,0034C8B2,0,1,1,4294967295,0,0
oInvCollPH,2144,48,002547C6,0,1,1,4294967295,0,0
oInvCollPH,2064,48,002634FC,0,1,1,4294967295,0,0
oInvCollPH,2048,48,002D3151,0,1,1,4294967295,0,0
oInvCollPH,2032,48,0016B944,0,1,1,4294967295,0,0
oInvCollPH,2016,48,0000BD4C,0,1,1,4294967295,0,0
oInvCollPH,1856,48,003BE78D,0,1,1,4294967295,0,0
oInvCollPH,1872,48,003CC574,0,1,1,4294967295,0,0
oInvCollPH,1888,48,0027846E,0,1,1,4294967295,0,0
oInvCollPH,1904,48,003CDF93,0,1,1,4294967295,0,0
oInvCollPH,1920,48,002AB9B0,0,1,1,4294967295,0,0
oInvCollPH,1936,48,001BB942,0,1,1,4294967295,0,0
oInvCollPH,1952,48,0038D9EB,0,1,1,4294967295,0,0
oInvCollPH,1968,48,00094319,0,1,1,4294967295,0,0
oInvCollPH,1984,48,00087058,0,1,1,4294967295,0,0
oInvCollPH,2000,48,0016EDCE,0,1,1,4294967295,0,0
oInvCollPH,1696,48,001A1832,0,1,1,4294967295,0,0
oInvCollPH,1712,48,003906D0,0,1,1,4294967295,0,0
oInvCollPH,1728,48,0035F515,0,1,1,4294967295,0,0
oInvCollPH,1744,48,001C2E31,0,1,1,4294967295,0,0
oInvCollPH,1760,48,001A102D,0,1,1,4294967295,0,0
oInvCollPH,1776,48,00114357,0,1,1,4294967295,0,0
oInvCollPH,1792,48,00147B3D,0,1,1,4294967295,0,0
oInvCollPH,1808,48,00238A85,0,1,1,4294967295,0,0
oInvCollPH,1824,48,002BD1E0,0,1,1,4294967295,0,0
oInvCollPH,1840,48,003EBE0A,0,1,1,4294967295,0,0
oInvCollPH,1680,48,001134D9,0,1,1,4294967295,0,0
oInvCollPH,1664,48,003AA676,0,1,1,4294967295,0,0
oInvCollPH,1648,48,0030E1AA,0,1,1,4294967295,0,0
oInvCollPH,1632,48,0002CF46,0,1,1,4294967295,0,0
oInvCollPH,1616,48,002BA23B,0,1,1,4294967295,0,0
oInvCollPH,1600,48,00100422,0,1,1,4294967295,0,0
oInvCollPH,1712,288,002BC66F,0,1,1,4294967295,0,0
oInvCollPH,1728,288,00013ADD,0,1,1,4294967295,0,0
oInvCollPH,1744,288,000FE267,0,1,1,4294967295,0,0
oInvCollPH,1760,288,0022923A,0,1,1,4294967295,0,0
oInvCollPH,1776,288,00145045,0,1,1,4294967295,0,0
oInvCollPH,1792,288,003BF951,0,1,1,4294967295,0,0
oInvCollPH,1808,288,001A7B86,0,1,1,4294967295,0,0
oInvCollPH,1824,288,003669EA,0,1,1,4294967295,0,0
oInvCollPH,1840,288,00346716,0,1,1,4294967295,0,0
oInvCollPH,1888,288,00387CBB,0,1,1,4294967295,0,0
oInvCollPH,1904,288,002FD0B0,0,1,1,4294967295,0,0
oInvCollPH,1920,288,0012E16F,0,1,1,4294967295,0,0
oInvCollPH,1936,288,0036D300,0,1,1,4294967295,0,0
oInvCollPH,1952,288,0018DAF5,0,1,1,4294967295,0,0
oInvCollPH,1968,288,001C3373,0,1,1,4294967295,0,0
oInvCollPH,1984,288,001564F8,0,1,1,4294967295,0,0
oInvCollPH,2000,288,00343F84,0,1,1,4294967295,0,0
oInvCollPH,2016,288,002DA9C6,0,1,1,4294967295,0,0
oInvCollPH,2032,288,000C1CEC,0,1,1,4294967295,0,0
oInvCollPH,2048,288,0012B5D9,0,1,1,4294967295,0,0
oInvCollPH,2064,288,001B0CC4,0,1,1,4294967295,0,0
oInvCollPH,2080,288,002B8410,0,1,1,4294967295,0,0
oInvCollPH,2096,288,0037D2B0,0,1,1,4294967295,0,0
oInvCollPH,2112,288,003FFD7C,0,1,1,4294967295,0,0
oInvCollPH,2128,288,00342EB7,0,1,1,4294967295,0,0
oInvCollPH,2128,304,002DA133,0,1,1,4294967295,0,0
oInvCollPH,2128,320,0005C29D,0,1,1,4294967295,0,0
oInvCollPH,2128,336,002E49D4,0,1,1,4294967295,0,0
oInvisibleSolid,0,288,000D1202,0,1,1,4294967295,0,1
oInvisibleSolid,320,256,0038D0A4,0,1,1,4294967295,0,1
oInvisibleSolid,448,256,003A9679,0,1,1,4294967295,0,1
oInvisibleSolid,0,0,00266763,0,1,1,4294967295,0,1
oInvisibleSolid,256,0,0007D755,0,1,1,4294967295,0,1
oInvisibleSolid,320,0,0010E8E4,0,1,1,4294967295,0,1
oInvisibleSolid,384,0,0027BE16,0,1,1,4294967295,0,1
oInvisibleSolid,576,160,000BBE0A,0,1,1,4294967295,0,1
oInvisibleSolid,608,176,0037DF44,0,1,1,4294967295,0,1
oInvisibleSolid,608,224,000243F2,0,1,1,4294967295,0,1
oInvisibleSolid,736,64,00170620,0,1,1,4294967295,0,1
oInvisibleSolid,1120,224,0001448F,0,1,1,4294967295,0,1
oInvisibleSolid,1024,128,002ECA78,0,1,1,4294967295,0,1
oInvisibleSolid,960,0,0016ABA9,0,1,1,4294967295,0,1
oInvisibleSolid,1056,0,0023784C,0,1,1,4294967295,0,1
oInvisibleSolid,1184,0,001D56BB,0,1,1,4294967295,0,1
oInvisibleSolid,1248,192,001C170E,0,1,1,4294967295,0,1
oInvisibleSolid,2176,96,001C389E,0,1,1,4294967295,0,1
oInvisibleSolid,2080,64,0010527F,0,1,1,4294967295,0,1
oInvisibleSolid,2496,96,000962EB,0,1,1,4294967295,0,1
oInvisibleSolid,2176,288,003ADCF1,0,1,1,4294967295,0,1
oInvisibleSolid,2368,224,002ABF71,0,1,1,4294967295,0,1
oInvisibleSolid,2176,0,003C5CB9,0,1,1,4294967295,0,1
oInvisibleSolid,1600,0,00144489,0,1,1,4294967295,0,1
oInvisibleSolid,1840,224,00148531,0,1,1,4294967295,0,1
oInvisibleSolid,1856,240,002A945D,0,1,1,4294967295,0,1
oInvisibleSolid,1936,160,00333A4F,0,1,1,4294967295,0,1
oInvisibleSolid,1744,160,003496A1,0,1,1,4294967295,0,1
oInvisibleSolid,1696,288,000C5629,0,1,1,4294967295,0,1
oInvisibleSolid,208,224,0011EEA6,0,1,1,4294967295,0,1
