oExit,0,256,0012A181,0,1,1,4294967295,0,1
oExit,1520,304,0015EA1F,0,1,1,4294967295,0,1
oSwitchHolder,600,72,003AE676,0,1,1,4294967295,0,1
oSwitchHolder,1064,136,003324DB,0,1,1,4294967295,0,1
oSwitchHolder,1176,200,001E0A76,0,1,1,4294967295,0,1
oSwitchHolder,288,168,00313716,0,1,1,4294967295,0,1
oSwitchBarrier,128,256,0001E64B,0,1,1,4294967295,0,1
oSwitchBarrier,144,256,00354639,0,1,1,4294967295,0,1
oSwitchBarrier,160,256,002405FF,0,1,1,4294967295,0,1
oSwitchBarrier,176,256,003575C2,0,1,1,4294967295,0,1
oChaosLaserGun,208,136,000BBAFC,0,1,1,4294967295,0,1
oChaosLaserGun,712,152,0033AD4F,0,1,1,4294967295,0,1
oChaosLaserGun,728,152,003F4A35,0,1,1,4294967295,0,1
oChaosLaserGun,208,104,0020C732,0,1,1,4294967295,0,1
oChaosLaserGun,656,168,002BB69A,0,1,1,4294967295,0,1
oChaosLaserGun,1232,200,002B22BB,0,1,1,4294967295,0,1
oChaosLaserGun,1008,168,002C97D9,0,1,1,4294967295,0,1
oChaosLaserGun,816,104,000E4D95,0,1,1,4294967295,0,1
oChaosLaserGun,1232,136,00254F29,0,1,1,4294967295,0,1
oChaosLaserGun,1232,104,001817AC,0,1,1,4294967295,0,1
oChaosLaserGun,696,232,00331C5E,0,1,1,4294967295,0,1
oChaosLaserGun,696,232,0020B82E,0,1,1,4294967295,0,1
oPlayer1,48,272,000F8826,0,1,1,4294967295,0,0
oInvCollPH,16,272,001ED47B,0,1,1,4294967295,0,0
oInvCollPH,32,272,0025E2B5,0,1,1,4294967295,0,0
oInvCollPH,48,272,000DB175,0,1,1,4294967295,0,0
oInvCollPH,64,272,00158082,0,1,1,4294967295,0,0
oInvCollPH,80,272,0016C22C,0,1,1,4294967295,0,0
oInvCollPH,96,272,002FA5E9,0,1,1,4294967295,0,0
oInvCollPH,112,272,00215336,0,1,1,4294967295,0,0
oInvCollPH,128,272,00354AC3,0,1,1,4294967295,0,0
oInvCollPH,144,272,0036B136,0,1,1,4294967295,0,0
oInvCollPH,80,224,0011DCED,0,1,1,4294967295,0,0
oInvCollPH,176,192,00083BF6,0,1,1,4294967295,0,0
oInvCollPH,176,176,00350BDE,0,1,1,4294967295,0,0
oInvCollPH,176,160,00098666,0,1,1,4294967295,0,0
oInvCollPH,176,144,000EF2D9,0,1,1,4294967295,0,0
oInvCollPH,176,128,002B1176,0,1,1,4294967295,0,0
oInvCollPH,176,112,00218355,0,1,1,4294967295,0,0
oInvCollPH,176,96,0011F5F9,0,1,1,4294967295,0,0
oInvCollSM,16,240,002EF8FE,0,1,1,4294967295,0,0
oInvCollSM,32,240,0014463D,0,1,1,4294967295,0,0
oInvCollSM,48,240,003DC01A,0,1,1,4294967295,0,0
oInvCollSM,64,240,00245B7B,0,1,1,4294967295,0,0
oInvCollSM,80,240,00363300,0,1,1,4294967295,0,0
oInvCollSM,96,208,0024FE81,0,1,1,4294967295,0,0
oInvCollSM,112,208,0023F535,0,1,1,4294967295,0,0
oInvCollSM,128,208,0028CF78,0,1,1,4294967295,0,0
oInvCollSM,144,208,0039C275,0,1,1,4294967295,0,0
oInvCollSM,160,208,001B6C37,0,1,1,4294967295,0,0
oInvCollSM,176,208,001095E1,0,1,1,4294967295,0,0
oInvCollSM,240,176,00158726,0,1,1,4294967295,0,0
oInvCollSM,256,176,001904DA,0,1,1,4294967295,0,0
oInvCollSM,272,176,00276509,0,1,1,4294967295,0,0
oInvCollSM,288,176,000A4771,0,1,1,4294967295,0,0
oInvCollSM,304,176,002F6942,0,1,1,4294967295,0,0
oInvCollSM,320,176,000924A2,0,1,1,4294967295,0,0
oInvCollSM,336,176,002CAAAE,0,1,1,4294967295,0,0
oInvCollSM,240,144,0005EC84,0,1,1,4294967295,0,0
oInvCollSM,256,144,001C12D1,0,1,1,4294967295,0,0
oInvCollSM,272,144,0008F374,0,1,1,4294967295,0,0
oInvCollSM,288,144,002FCA75,0,1,1,4294967295,0,0
oInvCollSM,304,144,001C5888,0,1,1,4294967295,0,0
oInvCollSM,320,144,0029CCEB,0,1,1,4294967295,0,0
oInvCollSM,336,144,00107C80,0,1,1,4294967295,0,0
oInvCollSM,352,144,0005A406,0,1,1,4294967295,0,0
oInvCollSM,368,144,002092E7,0,1,1,4294967295,0,0
oInvCollSM,384,144,001E323C,0,1,1,4294967295,0,0
oInvCollSM,400,144,0029C1E5,0,1,1,4294967295,0,0
oInvCollSM,416,144,002FF6E6,0,1,1,4294967295,0,0
oInvCollSM,432,144,00270062,0,1,1,4294967295,0,0
oInvCollSM,448,144,00080F20,0,1,1,4294967295,0,0
oInvCollSM,464,144,002FF6D0,0,1,1,4294967295,0,0
oInvCollSM,208,112,0031AD43,0,1,1,4294967295,0,0
oInvCollSM,224,112,002C7144,0,1,1,4294967295,0,0
oInvCollSM,240,112,0014ABB0,0,1,1,4294967295,0,0
oInvCollSM,256,112,001DB50D,0,1,1,4294967295,0,0
oInvCollSM,272,112,00185089,0,1,1,4294967295,0,0
oInvCollSM,288,112,00268532,0,1,1,4294967295,0,0
oInvCollSM,304,112,0001DB0B,0,1,1,4294967295,0,0
oInvCollSM,496,112,002A8768,0,1,1,4294967295,0,0
oInvCollSM,480,112,0033DB50,0,1,1,4294967295,0,0
oInvCollSM,464,112,001EBFD2,0,1,1,4294967295,0,0
oInvCollSM,448,112,0000DD55,0,1,1,4294967295,0,0
oInvCollSM,432,112,00316F8C,0,1,1,4294967295,0,0
oInvCollSM,416,112,001999FE,0,1,1,4294967295,0,0
oInvCollSM,400,112,003D1234,0,1,1,4294967295,0,0
oInvCollSM,384,112,0019F801,0,1,1,4294967295,0,0
oInvCollSM,368,112,002EE474,0,1,1,4294967295,0,0
oInvCollSM,512,112,0032FC7F,0,1,1,4294967295,0,0
oInvCollSM,528,112,0014E1C8,0,1,1,4294967295,0,0
oInvCollSM,544,112,001DAD3D,0,1,1,4294967295,0,0
oInvCollSM,560,112,0036A222,0,1,1,4294967295,0,0
oInvCollSM,576,112,0007C341,0,1,1,4294967295,0,0
oInvCollSM,592,112,001ACFDE,0,1,1,4294967295,0,0
oInvCollSM,608,112,00154091,0,1,1,4294967295,0,0
oInvCollSM,624,112,003A9AF8,0,1,1,4294967295,0,0
oInvCollSM,640,112,001A45EA,0,1,1,4294967295,0,0
oInvCollSM,656,112,002E4392,0,1,1,4294967295,0,0
oInvCollSM,528,144,00400DF8,0,1,1,4294967295,0,0
oInvCollSM,544,144,000CD24C,0,1,1,4294967295,0,0
oInvCollSM,560,144,00274699,0,1,1,4294967295,0,0
oInvCollSM,576,144,001A2F42,0,1,1,4294967295,0,0
oInvCollSM,592,144,0006EC81,0,1,1,4294967295,0,0
oInvCollSM,608,144,00255834,0,1,1,4294967295,0,0
oInvCollSM,624,144,003CC3D3,0,1,1,4294967295,0,0
oInvCollSM,640,144,0012A55D,0,1,1,4294967295,0,0
oInvCollSM,656,144,0011393B,0,1,1,4294967295,0,0
oInvCollSM,528,176,0028C196,0,1,1,4294967295,0,0
oInvCollSM,512,176,0014335D,0,1,1,4294967295,0,0
oInvCollSM,496,176,0022FE2C,0,1,1,4294967295,0,0
oInvCollSM,480,176,003FBFCF,0,1,1,4294967295,0,0
oInvCollSM,464,176,002E4E34,0,1,1,4294967295,0,0
oInvCollSM,448,176,000741FF,0,1,1,4294967295,0,0
oInvCollSM,432,176,0021AEA8,0,1,1,4294967295,0,0
oInvCollSM,416,176,00252EF6,0,1,1,4294967295,0,0
oInvCollSM,400,176,0038A8E4,0,1,1,4294967295,0,0
oInvCollSM,544,176,003EC7C9,0,1,1,4294967295,0,0
oInvCollSM,560,176,002F8247,0,1,1,4294967295,0,0
oInvCollSM,576,176,000A261E,0,1,1,4294967295,0,0
oInvCollSM,592,176,001A6325,0,1,1,4294967295,0,0
oInvCollSM,608,176,003F4A89,0,1,1,4294967295,0,0
oInvCollSM,624,176,001F88CC,0,1,1,4294967295,0,0
oInvCollSM,640,176,0032C436,0,1,1,4294967295,0,0
oInvCollSM,656,176,00318893,0,1,1,4294967295,0,0
oInvCollSM,672,176,0022A031,0,1,1,4294967295,0,0
oInvCollSM,688,176,00097B1C,0,1,1,4294967295,0,0
oInvCollSM,752,176,0033AF89,0,1,1,4294967295,0,0
oInvCollSM,720,240,003BAC89,0,1,1,4294967295,0,0
oInvCollSM,736,240,0021D864,0,1,1,4294967295,0,0
oInvCollSM,752,240,000B0330,0,1,1,4294967295,0,0
oInvCollSM,768,240,003113B9,0,1,1,4294967295,0,0
oInvCollSM,784,240,0013E988,0,1,1,4294967295,0,0
oInvCollSM,800,240,003C720E,0,1,1,4294967295,0,0
oInvCollSM,816,240,002CE772,0,1,1,4294967295,0,0
oInvCollSM,832,240,00143843,0,1,1,4294967295,0,0
oInvCollSM,848,240,0030CF7A,0,1,1,4294967295,0,0
oInvCollSM,880,272,0010B466,0,1,1,4294967295,0,0
oInvCollSM,896,272,002A44DF,0,1,1,4294967295,0,0
oInvCollSM,912,272,00017889,0,1,1,4294967295,0,0
oInvCollSM,928,272,00367F9D,0,1,1,4294967295,0,0
oInvCollSM,944,272,00271B50,0,1,1,4294967295,0,0
oInvCollSM,960,272,00216939,0,1,1,4294967295,0,0
oInvCollSM,976,272,0031482C,0,1,1,4294967295,0,0
oInvCollSM,240,208,003D63A0,0,1,1,4294967295,0,0
oInvCollSM,256,208,001C12C5,0,1,1,4294967295,0,0
oInvCollSM,272,208,0029B423,0,1,1,4294967295,0,0
oInvCollSM,288,208,003075CC,0,1,1,4294967295,0,0
oInvCollSM,304,208,003987FE,0,1,1,4294967295,0,0
oInvCollSM,528,208,002C843C,0,1,1,4294967295,0,0
oInvCollSM,512,208,003AB8C9,0,1,1,4294967295,0,0
oInvCollSM,496,208,0037C40E,0,1,1,4294967295,0,0
oInvCollSM,480,208,00179BAF,0,1,1,4294967295,0,0
oInvCollSM,464,208,001DC245,0,1,1,4294967295,0,0
oInvCollSM,448,208,001F05AC,0,1,1,4294967295,0,0
oInvCollSM,432,208,00145876,0,1,1,4294967295,0,0
oInvCollSM,416,208,00241F38,0,1,1,4294967295,0,0
oInvCollSM,400,208,001A2C69,0,1,1,4294967295,0,0
oInvCollSM,384,208,000AB0DC,0,1,1,4294967295,0,0
oInvCollSM,688,208,0005C966,0,1,1,4294967295,0,0
oInvCollSM,672,208,003AC5AA,0,1,1,4294967295,0,0
oInvCollSM,656,208,00092FE0,0,1,1,4294967295,0,0
oInvCollSM,640,208,001DCCA1,0,1,1,4294967295,0,0
oInvCollSM,624,208,001AA10B,0,1,1,4294967295,0,0
oInvCollSM,608,208,001CF6F5,0,1,1,4294967295,0,0
oInvCollSM,592,208,0001C704,0,1,1,4294967295,0,0
oInvCollSM,576,208,0032E5FD,0,1,1,4294967295,0,0
oInvCollSM,560,208,000E5DDE,0,1,1,4294967295,0,0
oInvCollSM,544,208,0031BD75,0,1,1,4294967295,0,0
oInvCollSM,272,240,001DBCEE,0,1,1,4294967295,0,0
oInvCollSM,256,240,002F12A8,0,1,1,4294967295,0,0
oInvCollSM,240,240,000A457E,0,1,1,4294967295,0,0
oInvCollSM,224,240,000F8911,0,1,1,4294967295,0,0
oInvCollSM,208,240,001CC037,0,1,1,4294967295,0,0
oInvCollSM,192,240,003306F7,0,1,1,4294967295,0,0
oInvCollSM,176,240,002DCDFB,0,1,1,4294967295,0,0
oInvCollSM,160,240,001D040F,0,1,1,4294967295,0,0
oInvCollSM,144,240,000C9CAE,0,1,1,4294967295,0,0
oInvCollSM,352,240,00034763,0,1,1,4294967295,0,0
oInvCollSM,368,240,00278624,0,1,1,4294967295,0,0
oInvCollSM,384,240,001423F5,0,1,1,4294967295,0,0
oInvCollSM,400,240,0026A09A,0,1,1,4294967295,0,0
oInvCollSM,416,240,0010F6CC,0,1,1,4294967295,0,0
oInvCollSM,432,240,000C8CDC,0,1,1,4294967295,0,0
oInvCollSM,448,240,002937B5,0,1,1,4294967295,0,0
oInvCollSM,464,240,0026D334,0,1,1,4294967295,0,0
oInvCollSM,480,240,0010FC97,0,1,1,4294967295,0,0
oInvCollSM,496,240,003D8195,0,1,1,4294967295,0,0
oInvCollSM,288,240,001B3530,0,1,1,4294967295,0,0
oInvCollSM,304,240,00109C5F,0,1,1,4294967295,0,0
oInvCollSM,320,240,00285271,0,1,1,4294967295,0,0
oInvCollSM,336,240,0004F839,0,1,1,4294967295,0,0
oInvCollPH,304,272,0033C1C3,0,1,1,4294967295,0,0
oInvCollPH,288,272,00153F33,0,1,1,4294967295,0,0
oInvCollPH,272,272,0007F905,0,1,1,4294967295,0,0
oInvCollPH,256,272,00372540,0,1,1,4294967295,0,0
oInvCollPH,240,272,001193FA,0,1,1,4294967295,0,0
oInvCollPH,224,272,003A1CE7,0,1,1,4294967295,0,0
oInvCollPH,208,272,000B7A7C,0,1,1,4294967295,0,0
oInvCollPH,192,272,000CAAB2,0,1,1,4294967295,0,0
oInvCollPH,176,272,003DC294,0,1,1,4294967295,0,0
oInvCollPH,160,272,0026337E,0,1,1,4294967295,0,0
oInvCollPH,464,272,00183B8D,0,1,1,4294967295,0,0
oInvCollPH,448,272,0014C036,0,1,1,4294967295,0,0
oInvCollPH,432,272,000FC546,0,1,1,4294967295,0,0
oInvCollPH,416,272,000EECE1,0,1,1,4294967295,0,0
oInvCollPH,400,272,0014E3A5,0,1,1,4294967295,0,0
oInvCollPH,384,272,00113EFB,0,1,1,4294967295,0,0
oInvCollPH,368,272,00043B87,0,1,1,4294967295,0,0
oInvCollPH,352,272,000831AA,0,1,1,4294967295,0,0
oInvCollPH,336,272,0019C5EB,0,1,1,4294967295,0,0
oInvCollPH,320,272,003503C9,0,1,1,4294967295,0,0
oInvCollPH,528,272,00282422,0,1,1,4294967295,0,0
oInvCollPH,512,272,00115E9B,0,1,1,4294967295,0,0
oInvCollPH,496,272,000CF4C5,0,1,1,4294967295,0,0
oInvCollPH,480,272,003D7D02,0,1,1,4294967295,0,0
oInvCollPH,784,272,0019A914,0,1,1,4294967295,0,0
oInvCollPH,768,272,000529A4,0,1,1,4294967295,0,0
oInvCollPH,752,272,002EB17F,0,1,1,4294967295,0,0
oInvCollPH,736,272,003AA8AA,0,1,1,4294967295,0,0
oInvCollPH,720,272,0028FCB9,0,1,1,4294967295,0,0
oInvCollPH,704,272,00244381,0,1,1,4294967295,0,0
oInvCollPH,688,272,0026805F,0,1,1,4294967295,0,0
oInvCollPH,672,272,002148F8,0,1,1,4294967295,0,0
oInvCollPH,800,272,00307AD1,0,1,1,4294967295,0,0
oInvCollPH,816,272,003F803F,0,1,1,4294967295,0,0
oInvCollPH,816,288,0037F404,0,1,1,4294967295,0,0
oInvCollPH,544,256,001879D7,0,1,1,4294967295,0,0
oInvCollPH,560,240,001370E6,0,1,1,4294967295,0,0
oInvCollPH,576,240,001B6D47,0,1,1,4294967295,0,0
oInvCollPH,592,240,00403FDC,0,1,1,4294967295,0,0
oInvCollPH,608,240,001C92A3,0,1,1,4294967295,0,0
oInvCollPH,624,240,003361EF,0,1,1,4294967295,0,0
oInvCollPH,640,240,001F11BD,0,1,1,4294967295,0,0
oInvCollPH,656,240,0000216B,0,1,1,4294967295,0,0
oInvCollPH,656,256,000FEBD7,0,1,1,4294967295,0,0
oInvCollPH,752,160,0009AE45,0,1,1,4294967295,0,0
oInvCollPH,672,160,0007DF66,0,1,1,4294967295,0,0
oInvCollPH,688,144,003E577B,0,1,1,4294967295,0,0
oInvCollPH,688,160,0033E613,0,1,1,4294967295,0,0
oInvCollSM,208,80,0034D613,0,1,1,4294967295,0,0
oInvCollSM,224,80,00198121,0,1,1,4294967295,0,0
oInvCollSM,240,80,0037C063,0,1,1,4294967295,0,0
oInvCollSM,256,80,00391ECA,0,1,1,4294967295,0,0
oInvCollSM,272,80,000112D7,0,1,1,4294967295,0,0
oInvCollSM,288,80,001A5AC7,0,1,1,4294967295,0,0
oInvCollSM,304,80,002782F2,0,1,1,4294967295,0,0
oInvCollSM,320,80,001CD46E,0,1,1,4294967295,0,0
oInvCollSM,336,80,00011217,0,1,1,4294967295,0,0
oInvCollSM,352,80,0035D026,0,1,1,4294967295,0,0
oInvCollSM,368,80,0000BDDF,0,1,1,4294967295,0,0
oInvCollSM,384,80,001702E2,0,1,1,4294967295,0,0
oInvCollSM,400,80,0012ACFB,0,1,1,4294967295,0,0
oInvCollSM,416,80,0015F9AC,0,1,1,4294967295,0,0
oInvCollSM,432,80,002EADEC,0,1,1,4294967295,0,0
oInvCollSM,448,80,001D94AA,0,1,1,4294967295,0,0
oInvCollSM,464,80,001416A2,0,1,1,4294967295,0,0
oInvCollSM,480,80,0015B4B9,0,1,1,4294967295,0,0
oInvCollSM,496,80,0032CA32,0,1,1,4294967295,0,0
oInvCollSM,528,48,001EE72E,0,1,1,4294967295,0,0
oInvCollSM,544,48,00136019,0,1,1,4294967295,0,0
oInvCollSM,560,48,0027F59D,0,1,1,4294967295,0,0
oInvCollSM,576,48,001D1EDC,0,1,1,4294967295,0,0
oInvCollSM,592,48,002F90C8,0,1,1,4294967295,0,0
oInvCollPH,496,64,003E4550,0,1,1,4294967295,0,0
oInvCollPH,544,96,00035322,0,1,1,4294967295,0,0
oInvCollPH,560,80,00108A25,0,1,1,4294967295,0,0
oInvCollPH,576,80,003DEE7E,0,1,1,4294967295,0,0
oInvCollPH,592,80,0030D653,0,1,1,4294967295,0,0
oInvCollPH,608,64,002C5A99,0,1,1,4294967295,0,0
oInvCollPH,672,128,001C6895,0,1,1,4294967295,0,0
oInvCollPH,320,224,002F77BC,0,1,1,4294967295,0,0
oInvCollPH,336,208,0014B6A1,0,1,1,4294967295,0,0
oInvCollPH,352,208,00056176,0,1,1,4294967295,0,0
oInvCollPH,368,208,00023AF2,0,1,1,4294967295,0,0
oInvCollPH,368,224,001A81BE,0,1,1,4294967295,0,0
oInvCollSM,816,112,000C05E7,0,1,1,4294967295,0,0
oInvCollSM,832,112,001EE6AC,0,1,1,4294967295,0,0
oInvCollSM,848,112,00398819,0,1,1,4294967295,0,0
oInvCollSM,912,112,0001AE15,0,1,1,4294967295,0,0
oInvCollSM,928,112,00401543,0,1,1,4294967295,0,0
oInvCollSM,944,112,0030ED66,0,1,1,4294967295,0,0
oInvCollSM,960,112,00038183,0,1,1,4294967295,0,0
oInvCollSM,976,112,002F7838,0,1,1,4294967295,0,0
oInvCollSM,1056,112,00319E27,0,1,1,4294967295,0,0
oInvCollSM,1072,112,0039E0DD,0,1,1,4294967295,0,0
oInvCollSM,976,144,0013E06F,0,1,1,4294967295,0,0
oInvCollSM,992,144,00014417,0,1,1,4294967295,0,0
oInvCollSM,1008,144,0000B908,0,1,1,4294967295,0,0
oInvCollSM,1136,112,001F2423,0,1,1,4294967295,0,0
oInvCollSM,1152,112,0011BA4C,0,1,1,4294967295,0,0
oInvCollSM,1168,112,003684F4,0,1,1,4294967295,0,0
oInvCollSM,1184,112,001F3F4E,0,1,1,4294967295,0,0
oInvCollSM,1200,112,0012E7F0,0,1,1,4294967295,0,0
oInvCollSM,1216,112,00175540,0,1,1,4294967295,0,0
oInvCollSM,1232,112,0032CBBB,0,1,1,4294967295,0,0
oInvCollSM,784,144,00124898,0,1,1,4294967295,0,0
oInvCollSM,800,144,002103F3,0,1,1,4294967295,0,0
oInvCollSM,816,144,0022BB15,0,1,1,4294967295,0,0
oInvCollSM,832,144,00320323,0,1,1,4294967295,0,0
oInvCollSM,848,144,000F7436,0,1,1,4294967295,0,0
oInvCollSM,864,144,003BE69A,0,1,1,4294967295,0,0
oInvCollSM,880,144,00260C1E,0,1,1,4294967295,0,0
oInvCollSM,896,144,002BBCBE,0,1,1,4294967295,0,0
oInvCollSM,912,144,000C1919,0,1,1,4294967295,0,0
oInvCollSM,816,176,003B1CE9,0,1,1,4294967295,0,0
oInvCollSM,832,176,0007CA88,0,1,1,4294967295,0,0
oInvCollSM,848,176,0000DADF,0,1,1,4294967295,0,0
oInvCollSM,864,176,003D276C,0,1,1,4294967295,0,0
oInvCollSM,880,176,002442CE,0,1,1,4294967295,0,0
oInvCollSM,896,176,000A68D8,0,1,1,4294967295,0,0
oInvCollSM,912,176,002BDC39,0,1,1,4294967295,0,0
oInvCollSM,928,176,001FB7A6,0,1,1,4294967295,0,0
oInvCollSM,944,176,00272DE3,0,1,1,4294967295,0,0
oInvCollSM,1088,176,00348BB3,0,1,1,4294967295,0,0
oInvCollSM,1104,176,0037BC72,0,1,1,4294967295,0,0
oInvCollSM,1120,176,0031E932,0,1,1,4294967295,0,0
oInvCollSM,1136,176,003C3F76,0,1,1,4294967295,0,0
oInvCollSM,1152,176,00269580,0,1,1,4294967295,0,0
oInvCollSM,1168,176,001A1D32,0,1,1,4294967295,0,0
oInvCollSM,1184,176,000801FE,0,1,1,4294967295,0,0
oInvCollSM,1200,176,0024B3E7,0,1,1,4294967295,0,0
oInvCollSM,1216,176,00194D6D,0,1,1,4294967295,0,0
oInvCollSM,1232,176,0012D8F5,0,1,1,4294967295,0,0
oInvCollSM,960,176,0008F13A,0,1,1,4294967295,0,0
oInvCollSM,976,176,001C47C4,0,1,1,4294967295,0,0
oInvCollSM,992,176,000D51D6,0,1,1,4294967295,0,0
oInvCollSM,1008,176,0009145A,0,1,1,4294967295,0,0
oInvCollSM,1024,176,001DBAF7,0,1,1,4294967295,0,0
oInvCollSM,1040,176,0018D036,0,1,1,4294967295,0,0
oInvCollSM,1056,176,000988E7,0,1,1,4294967295,0,0
oInvCollSM,1072,176,002ECB87,0,1,1,4294967295,0,0
oInvCollSM,944,80,003C45F4,0,1,1,4294967295,0,0
oInvCollSM,928,80,0009808F,0,1,1,4294967295,0,0
oInvCollSM,912,80,00121184,0,1,1,4294967295,0,0
oInvCollSM,896,80,003EE0DE,0,1,1,4294967295,0,0
oInvCollSM,880,80,003DB027,0,1,1,4294967295,0,0
oInvCollSM,864,80,0013BD21,0,1,1,4294967295,0,0
oInvCollSM,848,80,0012F686,0,1,1,4294967295,0,0
oInvCollSM,832,80,00044C1A,0,1,1,4294967295,0,0
oInvCollSM,816,80,0009F856,0,1,1,4294967295,0,0
oInvCollSM,1104,80,003FFAF0,0,1,1,4294967295,0,0
oInvCollSM,1088,80,00045C69,0,1,1,4294967295,0,0
oInvCollSM,1072,80,00399422,0,1,1,4294967295,0,0
oInvCollSM,1056,80,0009FBC1,0,1,1,4294967295,0,0
oInvCollSM,1040,80,00115196,0,1,1,4294967295,0,0
oInvCollSM,1024,80,00102F61,0,1,1,4294967295,0,0
oInvCollSM,1008,80,0007FB87,0,1,1,4294967295,0,0
oInvCollSM,992,80,00030680,0,1,1,4294967295,0,0
oInvCollSM,976,80,00208C07,0,1,1,4294967295,0,0
oInvCollSM,960,80,001EBF85,0,1,1,4294967295,0,0
oInvCollSM,1120,80,000E653A,0,1,1,4294967295,0,0
oInvCollSM,1136,80,000A9AEC,0,1,1,4294967295,0,0
oInvCollSM,1152,80,000737CA,0,1,1,4294967295,0,0
oInvCollSM,1168,80,000C8013,0,1,1,4294967295,0,0
oInvCollSM,1184,80,0010A08A,0,1,1,4294967295,0,0
oInvCollSM,1200,80,0017D5B8,0,1,1,4294967295,0,0
oInvCollSM,1216,80,002B609F,0,1,1,4294967295,0,0
oInvCollSM,1232,80,0028FBCB,0,1,1,4294967295,0,0
oInvCollSM,1008,304,002C7E84,0,1,1,4294967295,0,0
oInvCollSM,1024,304,0023D2C8,0,1,1,4294967295,0,0
oInvCollSM,1040,304,00021A6A,0,1,1,4294967295,0,0
oInvCollSM,1056,304,0016FDA7,0,1,1,4294967295,0,0
oInvCollSM,1072,304,00179D1E,0,1,1,4294967295,0,0
oInvCollSM,1088,304,003352AC,0,1,1,4294967295,0,0
oInvCollSM,1104,304,000550D1,0,1,1,4294967295,0,0
oInvCollSM,1120,304,002AF707,0,1,1,4294967295,0,0
oInvCollSM,1136,304,00072E7D,0,1,1,4294967295,0,0
oInvCollSM,1152,304,0012DE71,0,1,1,4294967295,0,0
oInvCollSM,1168,304,0037E077,0,1,1,4294967295,0,0
oInvCollSM,1184,304,002871BC,0,1,1,4294967295,0,0
oInvCollSM,1200,304,003511D5,0,1,1,4294967295,0,0
oInvCollSM,1216,304,003FE810,0,1,1,4294967295,0,0
oInvCollSM,1232,304,00020A1E,0,1,1,4294967295,0,0
oInvCollSM,1248,304,00305AB2,0,1,1,4294967295,0,0
oInvCollSM,1264,304,00045E94,0,1,1,4294967295,0,0
oInvCollSM,1280,304,002D7E9C,0,1,1,4294967295,0,0
oInvCollSM,1296,304,003C5D8F,0,1,1,4294967295,0,0
oInvCollPH,736,160,000921D6,0,1,1,4294967295,0,0
oInvCollPH,752,144,0003BEE6,0,1,1,4294967295,0,0
oInvCollPH,784,128,00300390,0,1,1,4294967295,0,0
oInvCollPH,704,128,003F2CA3,0,1,1,4294967295,0,0
oInvCollPH,720,128,002977CD,0,1,1,4294967295,0,0
oInvCollPH,784,96,000E8347,0,1,1,4294967295,0,0
oInvCollPH,1504,256,003FD95C,0,1,1,4294967295,0,0
oInvCollPH,1520,256,004005C0,0,1,1,4294967295,0,0
oInvCollPH,1472,224,001399AD,0,1,1,4294967295,0,0
oInvCollPH,1488,224,003B8FEF,0,1,1,4294967295,0,0
oInvCollPH,1440,192,002B09C7,0,1,1,4294967295,0,0
oInvCollPH,1456,192,00036A07,0,1,1,4294967295,0,0
oInvCollPH,1408,160,00030737,0,1,1,4294967295,0,0
oInvCollPH,1424,160,0013AEEF,0,1,1,4294967295,0,0
oInvCollPH,1312,128,0035F825,0,1,1,4294967295,0,0
oInvCollPH,1328,128,003A4E1C,0,1,1,4294967295,0,0
oInvCollPH,1344,128,002389B9,0,1,1,4294967295,0,0
oInvCollPH,1360,128,0006B351,0,1,1,4294967295,0,0
oInvCollPH,1376,128,0027E0C6,0,1,1,4294967295,0,0
oInvCollPH,1392,128,003F5FBB,0,1,1,4294967295,0,0
oInvCollPH,1024,160,003BCBC8,0,1,1,4294967295,0,0
oInvCollPH,1056,144,001CD6E3,0,1,1,4294967295,0,0
oInvCollPH,1072,144,0015DA5F,0,1,1,4294967295,0,0
oInvCollPH,1088,144,0002BF82,0,1,1,4294967295,0,0
oInvCollPH,1104,144,00081FDD,0,1,1,4294967295,0,0
oInvCollPH,1120,144,001B9B90,0,1,1,4294967295,0,0
oInvCollPH,1136,144,0026DB1F,0,1,1,4294967295,0,0
oInvCollPH,1152,144,002303B5,0,1,1,4294967295,0,0
oInvCollPH,1168,144,002A856E,0,1,1,4294967295,0,0
oInvCollPH,1184,144,00013728,0,1,1,4294967295,0,0
oInvCollPH,1200,144,0019CA9B,0,1,1,4294967295,0,0
oInvCollPH,1216,144,000B7452,0,1,1,4294967295,0,0
oInvCollPH,1232,144,00056989,0,1,1,4294967295,0,0
oInvCollPH,848,304,001C7C3E,0,1,1,4294967295,0,0
oInvCollPH,864,304,000FE118,0,1,1,4294967295,0,0
oInvCollPH,880,304,0011D698,0,1,1,4294967295,0,0
oInvCollPH,896,304,0004C346,0,1,1,4294967295,0,0
oInvCollPH,912,304,002268A2,0,1,1,4294967295,0,0
oInvCollPH,928,304,00034B45,0,1,1,4294967295,0,0
oInvCollPH,944,304,00018750,0,1,1,4294967295,0,0
oInvCollPH,944,320,00346AB5,0,1,1,4294967295,0,0
oInvCollPH,1104,336,001FC3CA,0,1,1,4294967295,0,0
oInvCollPH,1088,336,000783DB,0,1,1,4294967295,0,0
oInvCollPH,1072,336,00310272,0,1,1,4294967295,0,0
oInvCollPH,1056,336,0035488C,0,1,1,4294967295,0,0
oInvCollPH,1040,336,00207AE2,0,1,1,4294967295,0,0
oInvCollPH,1024,336,0026E3F3,0,1,1,4294967295,0,0
oInvCollPH,1008,336,003C145C,0,1,1,4294967295,0,0
oInvCollPH,992,336,000C8B2F,0,1,1,4294967295,0,0
oInvCollPH,976,336,00062307,0,1,1,4294967295,0,0
oInvCollPH,1264,336,000998B2,0,1,1,4294967295,0,0
oInvCollPH,1248,336,002BC3AF,0,1,1,4294967295,0,0
oInvCollPH,1232,336,001D9A08,0,1,1,4294967295,0,0
oInvCollPH,1216,336,00197CC1,0,1,1,4294967295,0,0
oInvCollPH,1200,336,002A12E0,0,1,1,4294967295,0,0
oInvCollPH,1184,336,000237E1,0,1,1,4294967295,0,0
oInvCollPH,1168,336,00288A88,0,1,1,4294967295,0,0
oInvCollPH,1152,336,002545C1,0,1,1,4294967295,0,0
oInvCollPH,1136,336,00369BF1,0,1,1,4294967295,0,0
oInvCollPH,1120,336,001EFE61,0,1,1,4294967295,0,0
oInvCollPH,1424,336,0028F5FA,0,1,1,4294967295,0,0
oInvCollPH,1408,336,001EDC1C,0,1,1,4294967295,0,0
oInvCollPH,1392,336,0034BE72,0,1,1,4294967295,0,0
oInvCollPH,1376,336,001630B7,0,1,1,4294967295,0,0
oInvCollPH,1360,336,001293F4,0,1,1,4294967295,0,0
oInvCollPH,1344,336,0039EFDA,0,1,1,4294967295,0,0
oInvCollPH,1328,336,0008B75C,0,1,1,4294967295,0,0
oInvCollPH,1312,336,003D35CB,0,1,1,4294967295,0,0
oInvCollPH,1296,336,001AF285,0,1,1,4294967295,0,0
oInvCollPH,1280,336,002DA76F,0,1,1,4294967295,0,0
oInvCollPH,1440,336,00189B06,0,1,1,4294967295,0,0
oInvCollPH,1456,336,002DB15C,0,1,1,4294967295,0,0
oInvCollPH,1472,336,0019D257,0,1,1,4294967295,0,0
oInvCollPH,1488,336,000BEED2,0,1,1,4294967295,0,0
oInvCollPH,1504,336,0039FB48,0,1,1,4294967295,0,0
oInvCollPH,1520,336,001D9F89,0,1,1,4294967295,0,0
oInvCollPH,1248,96,0016EF38,0,1,1,4294967295,0,0
oInvCollPH,1248,128,002BC0D8,0,1,1,4294967295,0,0
oInvCollPH,1296,144,001CB994,0,1,1,4294967295,0,0
oInvCollPH,1296,224,0039583E,0,1,1,4294967295,0,0
oInvCollPH,1296,208,0035FEAA,0,1,1,4294967295,0,0
oInvCollPH,1296,192,002C6CEC,0,1,1,4294967295,0,0
oInvCollPH,1296,176,00116E1C,0,1,1,4294967295,0,0
oInvCollPH,1296,160,003816EA,0,1,1,4294967295,0,0
oInvCollPH,1248,192,00021941,0,1,1,4294967295,0,0
oInvCollPH,1296,240,00053C15,0,1,1,4294967295,0,0
oInvCollPH,1296,256,000F28A5,0,1,1,4294967295,0,0
oInvCollPH,1296,272,0009B632,0,1,1,4294967295,0,0
oInvCollPH,1296,288,0029BCD8,0,1,1,4294967295,0,0
oInvCollPH,704,224,0001B6DE,0,1,1,4294967295,0,0
oInvCollPH,720,208,001E26A5,0,1,1,4294967295,0,0
oInvCollPH,736,208,003C0A21,0,1,1,4294967295,0,0
oInvCollPH,752,208,000BA964,0,1,1,4294967295,0,0
oInvCollPH,768,208,002C703A,0,1,1,4294967295,0,0
oInvCollPH,784,208,000A2266,0,1,1,4294967295,0,0
oInvCollPH,800,208,00055C68,0,1,1,4294967295,0,0
oInvCollPH,816,208,003F2766,0,1,1,4294967295,0,0
oInvCollPH,832,208,002548A1,0,1,1,4294967295,0,0
oInvCollPH,848,208,00051E26,0,1,1,4294967295,0,0
oInvCollPH,864,256,00249E88,0,1,1,4294967295,0,0
oInvCollPH,880,208,00198AE8,0,1,1,4294967295,0,0
oInvCollPH,896,208,00019DC2,0,1,1,4294967295,0,0
oInvCollPH,912,208,002B6DA0,0,1,1,4294967295,0,0
oInvCollPH,928,208,00305173,0,1,1,4294967295,0,0
oInvCollPH,944,208,003B39A7,0,1,1,4294967295,0,0
oInvCollPH,960,208,002FCE59,0,1,1,4294967295,0,0
oInvCollPH,976,208,0009E970,0,1,1,4294967295,0,0
oInvCollPH,992,288,00061AE6,0,1,1,4294967295,0,0
oInvCollPH,1008,208,001DDCB6,0,1,1,4294967295,0,0
oInvCollPH,1024,208,0000AAAC,0,1,1,4294967295,0,0
oInvCollPH,1040,208,0014EF80,0,1,1,4294967295,0,0
oInvCollPH,1056,208,00248829,0,1,1,4294967295,0,0
oInvCollPH,1072,208,00023AF4,0,1,1,4294967295,0,0
oInvCollPH,1088,208,00200508,0,1,1,4294967295,0,0
oInvCollPH,1104,208,00033F4C,0,1,1,4294967295,0,0
oInvCollPH,1120,208,000812C7,0,1,1,4294967295,0,0
oInvCollPH,1136,208,00001808,0,1,1,4294967295,0,0
oInvCollPH,1152,208,0033E2D9,0,1,1,4294967295,0,0
oInvCollPH,1168,208,0035E1DC,0,1,1,4294967295,0,0
oInvCollPH,1184,208,00270ABF,0,1,1,4294967295,0,0
oInvCollPH,1200,208,00323A05,0,1,1,4294967295,0,0
oInvCollPH,1216,208,0035E212,0,1,1,4294967295,0,0
oInvCollPH,1232,208,00021E27,0,1,1,4294967295,0,0
oInvCollPH,992,128,002C27CF,0,1,1,4294967295,0,0
oInvCollPH,1008,112,00106745,0,1,1,4294967295,0,0
oInvCollPH,1024,112,0014626E,0,1,1,4294967295,0,0
oInvCollPH,1040,112,00281766,0,1,1,4294967295,0,0
oInvCollPH,1040,128,00374A2F,0,1,1,4294967295,0,0
oInvisibleSolid,0,224,001A0938,0,1,1,4294967295,0,1
oInvisibleSolid,0,272,001ADCCC,0,1,1,4294967295,0,1
oInvisibleSolid,0,0,00233D3F,0,1,1,4294967295,0,1
oInvisibleSolid,192,0,0039EF2B,0,1,1,4294967295,0,1
oInvisibleSolidMorph,192,80,00120B26,0,1,1,4294967295,0,1
oInvisibleSolidMorph,0,240,00020AB2,0,1,1,4294967295,0,1
oInvisibleSolidMorph,0,208,000E66B1,0,1,1,4294967295,0,1
oInvisibleSolidMorph,192,112,001D56AF,0,1,1,4294967295,0,1
oInvisibleSolidMorph,128,240,002A0EE0,0,1,1,4294967295,0,1
oInvisibleSolidMorph,224,144,001EBB07,0,1,1,4294967295,0,1
oInvisibleSolidMorph,352,112,0012BF44,0,1,1,4294967295,0,1
oInvisibleSolidMorph,224,176,002CC4C5,0,1,1,4294967295,0,1
oInvisibleSolidMorph,384,176,003E894A,0,1,1,4294967295,0,1
oInvisibleSolidMorph,512,144,002D4D02,0,1,1,4294967295,0,1
oInvisibleSolidMorph,224,208,0033ABF1,0,1,1,4294967295,0,1
oInvisibleSolidMorph,704,240,000CF592,0,1,1,4294967295,0,1
oInvisibleSolidMorph,864,272,001E18E8,0,1,1,4294967295,0,1
oInvisibleSolidMorph,736,176,0011A942,0,1,1,4294967295,0,1
oInvisibleSolid,320,208,00163B0B,0,1,1,4294967295,0,1
oInvisibleSolid,544,240,0020154C,0,1,1,4294967295,0,1
oInvisibleSolid,704,208,0022473C,0,1,1,4294967295,0,1
oInvisibleSolid,544,80,002C1367,0,1,1,4294967295,0,1
oInvisibleSolid,608,0,0034BA45,0,1,1,4294967295,0,1
oInvisibleSolid,672,144,003B8AFC,0,1,1,4294967295,0,1
oInvisibleSolid,736,144,002E9130,0,1,1,4294967295,0,1
oInvisibleSolidMorph,512,48,0034A6D5,0,1,1,4294967295,0,1
oInvisibleSolid,512,0,0038AF0E,0,1,1,4294967295,0,1
oInvisibleSolid,672,112,002F9AC3,0,1,1,4294967295,0,1
oInvisibleSolidMorph,992,304,00403E84,0,1,1,4294967295,0,1
oInvisibleSolidMorph,800,176,00246DAC,0,1,1,4294967295,0,1
oInvisibleSolidMorph,768,144,00106B1B,0,1,1,4294967295,0,1
oInvisibleSolidMorph,800,112,0029AE6F,0,1,1,4294967295,0,1
oInvisibleSolidMorph,896,112,00033140,0,1,1,4294967295,0,1
oInvisibleSolidMorph,960,144,003BCAED,0,1,1,4294967295,0,1
oInvisibleSolidMorph,1120,112,000B43F7,0,1,1,4294967295,0,1
oInvisibleSolidMorph,800,80,0035C999,0,1,1,4294967295,0,1
oInvisibleSolid,800,0,0009175C,0,1,1,4294967295,0,1
oInvisibleSolid,1024,144,001A6F82,0,1,1,4294967295,0,1
oInvisibleSolid,864,208,00233716,0,1,1,4294967295,0,1
oInvisibleSolid,992,208,002C8744,0,1,1,4294967295,0,1
oInvisibleSolid,832,304,002695D5,0,1,1,4294967295,0,1
oInvisibleSolid,960,336,002B1202,0,1,1,4294967295,0,1
oInvisibleSolid,1504,240,0000BC9F,0,1,1,4294967295,0,1
oInvisibleSolid,1472,208,00261930,0,1,1,4294967295,0,1
oInvisibleSolid,1440,176,002B7A9D,0,1,1,4294967295,0,1
oInvisibleSolid,1408,144,00112B05,0,1,1,4294967295,0,1
oInvisibleSolid,1312,0,00306DC8,0,1,1,4294967295,0,1
oInvisibleSolid,1248,80,001D93F7,0,1,1,4294967295,0,1
oInvisibleSolid,992,112,002B39D7,0,1,1,4294967295,0,1
