oPlayer1,128,288,0025E718,0,1,1,4294967295,0,0
oInvCollPH,16,64,00073230,0,1,1,4294967295,0,0
oInvCollPH,16,80,00177952,0,1,1,4294967295,0,0
oInvCollPH,16,96,002B9816,0,1,1,4294967295,0,0
oInvCollPH,16,112,003B040D,0,1,1,4294967295,0,0
oInvCollPH,16,128,003CC57A,0,1,1,4294967295,0,0
oInvCollPH,16,144,002F6822,0,1,1,4294967295,0,0
oInvCollPH,16,160,00340E3E,0,1,1,4294967295,0,0
oInvCollPH,16,176,0009C544,0,1,1,4294967295,0,0
oInvCollPH,16,192,0007CDD2,0,1,1,4294967295,0,0
oInvCollPH,16,208,00129EC6,0,1,1,4294967295,0,0
oInvCollPH,16,224,00085B95,0,1,1,4294967295,0,0
oInvCollPH,16,240,003DD3E6,0,1,1,4294967295,0,0
oInvCollPH,16,256,003049F1,0,1,1,4294967295,0,0
oInvCollPH,16,272,0028DED9,0,1,1,4294967295,0,0
oInvCollPH,448,80,00247141,0,1,1,4294967295,0,0
oInvCollPH,448,96,00072485,0,1,1,4294967295,0,0
oInvCollPH,448,112,00110341,0,1,1,4294967295,0,0
oInvCollPH,448,128,00194344,0,1,1,4294967295,0,0
oInvCollPH,448,144,0004D76D,0,1,1,4294967295,0,0
oInvCollPH,448,160,0008323D,0,1,1,4294967295,0,0
oInvCollPH,448,176,0001F49B,0,1,1,4294967295,0,0
oInvCollPH,448,192,000CC128,0,1,1,4294967295,0,0
oInvCollPH,448,208,0031BA3B,0,1,1,4294967295,0,0
oInvCollPH,448,224,003ADA32,0,1,1,4294967295,0,0
oInvCollPH,448,240,000A059B,0,1,1,4294967295,0,0
oInvCollPH,448,256,0010E322,0,1,1,4294967295,0,0
oInvCollPH,448,272,00358C21,0,1,1,4294967295,0,0
oInvCollPH,32,48,002B22DA,0,1,1,4294967295,0,0
oInvCollPH,48,48,00046021,0,1,1,4294967295,0,0
oInvCollPH,64,48,002DACF6,0,1,1,4294967295,0,0
oInvCollPH,80,48,0025166D,0,1,1,4294967295,0,0
oInvCollPH,96,48,0010C0ED,0,1,1,4294967295,0,0
oInvCollPH,112,48,00065900,0,1,1,4294967295,0,0
oInvCollPH,128,48,003CC0FC,0,1,1,4294967295,0,0
oInvCollPH,144,48,001F8996,0,1,1,4294967295,0,0
oInvCollPH,160,48,000D5A5F,0,1,1,4294967295,0,0
oInvCollPH,176,48,000693DD,0,1,1,4294967295,0,0
oInvCollPH,192,48,000B28D3,0,1,1,4294967295,0,0
oInvCollPH,208,48,00025752,0,1,1,4294967295,0,0
oInvCollPH,224,48,002D725E,0,1,1,4294967295,0,0
oInvCollPH,240,48,000DD0A2,0,1,1,4294967295,0,0
oInvCollPH,256,48,0029302A,0,1,1,4294967295,0,0
oInvCollPH,272,48,00009A6E,0,1,1,4294967295,0,0
oInvCollPH,288,48,0015C831,0,1,1,4294967295,0,0
oInvCollPH,304,48,00075D71,0,1,1,4294967295,0,0
oInvCollPH,320,48,00179F33,0,1,1,4294967295,0,0
oInvCollPH,336,48,001ACDD1,0,1,1,4294967295,0,0
oInvCollPH,352,48,001A1917,0,1,1,4294967295,0,0
oInvCollPH,368,48,00192FE7,0,1,1,4294967295,0,0
oInvCollPH,384,48,001C5840,0,1,1,4294967295,0,0
oInvCollPH,400,48,00079198,0,1,1,4294967295,0,0
oInvCollPH,416,48,0039351F,0,1,1,4294967295,0,0
oInvCollPH,432,48,0009DE4B,0,1,1,4294967295,0,0
oInvCollPH,32,288,002D3054,0,1,1,4294967295,0,0
oInvCollPH,48,288,002AEF1D,0,1,1,4294967295,0,0
oInvCollPH,64,288,0007FF12,0,1,1,4294967295,0,0
oInvCollPH,80,288,0022854E,0,1,1,4294967295,0,0
oInvCollPH,96,288,0016E5DC,0,1,1,4294967295,0,0
oInvCollPH,112,288,00005F97,0,1,1,4294967295,0,0
oInvCollPH,128,288,000907D9,0,1,1,4294967295,0,0
oInvCollPH,144,288,0005C2F2,0,1,1,4294967295,0,0
oInvCollPH,160,288,002B5748,0,1,1,4294967295,0,0
oInvCollPH,176,288,00160B1C,0,1,1,4294967295,0,0
oInvCollPH,192,288,001AF3C5,0,1,1,4294967295,0,0
oInvCollPH,208,288,002FAD3E,0,1,1,4294967295,0,0
oInvCollPH,224,288,002C0514,0,1,1,4294967295,0,0
oInvCollPH,240,288,001CB439,0,1,1,4294967295,0,0
oInvCollPH,256,288,002C620E,0,1,1,4294967295,0,0
oInvCollPH,272,288,00170412,0,1,1,4294967295,0,0
oInvCollPH,288,288,0023033C,0,1,1,4294967295,0,0
oInvCollPH,304,288,0000ECFD,0,1,1,4294967295,0,0
oInvCollPH,320,288,0030F792,0,1,1,4294967295,0,0
oInvCollPH,336,288,0014C3EF,0,1,1,4294967295,0,0
oInvCollPH,352,288,0029F8AB,0,1,1,4294967295,0,0
oInvCollPH,368,288,000B7617,0,1,1,4294967295,0,0
oInvCollPH,384,288,002E9496,0,1,1,4294967295,0,0
oInvCollPH,400,288,00005C2C,0,1,1,4294967295,0,0
oInvCollPH,416,288,000A839A,0,1,1,4294967295,0,0
oInvCollPH,432,288,00004EF7,0,1,1,4294967295,0,0
oInvisibleSolid,0,288,000951C2,0,1,1,4294967295,0,1
oInvisibleSolid,0,0,0009B518,0,1,1,4294967295,0,1
oInvisibleSolid,0,64,00087A1F,0,1,1,4294967295,0,1
oInvisibleSolid,448,64,000A97DF,0,1,1,4294967295,0,1
