oExit,120,256,0032E7B7,0,1,1,4294967295,0,1
oPlayer1,160,288,001F01BC,0,1,1,4294967295,0,0
oInvisibleSolid,64,288,000D7319,0,1,1,4294967295,0,1
oInvisibleSolid,64,0,0015FCB9,0,1,1,4294967295,0,1
oInvisibleSolid,0,0,00181893,0,1,1,4294967295,0,1
oInvisibleSolid,640,32,0000DF08,0,1,1,4294967295,0,1
oInvisibleSolid,320,208,003F5ED9,0,1,1,4294967295,0,0
oInvisibleSolid,512,176,000139B2,0,1,1,4294967295,0,0
oInvisibleSolid,992,32,003AF9B4,0,1,1,4294967295,0,1
oInvisibleSolid,640,224,000A23A4,0,1,1,4294967295,0,1
oInvisibleSolid,864,160,000A2E76,0,1,1,4294967295,0,0
