tileMM_ToxicJungleA,904,288,48,80,32,16,0,1,1,4294967295
tileMM_ToxicJungleA,1016,288,48,80,32,16,0,1,1,4294967295
tileMM_ToxicJungleA,904,112,48,64,32,16,0,1,1,4294967295
tileMM_ToxicJungleA,1016,112,48,64,32,16,0,1,1,4294967295
tileMM_ToxicJungleA,912,128,144,64,16,80,0,1,1,4294967295
tileMM_ToxicJungleA,1024,128,144,64,16,80,0,1,1,4294967295
tileMM_ToxicJungleA,912,208,144,80,16,16,0,1,1,4294967295
tileMM_ToxicJungleA,912,224,144,80,16,64,0,1,1,4294967295
tileMM_ToxicJungleA,1024,208,144,80,16,32,0,1,1,4294967295
tileMM_ToxicJungleA,1024,240,144,80,16,16,0,1,1,4294967295
tileMM_ToxicJungleA,1024,256,144,112,16,32,0,1,1,4294967295
