oMuncher,2976,192,002905D8,0,1,1,4294967295,0,0
oMuncher,2992,192,00330F26,0,1,1,4294967295,0,0
oMuncher,3008,192,003F001E,0,1,1,4294967295,0,1
oMuncher,3024,192,0022C84F,0,1,1,4294967295,0,1
oMuncher,3136,160,0032CF8E,0,1,1,4294967295,0,0
oMuncher,3232,128,003B835B,0,1,1,4294967295,0,1
oSignPost,16,224,0028A10A,0,1,1,4294967295,0,1
oExit,3440,80,001F89FC,0,1,1,4294967295,0,1
oMarioQBlock,3344,48,0024FE33,0,1,1,4294967295,0,1
oMarioQBlock,3360,48,003F1FB4,0,1,1,4294967295,0,1
oMarioSpikeFloor,832,272,00129C56,0,1,1,4294967295,0,0
oMarioSpikeFloor,848,272,0011508A,0,1,1,4294967295,0,0
oMarioSpikeFloor,864,272,003E3A4B,0,1,1,4294967295,0,0
oMarioSpikeFloor,880,272,0029C6F3,0,1,1,4294967295,0,0
oMarioSpikeFloor,896,272,000D1DF3,0,1,1,4294967295,0,0
oMarioSpikeFloor,1952,288,003E179D,0,1,1,4294967295,0,0
oMarioSpikeFloor,1968,288,00144D55,0,1,1,4294967295,0,0
oMarioSpikeFloor,1984,288,003C4D23,0,1,1,4294967295,0,0
oMarioSpikeFloor,2000,288,002166F1,0,1,1,4294967295,0,0
oMarioSpikeFloor,2016,288,0023CBCB,0,1,1,4294967295,0,0
oMarioSpikeCeiling,2688,128,002250DD,0,1,1,4294967295,0,0
oMarioSpikeCeiling,2704,128,0015A354,0,1,1,4294967295,0,0
oMarioSpikeCeiling,2720,128,0000ADFB,0,1,1,4294967295,0,0
oMarioSpikeCeiling,2736,128,00123ACC,0,1,1,4294967295,0,0
oMarioSpikeCeiling,2752,128,001B92EE,0,1,1,4294967295,0,0
oMarioSpikeCeiling,2768,128,00284714,0,1,1,4294967295,0,0
oMarioSpikeCeiling,2784,128,0004480E,0,1,1,4294967295,0,0
oMarioSpikeCeiling,2800,128,00110FF4,0,1,1,4294967295,0,0
oMarioSpikeCeiling,2816,128,000CEBBD,0,1,1,4294967295,0,0
oMarioSpikeCeiling,2832,128,000639F9,0,1,1,4294967295,0,0
oMarioSpikeCeiling,2848,128,000D4DED,0,1,1,4294967295,0,0
oRedParatroopa,464,224,001AD72E,0,1,1,4294967295,0,0
oRedParatroopa,608,224,003F8C38,0,1,1,4294967295,0,0
oRedParatroopa,784,208,0031CBFC,0,1,1,4294967295,0,0
oRedParatroopa,944,240,0013E70D,0,1,1,4294967295,0,0
oRedParatroopa,1088,192,0000981B,0,1,1,4294967295,0,0
oRedParatroopa,1264,224,00396726,0,1,1,4294967295,0,0
oRedParatroopa,1424,192,00331C55,0,1,1,4294967295,0,0
oRedParatroopa,1552,224,002FFEB8,0,1,1,4294967295,0,0
oRedParatroopa,1696,192,00054CA7,0,1,1,4294967295,0,0
oRedParatroopa,1856,224,003166C4,0,1,1,4294967295,0,0
oRedParatroopa,2032,240,00044F17,0,1,1,4294967295,0,0
oRedParatroopa,2208,272,0013FF6F,0,1,1,4294967295,0,0
oRedParatroopa,2368,224,00265305,0,1,1,4294967295,0,0
oRedParatroopa,2512,192,000859FA,0,1,1,4294967295,0,0
oRedParatroopa,2672,240,0020E266,0,1,1,4294967295,0,0
oRedParatroopa,2768,256,000629A0,0,1,1,4294967295,0,0
oRedParatroopa,2864,272,000CE0DF,0,1,1,4294967295,0,0
oRedParatroopa,2960,288,003A0710,0,1,1,4294967295,0,0
oPlayer1,144,192,0039269F,0,1,1,4294967295,0,0
oInvCollPH,128,16,001446D5,0,1,1,4294967295,0,0
oInvCollPH,128,32,00323C36,0,1,1,4294967295,0,0
oInvCollPH,128,48,0015EEFF,0,1,1,4294967295,0,0
oInvCollPH,128,64,0014F62E,0,1,1,4294967295,0,0
oInvCollPH,128,80,002867CC,0,1,1,4294967295,0,0
oInvCollPH,144,80,00210C3F,0,1,1,4294967295,0,0
oInvCollPH,144,64,001E4156,0,1,1,4294967295,0,0
oInvCollPH,144,48,001DDAA2,0,1,1,4294967295,0,0
oInvCollPH,144,32,0024BA8C,0,1,1,4294967295,0,0
oInvCollPH,144,16,001DC5B5,0,1,1,4294967295,0,0
oInvCollPH,144,0,00128C26,0,1,1,4294967295,0,0
oInvCollPH,16,224,0019FD24,0,1,1,4294967295,0,0
oInvCollPH,112,192,003DB5EE,0,1,1,4294967295,0,0
oInvCollPH,128,192,000247C5,0,1,1,4294967295,0,0
oInvCollPH,144,192,000D6997,0,1,1,4294967295,0,0
oInvCollPH,160,192,00377B9F,0,1,1,4294967295,0,0
oInvCollPH,176,192,0017F46C,0,1,1,4294967295,0,0
oInvCollPH,192,192,003522D5,0,1,1,4294967295,0,0
oInvCollPH,208,192,001F0DCC,0,1,1,4294967295,0,0
oInvCollPH,224,192,000E4851,0,1,1,4294967295,0,0
oInvCollPH,240,192,00047BD8,0,1,1,4294967295,0,0
oInvCollPH,256,192,002A7032,0,1,1,4294967295,0,0
oInvCollPH,272,192,0025A9AF,0,1,1,4294967295,0,0
oInvCollPH,272,208,001898A0,0,1,1,4294967295,0,0
oInvCollPH,272,224,003DDB08,0,1,1,4294967295,0,0
oInvCollPH,272,240,0037AED8,0,1,1,4294967295,0,0
oInvCollPH,272,256,0032FB37,0,1,1,4294967295,0,0
oInvCollPH,272,272,0026C653,0,1,1,4294967295,0,0
oInvCollPH,272,288,001F50D5,0,1,1,4294967295,0,0
oInvCollPH,272,304,00062B08,0,1,1,4294967295,0,0
oInvCollPH,272,320,001C7FBC,0,1,1,4294967295,0,0
oInvCollPH,272,336,002FA2E8,0,1,1,4294967295,0,0
oInvCollPH,848,288,002018DF,0,1,1,4294967295,0,0
oInvCollPH,864,288,000E1813,0,1,1,4294967295,0,0
oInvCollPH,880,288,002772C3,0,1,1,4294967295,0,0
oInvCollPH,896,288,0024818C,0,1,1,4294967295,0,0
oInvCollPH,864,320,0022AFF4,0,1,1,4294967295,0,0
oInvCollPH,864,336,00069545,0,1,1,4294967295,0,0
oInvCollPH,1424,16,000C83A1,0,1,1,4294967295,0,0
oInvCollPH,1440,16,0005588F,0,1,1,4294967295,0,0
oInvCollPH,1456,16,0005AC97,0,1,1,4294967295,0,0
oInvCollPH,1472,16,00141224,0,1,1,4294967295,0,0
oInvCollPH,1968,304,00268611,0,1,1,4294967295,0,0
oInvCollPH,1984,304,004006A5,0,1,1,4294967295,0,0
oInvCollPH,2000,304,002A9C6B,0,1,1,4294967295,0,0
oInvCollPH,2016,304,0002D532,0,1,1,4294967295,0,0
oInvCollPH,1984,336,0025EE5C,0,1,1,4294967295,0,0
oInvCollPH,2128,16,003354FD,0,1,1,4294967295,0,0
oInvCollPH,2128,32,0037F87F,0,1,1,4294967295,0,0
oInvCollPH,2128,48,0034B814,0,1,1,4294967295,0,0
oInvCollPH,2128,64,003D9FD1,0,1,1,4294967295,0,0
oInvCollPH,2128,80,00068025,0,1,1,4294967295,0,0
oInvCollPH,2128,96,0031C544,0,1,1,4294967295,0,0
oInvCollPH,2128,112,00308F7B,0,1,1,4294967295,0,0
oInvCollPH,2688,16,0002BA5E,0,1,1,4294967295,0,0
oInvCollPH,2688,32,0009D141,0,1,1,4294967295,0,0
oInvCollPH,2688,48,000B8EDF,0,1,1,4294967295,0,0
oInvCollPH,2688,64,001C23AB,0,1,1,4294967295,0,0
oInvCollPH,2688,80,001411D4,0,1,1,4294967295,0,0
oInvCollPH,2688,96,002E20D5,0,1,1,4294967295,0,0
oInvCollPH,2688,112,002D8497,0,1,1,4294967295,0,0
oInvCollPH,2704,112,002E3529,0,1,1,4294967295,0,0
oInvCollPH,2720,112,002129AF,0,1,1,4294967295,0,0
oInvCollPH,2736,112,002EF0BB,0,1,1,4294967295,0,0
oInvCollPH,2752,112,0030A6B5,0,1,1,4294967295,0,0
oInvCollPH,2768,112,003DF231,0,1,1,4294967295,0,0
oInvCollPH,2784,112,000731EA,0,1,1,4294967295,0,0
oInvCollPH,2800,112,0019BE07,0,1,1,4294967295,0,0
oInvCollPH,2816,112,002DE33E,0,1,1,4294967295,0,0
oInvCollPH,2832,112,0023A58D,0,1,1,4294967295,0,0
oInvCollPH,2848,112,003ED071,0,1,1,4294967295,0,0
oInvCollPH,2848,96,002C6694,0,1,1,4294967295,0,0
oInvCollPH,2848,80,0001FB2A,0,1,1,4294967295,0,0
oInvCollPH,2848,64,002CCB0B,0,1,1,4294967295,0,0
oInvCollPH,2848,48,002819DC,0,1,1,4294967295,0,0
oInvCollPH,2848,32,0015AE75,0,1,1,4294967295,0,0
oInvCollPH,2848,16,000111A4,0,1,1,4294967295,0,0
oInvCollPH,2848,0,0034F0B7,0,1,1,4294967295,0,0
oInvCollPH,2976,224,001A4CF4,0,1,1,4294967295,0,0
oInvCollPH,2976,240,0035D076,0,1,1,4294967295,0,0
oInvCollPH,2976,256,001D90EE,0,1,1,4294967295,0,0
oInvCollPH,2976,272,000958FF,0,1,1,4294967295,0,0
oInvCollPH,2976,288,001E66D0,0,1,1,4294967295,0,0
oInvCollPH,2976,304,0004B016,0,1,1,4294967295,0,0
oInvCollPH,2976,320,001C4B7F,0,1,1,4294967295,0,0
oInvCollPH,2976,336,0009305A,0,1,1,4294967295,0,0
oInvCollPH,3024,336,0018E05C,0,1,1,4294967295,0,0
oInvCollPH,3024,320,001FEF3C,0,1,1,4294967295,0,0
oInvCollPH,3024,304,003C2E0B,0,1,1,4294967295,0,0
oInvCollPH,3024,288,00031C60,0,1,1,4294967295,0,0
oInvCollPH,3024,272,00303FBC,0,1,1,4294967295,0,0
oInvCollPH,3024,256,0002FDFD,0,1,1,4294967295,0,0
oInvCollPH,3024,240,0005F326,0,1,1,4294967295,0,0
oInvCollPH,3024,224,00276CE6,0,1,1,4294967295,0,0
oInvCollPH,3024,208,000DF223,0,1,1,4294967295,0,0
oInvCollPH,3008,208,000DC80E,0,1,1,4294967295,0,0
oInvCollPH,2992,208,00103268,0,1,1,4294967295,0,0
oInvCollPH,3136,192,002D9B4C,0,1,1,4294967295,0,0
oInvCollPH,3136,208,003C81BC,0,1,1,4294967295,0,0
oInvCollPH,3136,224,0007554F,0,1,1,4294967295,0,0
oInvCollPH,3136,240,0023F518,0,1,1,4294967295,0,0
oInvCollPH,3136,256,0028F972,0,1,1,4294967295,0,0
oInvCollPH,3136,272,0010993D,0,1,1,4294967295,0,0
oInvCollPH,3136,288,002874C7,0,1,1,4294967295,0,0
oInvCollPH,3136,304,002960A5,0,1,1,4294967295,0,0
oInvCollPH,3136,320,0037F9FD,0,1,1,4294967295,0,0
oInvCollPH,3136,336,003667F1,0,1,1,4294967295,0,0
oInvCollPH,3232,336,001F5CBE,0,1,1,4294967295,0,0
oInvCollPH,3232,320,00256FE5,0,1,1,4294967295,0,0
oInvCollPH,3232,304,00055142,0,1,1,4294967295,0,0
oInvCollPH,3232,288,003C511E,0,1,1,4294967295,0,0
oInvCollPH,3232,272,00140FBA,0,1,1,4294967295,0,0
oInvCollPH,3232,256,002277E1,0,1,1,4294967295,0,0
oInvCollPH,3232,240,00047B9E,0,1,1,4294967295,0,0
oInvCollPH,3232,224,000EE4E2,0,1,1,4294967295,0,0
oInvCollPH,3232,208,003AB0D8,0,1,1,4294967295,0,0
oInvCollPH,3232,192,003B7F92,0,1,1,4294967295,0,0
oInvCollPH,3232,176,0020BA0B,0,1,1,4294967295,0,0
oInvCollPH,3232,160,002F6802,0,1,1,4294967295,0,0
oInvCollPH,3328,112,000E1EA4,0,1,1,4294967295,0,0
oInvCollPH,3344,112,00210973,0,1,1,4294967295,0,0
oInvCollPH,3360,112,00242419,0,1,1,4294967295,0,0
oInvCollPH,3376,112,002F3D8D,0,1,1,4294967295,0,0
oInvCollPH,3392,112,002F9103,0,1,1,4294967295,0,0
oInvCollPH,3312,128,0009C2F2,0,1,1,4294967295,0,0
oInvCollPH,3312,144,00325FCA,0,1,1,4294967295,0,0
oInvCollPH,3312,160,00105AEE,0,1,1,4294967295,0,0
oInvCollPH,3312,176,002AB25D,0,1,1,4294967295,0,0
oInvCollPH,3312,192,002EE4A3,0,1,1,4294967295,0,0
oInvCollPH,3312,208,000485D9,0,1,1,4294967295,0,0
oInvCollPH,3312,224,0030EC35,0,1,1,4294967295,0,0
oInvCollPH,3312,240,003E43E7,0,1,1,4294967295,0,0
oInvCollPH,3312,256,00089B1E,0,1,1,4294967295,0,0
oInvCollPH,3312,272,0028D549,0,1,1,4294967295,0,0
oInvCollPH,3312,288,003DB268,0,1,1,4294967295,0,0
oInvCollPH,3312,304,000859B2,0,1,1,4294967295,0,0
oInvCollPH,3312,320,00109075,0,1,1,4294967295,0,0
oInvCollPH,3312,336,000F658B,0,1,1,4294967295,0,0
oInvCollPH,2128,128,0039845A,0,1,1,4294967295,0,0
oInvCollPH,3408,112,0016F308,0,1,1,4294967295,0,0
oInvCollPH,3424,112,000AD13D,0,1,1,4294967295,0,0
oInvCollPH,3440,112,003124C3,0,1,1,4294967295,0,0
oInvCollPH,3456,112,00075C7B,0,1,1,4294967295,0,0
oInvCollPFH,3424,32,001391B5,0,1,1,4294967295,0,0
oInvCollPFH,3440,32,002BEF36,0,1,1,4294967295,0,0
oInvCollPFH,3456,32,00080414,0,1,1,4294967295,0,0
oInvisibleSolid,128,0,00138BE6,0,1,1,4294967295,0,1
oInvisibleSolid,96,192,00225AF8,0,1,1,4294967295,0,1
oInvisibleRupLowSlope,64,192,003C5B6D,0,1,1,4294967295,0,0
oInvisibleRupLowSlope,32,208,0019BF93,0,1,1,4294967295,0,0
oInvisibleSolid,64,208,00022E4F,0,1,1,4294967295,0,1
oInvisibleSolid,0,224,002ED199,0,1,1,4294967295,0,1
oInvisibleSolid,1440,0,00260979,0,1,1,4294967295,0,0
oInvisibleSolid,1408,16,00389D2C,0,1,1,4294967295,0,1
oInvisibleSolid,832,288,00212323,0,1,1,4294967295,0,1
oInvisibleSolid,864,304,0022635F,0,1,1,4294967295,0,1
oInvisibleSolid,1952,304,00262C59,0,1,1,4294967295,0,1
oInvisibleSolid,1984,320,00277E72,0,1,1,4294967295,0,1
oInvisibleSolid,2128,0,000C2335,0,1,1,4294967295,0,1
oInvisibleSolid,2688,0,00383987,0,1,1,4294967295,0,1
oInvisibleSolid,2976,208,0039D114,0,1,1,4294967295,0,1
oInvisibleSolid,3136,176,0038CCD6,0,1,1,4294967295,0,1
oInvisibleSolid,3232,144,0031995F,0,1,1,4294967295,0,1
oInvisibleSolid,3312,112,00280E0B,0,1,1,4294967295,0,1
oInvisiblePlatform,3408,32,0004917B,0,1,1,4294967295,0,1
oBillBlaster,1960,304,00330A0B,0,1,1,4294967295,0,1
oBillBlaster,2024,304,002E654B,0,1,1,4294967295,0,1
oBillBlaster,1416,16,00014700,0,1,1,4294967295,0,1
oBillBlaster,1480,16,0033E0F6,0,1,1,4294967295,0,1
oBillBlaster,904,288,001EB7F6,0,1,1,4294967295,0,1
oBillBlaster,840,288,0000C66C,0,1,1,4294967295,0,1
oBillBlaster,2136,128,00176541,0,1,1,4294967295,0,0
