tileZeldaWater,0,32,16,16,64,48,0,1,1,4294967295
tileZeldaWater,0,0,16,16,64,32,0,1,1,4294967295
tileZeldaWater,64,0,16,16,64,32,0,1,1,4294967295
tileZeldaWater,64,32,16,16,64,48,0,1,1,4294967295
tileZeldaWater,128,0,16,16,64,32,0,1,1,4294967295
tileZeldaWater,0,240,16,0,64,48,0,1,1,4294967295
tileZeldaWater,64,240,16,0,64,48,0,1,1,4294967295
tileZeldaWater,0,80,0,96,64,16,0,1,1,4294967295
tileZeldaWater,64,80,0,96,64,16,0,1,1,4294967295
tileZeldaWater,16,96,96,0,32,64,0,1,1,4294967295
tileZeldaWater,80,96,96,0,32,64,0,1,1,4294967295
tileZeldaWater,16,160,96,0,32,64,0,1,1,4294967295
tileZeldaWater,80,160,96,0,32,64,0,1,1,4294967295
tileZeldaWater,16,224,96,0,32,16,0,1,1,4294967295
tileZeldaWater,80,224,96,0,32,16,0,1,1,4294967295
tileZeldaWater,128,240,16,0,64,48,0,1,1,4294967295
tileZeldaWater,0,288,16,16,64,32,0,1,1,4294967295
tileZeldaWater,0,320,16,16,64,32,0,1,1,4294967295
tileZeldaWater,0,352,16,16,64,32,0,1,1,4294967295
tileZeldaWater,0,384,16,16,64,32,0,1,1,4294967295
tileZeldaWater,0,416,16,16,64,32,0,1,1,4294967295
tileZeldaWater,0,448,16,16,64,32,0,1,1,4294967295
tileZeldaWater,0,480,16,16,64,32,0,1,1,4294967295
tileZeldaWater,0,512,16,16,64,32,0,1,1,4294967295
tileZeldaWater,0,544,16,16,64,32,0,1,1,4294967295
tileZeldaWater,0,576,16,16,64,32,0,1,1,4294967295
tileZeldaWater,0,608,16,16,64,32,0,1,1,4294967295
tileZeldaWater,0,640,16,16,64,32,0,1,1,4294967295
tileZeldaWater,0,672,16,16,64,32,0,1,1,4294967295
tileZeldaWater,176,560,64,112,32,32,0,1,1,4294967295
tileZeldaWater,128,624,16,0,64,48,0,1,1,4294967295
tileZeldaWater,192,624,16,0,64,48,0,1,1,4294967295
tileZeldaWater,128,672,16,16,64,32,0,1,1,4294967295
tileZeldaWater,192,672,16,16,64,32,0,1,1,4294967295
tileZeldaWater,64,592,32,16,64,32,0,1,1,4294967295
tileZeldaWater,64,560,32,16,64,32,0,1,1,4294967295
tileZeldaWater,64,528,32,16,64,32,0,1,1,4294967295
tileZeldaWater,64,640,16,16,64,32,0,1,1,4294967295
tileZeldaWater,64,672,16,16,64,32,0,1,1,4294967295
tileZeldaWater,64,624,16,16,64,16,0,1,1,4294967295
tileZeldaWater,128,480,16,16,64,48,0,1,1,4294967295
tileZeldaWater,192,480,16,16,64,48,0,1,1,4294967295
tileZeldaWater,256,480,16,16,64,48,0,1,1,4294967295
tileZeldaWater,320,528,0,16,64,32,0,1,1,4294967295
tileZeldaWater,320,560,0,16,64,32,0,1,1,4294967295
tileZeldaWater,320,592,0,16,64,32,0,1,1,4294967295
tileZeldaWater,256,624,16,0,64,48,0,1,1,4294967295
tileZeldaWater,256,672,16,16,64,32,0,1,1,4294967295
tileZeldaWater,64,288,16,16,64,32,0,1,1,4294967295
tileZeldaWater,64,320,16,16,64,32,0,1,1,4294967295
tileZeldaWater,64,352,16,16,64,32,0,1,1,4294967295
tileZeldaWater,64,384,16,16,64,32,0,1,1,4294967295
tileZeldaWater,64,416,16,16,64,32,0,1,1,4294967295
tileZeldaWater,64,448,16,16,64,32,0,1,1,4294967295
tileZeldaWater,64,480,16,16,64,32,0,1,1,4294967295
tileZeldaWater,320,480,16,16,64,32,0,1,1,4294967295
tileZeldaWater,320,640,16,16,64,32,0,1,1,4294967295
tileZeldaWater,320,672,16,16,64,32,0,1,1,4294967295
tileZeldaWater,64,512,16,16,64,16,0,1,1,4294967295
tileZeldaWater,320,512,16,16,64,16,0,1,1,4294967295
tileZeldaWater,320,624,16,16,64,16,0,1,1,4294967295
tileMarioWorldA,256,592,0,112,32,32,0,1,1,4294967295
tileMarioWorldA,208,32,32,112,32,32,0,1,1,4294967295
tileZeldaWater,128,32,32,16,64,48,0,1,1,4294967295
tileZeldaWater,192,0,16,32,64,32,0,1,1,4294967295
tileZeldaWater,256,32,0,16,64,48,0,1,1,4294967295
tileZeldaWater,256,0,16,16,64,32,0,1,1,4294967295
tileZeldaWater,256,208,16,0,64,48,0,1,1,4294967295
tileZeldaWater,128,288,16,16,64,32,0,1,1,4294967295
tileZeldaWater,128,320,16,16,64,32,0,1,1,4294967295
tileZeldaWater,128,352,16,16,64,32,0,1,1,4294967295
tileZeldaWater,128,384,16,16,64,32,0,1,1,4294967295
tileZeldaWater,128,416,16,16,64,32,0,1,1,4294967295
tileZeldaWater,128,448,16,16,64,32,0,1,1,4294967295
tileZeldaWater,256,256,16,16,64,32,0,1,1,4294967295
tileZeldaWater,256,288,16,16,64,32,0,1,1,4294967295
tileZeldaWater,256,320,16,16,64,32,0,1,1,4294967295
tileZeldaWater,256,352,16,16,64,32,0,1,1,4294967295
tileZeldaWater,256,384,16,16,64,32,0,1,1,4294967295
tileZeldaWater,256,416,16,16,64,32,0,1,1,4294967295
tileZeldaWater,256,448,16,16,64,32,0,1,1,4294967295
tileZeldaWater,192,256,16,16,64,32,0,1,1,4294967295
tileZeldaWater,192,288,16,16,64,32,0,1,1,4294967295
tileZeldaWater,192,320,16,16,64,32,0,1,1,4294967295
tileZeldaWater,192,352,16,16,64,32,0,1,1,4294967295
tileZeldaWater,192,384,16,16,64,32,0,1,1,4294967295
tileZeldaWater,192,416,16,16,64,32,0,1,1,4294967295
tileZeldaWater,192,448,16,16,64,32,0,1,1,4294967295
tileZeldaWater,192,240,16,16,64,16,0,1,1,4294967295
tileZeldaWater,1296,176,64,112,32,32,0,1,1,4294967295
tileZeldaWater,320,208,64,0,32,32,0,1,1,4294967295
tileZeldaWater,352,240,64,0,32,32,0,1,1,4294967295
tileZeldaWater,384,272,64,0,32,32,0,1,1,4294967295
tileZeldaWater,416,304,64,0,32,32,0,1,1,4294967295
tileZeldaWater,416,336,64,16,32,32,0,1,1,4294967295
tileZeldaWater,416,368,64,16,32,32,0,1,1,4294967295
tileZeldaWater,416,400,64,16,32,32,0,1,1,4294967295
tileZeldaWater,320,240,16,16,32,32,0,1,1,4294967295
tileZeldaWater,320,272,16,16,64,32,0,1,1,4294967295
tileZeldaWater,320,304,16,16,64,32,0,1,1,4294967295
tileZeldaWater,320,336,16,16,64,32,0,1,1,4294967295
tileZeldaWater,320,368,16,16,64,32,0,1,1,4294967295
tileZeldaWater,320,400,16,16,64,32,0,1,1,4294967295
tileZeldaWater,320,432,16,16,64,32,0,1,1,4294967295
tileZeldaWater,384,304,16,16,32,32,0,1,1,4294967295
tileZeldaWater,384,336,16,16,32,32,0,1,1,4294967295
tileZeldaWater,384,368,16,16,32,32,0,1,1,4294967295
tileZeldaWater,384,400,16,16,32,32,0,1,1,4294967295
tileZeldaWater,384,432,16,16,64,32,0,1,1,4294967295
tileZeldaWater,320,464,16,16,64,16,0,1,1,4294967295
tileZeldaWater,384,464,16,16,64,16,0,1,1,4294967295
tileZeldaWater,512,176,0,0,64,64,0,1,1,4294967295
tileZeldaWater,320,32,32,16,64,48,0,1,1,4294967295
tileZeldaWater,320,0,16,16,64,32,0,1,1,4294967295
tileZeldaWater,384,0,16,32,64,32,0,1,1,4294967295
tileZeldaWater,448,0,16,32,64,32,0,1,1,4294967295
tileZeldaWater,512,0,16,32,64,32,0,1,1,4294967295
tileZeldaWater,576,176,16,0,64,64,0,1,1,4294967295
tileZeldaWater,640,144,0,0,64,32,0,1,1,4294967295
tileZeldaWater,576,0,16,32,64,32,0,1,1,4294967295
tileZeldaWater,640,0,16,32,64,32,0,1,1,4294967295
tileZeldaWater,640,240,0,32,64,32,0,1,1,4294967295
tileZeldaWater,640,176,16,16,64,32,0,1,1,4294967295
tileZeldaWater,640,208,16,16,64,32,0,1,1,4294967295
tileZeldaWater,704,224,16,16,64,48,0,1,1,4294967295
tileZeldaWater,768,224,16,16,64,48,0,1,1,4294967295
tileZeldaWater,704,144,16,0,64,48,0,1,1,4294967295
tileZeldaWater,704,192,16,16,64,32,0,1,1,4294967295
tileZeldaWater,768,192,16,16,64,32,0,1,1,4294967295
tileZeldaWater,832,224,32,16,64,48,0,1,1,4294967295
tileZeldaWater,896,176,16,16,64,48,0,1,1,4294967295
tileZeldaWater,960,224,0,16,64,48,0,1,1,4294967295
tileZeldaWater,832,144,16,0,64,48,0,1,1,4294967295
tileZeldaWater,960,144,16,0,64,48,0,1,1,4294967295
tileZeldaWater,896,128,0,112,32,48,0,1,1,4294967295
tileZeldaWater,928,128,0,112,32,48,0,1,1,4294967295
tileZeldaWater,832,192,16,16,64,32,0,1,1,4294967295
tileZeldaWater,960,192,16,16,64,32,0,1,1,4294967295
tileZeldaWater,880,144,80,0,16,16,0,1,1,4294967295
tileZeldaWater,960,144,0,0,16,16,0,1,1,4294967295
tileZeldaWater,1152,0,16,32,64,32,0,1,1,4294967295
tileZeldaWater,1216,0,16,32,64,32,0,1,1,4294967295
tileZeldaWater,1280,0,16,32,64,32,0,1,1,4294967295
tileZeldaWater,1344,0,16,16,64,32,0,1,1,4294967295
tileZeldaWater,1344,32,0,16,64,32,0,1,1,4294967295
tileZeldaWater,1344,64,0,16,64,32,0,1,1,4294967295
tileZeldaWater,1344,96,0,16,64,32,0,1,1,4294967295
tileZeldaWater,1344,128,0,16,64,32,0,1,1,4294967295
tileZeldaWater,1344,160,0,16,64,32,0,1,1,4294967295
tileZeldaWater,1344,192,0,16,64,32,0,1,1,4294967295
tileZeldaWater,1344,224,0,16,64,16,0,1,1,4294967295
tileZeldaWater,1216,208,32,0,64,32,0,1,1,4294967295
tileZeldaWater,1152,176,32,0,64,32,0,1,1,4294967295
tileZeldaWater,1088,144,32,0,64,32,0,1,1,4294967295
tileZeldaWater,1024,224,16,16,64,48,0,1,1,4294967295
tileZeldaWater,1088,224,16,16,64,48,0,1,1,4294967295
tileZeldaWater,1152,224,16,16,64,48,0,1,1,4294967295
tileZeldaWater,1024,192,16,16,64,32,0,1,1,4294967295
tileZeldaWater,1088,176,16,16,64,32,0,1,1,4294967295
tileZeldaWater,1088,208,16,16,64,16,0,1,1,4294967295
tileZeldaWater,1152,208,16,16,64,16,0,1,1,4294967295
tileZeldaWater,1280,240,16,0,64,32,0,1,1,4294967295
tileZeldaWater,1216,272,0,32,64,32,0,1,1,4294967295
tileZeldaWater,1344,240,16,16,64,32,0,1,1,4294967295
tileZeldaWater,1216,240,16,16,64,32,0,1,1,4294967295
tileZeldaWater,768,144,0,112,32,48,0,1,1,4294967295
tileZeldaWater,800,144,0,112,32,48,0,1,1,4294967295
tileZeldaWater,1024,144,0,112,32,48,0,1,1,4294967295
tileZeldaWater,1056,144,0,112,32,48,0,1,1,4294967295
tileZeldaWater,752,144,80,0,16,32,0,1,1,4294967295
tileZeldaWater,1008,144,80,0,16,32,0,1,1,4294967295
tileZeldaWater,832,144,0,0,16,32,0,1,1,4294967295
tileZeldaWater,1088,144,0,0,16,32,0,1,1,4294967295
tileZeldaWater,1280,304,0,32,64,32,0,1,1,4294967295
tileZeldaWater,1344,336,0,16,64,32,0,1,1,4294967295
tileZeldaWater,1280,272,16,16,64,32,0,1,1,4294967295
tileZeldaWater,1344,272,16,16,64,32,0,1,1,4294967295
tileZeldaWater,1344,304,16,16,64,32,0,1,1,4294967295
tileZeldaWater,896,0,32,112,32,48,0,1,1,4294967295
tileZeldaWater,928,0,32,112,32,48,0,1,1,4294967295
tileZeldaWater,832,0,32,112,32,48,0,1,1,4294967295
tileZeldaWater,864,0,32,112,32,48,0,1,1,4294967295
tileZeldaWater,960,0,32,112,32,48,0,1,1,4294967295
tileZeldaWater,992,0,32,112,32,48,0,1,1,4294967295
tileZeldaWater,768,0,32,112,32,48,0,1,1,4294967295
tileZeldaWater,800,0,32,112,32,48,0,1,1,4294967295
tileZeldaWater,1024,0,32,112,32,48,0,1,1,4294967295
tileZeldaWater,1056,0,32,112,32,48,0,1,1,4294967295
tileZeldaWater,704,0,32,112,32,48,0,1,1,4294967295
tileZeldaWater,736,0,32,112,32,48,0,1,1,4294967295
tileZeldaWater,1088,0,32,112,32,48,0,1,1,4294967295
tileZeldaWater,1120,0,32,112,32,48,0,1,1,4294967295
tileZeldaWater,688,16,80,48,16,16,0,1,1,4294967295
tileZeldaWater,1152,16,0,48,16,16,0,1,1,4294967295
tileZeldaWater,192,176,0,0,32,32,0,1,1,4294967295
tileZeldaWater,224,176,64,0,32,32,0,1,1,4294967295
tileZeldaWater,192,208,0,16,64,32,0,1,1,4294967295
tileZeldaWater,672,416,0,0,96,64,0,1,1,4294967295
tileZeldaWater,384,480,16,16,64,32,0,1,1,4294967295
tileZeldaWater,384,512,16,16,64,32,0,1,1,4294967295
tileZeldaWater,384,544,16,16,64,32,0,1,1,4294967295
tileZeldaWater,384,576,16,16,64,32,0,1,1,4294967295
tileZeldaWater,384,608,16,16,64,32,0,1,1,4294967295
tileZeldaWater,384,640,16,16,64,32,0,1,1,4294967295
tileZeldaWater,384,672,16,16,64,32,0,1,1,4294967295
tileZeldaWater,880,576,0,0,96,64,0,1,1,4294967295
tileZeldaWater,944,432,0,48,32,16,0,1,1,4294967295
tileZeldaWater,944,416,0,0,32,16,0,1,1,4294967295
tileZeldaWater,880,432,64,48,32,16,0,1,1,4294967295
tileZeldaWater,880,416,64,0,32,16,0,1,1,4294967295
tileZeldaWater,976,416,64,0,32,16,0,1,1,4294967295
tileZeldaWater,976,432,64,48,32,16,0,1,1,4294967295
tileZeldaWater,848,432,0,48,32,16,0,1,1,4294967295
tileZeldaWater,848,416,0,0,32,16,0,1,1,4294967295
tileZeldaWater,1344,368,0,16,64,48,0,1,1,4294967295
tileZeldaWater,1264,480,0,0,64,48,0,1,1,4294967295
tileZeldaWater,1328,480,16,0,64,48,0,1,1,4294967295
tileZeldaWater,1264,528,0,16,64,32,0,1,1,4294967295
tileZeldaWater,1264,560,0,16,64,32,0,1,1,4294967295
tileZeldaWater,1264,592,0,16,64,32,0,1,1,4294967295
tileZeldaWater,1264,624,0,16,64,32,0,1,1,4294967295
tileZeldaWater,1264,656,0,16,64,32,0,1,1,4294967295
tileZeldaWater,1264,688,0,16,64,16,0,1,1,4294967295
tileZeldaWater,1328,688,16,16,64,16,0,1,1,4294967295
tileZeldaWater,1328,528,16,16,64,32,0,1,1,4294967295
tileZeldaWater,1328,560,16,16,64,32,0,1,1,4294967295
tileZeldaWater,1328,592,16,16,64,32,0,1,1,4294967295
tileZeldaWater,1328,624,16,16,64,32,0,1,1,4294967295
tileZeldaWater,1328,656,16,16,64,32,0,1,1,4294967295
tileZeldaWater,512,512,32,16,64,32,0,1,1,4294967295
tileZeldaWater,512,544,32,16,64,32,0,1,1,4294967295
tileZeldaWater,512,576,32,16,64,32,0,1,1,4294967295
tileZeldaWater,512,608,32,16,64,32,0,1,1,4294967295
tileZeldaWater,512,640,32,16,64,32,0,1,1,4294967295
tileZeldaWater,448,480,16,16,64,32,0,1,1,4294967295
tileZeldaWater,448,512,16,16,64,32,0,1,1,4294967295
tileZeldaWater,448,544,16,16,64,32,0,1,1,4294967295
tileZeldaWater,448,576,16,16,64,32,0,1,1,4294967295
tileZeldaWater,448,608,16,16,64,32,0,1,1,4294967295
tileZeldaWater,448,640,16,16,64,32,0,1,1,4294967295
tileZeldaWater,448,672,16,16,64,32,0,1,1,4294967295
tileZeldaWater,448,432,32,0,64,32,0,1,1,4294967295
tileZeldaWater,512,464,32,0,64,48,0,1,1,4294967295
tileZeldaWater,448,464,16,16,64,16,0,1,1,4294967295
tileZeldaWater,512,672,32,16,64,32,0,1,1,4294967295
tileZeldaWater,608,560,0,0,16,48,0,1,1,4294967295
tileZeldaWater,736,576,0,0,16,48,0,1,1,4294967295
tileZeldaWater,624,560,80,0,16,48,0,1,1,4294967295
tileZeldaWater,752,576,80,0,16,48,0,1,1,4294967295
tileZeldaWater,608,608,0,16,16,32,0,1,1,4294967295
tileZeldaWater,608,640,0,16,16,32,0,1,1,4294967295
tileZeldaWater,608,672,0,16,16,32,0,1,1,4294967295
tileZeldaWater,736,624,0,16,16,32,0,1,1,4294967295
tileZeldaWater,736,656,0,16,16,32,0,1,1,4294967295
tileZeldaWater,624,608,80,16,16,32,0,1,1,4294967295
tileZeldaWater,624,640,80,16,16,32,0,1,1,4294967295
tileZeldaWater,624,672,80,16,16,32,0,1,1,4294967295
tileZeldaWater,752,624,80,16,16,32,0,1,1,4294967295
tileZeldaWater,752,656,80,16,16,32,0,1,1,4294967295
tileZeldaWater,736,688,0,16,16,16,0,1,1,4294967295
tileZeldaWater,752,688,80,16,16,16,0,1,1,4294967295
tileZeldaWater,672,272,0,48,16,16,0,1,1,4294967295
tileZeldaWater,688,272,80,48,16,16,0,1,1,4294967295
tileZeldaWater,672,256,16,16,32,16,0,1,1,4294967295
tileZeldaWater,736,256,16,16,32,16,0,1,1,4294967295
tileZeldaWater,736,272,0,32,16,32,0,1,1,4294967295
tileZeldaWater,752,272,80,32,16,32,0,1,1,4294967295
tileZeldaWater,1088,448,0,0,96,48,0,1,1,4294967295
tileZeldaWater,1088,496,0,16,96,32,0,1,1,4294967295
tileZeldaWater,1088,528,0,16,96,32,0,1,1,4294967295
tileZeldaWater,1088,560,0,16,96,32,0,1,1,4294967295
tileZeldaWater,1088,592,0,16,96,32,0,1,1,4294967295
tileZeldaWater,1088,624,0,16,96,32,0,1,1,4294967295
tileZeldaWater,1088,656,0,16,96,32,0,1,1,4294967295
tileZeldaWater,1088,688,0,16,96,16,0,1,1,4294967295
tileZeldaWater,896,224,64,112,32,16,0,1,1,4294967295
tileZeldaWater,928,224,64,112,32,16,0,1,1,4294967295
tileZeldaWater,896,240,96,128,32,16,0,1,1,4294967295
tileZeldaWater,896,256,96,128,32,16,0,1,1,4294967295
tileZeldaWater,928,240,96,128,32,16,0,1,1,4294967295
tileZeldaWater,928,256,96,128,32,16,0,1,1,4294967295
tileZeldaWater,848,272,0,96,64,16,0,1,1,4294967295
tileZeldaWater,944,272,0,96,64,16,0,1,1,4294967295
tileZeldaWater,928,448,0,96,64,16,0,1,1,4294967295
tileZeldaWater,864,448,0,96,64,16,0,1,1,4294967295
tileZeldaWater,880,464,96,0,32,64,0,1,1,4294967295
tileZeldaWater,944,464,96,0,32,64,0,1,1,4294967295
tileZeldaWater,864,288,96,0,32,64,0,1,1,4294967295
tileZeldaWater,864,352,96,0,32,64,0,1,1,4294967295
tileZeldaWater,960,288,96,0,32,64,0,1,1,4294967295
tileZeldaWater,960,352,96,0,32,64,0,1,1,4294967295
tileZeldaWater,880,528,96,0,32,48,0,1,1,4294967295
tileZeldaWater,944,528,96,0,32,48,0,1,1,4294967295
tileZeldaWater,672,304,96,0,32,64,0,1,1,4294967295
tileZeldaWater,736,320,96,0,32,64,0,1,1,4294967295
tileZeldaWater,656,288,0,96,64,16,0,1,1,4294967295
tileZeldaWater,720,304,0,96,64,16,0,1,1,4294967295
tileZeldaWater,736,384,96,0,32,32,0,1,1,4294967295
tileZeldaWater,672,368,96,0,32,48,0,1,1,4294967295
tileZeldaWater,576,576,96,96,32,48,0,1,1,4294967295
tileZeldaWater,640,576,96,96,32,48,0,1,1,4294967295
tileZeldaWater,672,576,96,96,32,48,0,1,1,4294967295
tileZeldaWater,704,576,96,96,32,48,0,1,1,4294967295
tileZeldaWater,768,576,96,96,32,48,0,1,1,4294967295
tileZeldaWater,800,576,96,96,32,48,0,1,1,4294967295
tileZeldaWater,832,576,96,96,32,48,0,1,1,4294967295
tileZeldaWater,864,576,96,96,16,48,0,1,1,4294967295
tileZeldaWater,976,576,112,96,16,48,0,1,1,4294967295
tileZeldaWater,992,576,96,96,32,48,0,1,1,4294967295
tileZeldaWater,1024,576,96,96,32,48,0,1,1,4294967295
tileZeldaWater,1056,576,96,96,32,48,0,1,1,4294967295
tileZeldaWater,576,624,96,128,32,16,0,1,1,4294967295
tileZeldaWater,640,624,96,128,32,16,0,1,1,4294967295
tileZeldaWater,672,624,96,128,32,16,0,1,1,4294967295
tileZeldaWater,704,624,96,128,32,16,0,1,1,4294967295
tileZeldaWater,768,624,96,128,32,16,0,1,1,4294967295
tileZeldaWater,800,624,96,128,32,16,0,1,1,4294967295
tileZeldaWater,832,624,96,128,32,16,0,1,1,4294967295
tileZeldaWater,992,624,96,128,32,16,0,1,1,4294967295
tileZeldaWater,1024,624,96,128,32,16,0,1,1,4294967295
tileZeldaWater,1056,624,96,128,32,16,0,1,1,4294967295
tileZeldaWater,864,624,96,128,16,16,0,1,1,4294967295
tileZeldaWater,976,624,96,128,16,16,0,1,1,4294967295
tileZeldaWater,1072,272,0,96,64,16,0,1,1,4294967295
tileZeldaWater,1136,272,0,96,64,16,0,1,1,4294967295
tileZeldaWater,1152,32,0,96,64,16,0,1,1,4294967295
tileZeldaWater,640,32,0,96,64,16,0,1,1,4294967295
tileZeldaWater,176,592,64,128,64,16,0,1,1,4294967295
tileZeldaWater,176,608,64,128,64,16,0,1,1,4294967295
tileZeldaWater,144,576,96,128,32,16,0,1,1,4294967295
tileZeldaWater,144,592,96,128,32,16,0,1,1,4294967295
tileZeldaWater,144,608,96,128,32,16,0,1,1,4294967295
tileZeldaWater,144,560,96,128,32,16,0,1,1,4294967295
tileZeldaWater,208,576,96,128,32,16,0,1,1,4294967295
tileZeldaWater,208,528,96,128,32,16,0,1,1,4294967295
tileZeldaWater,208,544,96,128,32,16,0,1,1,4294967295
tileZeldaWater,208,560,96,128,32,16,0,1,1,4294967295
tileZeldaWater,144,528,96,128,32,16,0,1,1,4294967295
tileZeldaWater,144,544,96,128,32,16,0,1,1,4294967295
tileZeldaWater,176,528,96,128,32,16,0,1,1,4294967295
tileZeldaWater,176,544,96,128,32,16,0,1,1,4294967295
tileZeldaWater,656,48,96,0,32,64,0,1,1,4294967295
tileZeldaWater,1168,48,96,0,32,64,0,1,1,4294967295
tileZeldaWater,1168,112,96,0,32,64,0,1,1,4294967295
tileZeldaWater,656,112,96,0,32,32,0,1,1,4294967295
tileZeldaWater,1296,208,64,128,48,16,0,1,1,4294967295
tileZeldaWater,1296,224,64,128,48,16,0,1,1,4294967295
tileZeldaWater,1328,192,96,128,16,16,0,1,1,4294967295
tileZeldaWater,1280,208,96,128,16,16,0,1,1,4294967295
tileZeldaWater,1280,224,96,128,16,16,0,1,1,4294967295
tileZeldaWater,1280,192,96,128,16,16,0,1,1,4294967295
tileZeldaWater,1280,176,96,128,16,16,0,1,1,4294967295
tileZeldaWater,1328,176,96,128,16,16,0,1,1,4294967295
tileZeldaWater,1280,160,96,128,32,16,0,1,1,4294967295
tileZeldaWater,1312,160,96,128,32,16,0,1,1,4294967295
tileZeldaWater,1280,144,96,128,32,16,0,1,1,4294967295
tileZeldaWater,1312,144,96,128,32,16,0,1,1,4294967295
tileZeldaWater,1088,288,96,0,32,64,0,1,1,4294967295
tileZeldaWater,1088,352,96,0,32,64,0,1,1,4294967295
tileZeldaWater,1152,288,96,0,32,64,0,1,1,4294967295
tileZeldaWater,1152,352,96,0,32,64,0,1,1,4294967295
tileZeldaWater,1088,416,96,0,32,32,0,1,1,4294967295
tileZeldaWater,1152,416,96,0,32,32,0,1,1,4294967295
tileZeldaWater,512,240,0,96,64,16,0,1,1,4294967295
tileZeldaWater,528,256,96,0,32,64,0,1,1,4294967295
tileZeldaWater,528,320,96,0,32,64,0,1,1,4294967295
tileZeldaWater,528,384,96,0,32,64,0,1,1,4294967295
tileZeldaWater,528,448,96,0,32,16,0,1,1,4294967295
tileZeldaWater,896,544,64,144,64,32,0,1,1,4294967295
tileZeldaWater,944,400,32,160,16,16,0,1,1,4294967295
tileZeldaWater,480,416,48,160,16,16,0,1,1,4294967295
tileZeldaWater,976,128,48,160,16,16,0,1,1,4294967295
tileZeldaWater,1216,192,32,160,32,16,0,1,1,4294967295
tileZeldaWater,304,608,32,160,16,16,0,1,1,4294967295
tileZeldaWater,75,224,32,160,16,16,0,1,1,4294967295
tileZeldaWater,288,80,0,96,64,16,0,1,1,4294967295
tileZeldaWater,304,96,96,0,32,64,0,1,1,4294967295
tileZeldaWater,304,160,96,0,32,48,0,1,1,4294967295
tileZeldaWater,384,48,96,112,32,32,0,1,1,4294967295
tileZeldaWater,416,48,96,112,32,32,0,1,1,4294967295
tileZeldaWater,448,48,96,112,32,32,0,1,1,4294967295
tileZeldaWater,480,48,96,112,32,32,0,1,1,4294967295
tileZeldaWater,384,32,64,96,32,16,0,1,1,4294967295
tileZeldaWater,416,32,64,96,32,16,0,1,1,4294967295
tileZeldaWater,448,32,64,96,32,16,0,1,1,4294967295
tileZeldaWater,480,32,64,96,32,16,0,1,1,4294967295
tileZeldaWater,608,144,64,144,32,32,0,1,1,4294967295
tileZeldaWater,512,32,0,16,16,48,0,1,1,4294967295
tileZeldaWater,528,32,80,16,16,48,0,1,1,4294967295
tileZeldaWater,512,16,16,16,32,16,0,1,1,4294967295
tileZeldaWater,1392,480,16,0,16,48,0,1,1,4294967295
tileZeldaWater,1392,528,16,16,16,32,0,1,1,4294967295
tileZeldaWater,1392,560,16,16,16,32,0,1,1,4294967295
tileZeldaWater,1392,592,16,16,16,32,0,1,1,4294967295
tileZeldaWater,1392,624,16,16,16,32,0,1,1,4294967295
tileZeldaWater,1392,656,16,16,16,32,0,1,1,4294967295
tileZeldaWater,1392,688,16,16,16,16,0,1,1,4294967295
