oExit,0,272,001C43D1,0,1,1,4294967295,0,1
oABubblePile,88,576,002CD3DE,0,1,1,4294967295,0,0
oExit,1392,272,001E0700,0,1,1,4294967295,0,1
oExit,1392,624,0033F457,0,1,1,4294967295,0,1
oABubblePile,1216,640,0029E302,0,1,1,4294967295,0,0
oWaterSwitch,1072,576,000C0E80,0,1,1,4294967295,0,1
oWaterFloatPlatform,288,256,00377B25,0,1,1,4294967295,0,0
oWaterFloatPlatform,192,224,001E6E6F,0,1,1,4294967295,0,0
oWaterFloatPlatform,592,368,000D15D8,0,1,1,4294967295,0,0
oWaterFloatPlatform,720,368,0004EFC5,0,1,1,4294967295,0,0
oMovingPlatform,880,160,003D33B1,0,1,1,4294967295,0,1
oDoorKey,472,133,0006F3A1,0,1,1,4294967295,0,1
oAirUpgrade,1304,112,000D1982,0,1,1,4294967295,0,1
oZeldaBreakPot,128,144,00269935,0,1,1,4294967295,0,0
oZeldaBreakPot,144,144,000874B4,0,1,1,4294967295,0,0
oZeldaBreakPot,888,640,0023786A,0,1,1,4294967295,0,0
oSmallJumper,256,320,00375278,0,1,1,4294967295,0,0
oSmallJumper,464,640,00271005,0,1,1,4294967295,0,0
oLargeJumper,260,536,001BE274,0,1,1,4294967295,0,0
oLargeJumper,340,424,0029D2F1,0,1,1,4294967295,0,0
oOctorok,528,640,00251698,0,1,1,4294967295,0,0
oOctorok,672,624,002E569A,0,1,1,4294967295,0,0
oAquaticDemon,560,544,0030F72C,0,1,1,4294967295,0,0
oAquaticDemon,768,496,00280B4E,0,1,1,4294967295,0,0
oAquaticDemon,992,272,002DDD98,0,1,1,4294967295,0,0
oAquaticDemon,528,160,003600A3,0,1,1,4294967295,0,0
oCyclopsBat,448,416,003681E4,0,1,1,4294967295,0,0
oCyclopsBat,1136,576,0002B9EE,0,1,1,4294967295,0,0
oSkullFish,688,256,001C7B27,0,1,1,4294967295,0,0
oSkullFish,112,512,00068718,0,1,1,4294967295,0,0
oPlayer1,48,304,001F2234,0,1,1,4294967295,0,0
oSpikeZone,1024,272,000B2E0E,0,1,1,4294967295,0,0
oSpikeZone,1040,272,00179D33,0,1,1,4294967295,0,0
oSpikeZone,1056,272,0029BDA7,0,1,1,4294967295,0,0
oSpikeZone,1072,272,0034A841,0,1,1,4294967295,0,0
oSpikeZone,1088,272,00298E34,0,1,1,4294967295,0,0
oSpikeZone,1104,272,00349D25,0,1,1,4294967295,0,0
oSpikeZone,976,144,003561D5,0,1,1,4294967295,0,0
oSpikeZone,976,160,00316678,0,1,1,4294967295,0,0
oSpikeZone,992,176,002CD05F,0,1,1,4294967295,0,0
oSpikeZone,1008,176,000116D7,0,1,1,4294967295,0,0
oSpikeZone,1024,160,002B2AA3,0,1,1,4294967295,0,0
oSpikeZone,1024,144,0035E696,0,1,1,4294967295,0,0
oSpikeZone,1008,128,001E4632,0,1,1,4294967295,0,0
oSpikeZone,992,128,0020A0F3,0,1,1,4294967295,0,0
oSpikeZone,1104,144,00300E71,0,1,1,4294967295,0,0
oSpikeZone,1104,160,003A3D8A,0,1,1,4294967295,0,0
oSpikeZone,1120,176,00071AB6,0,1,1,4294967295,0,0
oSpikeZone,1136,176,00231E7C,0,1,1,4294967295,0,0
oSpikeZone,1152,160,00338708,0,1,1,4294967295,0,0
oSpikeZone,1152,144,003074D3,0,1,1,4294967295,0,0
oSpikeZone,1136,128,0027DF4C,0,1,1,4294967295,0,0
oSpikeZone,1120,128,00170A74,0,1,1,4294967295,0,0
oSpikeZone,944,48,002E8EDA,0,1,1,4294967295,0,0
oSpikeZone,960,48,001A35B0,0,1,1,4294967295,0,0
oSpikeZone,976,32,002F8A82,0,1,1,4294967295,0,0
oSpikeZone,992,32,001C5928,0,1,1,4294967295,0,0
oSpikeZone,1008,32,00307652,0,1,1,4294967295,0,0
oSpikeZone,1024,32,0024CB57,0,1,1,4294967295,0,0
oSpikeZone,1040,48,0013D866,0,1,1,4294967295,0,0
oSpikeZone,1056,48,00154AE7,0,1,1,4294967295,0,0
oSpikeZone,1072,48,0000515D,0,1,1,4294967295,0,0
oSpikeZone,1088,48,002DCC69,0,1,1,4294967295,0,0
oSpikeZone,1104,32,0037740F,0,1,1,4294967295,0,0
oSpikeZone,1120,32,0020EF9E,0,1,1,4294967295,0,0
oSpikeZone,1136,32,002C0CB9,0,1,1,4294967295,0,0
oSpikeZone,1152,32,00250B30,0,1,1,4294967295,0,0
oSpikeZone,1168,48,001C1244,0,1,1,4294967295,0,0
oSpikeZone,1184,48,00186008,0,1,1,4294967295,0,0
oSpikeZone,368,384,00274C63,0,1,1,4294967295,0,0
oSpikeZone,368,432,000D6984,0,1,1,4294967295,0,0
oSpikeZone,1184,336,00349857,0,1,1,4294967295,0,0
oSpikeZone,1200,336,001BF622,0,1,1,4294967295,0,0
oSpikeZone,1216,336,0038989D,0,1,1,4294967295,0,0
oSpikeZone,1232,336,0030351A,0,1,1,4294967295,0,0
oWaterVolume,0,368,002EE26B,0,1,1,4294967295,0,1
oInvCollPH,16,304,00091E18,0,1,1,4294967295,0,0
oInvCollPH,32,304,00340A16,0,1,1,4294967295,0,0
oInvCollPH,48,304,00248535,0,1,1,4294967295,0,0
oInvCollPH,64,304,002B5DFA,0,1,1,4294967295,0,0
oInvCollPH,80,304,00062D35,0,1,1,4294967295,0,0
oInvCollPH,96,304,002028CF,0,1,1,4294967295,0,0
oInvCollPH,112,304,002176DE,0,1,1,4294967295,0,0
oInvCollPH,128,304,001C2564,0,1,1,4294967295,0,0
oInvCollPH,144,304,001CFBCF,0,1,1,4294967295,0,0
oInvCollPH,160,304,002914C3,0,1,1,4294967295,0,0
oInvCollPH,176,304,00194098,0,1,1,4294967295,0,0
oInvCollPH,176,320,001DC1E9,0,1,1,4294967295,0,0
oInvCollPH,176,336,0030B4EA,0,1,1,4294967295,0,0
oInvCollPH,176,352,00193606,0,1,1,4294967295,0,0
oInvCollPH,176,368,00341E75,0,1,1,4294967295,0,0
oInvCollPH,176,384,0026C101,0,1,1,4294967295,0,0
oInvCollPH,176,400,0029B21F,0,1,1,4294967295,0,0
oInvCollPH,176,416,002071E7,0,1,1,4294967295,0,0
oInvCollPH,144,208,000B2936,0,1,1,4294967295,0,0
oInvCollPH,160,208,003E705F,0,1,1,4294967295,0,0
oInvCollPH,176,208,0002049D,0,1,1,4294967295,0,0
oInvCollPH,192,208,003DEA68,0,1,1,4294967295,0,0
oInvCollPH,192,192,0019F57F,0,1,1,4294967295,0,0
oInvCollPH,176,192,0038A0DB,0,1,1,4294967295,0,0
oInvCollPH,112,192,002E34F5,0,1,1,4294967295,0,0
oInvCollPH,128,192,00356968,0,1,1,4294967295,0,0
oInvCollPH,128,160,00241D19,0,1,1,4294967295,0,0
oInvCollPH,144,160,00069FC0,0,1,1,4294967295,0,0
oInvCollPH,160,160,002AC0E8,0,1,1,4294967295,0,0
oInvCollPH,160,176,00076D8B,0,1,1,4294967295,0,0
oInvCollPH,0,224,0027F093,0,1,1,4294967295,0,0
oInvCollPH,16,224,003BF9DC,0,1,1,4294967295,0,0
oInvCollPH,32,224,000EC77A,0,1,1,4294967295,0,0
oInvCollPH,48,224,00320992,0,1,1,4294967295,0,0
oInvCollPH,64,224,003D4547,0,1,1,4294967295,0,0
oInvCollPH,64,208,00332862,0,1,1,4294967295,0,0
oInvCollPH,160,48,00093207,0,1,1,4294967295,0,0
oInvCollPH,160,64,000FBA20,0,1,1,4294967295,0,0
oInvCollPH,160,80,0014281D,0,1,1,4294967295,0,0
oInvCollPH,144,80,0005D9F1,0,1,1,4294967295,0,0
oInvCollPH,128,80,000186AF,0,1,1,4294967295,0,0
oInvCollPH,112,80,0018B60A,0,1,1,4294967295,0,0
oInvCollPH,240,352,0020728A,0,1,1,4294967295,0,0
oInvCollPH,240,368,00064699,0,1,1,4294967295,0,0
oInvCollPH,240,384,001344CB,0,1,1,4294967295,0,0
oInvCollPH,256,384,000A6CD1,0,1,1,4294967295,0,0
oInvCollPH,272,384,0012F495,0,1,1,4294967295,0,0
oInvCollPH,272,368,0007BB6A,0,1,1,4294967295,0,0
oInvCollPH,272,352,00269F05,0,1,1,4294967295,0,0
oInvCollPH,272,336,002FB4FA,0,1,1,4294967295,0,0
oInvCollPH,256,336,000FDED8,0,1,1,4294967295,0,0
oInvCollPH,96,96,00225596,0,1,1,4294967295,0,0
oInvCollPH,96,112,003A4B64,0,1,1,4294967295,0,0
oInvCollPH,96,128,0012FCB9,0,1,1,4294967295,0,0
oInvCollPH,96,144,001B5CBA,0,1,1,4294967295,0,0
oInvCollPH,96,192,0033C5DF,0,1,1,4294967295,0,0
oInvCollPH,80,192,0012488D,0,1,1,4294967295,0,0
oInvCollPH,336,192,000D6B67,0,1,1,4294967295,0,0
oInvCollPH,352,192,0037C8AB,0,1,1,4294967295,0,0
oInvCollPH,368,192,0023A388,0,1,1,4294967295,0,0
oInvCollPH,320,208,000DDE05,0,1,1,4294967295,0,0
oInvCollPH,320,224,00118078,0,1,1,4294967295,0,0
oInvCollPH,320,240,002676A9,0,1,1,4294967295,0,0
oInvCollPH,336,240,000A679B,0,1,1,4294967295,0,0
oInvCollPH,352,240,001E8204,0,1,1,4294967295,0,0
oInvCollPH,368,240,003AE7A1,0,1,1,4294967295,0,0
oInvCollPH,384,240,0031B922,0,1,1,4294967295,0,0
oInvCollPH,400,240,003612CC,0,1,1,4294967295,0,0
oInvCollPH,400,224,000297F1,0,1,1,4294967295,0,0
oInvCollPH,752,160,00164B20,0,1,1,4294967295,0,0
oInvCollPH,768,160,002E3212,0,1,1,4294967295,0,0
oInvCollPH,784,160,001D1376,0,1,1,4294967295,0,0
oInvCollPH,800,160,000839C8,0,1,1,4294967295,0,0
oInvCollPH,816,160,003E31BB,0,1,1,4294967295,0,0
oInvCollPH,832,160,00367F55,0,1,1,4294967295,0,0
oInvCollPH,832,144,003296E2,0,1,1,4294967295,0,0
oInvCollPH,816,144,000372B8,0,1,1,4294967295,0,0
oInvCollPH,800,144,00398D6D,0,1,1,4294967295,0,0
oInvCollPH,784,144,000B3328,0,1,1,4294967295,0,0
oInvCollPH,768,144,0033FBA9,0,1,1,4294967295,0,0
oInvCollPH,608,128,0037F6C5,0,1,1,4294967295,0,0
oInvCollPH,608,144,001502E1,0,1,1,4294967295,0,0
oInvCollPH,608,160,00055DA9,0,1,1,4294967295,0,0
oInvCollPH,608,176,000D3769,0,1,1,4294967295,0,0
oInvCollPH,592,176,0024CDEC,0,1,1,4294967295,0,0
oInvCollPH,992,160,002FBF5B,0,1,1,4294967295,0,0
oInvCollPH,1008,160,0012B610,0,1,1,4294967295,0,0
oInvCollPH,1008,144,0037B794,0,1,1,4294967295,0,0
oInvCollPH,1120,160,003A8FE3,0,1,1,4294967295,0,0
oInvCollPH,1136,160,000BC506,0,1,1,4294967295,0,0
oInvCollPH,1136,144,000A13E1,0,1,1,4294967295,0,0
oInvCollPH,1280,144,00090524,0,1,1,4294967295,0,0
oInvCollPH,1296,144,0007FDD1,0,1,1,4294967295,0,0
oInvCollPH,1312,144,000503A9,0,1,1,4294967295,0,0
oInvCollPH,1328,144,0031EFEF,0,1,1,4294967295,0,0
oInvCollPH,1328,128,003F333C,0,1,1,4294967295,0,0
oInvCollPH,1312,128,0007F881,0,1,1,4294967295,0,0
oInvCollPH,1296,128,0017B9E5,0,1,1,4294967295,0,0
oInvCollPH,1344,48,0021DFD1,0,1,1,4294967295,0,0
oInvCollPH,1344,64,001746A0,0,1,1,4294967295,0,0
oInvCollPH,1344,80,003C34F0,0,1,1,4294967295,0,0
oInvCollPH,1344,96,003A2837,0,1,1,4294967295,0,0
oInvCollPH,1344,112,003EC8E9,0,1,1,4294967295,0,0
oInvCollPH,1344,160,002113FD,0,1,1,4294967295,0,0
oInvCollPH,1344,176,001CBCDD,0,1,1,4294967295,0,0
oInvCollPH,1344,192,00162175,0,1,1,4294967295,0,0
oInvCollPH,1344,208,00166672,0,1,1,4294967295,0,0
oInvCollPH,1344,224,003BC810,0,1,1,4294967295,0,0
oInvCollPH,1360,224,002F9878,0,1,1,4294967295,0,0
oInvCollPH,1376,224,00039129,0,1,1,4294967295,0,0
oInvCollPH,1392,224,003C88C0,0,1,1,4294967295,0,0
oInvCollPH,464,144,000A4061,0,1,1,4294967295,0,0
oInvCollPH,480,144,0025E6CA,0,1,1,4294967295,0,0
oInvCollPH,576,48,002F88A7,0,1,1,4294967295,0,0
oInvCollPH,576,64,000C8F86,0,1,1,4294967295,0,0
oInvCollPH,576,80,0034589B,0,1,1,4294967295,0,0
oInvCollPH,576,96,0038E5FE,0,1,1,4294967295,0,0
oInvCollPH,576,112,003156CB,0,1,1,4294967295,0,0
oInvCollPH,576,192,0013E695,0,1,1,4294967295,0,0
oInvCollPH,576,208,00174DC1,0,1,1,4294967295,0,0
oInvCollPH,560,208,00037DF8,0,1,1,4294967295,0,0
oInvCollPH,560,64,001DDA0B,0,1,1,4294967295,0,0
oInvCollPH,560,80,00267CB3,0,1,1,4294967295,0,0
oInvCollPH,560,96,00256ADF,0,1,1,4294967295,0,0
oInvCollPH,560,112,00314406,0,1,1,4294967295,0,0
oInvCollPH,560,128,0034D33E,0,1,1,4294967295,0,0
oInvCollPH,560,144,004029FA,0,1,1,4294967295,0,0
oInvCollPH,384,176,00323A08,0,1,1,4294967295,0,0
oInvCollPH,400,160,001E4796,0,1,1,4294967295,0,0
oInvCollPH,416,160,001844E3,0,1,1,4294967295,0,0
oInvCollPH,432,160,0019733C,0,1,1,4294967295,0,0
oInvCollPH,496,160,00095382,0,1,1,4294967295,0,0
oInvCollPH,512,160,00246675,0,1,1,4294967295,0,0
oInvCollPH,528,160,000FAA90,0,1,1,4294967295,0,0
oInvCollPH,544,160,002DB96D,0,1,1,4294967295,0,0
oInvCollPH,544,208,003471AB,0,1,1,4294967295,0,0
oInvCollPH,528,208,000FA68E,0,1,1,4294967295,0,0
oInvCollPH,512,208,002156C1,0,1,1,4294967295,0,0
oInvCollPH,496,208,00396658,0,1,1,4294967295,0,0
oInvCollPH,480,208,0024AAFA,0,1,1,4294967295,0,0
oInvCollPH,464,208,0013AAA9,0,1,1,4294967295,0,0
oInvCollPH,448,208,002475ED,0,1,1,4294967295,0,0
oInvCollPH,432,208,001086F4,0,1,1,4294967295,0,0
oInvCollPH,416,208,000CDA0D,0,1,1,4294967295,0,0
oInvCollPH,400,352,0020A6AD,0,1,1,4294967295,0,0
oInvCollPH,416,352,003A147F,0,1,1,4294967295,0,0
oInvCollPH,432,352,0035EEF4,0,1,1,4294967295,0,0
oInvCollPH,448,352,003D4D6B,0,1,1,4294967295,0,0
oInvCollPH,464,352,000D91A7,0,1,1,4294967295,0,0
oInvCollPH,480,352,002A7870,0,1,1,4294967295,0,0
oInvCollPH,496,352,002BA271,0,1,1,4294967295,0,0
oInvCollPH,384,368,002A281E,0,1,1,4294967295,0,0
oInvCollPH,384,384,001A09AF,0,1,1,4294967295,0,0
oInvCollPH,384,400,0038AC32,0,1,1,4294967295,0,0
oInvCollPH,384,416,000DBB2E,0,1,1,4294967295,0,0
oInvCollPH,496,368,0016C55D,0,1,1,4294967295,0,0
oInvCollPH,496,384,00190901,0,1,1,4294967295,0,0
oInvCollPH,496,400,00077209,0,1,1,4294967295,0,0
oInvCollPH,496,416,000CBE83,0,1,1,4294967295,0,0
oInvCollPH,176,32,00274599,0,1,1,4294967295,0,0
oInvCollPH,192,32,002AA82C,0,1,1,4294967295,0,0
oInvCollPH,208,32,0003971A,0,1,1,4294967295,0,0
oInvCollPH,224,32,00351956,0,1,1,4294967295,0,0
oInvCollPH,240,32,003302B3,0,1,1,4294967295,0,0
oInvCollPH,256,32,0034CA23,0,1,1,4294967295,0,0
oInvCollPH,272,32,000CC3B3,0,1,1,4294967295,0,0
oInvCollPH,288,32,003E74D5,0,1,1,4294967295,0,0
oInvCollPH,304,32,003ECF54,0,1,1,4294967295,0,0
oInvCollPH,320,32,001FF318,0,1,1,4294967295,0,0
oInvCollPH,544,32,00312B99,0,1,1,4294967295,0,0
oInvCollPH,528,32,002EC751,0,1,1,4294967295,0,0
oInvCollPH,512,32,0014492B,0,1,1,4294967295,0,0
oInvCollPH,496,32,002A8855,0,1,1,4294967295,0,0
oInvCollPH,480,32,00175582,0,1,1,4294967295,0,0
oInvCollPH,576,32,002A49AA,0,1,1,4294967295,0,0
oInvCollPH,464,32,003FCB27,0,1,1,4294967295,0,0
oInvCollPH,448,32,003439D3,0,1,1,4294967295,0,0
oInvCollPH,432,32,000842E9,0,1,1,4294967295,0,0
oInvCollPH,336,32,001C10D8,0,1,1,4294967295,0,0
oInvCollPH,352,32,00070F02,0,1,1,4294967295,0,0
oInvCollPH,368,32,00370C3A,0,1,1,4294967295,0,0
oInvCollPH,384,32,00150B7C,0,1,1,4294967295,0,0
oInvCollPH,400,32,003364B1,0,1,1,4294967295,0,0
oInvCollPH,416,32,00081074,0,1,1,4294967295,0,0
oInvCollPH,592,16,002F10CA,0,1,1,4294967295,0,0
oInvCollPH,608,16,002A118B,0,1,1,4294967295,0,0
oInvCollPH,624,16,003EA2C4,0,1,1,4294967295,0,0
oInvCollPH,640,16,002CCB84,0,1,1,4294967295,0,0
oInvCollPH,656,16,00046FDE,0,1,1,4294967295,0,0
oInvCollPH,672,16,002DD361,0,1,1,4294967295,0,0
oInvCollPH,688,16,0001090A,0,1,1,4294967295,0,0
oInvCollPH,704,16,0002B51E,0,1,1,4294967295,0,0
oInvCollPH,720,16,001B7C9D,0,1,1,4294967295,0,0
oInvCollPH,736,16,001A4692,0,1,1,4294967295,0,0
oInvCollPH,752,16,002E092D,0,1,1,4294967295,0,0
oInvCollPH,768,16,000B5970,0,1,1,4294967295,0,0
oInvCollPH,784,16,003B3E0F,0,1,1,4294967295,0,0
oInvCollPH,800,16,000FBC07,0,1,1,4294967295,0,0
oInvCollPH,816,16,0000A3D7,0,1,1,4294967295,0,0
oInvCollPH,832,16,0028D0E9,0,1,1,4294967295,0,0
oInvCollPH,848,16,001114F4,0,1,1,4294967295,0,0
oInvCollPH,864,16,003015F7,0,1,1,4294967295,0,0
oInvCollPH,880,16,00035DAB,0,1,1,4294967295,0,0
oInvCollPH,896,16,00229B5D,0,1,1,4294967295,0,0
oInvCollPH,912,16,00232D20,0,1,1,4294967295,0,0
oInvCollPH,944,32,00212AD6,0,1,1,4294967295,0,0
oInvCollPH,960,32,0018B8C3,0,1,1,4294967295,0,0
oInvCollPH,976,16,0007640E,0,1,1,4294967295,0,0
oInvCollPH,992,16,00113DB5,0,1,1,4294967295,0,0
oInvCollPH,1008,16,00277F9C,0,1,1,4294967295,0,0
oInvCollPH,1024,16,003781A5,0,1,1,4294967295,0,0
oInvCollPH,1056,32,000238F8,0,1,1,4294967295,0,0
oInvCollPH,1072,32,001D421B,0,1,1,4294967295,0,0
oInvCollPH,1088,32,00142511,0,1,1,4294967295,0,0
oInvCollPH,1104,16,0011B6EE,0,1,1,4294967295,0,0
oInvCollPH,1120,16,000AA8B7,0,1,1,4294967295,0,0
oInvCollPH,1136,16,0038BE4F,0,1,1,4294967295,0,0
oInvCollPH,1152,16,001943D4,0,1,1,4294967295,0,0
oInvCollPH,1184,32,0033E4C8,0,1,1,4294967295,0,0
oInvCollPH,1200,32,0027940F,0,1,1,4294967295,0,0
oInvCollPH,1216,16,002D8F64,0,1,1,4294967295,0,0
oInvCollPH,1232,16,00208E43,0,1,1,4294967295,0,0
oInvCollPH,1248,16,00330815,0,1,1,4294967295,0,0
oInvCollPH,1264,16,000A546E,0,1,1,4294967295,0,0
oInvCollPH,1280,16,000450B5,0,1,1,4294967295,0,0
oInvCollPH,1296,16,0015521B,0,1,1,4294967295,0,0
oInvCollPH,1312,16,001AE1FD,0,1,1,4294967295,0,0
oInvCollPH,1328,16,001B8EC0,0,1,1,4294967295,0,0
oInvCollPH,832,336,001AB7D8,0,1,1,4294967295,0,0
oInvCollPH,848,320,002009DD,0,1,1,4294967295,0,0
oInvCollPH,864,320,00121C79,0,1,1,4294967295,0,0
oInvCollPH,880,320,001C632E,0,1,1,4294967295,0,0
oInvCollPH,896,320,002C1394,0,1,1,4294967295,0,0
oInvCollPH,912,320,0021A7D8,0,1,1,4294967295,0,0
oInvCollPH,928,320,0001420B,0,1,1,4294967295,0,0
oInvCollPH,944,320,001841D0,0,1,1,4294967295,0,0
oInvCollPH,960,288,002217BE,0,1,1,4294967295,0,0
oInvCollPH,960,304,000F6B8C,0,1,1,4294967295,0,0
oInvCollPH,976,272,00187DE5,0,1,1,4294967295,0,0
oInvCollPH,992,272,002A8088,0,1,1,4294967295,0,0
oInvCollPH,1008,272,000E089B,0,1,1,4294967295,0,0
oInvCollPH,384,432,001D0FBA,0,1,1,4294967295,0,0
oInvCollPH,384,464,001CCF85,0,1,1,4294967295,0,0
oInvCollPH,400,464,002FEA8C,0,1,1,4294967295,0,0
oInvCollPH,416,464,003E55F7,0,1,1,4294967295,0,0
oInvCollPH,432,464,0033C08B,0,1,1,4294967295,0,0
oInvCollPH,448,464,003AC0B3,0,1,1,4294967295,0,0
oInvCollPH,464,464,000C049E,0,1,1,4294967295,0,0
oInvCollPH,480,464,003242E4,0,1,1,4294967295,0,0
oInvCollPH,496,464,0006511C,0,1,1,4294967295,0,0
oInvCollPH,496,448,00260643,0,1,1,4294967295,0,0
oInvCollPH,496,432,0038B447,0,1,1,4294967295,0,0
oInvCollPH,336,448,00029AFA,0,1,1,4294967295,0,0
oInvCollPH,352,448,00221AD0,0,1,1,4294967295,0,0
oInvCollPH,368,448,00251585,0,1,1,4294967295,0,0
oInvCollPH,320,464,002484F7,0,1,1,4294967295,0,0
oInvCollPH,336,464,001DD9B3,0,1,1,4294967295,0,0
oInvCollPH,352,464,0027400D,0,1,1,4294967295,0,0
oInvCollPH,368,464,002F637C,0,1,1,4294967295,0,0
oInvCollPH,160,416,003D15A5,0,1,1,4294967295,0,0
oInvCollPH,144,416,000B8C4F,0,1,1,4294967295,0,0
oInvCollPH,128,416,002E09C6,0,1,1,4294967295,0,0
oInvCollPH,112,416,001CA493,0,1,1,4294967295,0,0
oInvCollPH,96,416,00042C52,0,1,1,4294967295,0,0
oInvCollPH,80,416,003E6CA3,0,1,1,4294967295,0,0
oInvCollPH,64,416,00228F36,0,1,1,4294967295,0,0
oInvCollPH,48,432,002F4205,0,1,1,4294967295,0,0
oInvCollPH,48,448,002F5B54,0,1,1,4294967295,0,0
oInvCollPH,48,464,000072E0,0,1,1,4294967295,0,0
oInvCollPH,48,480,003926BB,0,1,1,4294967295,0,0
oInvCollPH,48,496,0012E5BF,0,1,1,4294967295,0,0
oInvCollPH,48,512,000F7333,0,1,1,4294967295,0,0
oInvCollPH,48,528,00258AE1,0,1,1,4294967295,0,0
oInvCollPH,48,544,0028079A,0,1,1,4294967295,0,0
oInvCollPH,48,560,003E8032,0,1,1,4294967295,0,0
oInvCollPH,48,576,0021C6AA,0,1,1,4294967295,0,0
oInvCollPH,64,592,002C6340,0,1,1,4294967295,0,0
oInvCollPH,80,592,002877D3,0,1,1,4294967295,0,0
oInvCollPH,96,592,002E995A,0,1,1,4294967295,0,0
oInvCollPH,112,592,002780AC,0,1,1,4294967295,0,0
oInvCollPH,128,592,001BD4C3,0,1,1,4294967295,0,0
oInvCollPH,144,592,000A6375,0,1,1,4294967295,0,0
oInvCollPH,144,608,000A4132,0,1,1,4294967295,0,0
oInvCollPH,144,624,0002214E,0,1,1,4294967295,0,0
oInvCollPH,144,640,00282023,0,1,1,4294967295,0,0
oInvCollPH,144,656,003DB38E,0,1,1,4294967295,0,0
oInvCollPH,144,672,0018856D,0,1,1,4294967295,0,0
oInvCollPH,144,688,00051F37,0,1,1,4294967295,0,0
oInvCollPH,224,576,003B473A,0,1,1,4294967295,0,0
oInvCollPH,224,592,003BDE7B,0,1,1,4294967295,0,0
oInvCollPH,224,608,001A2C7A,0,1,1,4294967295,0,0
oInvCollPH,224,624,001AE01D,0,1,1,4294967295,0,0
oInvCollPH,224,640,0012FE8C,0,1,1,4294967295,0,0
oInvCollPH,240,560,00175839,0,1,1,4294967295,0,0
oInvCollPH,256,560,000C1B54,0,1,1,4294967295,0,0
oInvCollPH,272,560,001AA367,0,1,1,4294967295,0,0
oInvCollPH,288,560,00284E5F,0,1,1,4294967295,0,0
oInvCollPH,304,560,00109874,0,1,1,4294967295,0,0
oInvCollPH,304,576,0012668E,0,1,1,4294967295,0,0
oInvCollPH,224,656,000CEC45,0,1,1,4294967295,0,0
oInvCollPH,224,672,003D9E7F,0,1,1,4294967295,0,0
oInvCollPH,224,688,001E6F69,0,1,1,4294967295,0,0
oInvCollPH,336,592,003ED262,0,1,1,4294967295,0,0
oInvCollPH,352,592,003796A3,0,1,1,4294967295,0,0
oInvCollPH,368,592,00402C10,0,1,1,4294967295,0,0
oInvCollPH,384,592,002B1B1F,0,1,1,4294967295,0,0
oInvCollPH,400,592,003B5A56,0,1,1,4294967295,0,0
oInvCollPH,416,592,000F2C4B,0,1,1,4294967295,0,0
oInvCollPH,432,592,00105A70,0,1,1,4294967295,0,0
oInvCollPH,432,608,003B3DDC,0,1,1,4294967295,0,0
oInvCollPH,432,624,003932D3,0,1,1,4294967295,0,0
oInvCollPH,432,640,003AF773,0,1,1,4294967295,0,0
oInvCollPH,464,656,0017793F,0,1,1,4294967295,0,0
oInvCollPH,480,656,001313E4,0,1,1,4294967295,0,0
oInvCollPH,496,656,0017DE34,0,1,1,4294967295,0,0
oInvCollPH,528,640,00368152,0,1,1,4294967295,0,0
oInvCollPH,544,656,00070DB7,0,1,1,4294967295,0,0
oInvCollPH,560,656,0036FC93,0,1,1,4294967295,0,0
oInvCollPH,560,672,000F012C,0,1,1,4294967295,0,0
oInvCollPH,560,688,003D2962,0,1,1,4294967295,0,0
oInvCollPH,656,640,0035969D,0,1,1,4294967295,0,0
oInvCollPH,656,656,002DC449,0,1,1,4294967295,0,0
oInvCollPH,656,672,002EFBB8,0,1,1,4294967295,0,0
oInvCollPH,656,688,002AA7C1,0,1,1,4294967295,0,0
oInvCollPH,672,688,0011A09A,0,1,1,4294967295,0,0
oInvCollPH,672,672,00066211,0,1,1,4294967295,0,0
oInvCollPH,672,656,0020D8A2,0,1,1,4294967295,0,0
oInvCollPH,672,640,0018D01F,0,1,1,4294967295,0,0
oInvCollPH,672,624,00013BF0,0,1,1,4294967295,0,0
oInvCollPH,1344,528,00269B95,0,1,1,4294967295,0,0
oInvCollPH,1344,544,001DA866,0,1,1,4294967295,0,0
oInvCollPH,1360,544,000A95F9,0,1,1,4294967295,0,0
oInvCollPH,1376,544,000566BA,0,1,1,4294967295,0,0
oInvCollPH,1392,544,003E84B0,0,1,1,4294967295,0,0
oInvCollPH,1136,272,0020F2EF,0,1,1,4294967295,0,0
oInvCollPH,1152,272,0008DFBF,0,1,1,4294967295,0,0
oInvCollPH,1168,272,0015F266,0,1,1,4294967295,0,0
oInvCollPH,1168,288,000ED79C,0,1,1,4294967295,0,0
oInvCollPH,1168,304,00306E93,0,1,1,4294967295,0,0
oInvCollPH,1344,672,00238AF7,0,1,1,4294967295,0,0
oInvCollPH,1344,688,0032A5D5,0,1,1,4294967295,0,0
oInvCollPH,1360,656,003B2A63,0,1,1,4294967295,0,0
oInvCollPH,1376,656,001E3225,0,1,1,4294967295,0,0
oInvCollPH,1392,656,00195D04,0,1,1,4294967295,0,0
oInvCollPH,832,352,0038ACDC,0,1,1,4294967295,0,0
oInvCollPH,832,368,002FB19D,0,1,1,4294967295,0,0
oInvCollPH,832,384,003E062D,0,1,1,4294967295,0,0
oInvCollPH,832,400,003BA405,0,1,1,4294967295,0,0
oInvCollPH,832,416,001C075A,0,1,1,4294967295,0,0
oInvCollPH,832,432,003D85F7,0,1,1,4294967295,0,0
oInvCollPH,832,448,001180D6,0,1,1,4294967295,0,0
oInvCollPH,848,448,002CC358,0,1,1,4294967295,0,0
oInvCollPH,864,448,00339D08,0,1,1,4294967295,0,0
oInvCollPH,880,448,000FA6AF,0,1,1,4294967295,0,0
oInvCollPH,896,448,0007A01F,0,1,1,4294967295,0,0
oInvCollPH,912,448,0031EF3E,0,1,1,4294967295,0,0
oInvCollPH,928,448,001546E4,0,1,1,4294967295,0,0
oInvCollPH,944,448,003B4300,0,1,1,4294967295,0,0
oInvCollPH,960,448,00300DC8,0,1,1,4294967295,0,0
oInvCollPH,976,448,00158143,0,1,1,4294967295,0,0
oInvCollPH,992,448,001559E8,0,1,1,4294967295,0,0
oInvCollPH,1008,448,002EC73B,0,1,1,4294967295,0,0
oInvCollPH,1024,448,001DC594,0,1,1,4294967295,0,0
oInvCollPH,1040,448,00320517,0,1,1,4294967295,0,0
oInvCollPH,1056,448,0002ACC0,0,1,1,4294967295,0,0
oInvCollPH,1072,448,0023326B,0,1,1,4294967295,0,0
oInvCollPH,1168,320,0003D2E7,0,1,1,4294967295,0,0
oInvCollPH,1168,336,00139F20,0,1,1,4294967295,0,0
oInvCollPH,1040,288,00330D74,0,1,1,4294967295,0,0
oInvCollPH,1056,288,0006271B,0,1,1,4294967295,0,0
oInvCollPH,1072,288,003AE146,0,1,1,4294967295,0,0
oInvCollPH,1088,288,003EEE51,0,1,1,4294967295,0,0
oInvCollPH,1104,288,0015E9A8,0,1,1,4294967295,0,0
oInvCollPH,1264,304,00352631,0,1,1,4294967295,0,0
oInvCollPH,1280,304,00069430,0,1,1,4294967295,0,0
oInvCollPH,1296,304,0011A54F,0,1,1,4294967295,0,0
oInvCollPH,1312,304,000C0295,0,1,1,4294967295,0,0
oInvCollPH,1248,320,0029A3A0,0,1,1,4294967295,0,0
oInvCollPH,1248,336,003A616B,0,1,1,4294967295,0,0
oInvCollPH,1328,304,002269DB,0,1,1,4294967295,0,0
oInvCollPH,1344,304,0011C4F9,0,1,1,4294967295,0,0
oInvCollPH,1360,304,000A6A52,0,1,1,4294967295,0,0
oInvCollPH,1376,304,0020B8BE,0,1,1,4294967295,0,0
oInvCollPH,1392,304,000B79C8,0,1,1,4294967295,0,0
oInvCollPH,1184,352,000937F3,0,1,1,4294967295,0,0
oInvCollPH,1200,352,0002208E,0,1,1,4294967295,0,0
oInvCollPH,1216,352,003CDA1D,0,1,1,4294967295,0,0
oInvCollPH,1232,352,0032764C,0,1,1,4294967295,0,0
oInvCollPH,1088,464,00136BBC,0,1,1,4294967295,0,0
oInvCollPH,1088,480,00286573,0,1,1,4294967295,0,0
oInvCollPH,1088,496,00329297,0,1,1,4294967295,0,0
oInvCollPH,1104,496,0024EF35,0,1,1,4294967295,0,0
oInvCollPH,1120,496,0023DB8A,0,1,1,4294967295,0,0
oInvCollPH,1136,496,001099B5,0,1,1,4294967295,0,0
oInvCollPH,1152,496,00303306,0,1,1,4294967295,0,0
oInvCollPH,1168,496,0030189D,0,1,1,4294967295,0,0
oInvCollPH,1184,496,002A4739,0,1,1,4294967295,0,0
oInvCollPH,1200,496,000798F1,0,1,1,4294967295,0,0
oInvCollPH,1216,496,003776DD,0,1,1,4294967295,0,0
oInvCollPH,1232,496,001BDF89,0,1,1,4294967295,0,0
oInvCollPH,1248,496,003D5DDF,0,1,1,4294967295,0,0
oInvCollPH,1264,496,00130264,0,1,1,4294967295,0,0
oInvCollPH,1280,496,003BA8C1,0,1,1,4294967295,0,0
oInvCollPH,1296,496,000DF622,0,1,1,4294967295,0,0
oInvCollPH,1312,496,00005CA4,0,1,1,4294967295,0,0
oInvCollPH,1328,496,001CE097,0,1,1,4294967295,0,0
oInvCollPH,768,672,0016E99A,0,1,1,4294967295,0,0
oInvCollPH,768,688,001FFCAC,0,1,1,4294967295,0,0
oInvCollPH,784,656,0011C2B6,0,1,1,4294967295,0,0
oInvCollPH,816,640,00013F88,0,1,1,4294967295,0,0
oInvCollPH,832,656,002A865D,0,1,1,4294967295,0,0
oInvCollPH,848,656,00095064,0,1,1,4294967295,0,0
oInvCollPH,864,656,00180F7F,0,1,1,4294967295,0,0
oInvCollPH,880,656,00054881,0,1,1,4294967295,0,0
oInvCollPH,896,656,000A6F4B,0,1,1,4294967295,0,0
oInvCollPH,912,656,000CD3B1,0,1,1,4294967295,0,0
oInvCollPH,928,656,001F0325,0,1,1,4294967295,0,0
oInvCollPH,944,656,000D078B,0,1,1,4294967295,0,0
oInvCollPH,1120,656,002C5BBE,0,1,1,4294967295,0,0
oInvCollPH,1136,656,00265241,0,1,1,4294967295,0,0
oInvCollPH,1152,656,003AC1F9,0,1,1,4294967295,0,0
oInvCollPH,1168,656,0039D31C,0,1,1,4294967295,0,0
oInvCollPH,1184,656,00165616,0,1,1,4294967295,0,0
oInvCollPH,1200,656,00095EC8,0,1,1,4294967295,0,0
oInvCollPH,1216,656,003DDCFC,0,1,1,4294967295,0,0
oInvCollPH,1232,656,00253748,0,1,1,4294967295,0,0
oInvCollPH,1232,672,00279C3D,0,1,1,4294967295,0,0
oInvCollPH,1232,688,0010CD0F,0,1,1,4294967295,0,0
oInvCollPH,960,544,001DED0E,0,1,1,4294967295,0,0
oInvCollPH,960,560,0003104D,0,1,1,4294967295,0,0
oInvCollPH,960,576,000A5916,0,1,1,4294967295,0,0
oInvCollPH,960,592,0030D23F,0,1,1,4294967295,0,0
oInvCollPH,960,608,003E028F,0,1,1,4294967295,0,0
oInvCollPH,960,624,00217276,0,1,1,4294967295,0,0
oInvCollPH,960,640,00223CD1,0,1,1,4294967295,0,0
oInvCollPH,976,528,003C72DF,0,1,1,4294967295,0,0
oInvCollPH,992,528,002367CF,0,1,1,4294967295,0,0
oInvCollPH,1008,528,003991F6,0,1,1,4294967295,0,0
oInvCollPH,1008,544,00271B2F,0,1,1,4294967295,0,0
oInvCollPH,1040,560,001C99C1,0,1,1,4294967295,0,0
oInvCollPH,1040,576,00391B16,0,1,1,4294967295,0,0
oInvCollPH,1072,592,000927E2,0,1,1,4294967295,0,0
oInvCollPH,1072,608,002116C6,0,1,1,4294967295,0,0
oInvCollPH,1104,624,002ECB38,0,1,1,4294967295,0,0
oInvCollPH,1104,640,00007628,0,1,1,4294967295,0,0
oInvisibleSolid,0,304,00400211,0,1,1,4294967295,0,1
oInvisibleSolid,240,336,00326C23,0,1,1,4294967295,0,1
oInvisibleSolid,384,352,0027F2A9,0,1,1,4294967295,0,1
oInvisibleSolid,0,432,0036C6B7,0,1,1,4294967295,0,1
oInvisibleSolid,320,192,001773D0,0,1,1,4294967295,0,1
oInvisibleSolid,112,160,0028D38D,0,1,1,4294967295,0,1
oInvisibleSolid,144,192,0014BBFC,0,1,1,4294967295,0,1
oInvisibleSolid,0,208,002CFA67,0,1,1,4294967295,0,1
oInvisibleSolid,0,0,0035B6F0,0,1,1,4294967295,0,1
oInvisibleSolid,112,0,00313D4D,0,1,1,4294967295,0,1
oInvisibleSolid,176,0,003B584F,0,1,1,4294967295,0,1
oInvisibleSolid,1344,32,002FB0E0,0,1,1,4294967295,0,1
oInvisibleSolid,1280,128,003215AA,0,1,1,4294967295,0,1
oInvisibleSolid,1248,304,0035C7F8,0,1,1,4294967295,0,1
oInvisibleSolid,960,272,001FBC34,0,1,1,4294967295,0,1
oInvisibleSolid,1120,272,003C7DF0,0,1,1,4294967295,0,1
oInvisibleSolid,992,144,003438C7,0,1,1,4294967295,0,1
oInvisibleSolid,1120,144,002D9474,0,1,1,4294967295,0,1
oInvisibleSolid,752,144,003EF518,0,1,1,4294967295,0,1
oInvisibleSolid,832,320,003D2EA8,0,1,1,4294967295,0,1
oInvisibleSolid,592,0,00265113,0,1,1,4294967295,0,1
oInvisibleSolid,560,48,00180BB2,0,1,1,4294967295,0,1
oInvisibleSolid,384,160,002179B1,0,1,1,4294967295,0,1
oInvisibleSolid,448,144,000A1EF7,0,1,1,4294967295,0,1
oInvisibleSolid,592,128,000D1883,0,1,1,4294967295,0,1
oInvisibleSolid,928,32,002F31D3,0,1,1,4294967295,0,1
oInvisibleSolid,1040,32,00038A49,0,1,1,4294967295,0,1
oInvisibleSolid,1168,32,00078C1A,0,1,1,4294967295,0,1
oInvisibleSolid,0,592,00231FA6,0,1,1,4294967295,0,1
oInvisibleSolid,224,560,002ABE74,0,1,1,4294967295,0,1
oInvisibleSolid,320,592,0013F035,0,1,1,4294967295,0,1
oInvisibleSolid,448,656,0025C4FD,0,1,1,4294967295,0,1
oInvisibleSolid,320,448,0001AF94,0,1,1,4294967295,0,1
oInvisibleSolid,656,624,00234AD4,0,1,1,4294967295,0,1
oInvisibleSolid,768,656,0026F5C2,0,1,1,4294967295,0,1
oInvisibleSolid,1024,288,00155A40,0,1,1,4294967295,0,1
oInvisibleSolid,1088,352,002313EA,0,1,1,4294967295,0,1
oInvisibleSolid,1344,512,002B5D7A,0,1,1,4294967295,0,1
oInvisibleSolid,1344,656,0026DCBA,0,1,1,4294967295,0,1
oInvisibleSolid,960,528,00350340,0,1,1,4294967295,0,1
oInvisibleSolid,1024,560,002FFA3E,0,1,1,4294967295,0,1
oInvisibleSolid,1056,592,0023A600,0,1,1,4294967295,0,1
oInvisibleSolid,1088,624,00148D0F,0,1,1,4294967295,0,1
oInvisibleSolid,512,640,00292957,0,1,1,4294967295,0,1
oInvisibleSolid,800,640,0015D75D,0,1,1,4294967295,0,1
