oExit,0,272,000776E5,0,1,1,4294967295,0,1
oExit,1904,176,0020DEF7,0,1,1,4294967295,0,1
oExit,704,336,0026F459,0,1,1,4294967295,0,1
oHeartPiece,752,256,001945B6,0,1,1,4294967295,0,1
oMetGeemer,688,48,0030BD26,0,1,1,4294967295,0,1
oMetSkree,896,48,0011E3CE,0,1,1,4294967295,0,0
oMetSkree,1376,80,00160B58,0,1,1,4294967295,0,0
oMetRipper,1312,176,000C2EF2,0,1,1,4294967295,0,1
oMetMultiviola,1240,200,0013644D,0,1,1,4294967295,0,0
oMetMultiviola,520,168,000E9CCD,0,1,1,4294967295,0,0
oMetSmallSidehopper,1136,256,003A3ED5,0,1,1,4294967295,0,0
oMetroidBlockDisappear,208,144,000C25CE,0,1,1,4294967295,0,1
oMetroidBlockDisappear,224,144,003BE48B,0,1,1,4294967295,0,1
oMetroidBlockDisappear,208,160,003D95E5,0,1,1,4294967295,0,1
oMetroidBlockDisappear,224,160,00104499,0,1,1,4294967295,0,1
oPlayer1,64,304,003359A8,0,1,1,4294967295,0,0
oMetroidDoorHolder,1888,176,002998A8,0,1,1,4294967295,0,1
oMetroidDoorHolder,16,272,0021BFAB,0,1,1,4294967295,0,1
oBreakableMetroidWall,272,224,0001EBE3,0,1,1,4294967295,0,1
oBreakableMetroidWall,416,224,00269BD9,0,1,1,4294967295,0,1
oInvCollPH,752,288,001266E4,0,1,1,4294967295,0,0
oInvCollPH,528,64,0007EEF1,0,1,1,4294967295,0,0
oInvCollPH,560,48,0036A4BE,0,1,1,4294967295,0,0
oInvCollPH,576,48,003B21B2,0,1,1,4294967295,0,0
oInvCollPH,592,48,00172255,0,1,1,4294967295,0,0
oInvCollPH,16,224,0033D786,0,1,1,4294967295,0,0
oInvCollPH,208,64,001F1C8D,0,1,1,4294967295,0,0
oInvCollPH,224,64,0019B298,0,1,1,4294967295,0,0
oInvCollPH,240,64,0019AFBA,0,1,1,4294967295,0,0
oInvCollPH,256,64,0029DB2C,0,1,1,4294967295,0,0
oInvCollPH,272,64,000A4172,0,1,1,4294967295,0,0
oInvCollPH,288,64,00097871,0,1,1,4294967295,0,0
oInvCollPH,304,64,0021F889,0,1,1,4294967295,0,0
oInvCollPH,320,64,003DC686,0,1,1,4294967295,0,0
oInvCollPH,128,160,0025AE34,0,1,1,4294967295,0,0
oInvCollPH,144,160,001AB8F7,0,1,1,4294967295,0,0
oInvCollPH,160,160,0012BA12,0,1,1,4294967295,0,0
oInvCollPH,176,160,0026EA44,0,1,1,4294967295,0,0
oInvCollPH,192,160,0025B326,0,1,1,4294967295,0,0
oInvCollPH,192,144,001CE1A8,0,1,1,4294967295,0,0
oInvCollPH,192,128,00146FC0,0,1,1,4294967295,0,0
oInvCollPH,192,112,00219D00,0,1,1,4294967295,0,0
oInvCollPH,192,96,002388F3,0,1,1,4294967295,0,0
oInvCollPH,192,80,001D3C0B,0,1,1,4294967295,0,0
oInvCollPH,976,192,00279BB4,0,1,1,4294967295,0,0
oInvCollPH,992,192,00181A52,0,1,1,4294967295,0,0
oInvCollPH,1008,192,0029DADC,0,1,1,4294967295,0,0
oInvCollPH,1024,192,0013C7FB,0,1,1,4294967295,0,0
oInvCollPH,976,160,0022D7A9,0,1,1,4294967295,0,0
oInvCollPH,928,128,002573D9,0,1,1,4294967295,0,0
oInvCollPH,928,96,003CAA84,0,1,1,4294967295,0,0
oInvCollPH,1840,128,0036DFEE,0,1,1,4294967295,0,0
oInvCollPH,1856,128,002FC33A,0,1,1,4294967295,0,0
oInvCollPH,1872,128,000EEA0F,0,1,1,4294967295,0,0
oInvCollPH,1888,128,0036D47B,0,1,1,4294967295,0,0
oInvCollPH,1904,128,003AB943,0,1,1,4294967295,0,0
oInvCollPH,1552,128,00280124,0,1,1,4294967295,0,0
oInvCollPH,1568,128,002566C1,0,1,1,4294967295,0,0
oInvCollPH,1584,128,0028F512,0,1,1,4294967295,0,0
oInvCollPH,1600,128,0016A746,0,1,1,4294967295,0,0
oInvCollPH,1616,128,0007B9EF,0,1,1,4294967295,0,0
oInvCollPH,1696,96,000A2C64,0,1,1,4294967295,0,0
oInvCollPH,1712,96,00338920,0,1,1,4294967295,0,0
oInvCollPH,1728,96,0034C754,0,1,1,4294967295,0,0
oInvCollPH,1744,96,00374118,0,1,1,4294967295,0,0
oInvCollPH,928,48,002B1D35,0,1,1,4294967295,0,0
oInvCollPH,928,64,00279EB5,0,1,1,4294967295,0,0
oInvCollPH,1232,64,0001ED64,0,1,1,4294967295,0,0
oInvCollPH,1248,64,003D43C4,0,1,1,4294967295,0,0
oInvCollPH,1264,64,000F0444,0,1,1,4294967295,0,0
oInvCollPH,1344,64,000A52C0,0,1,1,4294967295,0,0
oInvCollPH,1360,64,002ABA21,0,1,1,4294967295,0,0
oInvCollPH,1376,64,00012342,0,1,1,4294967295,0,0
oInvCollPH,1392,64,00285D0F,0,1,1,4294967295,0,0
oInvCollPH,1408,64,00136F11,0,1,1,4294967295,0,0
oInvCollPH,1424,64,000C8121,0,1,1,4294967295,0,0
oInvCollPH,368,32,0025C12B,0,1,1,4294967295,0,0
oInvCollPH,384,32,0019DA01,0,1,1,4294967295,0,0
oInvCollPH,400,32,000E2935,0,1,1,4294967295,0,0
oInvCollPH,672,32,00160D1C,0,1,1,4294967295,0,0
oInvCollPH,688,32,00136D97,0,1,1,4294967295,0,0
oInvCollPH,704,32,003F2EE8,0,1,1,4294967295,0,0
oInvCollPH,720,32,00367921,0,1,1,4294967295,0,0
oInvCollPH,736,32,003A9C43,0,1,1,4294967295,0,0
oInvCollPH,752,32,00183894,0,1,1,4294967295,0,0
oInvCollPH,768,32,0035CD50,0,1,1,4294967295,0,0
oInvCollPH,784,32,000A438A,0,1,1,4294967295,0,0
oInvCollPH,800,32,00376005,0,1,1,4294967295,0,0
oInvCollPH,816,32,003DC749,0,1,1,4294967295,0,0
oInvCollPH,832,32,001A1671,0,1,1,4294967295,0,0
oInvCollPH,848,32,00254977,0,1,1,4294967295,0,0
oInvCollPH,864,32,00229DD9,0,1,1,4294967295,0,0
oInvCollPH,880,32,002C9336,0,1,1,4294967295,0,0
oInvCollPH,896,32,000A5FA4,0,1,1,4294967295,0,0
oInvCollPH,912,32,0027BDB2,0,1,1,4294967295,0,0
oInvCollPH,1840,208,003FC11C,0,1,1,4294967295,0,0
oInvCollPH,1856,208,00049CF6,0,1,1,4294967295,0,0
oInvCollPH,1872,208,002749E6,0,1,1,4294967295,0,0
oInvCollPH,1888,208,002A0665,0,1,1,4294967295,0,0
oInvCollPH,1904,208,0004F2D4,0,1,1,4294967295,0,0
oInvCollPH,1552,208,003AB086,0,1,1,4294967295,0,0
oInvCollPH,1568,208,0012486A,0,1,1,4294967295,0,0
oInvCollPH,1584,208,0013734A,0,1,1,4294967295,0,0
oInvCollPH,1600,208,001E9794,0,1,1,4294967295,0,0
oInvCollPH,1616,208,00262427,0,1,1,4294967295,0,0
oInvCollPH,1696,240,000A7DDC,0,1,1,4294967295,0,0
oInvCollPH,1712,240,00279377,0,1,1,4294967295,0,0
oInvCollPH,1728,240,0023A11C,0,1,1,4294967295,0,0
oInvCollPH,1744,240,000B9D96,0,1,1,4294967295,0,0
oInvCollPH,1408,272,003FA111,0,1,1,4294967295,0,0
oInvCollPH,1424,272,002E5B0B,0,1,1,4294967295,0,0
oInvCollPH,16,304,0023AAB9,0,1,1,4294967295,0,0
oInvCollPH,32,304,00274BBD,0,1,1,4294967295,0,0
oInvCollPH,48,304,0025DDDC,0,1,1,4294967295,0,0
oInvCollPH,64,304,001F3B57,0,1,1,4294967295,0,0
oInvCollPH,80,304,003AA1E4,0,1,1,4294967295,0,0
oInvCollPH,96,304,00214F84,0,1,1,4294967295,0,0
oInvCollPH,112,304,003F6FFD,0,1,1,4294967295,0,0
oInvCollPH,128,304,00062238,0,1,1,4294967295,0,0
oInvCollPH,144,304,00255A7E,0,1,1,4294967295,0,0
oInvCollPH,160,304,00241E3B,0,1,1,4294967295,0,0
oInvCollPH,176,304,002AA454,0,1,1,4294967295,0,0
oInvCollPH,192,304,0025C735,0,1,1,4294967295,0,0
oInvCollPH,208,304,002C42E9,0,1,1,4294967295,0,0
oInvCollPH,672,304,00343CF4,0,1,1,4294967295,0,0
oInvCollPH,688,304,0039F2FB,0,1,1,4294967295,0,0
oInvCollPH,688,320,00326E86,0,1,1,4294967295,0,0
oInvCollPH,688,336,00084347,0,1,1,4294967295,0,0
oInvCollPH,752,320,001AAF73,0,1,1,4294967295,0,0
oInvCollPH,752,336,00232AA8,0,1,1,4294967295,0,0
oInvCollPH,960,304,0011EE3D,0,1,1,4294967295,0,0
oInvCollPH,976,304,001C05DC,0,1,1,4294967295,0,0
oInvCollPH,992,304,00296A46,0,1,1,4294967295,0,0
oInvCollPH,1008,304,002EB5E0,0,1,1,4294967295,0,0
oInvCollPH,1024,304,00273EFF,0,1,1,4294967295,0,0
oInvCollPH,1248,304,002DCD2E,0,1,1,4294967295,0,0
oInvCollPH,1264,304,00149970,0,1,1,4294967295,0,0
oInvCollPH,1280,304,0034410D,0,1,1,4294967295,0,0
oInvCollPH,1296,304,003C3D31,0,1,1,4294967295,0,0
oInvCollPH,1312,304,000F39DB,0,1,1,4294967295,0,0
oInvCollPH,1328,304,0001722D,0,1,1,4294967295,0,0
oInvCollPH,1120,256,0006B566,0,1,1,4294967295,0,0
oInvCollPH,1136,256,00083049,0,1,1,4294967295,0,0
oInvCollPH,1184,272,00328208,0,1,1,4294967295,0,0
oInvCollPH,1200,288,001ADE3A,0,1,1,4294967295,0,0
oInvCollPH,288,144,0029F4EE,0,1,1,4294967295,0,0
oInvCollPH,304,144,00135681,0,1,1,4294967295,0,0
oInvCollPH,320,144,002CCFF2,0,1,1,4294967295,0,0
oInvCollPH,336,144,00282325,0,1,1,4294967295,0,0
oInvCollPH,352,144,0004DE29,0,1,1,4294967295,0,0
oInvCollPH,272,144,0005A821,0,1,1,4294967295,0,0
oInvCollPH,256,144,00364250,0,1,1,4294967295,0,0
oInvCollPH,256,160,001BF583,0,1,1,4294967295,0,0
oInvCollPH,272,192,0038DBD3,0,1,1,4294967295,0,0
oInvCollPH,416,176,00134570,0,1,1,4294967295,0,0
oInvCollPH,416,192,003AE0ED,0,1,1,4294967295,0,0
oInvCollPH,624,256,001DC543,0,1,1,4294967295,0,0
oInvCollPH,624,272,00278540,0,1,1,4294967295,0,0
oInvCollPH,624,240,0007F12C,0,1,1,4294967295,0,0
oInvCollPH,720,144,0001959D,0,1,1,4294967295,0,0
oInvCollPH,736,144,00264B5F,0,1,1,4294967295,0,0
oInvCollPH,752,144,00381D8D,0,1,1,4294967295,0,0
oInvCollPH,768,144,0012BF02,0,1,1,4294967295,0,0
oInvCollPH,784,144,0013EF15,0,1,1,4294967295,0,0
oInvCollPH,848,176,0032F2EC,0,1,1,4294967295,0,0
oInvCollPH,848,192,000E79EC,0,1,1,4294967295,0,0
oInvCollPH,784,224,00059196,0,1,1,4294967295,0,0
oInvCollPH,784,240,00081066,0,1,1,4294967295,0,0
oInvCollPH,848,208,001B5A3A,0,1,1,4294967295,0,0
oInvCollPH,848,224,003CA1CB,0,1,1,4294967295,0,0
oInvCollPH,464,256,0013B4D2,0,1,1,4294967295,0,0
oInvCollPH,480,256,002C0D4A,0,1,1,4294967295,0,0
oInvCollPH,496,256,00055A94,0,1,1,4294967295,0,0
oInvCollPH,512,256,0014168F,0,1,1,4294967295,0,0
oInvCollPH,528,256,001FD7FF,0,1,1,4294967295,0,0
oInvCollPH,544,256,0002D62F,0,1,1,4294967295,0,0
oInvCollPH,688,192,001DAD5F,0,1,1,4294967295,0,0
oInvCollPH,704,192,002BB203,0,1,1,4294967295,0,0
oInvCollPH,720,192,001EA23F,0,1,1,4294967295,0,0
oInvCollPH,736,192,00214009,0,1,1,4294967295,0,0
oInvCollPH,752,192,00386873,0,1,1,4294967295,0,0
oInvCollPH,288,240,00051556,0,1,1,4294967295,0,0
oInvCollPH,304,240,001B0261,0,1,1,4294967295,0,0
oInvCollPH,320,240,002D3F72,0,1,1,4294967295,0,0
oInvCollPH,336,240,0034C061,0,1,1,4294967295,0,0
oInvCollPH,352,240,000B81D6,0,1,1,4294967295,0,0
oInvCollPH,368,240,00213270,0,1,1,4294967295,0,0
oInvCollPH,384,240,0022DA12,0,1,1,4294967295,0,0
oInvCollPH,400,240,002ADE8E,0,1,1,4294967295,0,0
oInvCollPH,416,240,00024813,0,1,1,4294967295,0,0
oInvCollPH,432,240,002B8D5D,0,1,1,4294967295,0,0
oInvCollSM,288,208,00208405,0,1,1,4294967295,0,0
oInvCollSM,304,208,00066304,0,1,1,4294967295,0,0
oInvCollSM,320,208,0018BAA4,0,1,1,4294967295,0,0
oInvCollSM,336,208,00136985,0,1,1,4294967295,0,0
oInvCollSM,352,208,00023182,0,1,1,4294967295,0,0
oInvCollSM,368,208,001D98F9,0,1,1,4294967295,0,0
oInvCollSM,384,208,001F501B,0,1,1,4294967295,0,0
oInvCollSM,400,208,002BA780,0,1,1,4294967295,0,0
oInvCollSM,416,208,00064FAF,0,1,1,4294967295,0,0
oInvisibleRupLowSlope,224,288,0024A70D,0,1,1,4294967295,0,0
oInvisibleRupLowSlope,592,208,001E3D73,0,1,1,4294967295,0,0
oInvisibleRupLowSlope,656,160,000D2B9F,0,1,1,4294967295,0,0
oInvisibleRupLowSlope,1040,288,003D6EDA,0,1,1,4294967295,0,0
oInvisibleRupLowSlope,1360,272,003AC7BE,0,1,1,4294967295,0,0
oInvisibleRupLowSlope,1456,240,00029467,0,1,1,4294967295,0,0
oInvisibleRupLowSlope,1504,208,0007E770,0,1,1,4294967295,0,0
oInvisibleRupLowSlope,1760,224,0001EC4D,0,1,1,4294967295,0,0
oInvisibleRupLowSlope,1792,208,0018A58D,0,1,1,4294967295,0,0
oInvisibleLupLowSlope,1664,224,00114021,0,1,1,4294967295,0,0
oInvisibleLupLowSlope,1632,208,0029ADD6,0,1,1,4294967295,0,0
oInvisibleLupLowSlope,1216,288,001AD355,0,1,1,4294967295,0,0
oInvisibleLupLowSlope,1152,256,00144F13,0,1,1,4294967295,0,0
oInvisibleLupLowSlope,896,256,00389201,0,1,1,4294967295,0,0
oInvisibleLupLowSlope,864,240,0013FAEF,0,1,1,4294967295,0,0
oInvisibleLupLowSlope,368,144,0002A6B8,0,1,1,4294967295,0,0
oInvisibleLupLowSlope,800,144,001D3404,0,1,1,4294967295,0,0
oInvisibleRupSlope,256,272,003E0FBC,0,1,1,4294967295,0,0
oInvisibleRupSlope,560,240,000D2BCB,0,1,1,4294967295,0,0
oInvisibleRupSlope,576,224,0015F29E,0,1,1,4294967295,0,0
oInvisibleRupSlope,624,192,00254978,0,1,1,4294967295,0,0
oInvisibleRupSlope,640,176,00062E55,0,1,1,4294967295,0,0
oInvisibleRupSlope,688,144,001089D0,0,1,1,4294967295,0,0
oInvisibleRupSlope,1088,272,0003012A,0,1,1,4294967295,0,0
oInvisibleRupSlope,1344,288,00244C86,0,1,1,4294967295,0,0
oInvisibleRupSlope,1440,256,00212A33,0,1,1,4294967295,0,0
oInvisibleRupSlope,1488,224,0037E780,0,1,1,4294967295,0,0
oInvisibleLupSlope,928,272,003532AE,0,1,1,4294967295,0,0
oInvisibleLupSlope,944,288,0034B18F,0,1,1,4294967295,0,0
oInvisibleLupSlope,832,160,001529CC,0,1,1,4294967295,0,0
oInvisibleLupSlope,448,240,00232D79,0,1,1,4294967295,0,0
oInvisibleRCeilingLowSlope,416,48,00384466,0,1,1,4294967295,0,0
oInvisibleRCeilingLowSlope,944,144,001879DD,0,1,1,4294967295,0,0
oInvisibleRCeilingLowSlope,1456,96,00372811,0,1,1,4294967295,0,0
oInvisibleRCeilingLowSlope,1280,80,0017E21B,0,1,1,4294967295,0,0
oInvisibleRCeilingLowSlope,1504,128,002D5373,0,1,1,4294967295,0,0
oInvisibleRCeilingLowSlope,1760,112,00070835,0,1,1,4294967295,0,0
oInvisibleRCeilingLowSlope,1792,128,0025ED93,0,1,1,4294967295,0,0
oInvisibleLCeilingLowSlope,1664,112,001B8069,0,1,1,4294967295,0,0
oInvisibleLCeilingLowSlope,1632,128,002EE1E6,0,1,1,4294967295,0,0
oInvisibleLCeilingLowSlope,1312,80,0030145D,0,1,1,4294967295,0,0
oInvisibleLCeilingLowSlope,1200,80,00190108,0,1,1,4294967295,0,0
oInvisibleLCeilingLowSlope,1152,112,00231424,0,1,1,4294967295,0,0
oInvisibleLCeilingLowSlope,1104,144,00199C2F,0,1,1,4294967295,0,0
oInvisibleLCeilingLowSlope,1056,176,003422F7,0,1,1,4294967295,0,0
oInvisibleLCeilingLowSlope,640,48,00393796,0,1,1,4294967295,0,0
oInvisibleLCeilingLowSlope,448,48,003DE057,0,1,1,4294967295,0,0
oInvisibleLCeilingLowSlope,80,192,003D7194,0,1,1,4294967295,0,0
oInvisibleLCeilingLowSlope,32,224,00234099,0,1,1,4294967295,0,0
oInvisibleRCeilingSlope,480,48,00102EA0,0,1,1,4294967295,0,0
oInvisibleRCeilingSlope,496,64,003176F0,0,1,1,4294967295,0,0
oInvisibleRCeilingSlope,608,64,0006B8DC,0,1,1,4294967295,0,0
oInvisibleRCeilingSlope,1440,80,001DC696,0,1,1,4294967295,0,0
oInvisibleRCeilingSlope,1488,112,002C0AE8,0,1,1,4294967295,0,0
oInvisibleLCeilingSlope,1184,96,000FF74C,0,1,1,4294967295,0,0
oInvisibleLCeilingSlope,1136,128,000869B2,0,1,1,4294967295,0,0
oInvisibleLCeilingSlope,1088,160,0007C494,0,1,1,4294967295,0,0
oInvisibleLCeilingSlope,1040,192,001BF49F,0,1,1,4294967295,0,0
oInvisibleLCeilingSlope,624,64,00123D50,0,1,1,4294967295,0,0
oInvisibleLCeilingSlope,544,64,000869CA,0,1,1,4294967295,0,0
oInvisibleLCeilingSlope,352,48,002CA579,0,1,1,4294967295,0,0
oInvisibleLCeilingSlope,336,64,001D4964,0,1,1,4294967295,0,0
oInvisibleLCeilingSlope,112,176,000F9EC5,0,1,1,4294967295,0,0
oInvisibleLCeilingSlope,64,208,002C026C,0,1,1,4294967295,0,0
oInvisibleLupSlope,400,160,0028E764,0,1,1,4294967295,0,0
oInvisibleLupLowSlope,640,288,001DAF65,0,1,1,4294967295,0,0
oInvisibleRupSlope,768,288,003B5EE4,0,1,1,4294967295,0,0
oInvisibleRCeilingSlope,768,208,0009BA94,0,1,1,4294967295,0,0
oInvisibleLCeilingSlope,640,224,00177488,0,1,1,4294967295,0,0
oInvisibleLCeilingLowSlope,656,208,001DEE08,0,1,1,4294967295,0,0
oInvisibleSolid,64,192,002B7DD0,0,1,1,4294967295,0,0
oInvisibleSolid,0,224,000EBF4E,0,1,1,4294967295,0,1
oInvisibleSolid,0,192,0022A89B,0,1,1,4294967295,0,1
oInvisibleSolid,0,176,001636EE,0,1,1,4294967295,0,1
oInvisibleSolid,0,0,0024373F,0,1,1,4294967295,0,1
oInvisibleSolid,336,48,00148FC5,0,1,1,4294967295,0,0
oInvisibleSolid,208,0,00188A67,0,1,1,4294967295,0,1
oInvisibleSolid,496,48,00035B2B,0,1,1,4294967295,0,0
oInvisibleSolid,336,0,00146051,0,1,1,4294967295,0,1
oInvisibleSolid,512,64,00149024,0,1,1,4294967295,0,1
oInvisibleSolid,512,48,00101C62,0,1,1,4294967295,0,1
oInvisibleSolid,928,0,00222A1E,0,1,1,4294967295,0,1
oInvisibleSolid,1040,176,00238170,0,1,1,4294967295,0,0
oInvisibleSolid,1088,144,00194450,0,1,1,4294967295,0,0
oInvisibleSolid,976,176,0033327C,0,1,1,4294967295,0,1
oInvisibleSolid,976,144,0029E364,0,1,1,4294967295,0,1
oInvisibleSolid,1136,112,00244293,0,1,1,4294967295,0,0
oInvisibleSolid,1184,80,003292EB,0,1,1,4294967295,0,0
oInvisibleSolid,928,112,0036163D,0,1,1,4294967295,0,1
oInvisibleSolid,928,80,002769C7,0,1,1,4294967295,0,1
oInvisibleSolid,1824,128,00068468,0,1,1,4294967295,0,1
oInvisibleSolid,1792,112,00279407,0,1,1,4294967295,0,1
oInvisibleSolid,1536,128,001AB650,0,1,1,4294967295,0,1
oInvisibleSolid,1504,112,00079E94,0,1,1,4294967295,0,1
oInvisibleSolid,1488,96,000DE152,0,1,1,4294967295,0,1
oInvisibleSolid,1456,80,000BD5B4,0,1,1,4294967295,0,1
oInvisibleSolid,256,288,0021AEB3,0,1,1,4294967295,0,1
oInvisibleSolid,240,144,001BDBF4,0,1,1,4294967295,0,1
oInvisibleSolid,0,304,003703E0,0,1,1,4294967295,0,1
oInvisibleSolid,752,272,002E7110,0,1,1,4294967295,0,1
oInvisibleSolid,240,160,003DE8D0,0,1,1,4294967295,0,1
oInvisibleSolid,272,176,0028BD75,0,1,1,4294967295,0,1
oInvisibleSolid,272,240,000E6C3C,0,1,1,4294967295,0,1
oInvisibleSolid,272,256,00072F07,0,1,1,4294967295,0,1
oInvisibleSolid,576,240,000DA7C4,0,1,1,4294967295,0,1
oInvisibleSolid,592,224,000F8D74,0,1,1,4294967295,0,1
oInvisibleSolid,624,208,0013B3B8,0,1,1,4294967295,0,1
oInvisibleSolid,640,192,0039991C,0,1,1,4294967295,0,1
oInvisibleSolid,656,176,0035CF24,0,1,1,4294967295,0,1
oInvisibleSolid,688,160,00039B94,0,1,1,4294967295,0,1
oInvisibleSolid,704,144,002D59FD,0,1,1,4294967295,0,1
oInvisibleSolid,1824,208,0039FBF6,0,1,1,4294967295,0,1
oInvisibleSolid,1792,224,0031A124,0,1,1,4294967295,0,1
oInvisibleSolid,1536,208,0020B210,0,1,1,4294967295,0,1
oInvisibleSolid,1504,224,0007C5F5,0,1,1,4294967295,0,1
oInvisibleSolid,1488,240,00298AA9,0,1,1,4294967295,0,1
oInvisibleSolid,1456,256,000E6959,0,1,1,4294967295,0,1
oInvisibleSolid,1392,272,00352DE7,0,1,1,4294967295,0,1
oInvisibleSolid,1360,288,00113360,0,1,1,4294967295,0,1
oInvisibleSolid,752,304,00086C83,0,1,1,4294967295,0,1
oInvisibleSolid,1104,256,002D02A4,0,1,1,4294967295,0,1
oInvisibleSolid,1104,272,0031175C,0,1,1,4294967295,0,1
oInvisibleSolid,1072,288,000D8838,0,1,1,4294967295,0,1
oInvisibleSolid,784,208,0023355A,0,1,1,4294967295,0,1
oInvisibleSolid,784,256,001212EE,0,1,1,4294967295,0,1
oInvisibleSolid,784,272,0005F450,0,1,1,4294967295,0,1
oInvisibleSolid,928,288,002A54C2,0,1,1,4294967295,0,0
oInvisibleSolidMorph,272,208,000E035C,0,1,1,4294967295,0,1
