tileMM_StormEagleA,192,272,0,0,48,32,0,1,1,4294967295
tileMM_StormEagleA,256,272,0,0,48,32,0,1,1,4294967295
tileMM_StormEagleA,336,272,0,0,48,32,0,1,1,4294967295
tileMM_StormEagleA,240,272,16,0,16,32,0,1,1,4294967295
tileMM_StormEagleA,384,272,16,0,16,32,0,1,1,4294967295
tileMM_StormEagleA,400,272,0,0,48,32,0,1,1,4294967295
tileMM_StormEagleA,464,272,0,0,48,32,0,1,1,4294967295
tileMM_StormEagleA,528,272,0,0,48,32,0,1,1,4294967295
tileMM_StormEagleA,448,272,16,0,16,32,0,1,1,4294967295
tileMM_StormEagleA,512,272,16,0,16,32,0,1,1,4294967295
tileMM_StormEagleA,608,272,0,0,64,32,0,1,1,4294967295
tileMM_StormEagleA,192,304,0,32,48,48,0,1,1,4294967295
tileMM_StormEagleA,240,304,0,32,48,48,0,1,1,4294967295
tileMM_StormEagleA,288,304,0,32,48,48,0,1,1,4294967295
tileMM_StormEagleA,336,304,0,32,48,48,0,1,1,4294967295
tileMM_StormEagleA,384,304,0,32,48,48,0,1,1,4294967295
tileMM_StormEagleA,432,304,0,32,48,48,0,1,1,4294967295
tileMM_StormEagleA,480,304,0,32,48,48,0,1,1,4294967295
tileMM_StormEagleA,528,304,0,32,48,48,0,1,1,4294967295
tileMM_StormEagleA,576,304,0,32,48,48,0,1,1,4294967295
tileMM_StormEagleA,624,304,0,32,48,48,0,1,1,4294967295
tileMM_StormEagleA,96,304,0,112,96,32,0,1,1,4294967295
tileMM_StormEagleA,160,336,0,144,32,16,0,1,1,4294967295
tileMM_StormEagleA,672,272,48,64,32,32,0,1,1,4294967295
tileMM_StormEagleA,720,272,48,64,48,32,0,1,1,4294967295
tileMM_StormEagleA,704,272,64,64,16,32,0,1,1,4294967295
tileMM_StormEagleA,672,304,96,112,96,32,0,1,1,4294967295
tileMM_StormEagleA,672,336,160,144,32,16,0,1,1,4294967295
tileMM_StormEagleA,96,272,48,64,32,32,0,1,1,4294967295
tileMM_StormEagleA,128,272,64,64,16,32,0,1,1,4294967295
tileMM_StormEagleA,144,272,48,64,48,32,0,1,1,4294967295
tileMM_StormEagleA,576,272,16,0,32,32,0,1,1,4294967295
tileMM_StormEagleA,304,272,16,0,32,32,0,1,1,4294967295
