oExit,920,864,00073B48,0,1,1,4294967295,0,1
oG6WindSpot,1488,768,0024FDA5,0,1,1,4294967295,0,1
oG6WindSpot,1392,832,000D0815,0,1,1,4294967295,0,1
oG6WindSpot,1712,592,000569E2,0,1,1,4294967295,0,1
oG6WindSpot,720,800,00188936,0,1,1,4294967295,0,1
oG6WindSpot,656,752,0019207C,0,1,1,4294967295,0,1
oG6WindSpot,384,640,0029FF5C,0,1,1,4294967295,0,1
oG6WindSpot,528,768,00159FE3,0,1,1,4294967295,0,1
oG6WindSpot,640,176,00131C08,0,1,1,4294967295,0,1
oG6WindSpot,560,224,0022918C,0,1,1,4294967295,0,1
oG6WindSpot,144,64,002DC717,0,1,1,4294967295,0,1
oG6WindSpot,208,96,0029C638,0,1,1,4294967295,0,1
oExit,1848,336,003D0189,0,1,1,4294967295,0,1
oSignPost,1888,608,0009FD76,0,1,1,4294967295,0,1
oG6WindDevice,1872,528,0011C79D,0,1,1,4294967295,0,1
oGamePower,1872,800,00112106,0,1,1,4294967295,0,1
oG6_EarthPlat,1776,304,000477A7,0,1,1,4294967295,0,1
oG6_EarthPlat,1744,304,00117C59,0,1,1,4294967295,0,1
oG6_EarthPlat,1712,496,000458A1,0,1,1,4294967295,0,1
oPuzzleReset,960,368,001C4A3E,0,1,1,4294967295,0,1
oPuzzleReset,1888,688,003CABB4,0,1,1,4294967295,0,1
oGamePower,1336,976,00310605,0,1,1,4294967295,0,1
oZeldaBreakPot,1040,240,0012974F,0,1,1,4294967295,0,0
oZeldaBreakPot,1056,240,0020D4C8,0,1,1,4294967295,0,0
oGamePower,1880,24,003C8EF6,0,1,1,4294967295,0,1
oG6_EarthSwitch,808,501,0037CA57,0,1,1,4294967295,0,1
oG6_EarthSwitch,1528,357,00163685,0,1,1,4294967295,0,1
oG6_EarthSwitch,1528,533,000F91E1,0,1,1,4294967295,0,1
oPushRock,1808,672,00367451,0,1,1,4294967295,0,1
oPushRock,912,352,002849FD,0,1,1,4294967295,0,1
oPT_Skeleton,1296,832,00123B4A,0,1,1,4294967295,0,1
oPT_IceSpirit,464,624,00220B45,0,1,1,4294967295,0,1
oPT_IceSpirit,272,288,002A6072,0,1,1,4294967295,0,1
oPT_IceSpirit,1072,80,0020DA0B,0,1,1,4294967295,0,1
oPT_IceSpirit,1296,112,003C9BA9,0,1,1,4294967295,0,1
oPlayer1,960,896,00125864,0,1,1,4294967295,0,0
oInvCollPH,912,816,003F2BBD,0,1,1,4294967295,0,0
oInvCollPH,928,816,0037C35B,0,1,1,4294967295,0,0
oInvCollPH,928,800,0020DE43,0,1,1,4294967295,0,0
oInvCollPH,784,912,0015E566,0,1,1,4294967295,0,0
oInvCollPH,784,928,0015BBF3,0,1,1,4294967295,0,0
oInvCollPH,784,944,0035624F,0,1,1,4294967295,0,0
oInvCollPH,768,960,001477DF,0,1,1,4294967295,0,0
oInvCollPH,928,896,00296D7C,0,1,1,4294967295,0,0
oInvCollPH,912,896,002F65A4,0,1,1,4294967295,0,0
oInvCollPH,896,896,003AF198,0,1,1,4294967295,0,0
oInvCollPH,880,896,002A1415,0,1,1,4294967295,0,0
oInvCollPH,864,896,0006BCB1,0,1,1,4294967295,0,0
oInvCollPH,848,896,000F663B,0,1,1,4294967295,0,0
oInvCollPH,832,896,003D0B4D,0,1,1,4294967295,0,0
oInvCollPH,816,896,0001353E,0,1,1,4294967295,0,0
oInvCollPH,800,896,0039708C,0,1,1,4294967295,0,0
oInvCollPH,944,896,00362208,0,1,1,4294967295,0,0
oInvCollPH,960,896,0016ABC0,0,1,1,4294967295,0,0
oInvCollPH,976,896,001E16DA,0,1,1,4294967295,0,0
oInvCollPH,992,896,002EC988,0,1,1,4294967295,0,0
oInvCollPH,1008,896,000265F2,0,1,1,4294967295,0,0
oInvCollPH,1024,896,00380F89,0,1,1,4294967295,0,0
oInvCollPH,1040,896,003A537E,0,1,1,4294967295,0,0
oInvCollPH,1056,896,00308352,0,1,1,4294967295,0,0
oInvCollPH,1056,912,001B4790,0,1,1,4294967295,0,0
oInvCollPH,1056,928,0024F049,0,1,1,4294967295,0,0
oInvCollPH,1056,944,003183B8,0,1,1,4294967295,0,0
oInvCollPH,1184,832,00195619,0,1,1,4294967295,0,0
oInvCollPH,1072,976,0007341B,0,1,1,4294967295,0,0
oInvCollPH,1056,992,003331D5,0,1,1,4294967295,0,0
oInvCollPH,1056,1008,001D0407,0,1,1,4294967295,0,0
oInvCollPH,1056,1024,003C3B7B,0,1,1,4294967295,0,0
oInvCollPH,1056,1040,0039899C,0,1,1,4294967295,0,0
oInvCollPH,784,976,003DF9F0,0,1,1,4294967295,0,0
oInvCollPH,784,992,0006554C,0,1,1,4294967295,0,0
oInvCollPH,784,1008,003CB7B6,0,1,1,4294967295,0,0
oInvCollPH,784,1024,001C45B6,0,1,1,4294967295,0,0
oInvCollPH,784,1040,001D90F8,0,1,1,4294967295,0,0
oInvCollPH,1200,832,00282C57,0,1,1,4294967295,0,0
oInvCollPH,1216,832,002FFF23,0,1,1,4294967295,0,0
oInvCollPH,1232,832,003DE2CD,0,1,1,4294967295,0,0
oInvCollPH,1248,832,003D3401,0,1,1,4294967295,0,0
oInvCollPH,1264,832,0003429C,0,1,1,4294967295,0,0
oInvCollPH,1280,832,0025A422,0,1,1,4294967295,0,0
oInvCollPH,1296,832,0008CB1E,0,1,1,4294967295,0,0
oInvCollPH,1312,832,00378348,0,1,1,4294967295,0,0
oInvCollPH,1328,832,00223529,0,1,1,4294967295,0,0
oInvCollPH,1344,832,000CFC71,0,1,1,4294967295,0,0
oInvCollPH,1344,848,000D7565,0,1,1,4294967295,0,0
oInvCollPH,1168,848,0039D97C,0,1,1,4294967295,0,0
oInvCollPH,1168,864,002C55A0,0,1,1,4294967295,0,0
oInvCollPH,1168,880,003A88F1,0,1,1,4294967295,0,0
oInvCollPH,1184,880,00246ED1,0,1,1,4294967295,0,0
oInvCollPH,1200,880,0033FE73,0,1,1,4294967295,0,0
oInvCollPH,1216,880,001DA848,0,1,1,4294967295,0,0
oInvCollPH,1232,880,000EBCE6,0,1,1,4294967295,0,0
oInvCollPH,1248,880,0032F76B,0,1,1,4294967295,0,0
oInvCollPH,1264,880,0000A50C,0,1,1,4294967295,0,0
oInvCollPH,1280,880,000F0DA6,0,1,1,4294967295,0,0
oInvCollPH,1296,880,0000B752,0,1,1,4294967295,0,0
oInvCollPH,1312,880,000FE79A,0,1,1,4294967295,0,0
oInvCollPH,1328,880,0032BA3F,0,1,1,4294967295,0,0
oInvCollPH,1344,880,00243492,0,1,1,4294967295,0,0
oInvCollPH,1376,864,001539E9,0,1,1,4294967295,0,0
oInvCollPH,1376,880,002FF124,0,1,1,4294967295,0,0
oInvCollPH,1376,896,001E0860,0,1,1,4294967295,0,0
oInvCollPH,1376,912,000F502C,0,1,1,4294967295,0,0
oInvCollPH,1376,928,0039EDA5,0,1,1,4294967295,0,0
oInvCollPH,1376,944,001C7EF3,0,1,1,4294967295,0,0
oInvCollPH,1376,960,001ECE26,0,1,1,4294967295,0,0
oInvCollPH,1376,976,001ECB1A,0,1,1,4294967295,0,0
oInvCollPH,1360,896,00333C11,0,1,1,4294967295,0,0
oInvCollPH,1360,912,0014AF68,0,1,1,4294967295,0,0
oInvCollPH,1360,928,00249D24,0,1,1,4294967295,0,0
oInvCollPH,1360,944,003BDB76,0,1,1,4294967295,0,0
oInvCollPH,1360,960,00276969,0,1,1,4294967295,0,0
oInvCollPH,1360,976,003CE6E4,0,1,1,4294967295,0,0
oInvCollPH,1408,1024,00112A8B,0,1,1,4294967295,0,0
oInvCollPH,1424,1024,001EC00D,0,1,1,4294967295,0,0
oInvCollPH,1440,1024,002E2638,0,1,1,4294967295,0,0
oInvCollPH,1456,1024,002A992F,0,1,1,4294967295,0,0
oInvCollPH,1472,1024,00223C43,0,1,1,4294967295,0,0
oInvCollPH,1488,1024,003B1AF6,0,1,1,4294967295,0,0
oInvCollPH,1504,1024,00350FAB,0,1,1,4294967295,0,0
oInvCollPH,1504,1040,0018BC74,0,1,1,4294967295,0,0
oInvCollPH,1456,784,001C41F8,0,1,1,4294967295,0,0
oInvCollPH,1456,800,0033DADB,0,1,1,4294967295,0,0
oInvCollPH,1456,816,0017F9AA,0,1,1,4294967295,0,0
oInvCollPH,1456,832,001BD0CB,0,1,1,4294967295,0,0
oInvCollPH,1456,848,003FFE09,0,1,1,4294967295,0,0
oInvCollPH,1456,864,003FBB87,0,1,1,4294967295,0,0
oInvCollPH,1456,880,001C3755,0,1,1,4294967295,0,0
oInvCollPH,1456,896,001DDD3F,0,1,1,4294967295,0,0
oInvCollPH,1456,912,002B6DD7,0,1,1,4294967295,0,0
oInvCollPH,1456,928,000BEAF7,0,1,1,4294967295,0,0
oInvCollPH,1456,944,0024E8E4,0,1,1,4294967295,0,0
oInvCollPH,1472,944,00337AF4,0,1,1,4294967295,0,0
oInvCollPH,1472,928,0000E544,0,1,1,4294967295,0,0
oInvCollPH,1472,912,0003CA85,0,1,1,4294967295,0,0
oInvCollPH,1472,896,0015D2A3,0,1,1,4294967295,0,0
oInvCollPH,1472,880,00034778,0,1,1,4294967295,0,0
oInvCollPH,1472,864,00245B4A,0,1,1,4294967295,0,0
oInvCollPH,1472,848,000F1F13,0,1,1,4294967295,0,0
oInvCollPH,1472,832,00384E6E,0,1,1,4294967295,0,0
oInvCollPH,1472,816,0035BF1A,0,1,1,4294967295,0,0
oInvCollPH,1472,800,000910F3,0,1,1,4294967295,0,0
oInvCollPH,1472,784,00029A65,0,1,1,4294967295,0,0
oInvCollPH,1472,768,003C291F,0,1,1,4294967295,0,0
oInvCollPH,1376,992,00117E8F,0,1,1,4294967295,0,0
oInvCollPH,1376,1008,00361230,0,1,1,4294967295,0,0
oInvCollPH,1344,992,001590CF,0,1,1,4294967295,0,0
oInvCollPH,1328,992,0016C3F9,0,1,1,4294967295,0,0
oInvCollPH,1312,992,003C4C3F,0,1,1,4294967295,0,0
oInvCollPH,1296,992,00159797,0,1,1,4294967295,0,0
oInvCollPH,1280,992,00062308,0,1,1,4294967295,0,0
oInvCollPH,1264,992,0038EBB4,0,1,1,4294967295,0,0
oInvCollPH,1248,992,00304976,0,1,1,4294967295,0,0
oInvCollPH,1232,992,002BA154,0,1,1,4294967295,0,0
oInvCollPH,1216,992,002B1E9F,0,1,1,4294967295,0,0
oInvCollPH,1200,992,001CA6A0,0,1,1,4294967295,0,0
oInvCollPH,1184,992,00373F24,0,1,1,4294967295,0,0
oInvCollPH,1168,1008,000D2549,0,1,1,4294967295,0,0
oInvCollPH,1168,1024,001DBF45,0,1,1,4294967295,0,0
oInvCollPH,1168,1040,001B7C21,0,1,1,4294967295,0,0
oInvCollPH,1872,816,003A71A7,0,1,1,4294967295,0,0
oInvCollPH,1888,816,0013B7EF,0,1,1,4294967295,0,0
oInvCollPH,1856,832,00403157,0,1,1,4294967295,0,0
oInvCollPH,1872,832,0000E800,0,1,1,4294967295,0,0
oInvCollPH,1888,832,0013319F,0,1,1,4294967295,0,0
oInvCollPH,1632,688,000923B7,0,1,1,4294967295,0,0
oInvCollPH,1696,688,00292DDB,0,1,1,4294967295,0,0
oInvCollPH,1584,704,002A76BD,0,1,1,4294967295,0,0
oInvCollPH,1568,704,0011B95E,0,1,1,4294967295,0,0
oInvCollPH,1552,704,0023E596,0,1,1,4294967295,0,0
oInvCollPH,1536,704,001A8B3D,0,1,1,4294967295,0,0
oInvCollPH,1520,704,000AC7A8,0,1,1,4294967295,0,0
oInvCollPH,1504,704,003FB08E,0,1,1,4294967295,0,0
oInvCollPH,1488,704,0032F35F,0,1,1,4294967295,0,0
oInvCollPH,1472,704,002BCE46,0,1,1,4294967295,0,0
oInvCollPH,1616,688,000115BF,0,1,1,4294967295,0,0
oInvCollPH,1648,704,003765BF,0,1,1,4294967295,0,0
oInvCollPH,1664,704,002F612D,0,1,1,4294967295,0,0
oInvCollPH,1680,704,002B1675,0,1,1,4294967295,0,0
oInvCollPH,1712,704,0039418D,0,1,1,4294967295,0,0
oInvCollPH,1728,704,003778CC,0,1,1,4294967295,0,0
oInvCollPH,1744,704,0034ABCB,0,1,1,4294967295,0,0
oInvCollPH,1760,704,00032ED3,0,1,1,4294967295,0,0
oInvCollPH,1776,704,002353EE,0,1,1,4294967295,0,0
oInvCollPH,1792,704,00264839,0,1,1,4294967295,0,0
oInvCollPH,1808,704,0033050B,0,1,1,4294967295,0,0
oInvCollPH,1824,704,00050EEB,0,1,1,4294967295,0,0
oInvCollPH,1840,704,001F4626,0,1,1,4294967295,0,0
oInvCollPH,1856,704,001014D7,0,1,1,4294967295,0,0
oInvCollPH,1872,704,003FA055,0,1,1,4294967295,0,0
oInvCollPH,1888,704,00029A1E,0,1,1,4294967295,0,0
oInvCollPH,1456,720,0002164A,0,1,1,4294967295,0,0
oInvCollPH,1456,736,00348A69,0,1,1,4294967295,0,0
oInvCollPH,1456,752,003CF877,0,1,1,4294967295,0,0
oInvCollPH,1488,752,00359334,0,1,1,4294967295,0,0
oInvCollPH,1504,752,000B4176,0,1,1,4294967295,0,0
oInvCollPH,1520,784,0024BDD4,0,1,1,4294967295,0,0
oInvCollPH,1536,768,00311EBF,0,1,1,4294967295,0,0
oInvCollPH,1552,752,00380AEB,0,1,1,4294967295,0,0
oInvCollPH,1568,752,0036EC68,0,1,1,4294967295,0,0
oInvCollPH,1584,784,0035DB41,0,1,1,4294967295,0,0
oInvCollPH,1584,800,0026FAAC,0,1,1,4294967295,0,0
oInvCollPH,1584,816,001D22D4,0,1,1,4294967295,0,0
oInvCollPH,1600,816,002C56DC,0,1,1,4294967295,0,0
oInvCollPH,1648,752,0002ACD2,0,1,1,4294967295,0,0
oInvCollPH,1664,752,002C4EA6,0,1,1,4294967295,0,0
oInvCollPH,1680,752,00357018,0,1,1,4294967295,0,0
oInvCollPH,1696,752,0027984D,0,1,1,4294967295,0,0
oInvCollPH,1712,784,003C7A92,0,1,1,4294967295,0,0
oInvCollPH,1728,784,003E6F53,0,1,1,4294967295,0,0
oInvCollPH,1744,752,0019311B,0,1,1,4294967295,0,0
oInvCollPH,1760,752,0011FDF3,0,1,1,4294967295,0,0
oInvCollPH,1776,752,0006EB64,0,1,1,4294967295,0,0
oInvCollPH,1792,752,00304596,0,1,1,4294967295,0,0
oInvCollPH,1808,752,00249092,0,1,1,4294967295,0,0
oInvCollPH,1824,752,0013B431,0,1,1,4294967295,0,0
oInvCollPH,1840,752,002CBB55,0,1,1,4294967295,0,0
oInvCollPH,1856,752,002C8EDB,0,1,1,4294967295,0,0
oInvCollPH,1872,752,003AAF05,0,1,1,4294967295,0,0
oInvCollPH,1888,752,00155091,0,1,1,4294967295,0,0
oInvCollPH,896,384,0002B5B9,0,1,1,4294967295,0,0
oInvCollPH,912,384,000152B4,0,1,1,4294967295,0,0
oInvCollPH,928,384,003F659A,0,1,1,4294967295,0,0
oInvCollPH,944,384,000A4BD1,0,1,1,4294967295,0,0
oInvCollPH,960,384,00399D43,0,1,1,4294967295,0,0
oInvCollPH,960,400,0036E911,0,1,1,4294967295,0,0
oInvCollPH,944,400,0000375C,0,1,1,4294967295,0,0
oInvCollPH,928,400,002A78FB,0,1,1,4294967295,0,0
oInvCollPH,912,400,001523D7,0,1,1,4294967295,0,0
oInvCollPH,896,400,003C4FA6,0,1,1,4294967295,0,0
oInvCollPH,880,400,00192B7A,0,1,1,4294967295,0,0
oInvCollPH,768,512,001050AA,0,1,1,4294967295,0,0
oInvCollPH,784,512,0027598B,0,1,1,4294967295,0,0
oInvCollPH,800,512,000EF193,0,1,1,4294967295,0,0
oInvCollPH,816,512,002C7B59,0,1,1,4294967295,0,0
oInvCollPH,832,512,0006BC52,0,1,1,4294967295,0,0
oInvCollPH,848,512,0027F747,0,1,1,4294967295,0,0
oInvCollPH,864,512,0006ECAB,0,1,1,4294967295,0,0
oInvCollPH,864,528,001E6DD9,0,1,1,4294967295,0,0
oInvCollPH,848,528,001870D9,0,1,1,4294967295,0,0
oInvCollPH,832,528,0023B40D,0,1,1,4294967295,0,0
oInvCollPH,816,528,000839CC,0,1,1,4294967295,0,0
oInvCollPH,800,528,000B9775,0,1,1,4294967295,0,0
oInvCollPH,784,528,000B6089,0,1,1,4294967295,0,0
oInvCollPH,768,528,00010E8D,0,1,1,4294967295,0,0
oInvCollPH,752,528,002A067D,0,1,1,4294967295,0,0
oInvCollPH,448,784,0005AA53,0,1,1,4294967295,0,0
oInvCollPH,464,784,003F3A2E,0,1,1,4294967295,0,0
oInvCollPH,480,784,0030B4E5,0,1,1,4294967295,0,0
oInvCollPH,496,784,00304E0F,0,1,1,4294967295,0,0
oInvCollPH,512,784,003283EB,0,1,1,4294967295,0,0
oInvCollPH,512,800,0032595A,0,1,1,4294967295,0,0
oInvCollPH,496,800,0028C614,0,1,1,4294967295,0,0
oInvCollPH,480,800,00092454,0,1,1,4294967295,0,0
oInvCollPH,464,800,003741EA,0,1,1,4294967295,0,0
oInvCollPH,448,800,000A22F8,0,1,1,4294967295,0,0
oInvCollPH,432,800,000B4A6B,0,1,1,4294967295,0,0
oInvCollPH,224,656,00001871,0,1,1,4294967295,0,0
oInvCollPH,240,656,00215AF3,0,1,1,4294967295,0,0
oInvCollPH,256,656,0003FFA9,0,1,1,4294967295,0,0
oInvCollPH,288,656,002600BB,0,1,1,4294967295,0,0
oInvCollPH,304,656,002D642D,0,1,1,4294967295,0,0
oInvCollPH,320,656,003B00C1,0,1,1,4294967295,0,0
oInvCollPH,336,656,00368D98,0,1,1,4294967295,0,0
oInvCollPH,352,656,00231F04,0,1,1,4294967295,0,0
oInvCollPH,352,672,003B57E7,0,1,1,4294967295,0,0
oInvCollPH,336,672,00364FB8,0,1,1,4294967295,0,0
oInvCollPH,320,672,00380100,0,1,1,4294967295,0,0
oInvCollPH,304,672,001F83ED,0,1,1,4294967295,0,0
oInvCollPH,288,672,0011155B,0,1,1,4294967295,0,0
oInvCollPH,272,672,0000C284,0,1,1,4294967295,0,0
oInvCollPH,416,1024,002B1941,0,1,1,4294967295,0,0
oInvCollPH,400,1024,0032404B,0,1,1,4294967295,0,0
oInvCollPH,384,1024,0023DED5,0,1,1,4294967295,0,0
oInvCollPH,368,1024,001C43AB,0,1,1,4294967295,0,0
oInvCollPH,352,1024,0026BC14,0,1,1,4294967295,0,0
oInvCollPH,336,1024,000D35E9,0,1,1,4294967295,0,0
oInvCollPH,320,1024,001F9F26,0,1,1,4294967295,0,0
oInvCollPH,304,1024,000B8E6C,0,1,1,4294967295,0,0
oInvCollPH,288,1024,0028959E,0,1,1,4294967295,0,0
oInvCollPH,432,1024,0037E19C,0,1,1,4294967295,0,0
oInvCollPH,448,1024,00337381,0,1,1,4294967295,0,0
oInvCollPH,464,1024,0027AD57,0,1,1,4294967295,0,0
oInvCollPH,480,1024,00024272,0,1,1,4294967295,0,0
oInvCollPH,496,1024,002B7A9F,0,1,1,4294967295,0,0
oInvCollPH,512,1024,0013B740,0,1,1,4294967295,0,0
oInvCollPH,352,192,0009F882,0,1,1,4294967295,0,0
oInvCollPH,368,192,0000D96A,0,1,1,4294967295,0,0
oInvCollPH,384,192,0012F130,0,1,1,4294967295,0,0
oInvCollPH,400,192,001D7FF9,0,1,1,4294967295,0,0
oInvCollPH,416,192,0014DE97,0,1,1,4294967295,0,0
oInvCollPH,432,192,001B60F0,0,1,1,4294967295,0,0
oInvCollPH,448,192,00332043,0,1,1,4294967295,0,0
oInvCollPH,464,192,000D756A,0,1,1,4294967295,0,0
oInvCollPH,480,192,0027D580,0,1,1,4294967295,0,0
oInvCollPH,496,192,0009D7B8,0,1,1,4294967295,0,0
oInvCollPH,512,192,00188E0B,0,1,1,4294967295,0,0
oInvCollPH,704,192,00165F1A,0,1,1,4294967295,0,0
oInvCollPH,720,192,0026A444,0,1,1,4294967295,0,0
oInvCollPH,736,192,0033BDBC,0,1,1,4294967295,0,0
oInvCollPH,752,192,0038B85B,0,1,1,4294967295,0,0
oInvCollPH,768,192,0029BED7,0,1,1,4294967295,0,0
oInvCollPH,784,192,00047265,0,1,1,4294967295,0,0
oInvCollPH,800,192,00317892,0,1,1,4294967295,0,0
oInvCollPH,816,192,003B767D,0,1,1,4294967295,0,0
oInvCollPH,832,192,001C708B,0,1,1,4294967295,0,0
oInvCollPH,848,192,0016770F,0,1,1,4294967295,0,0
oInvCollPH,864,192,00358537,0,1,1,4294967295,0,0
oInvCollPH,624,640,001DB600,0,1,1,4294967295,0,0
oInvCollPH,640,640,003FAF58,0,1,1,4294967295,0,0
oInvCollPH,640,624,0036B8B1,0,1,1,4294967295,0,0
oInvCollPH,1520,800,002887E7,0,1,1,4294967295,0,0
oInvCollPH,1536,800,0006084A,0,1,1,4294967295,0,0
oInvCollPH,1536,784,001B0043,0,1,1,4294967295,0,0
oInvCollPH,1616,800,000E205E,0,1,1,4294967295,0,0
oInvCollPH,1632,800,003AB7EA,0,1,1,4294967295,0,0
oInvCollPH,1632,784,0017956C,0,1,1,4294967295,0,0
oInvCollPH,1632,768,0016B5E5,0,1,1,4294967295,0,0
oInvCollPH,1728,768,0006F17D,0,1,1,4294967295,0,0
oInvCollPH,1872,96,00180823,0,1,1,4294967295,0,0
oInvCollPH,1888,80,0013F212,0,1,1,4294967295,0,0
oInvCollPH,1856,112,0000777B,0,1,1,4294967295,0,0
oInvCollPH,1840,128,002DA2E5,0,1,1,4294967295,0,0
oInvCollPH,1824,144,00121C4A,0,1,1,4294967295,0,0
oInvCollPH,1808,160,0021E0CD,0,1,1,4294967295,0,0
oInvCollPH,1680,384,001A5F70,0,1,1,4294967295,0,0
oInvCollPH,1696,368,003F4973,0,1,1,4294967295,0,0
oInvCollPH,1728,368,0011335B,0,1,1,4294967295,0,0
oInvCollPH,1728,384,00064B1E,0,1,1,4294967295,0,0
oInvCollPH,1728,400,00170C7B,0,1,1,4294967295,0,0
oInvCollPH,1728,416,0028242E,0,1,1,4294967295,0,0
oInvCollPH,1760,432,0006A246,0,1,1,4294967295,0,0
oInvCollPH,1824,368,000B29FA,0,1,1,4294967295,0,0
oInvCollPH,1840,368,00345FF1,0,1,1,4294967295,0,0
oInvCollPH,1856,368,000F3839,0,1,1,4294967295,0,0
oInvCollPH,1872,368,0022DB2C,0,1,1,4294967295,0,0
oInvCollPH,1888,368,00379DDD,0,1,1,4294967295,0,0
oInvCollPH,1712,400,003329FF,0,1,1,4294967295,0,0
oInvCollPH,1712,416,003E5515,0,1,1,4294967295,0,0
oInvCollPH,1712,432,0019367E,0,1,1,4294967295,0,0
oInvCollPH,1712,448,0012B176,0,1,1,4294967295,0,0
oInvCollPH,1728,448,00030C56,0,1,1,4294967295,0,0
oInvCollPH,1744,448,00048527,0,1,1,4294967295,0,0
oInvCollPH,1760,448,000F6901,0,1,1,4294967295,0,0
oInvCollPH,1776,448,00393550,0,1,1,4294967295,0,0
oInvCollPH,1792,448,0003355F,0,1,1,4294967295,0,0
oInvCollPH,1808,448,0006E1DD,0,1,1,4294967295,0,0
oInvCollPH,1824,448,00203317,0,1,1,4294967295,0,0
oInvCollPH,1840,448,00175D4E,0,1,1,4294967295,0,0
oInvCollPH,1856,448,000A0E4B,0,1,1,4294967295,0,0
oInvCollPH,1872,448,002E395E,0,1,1,4294967295,0,0
oInvCollPH,1888,448,0036896B,0,1,1,4294967295,0,0
oInvCollPH,1472,368,003A3BA0,0,1,1,4294967295,0,0
oInvCollPH,1488,368,003F58A1,0,1,1,4294967295,0,0
oInvCollPH,1504,368,0012130D,0,1,1,4294967295,0,0
oInvCollPH,1520,368,000C1AE6,0,1,1,4294967295,0,0
oInvCollPH,1536,368,003419E9,0,1,1,4294967295,0,0
oInvCollPH,1552,368,0014B83F,0,1,1,4294967295,0,0
oInvCollPH,1568,368,003EAC49,0,1,1,4294967295,0,0
oInvCollPH,1584,368,001A2ABD,0,1,1,4294967295,0,0
oInvCollPH,1600,368,000A81AC,0,1,1,4294967295,0,0
oInvCollPH,1600,384,003C2DCC,0,1,1,4294967295,0,0
oInvCollPH,1584,384,0003D05B,0,1,1,4294967295,0,0
oInvCollPH,1568,384,002FFD8F,0,1,1,4294967295,0,0
oInvCollPH,1552,384,002AAF8F,0,1,1,4294967295,0,0
oInvCollPH,1536,384,0021AE4E,0,1,1,4294967295,0,0
oInvCollPH,1520,384,003165B9,0,1,1,4294967295,0,0
oInvCollPH,1504,384,003860BD,0,1,1,4294967295,0,0
oInvCollPH,1488,384,003A53FF,0,1,1,4294967295,0,0
oInvCollPH,1472,384,0001F32C,0,1,1,4294967295,0,0
oInvCollPH,1456,384,001B34BE,0,1,1,4294967295,0,0
oInvCollPH,1344,176,0008FB25,0,1,1,4294967295,0,0
oInvCollPH,1360,176,00023BDF,0,1,1,4294967295,0,0
oInvCollPH,1376,176,0005AA04,0,1,1,4294967295,0,0
oInvCollPH,1392,176,0024A986,0,1,1,4294967295,0,0
oInvCollPH,1392,160,003BD6B7,0,1,1,4294967295,0,0
oInvCollPH,1376,160,0005EC9E,0,1,1,4294967295,0,0
oInvCollPH,1360,160,0040323F,0,1,1,4294967295,0,0
oInvCollPH,960,256,0034D54E,0,1,1,4294967295,0,0
oInvCollPH,976,256,0025C1C0,0,1,1,4294967295,0,0
oInvCollPH,992,256,00397701,0,1,1,4294967295,0,0
oInvCollPH,1008,256,000F3935,0,1,1,4294967295,0,0
oInvCollPH,1024,256,0014623B,0,1,1,4294967295,0,0
oInvCollPH,1040,256,00188AC1,0,1,1,4294967295,0,0
oInvCollPH,1056,256,001C27E2,0,1,1,4294967295,0,0
oInvCollPH,1072,256,002DE990,0,1,1,4294967295,0,0
oInvCollPH,1088,256,003ED7BB,0,1,1,4294967295,0,0
oInvCollPH,1104,256,001F5E88,0,1,1,4294967295,0,0
oInvCollPH,1120,256,000AE48F,0,1,1,4294967295,0,0
oInvCollPH,1136,256,00126A15,0,1,1,4294967295,0,0
oInvCollPH,1152,256,003EF182,0,1,1,4294967295,0,0
oInvCollPH,1152,272,0001A25B,0,1,1,4294967295,0,0
oInvCollPH,1136,272,0029269A,0,1,1,4294967295,0,0
oInvCollPH,1120,272,000F3CD6,0,1,1,4294967295,0,0
oInvCollPH,1104,272,00071AB4,0,1,1,4294967295,0,0
oInvCollPH,1088,272,0022D4A8,0,1,1,4294967295,0,0
oInvCollPH,1072,272,00172C8D,0,1,1,4294967295,0,0
oInvCollPH,1056,272,002E87C4,0,1,1,4294967295,0,0
oInvCollPH,1040,272,003C8CB1,0,1,1,4294967295,0,0
oInvCollPH,1024,272,0022FBEC,0,1,1,4294967295,0,0
oInvCollPH,1008,272,003939DB,0,1,1,4294967295,0,0
oInvCollPH,992,272,001B1A0B,0,1,1,4294967295,0,0
oInvCollPH,976,272,003EB753,0,1,1,4294967295,0,0
oInvCollPH,960,272,003C338C,0,1,1,4294967295,0,0
oInvCollPH,944,272,001DF10A,0,1,1,4294967295,0,0
oInvCollPH,1792,176,00365101,0,1,1,4294967295,0,0
oInvCollPH,1776,192,000CC96B,0,1,1,4294967295,0,0
oInvCollPH,1760,208,001E7CF8,0,1,1,4294967295,0,0
oInvCollPH,1728,208,002DA7B9,0,1,1,4294967295,0,0
oInvCollPH,1712,240,002DD123,0,1,1,4294967295,0,0
oInvCollPH,1712,256,002640F6,0,1,1,4294967295,0,0
oInvCollPH,1712,272,000E5E1B,0,1,1,4294967295,0,0
oInvCollPH,1712,288,003D75F9,0,1,1,4294967295,0,0
oInvCollPH,1728,288,0016FE06,0,1,1,4294967295,0,0
oInvCollPH,1744,288,000F12FF,0,1,1,4294967295,0,0
oInvCollPH,1760,288,00065D76,0,1,1,4294967295,0,0
oInvCollPH,1776,288,003020CD,0,1,1,4294967295,0,0
oInvCollPH,1792,288,0020AAC9,0,1,1,4294967295,0,0
oInvCollPH,1808,288,002AB175,0,1,1,4294967295,0,0
oInvCollPH,1824,288,0008D7F5,0,1,1,4294967295,0,0
oInvCollPH,1840,288,001D75CA,0,1,1,4294967295,0,0
oInvCollPH,1856,288,000E0AB0,0,1,1,4294967295,0,0
oInvCollPH,1872,288,003FB81C,0,1,1,4294967295,0,0
oInvCollPH,1888,288,003ACA76,0,1,1,4294967295,0,0
oInvCollPH,1776,432,000479E8,0,1,1,4294967295,0,0
oInvCollPH,1792,432,00403475,0,1,1,4294967295,0,0
oInvCollPH,1808,384,003EB9BD,0,1,1,4294967295,0,0
oInvCollPH,1808,400,00249F7D,0,1,1,4294967295,0,0
oInvCollPH,1808,416,0026D536,0,1,1,4294967295,0,0
oInvCollPH,1696,384,003CFAF9,0,1,1,4294967295,0,0
oInvCollPH,1792,528,0001DE4A,0,1,1,4294967295,0,0
oInvCollPH,1808,528,003C8183,0,1,1,4294967295,0,0
oInvCollPH,1824,528,003AB2C7,0,1,1,4294967295,0,0
oInvCollPH,1840,528,0018134D,0,1,1,4294967295,0,0
oInvCollPH,1856,528,002BD29F,0,1,1,4294967295,0,0
oInvCollPH,1872,528,001B1E8B,0,1,1,4294967295,0,0
oInvCollPH,1888,528,001A0A6D,0,1,1,4294967295,0,0
oInvCollPH,1776,544,0012DD81,0,1,1,4294967295,0,0
oInvCollPH,1792,544,00298279,0,1,1,4294967295,0,0
oInvCollPH,1808,576,001D38D8,0,1,1,4294967295,0,0
oInvCollPH,1824,560,001DC156,0,1,1,4294967295,0,0
oInvCollPH,1840,544,000D6C31,0,1,1,4294967295,0,0
oInvCollPH,1856,544,000867F3,0,1,1,4294967295,0,0
oInvCollPH,1872,544,00137F04,0,1,1,4294967295,0,0
oInvCollPH,1888,544,000F073B,0,1,1,4294967295,0,0
oEnemySpawnZone,1136,352,002FF880,0,1,1,4294967295,0,1
oEnemySpawnZone,1776,560,00155614,0,1,1,4294967295,0,1
oEnemySpawnZone,1328,896,003DE80E,0,1,1,4294967295,0,1
oInvCollPH,1744,208,0000A3D9,0,1,1,4294967295,0,0
oInvCollPH,1712,224,0011CCA3,0,1,1,4294967295,0,0
oInvCollPH,272,1024,0012DE4D,0,1,1,4294967295,0,0
oInvCollPH,256,1024,0031520A,0,1,1,4294967295,0,0
oInvCollPH,240,1024,00401C75,0,1,1,4294967295,0,0
oInvCollPH,224,1024,000FE18C,0,1,1,4294967295,0,0
oInvCollPH,208,1024,000D0707,0,1,1,4294967295,0,0
oInvCollPH,192,1024,0034DE1E,0,1,1,4294967295,0,0
oInvCollPH,176,1024,003A7A69,0,1,1,4294967295,0,0
oInvCollPH,160,1024,001BFE47,0,1,1,4294967295,0,0
oInvCollPH,144,1024,00201AA5,0,1,1,4294967295,0,0
oInvCollPH,128,1024,000C1382,0,1,1,4294967295,0,0
oInvCollPH,112,1024,002C20AA,0,1,1,4294967295,0,0
oInvCollPH,96,1024,0031FD62,0,1,1,4294967295,0,0
oInvCollPH,208,656,00035FF7,0,1,1,4294967295,0,0
oInvCollPH,192,656,003AA8AE,0,1,1,4294967295,0,0
oInvCollPH,608,1024,0036C2BF,0,1,1,4294967295,0,0
oInvCollPH,624,1024,00029834,0,1,1,4294967295,0,0
oInvCollPH,640,1024,000B099F,0,1,1,4294967295,0,0
oInvCollPH,656,1024,002B8B0B,0,1,1,4294967295,0,0
oInvCollPH,672,1024,000E09CA,0,1,1,4294967295,0,0
oInvCollPH,688,1024,0004D6CA,0,1,1,4294967295,0,0
oInvCollPH,704,1024,00346121,0,1,1,4294967295,0,0
oInvCollPH,1888,608,00212F6C,0,1,1,4294967295,0,0
oInvCollPH,1824,576,003BC109,0,1,1,4294967295,0,0
oInvisibleSolid,784,896,000E4DB5,0,1,1,4294967295,0,1
oInvisibleSolid,912,800,0022CE95,0,1,1,4294967295,0,1
oInvisibleSlimSolid,1824,864,0011835D,0,1,1,4294967295,0,1
oInvisibleSlimSolid,1756,912,000B9747,0,1,1,4294967295,0,0
oInvisibleSlimSolid,1648,912,000644D3,0,1,1,4294967295,0,1
oInvisibleSlimSolid,1580,960,0018C945,0,1,1,4294967295,0,0
oInvisibleSolid,1856,816,0029C72C,0,1,1,4294967295,0,1
oInvisibleSolid,1456,768,003A8071,0,1,1,4294967295,0,1
oInvisibleSolid,1392,1024,00047340,0,1,1,4294967295,0,1
oInvisibleSolid,1168,992,003E4400,0,1,1,4294967295,0,1
oInvisibleSolid,1360,864,00011BB0,0,1,1,4294967295,0,1
oInvisibleSolid,1168,832,0019EB94,0,1,1,4294967295,0,1
oInvisibleSolid,1072,960,000EB3F0,0,1,1,4294967295,0,1
oInvisibleSolid,1632,672,003F3539,0,1,1,4294967295,0,1
oInvisibleSolid,1456,704,003938BF,0,1,1,4294967295,0,1
oInvisibleSolid,1696,672,0015932C,0,1,1,4294967295,0,1
oInvisibleSolid,176,656,0024FF3F,0,1,1,4294967295,0,1
oInvisibleSolid,272,656,00181B03,0,1,1,4294967295,0,1
oInvisibleSolid,432,784,00137F85,0,1,1,4294967295,0,1
oInvisibleSolid,80,1024,0020C52C,0,1,1,4294967295,0,1
oInvisibleSolid,880,384,003E973C,0,1,1,4294967295,0,1
oInvisibleSolid,752,512,000405F2,0,1,1,4294967295,0,1
oInvisibleSolid,336,192,000BDE2E,0,1,1,4294967295,0,1
oInvisibleSolid,688,192,001BADE2,0,1,1,4294967295,0,1
oInvisibleSolid,624,624,0014F408,0,1,1,4294967295,0,1
oIVaultHoriz,976,480,003443B5,0,1,1,4294967295,0,1
oIVaultHoriz,976,656,003DFCDC,0,1,1,4294967295,0,1
oIVaultHoriz,848,592,0037FA4C,0,1,1,4294967295,0,1
oIVaultHoriz,848,720,0010D653,0,1,1,4294967295,0,1
oIVaultHoriz,592,832,0013324A,0,1,1,4294967295,0,1
oIVaultC3,560,832,000523FD,0,1,1,4294967295,0,0
oIVaultC3,944,480,000BD3DF,0,1,1,4294967295,0,0
oIVaultC3,944,656,003F22E0,0,1,1,4294967295,0,0
oIVaultC4,656,832,00047CC6,0,1,1,4294967295,0,0
oIVaultC4,880,592,0031A38E,0,1,1,4294967295,0,0
oIVaultC4,880,720,0031188B,0,1,1,4294967295,0,0
oInvisibleSolid,1520,768,000A0A51,0,1,1,4294967295,0,1
oInvisibleSolid,1584,768,002ED0CD,0,1,1,4294967295,0,1
oInvisibleSolid,1616,768,0004AF3F,0,1,1,4294967295,0,1
oInvisibleSolid,1712,768,0028D11E,0,1,1,4294967295,0,1
oInvisibleSolid,944,256,003F7E55,0,1,1,4294967295,0,1
oInvisibleSolid,1344,160,001C731F,0,1,1,4294967295,0,1
oInvisibleSolid,1456,368,001492FA,0,1,1,4294967295,0,1
oInvisibleSolid,1680,368,002E2104,0,1,1,4294967295,0,1
oInvisibleSolid,1712,368,003E8EC3,0,1,1,4294967295,0,1
oInvisibleSolid,1712,208,003B7B24,0,1,1,4294967295,0,1
oInvisibleSolid,1776,176,003F33D1,0,1,1,4294967295,0,1
oInvisibleSolid,1808,144,00291108,0,1,1,4294967295,0,1
oInvisibleSolid,1840,112,00199DBE,0,1,1,4294967295,0,1
oInvisibleSolid,1872,80,0006E4B3,0,1,1,4294967295,0,1
oIVaultHoriz,1232,304,003E5054,0,1,1,4294967295,0,1
oIVaultHoriz,1296,320,003D3571,0,1,1,4294967295,0,1
oIVaultHoriz,1360,336,00381994,0,1,1,4294967295,0,1
oIVaultHoriz,1328,544,003FB9D2,0,1,1,4294967295,0,1
oIVaultC4,1200,288,003822AA,0,1,1,4294967295,0,0
oIVaultC4,1264,304,001B2CA5,0,1,1,4294967295,0,0
oIVaultC4,1328,320,0024015A,0,1,1,4294967295,0,0
oIVaultC4,1392,336,00394F81,0,1,1,4294967295,0,0
oIVaultC4,1200,480,00064B0B,0,1,1,4294967295,0,0
oIVaultC4,1232,496,0030AAEC,0,1,1,4294967295,0,0
oIVaultC4,1264,512,0036BD00,0,1,1,4294967295,0,0
oIVaultC4,1296,528,0037C3BC,0,1,1,4294967295,0,0
oInvisibleSolid,1808,368,002B7721,0,1,1,4294967295,0,1
oInvisibleSolid,1744,432,002AA9AE,0,1,1,4294967295,0,1
oInvisibleSolid,1776,528,0004A9EA,0,1,1,4294967295,0,1
oInvisibleSolid,1808,560,001E7EC6,0,1,1,4294967295,0,1
oInvisibleSolid,752,960,0021EDB4,0,1,1,4294967295,0,1
oIVaultHoriz,1424,464,002318D8,0,1,1,4294967295,0,1
oInvisibleSolid,1600,688,0012F79C,0,1,1,4294967295,0,1
oInvisibleSolid,592,1024,00060EE8,0,1,1,4294967295,0,1
oInvisibleSolid,1872,608,001B4090,0,1,1,4294967295,0,1
