oExit,0,240,00054AFA,0,1,1,4294967295,0,1
oExit,2192,336,00005273,0,1,1,4294967295,0,1
oExit,2448,112,002F8523,0,1,1,4294967295,0,1
oLargeJumper,883,217,00399B80,0,1,1,4294967295,0,1
oBustBlock,2368,80,003125F3,0,1,1,4294967295,0,1
oBustBlock,2368,112,000367F0,0,1,1,4294967295,0,1
oPlayer1,48,272,00076148,0,1,1,4294967295,0,0
oPT_FireEye,1360,144,000DB070,0,1,1,4294967295,0,1
oPT_FireEye,1744,192,0016546F,0,1,1,4294967295,0,1
oPT_FireEye,2096,128,003F025C,0,1,1,4294967295,0,1
oG6Lava,1008,272,003A83FB,0,1,1,4294967295,0,1
oInvCollPH,0,192,001CFB74,0,1,1,4294967295,0,0
oInvCollPH,16,192,000A28B4,0,1,1,4294967295,0,0
oInvCollPH,32,192,002F4A49,0,1,1,4294967295,0,0
oInvCollPH,48,192,000BB036,0,1,1,4294967295,0,0
oInvCollPH,64,192,000CA15B,0,1,1,4294967295,0,0
oInvCollPH,80,192,001A70D7,0,1,1,4294967295,0,0
oInvCollPH,96,192,00238D93,0,1,1,4294967295,0,0
oInvCollPH,16,272,00299FEE,0,1,1,4294967295,0,0
oInvCollPH,32,272,00229FA5,0,1,1,4294967295,0,0
oInvCollPH,48,272,0032CF61,0,1,1,4294967295,0,0
oInvCollPH,64,272,00330057,0,1,1,4294967295,0,0
oInvCollPH,80,272,0025C6FF,0,1,1,4294967295,0,0
oInvCollPH,96,272,0000548D,0,1,1,4294967295,0,0
oInvCollPH,112,272,00147110,0,1,1,4294967295,0,0
oInvCollPH,128,272,000F453B,0,1,1,4294967295,0,0
oInvCollPH,144,272,003FFAD2,0,1,1,4294967295,0,0
oInvCollPH,160,272,00307DE0,0,1,1,4294967295,0,0
oInvCollPH,176,272,00203D55,0,1,1,4294967295,0,0
oInvCollPH,128,80,003046D4,0,1,1,4294967295,0,0
oInvCollPH,128,96,0025C3B4,0,1,1,4294967295,0,0
oInvCollPH,128,112,00046A2E,0,1,1,4294967295,0,0
oInvCollPH,128,128,003F7DCA,0,1,1,4294967295,0,0
oInvCollPH,128,144,001FABD2,0,1,1,4294967295,0,0
oInvCollPH,128,160,00227701,0,1,1,4294967295,0,0
oInvCollPH,240,240,001CAF42,0,1,1,4294967295,0,0
oInvCollPH,288,176,000D7B9D,0,1,1,4294967295,0,0
oInvCollPH,304,176,0005BC9D,0,1,1,4294967295,0,0
oInvCollPH,320,176,0001CFD4,0,1,1,4294967295,0,0
oInvCollPH,368,192,0035E8F5,0,1,1,4294967295,0,0
oInvCollPH,384,192,0030FFDE,0,1,1,4294967295,0,0
oInvCollPH,256,208,001CC17E,0,1,1,4294967295,0,0
oInvCollPH,256,224,0000E2C4,0,1,1,4294967295,0,0
oInvCollPH,448,240,003567D9,0,1,1,4294967295,0,0
oInvCollPH,464,240,001F638B,0,1,1,4294967295,0,0
oInvCollPH,832,112,0008113B,0,1,1,4294967295,0,0
oInvCollPH,832,128,003064F9,0,1,1,4294967295,0,0
oInvCollPH,832,144,00341054,0,1,1,4294967295,0,0
oInvCollPH,736,144,0020EE6F,0,1,1,4294967295,0,0
oInvCollPH,1024,304,001C19E7,0,1,1,4294967295,0,0
oInvCollPH,512,256,001B0EE2,0,1,1,4294967295,0,0
oInvCollPH,528,256,002D40F2,0,1,1,4294967295,0,0
oInvCollPH,544,256,002D77D9,0,1,1,4294967295,0,0
oInvCollPH,560,256,0004587A,0,1,1,4294967295,0,0
oInvCollPH,576,256,0013C02E,0,1,1,4294967295,0,0
oInvCollPH,592,256,0016C5E9,0,1,1,4294967295,0,0
oInvCollPH,608,256,002F4E2A,0,1,1,4294967295,0,0
oInvCollPH,624,256,00313A44,0,1,1,4294967295,0,0
oInvCollPH,880,240,002E2C1A,0,1,1,4294967295,0,0
oInvCollPH,896,240,002E2B85,0,1,1,4294967295,0,0
oInvCollPH,912,240,00116693,0,1,1,4294967295,0,0
oInvCollPH,928,240,0037D34D,0,1,1,4294967295,0,0
oInvCollPH,944,240,0029A3B8,0,1,1,4294967295,0,0
oInvCollPH,960,240,003406E3,0,1,1,4294967295,0,0
oInvCollPH,704,176,00309CFA,0,1,1,4294967295,0,0
oInvCollPH,832,160,0020643B,0,1,1,4294967295,0,0
oInvCollPH,832,176,0009B4FC,0,1,1,4294967295,0,0
oInvCollPH,832,192,00197563,0,1,1,4294967295,0,0
oInvCollPH,832,208,000FB79C,0,1,1,4294967295,0,0
oInvCollPH,832,16,002EEE6B,0,1,1,4294967295,0,0
oInvCollPH,848,16,0010C17E,0,1,1,4294967295,0,0
oInvCollPH,864,16,0006D5D6,0,1,1,4294967295,0,0
oInvCollPH,880,16,003CFA1B,0,1,1,4294967295,0,0
oInvCollPH,896,16,002ECBF7,0,1,1,4294967295,0,0
oInvCollPH,912,16,000D4625,0,1,1,4294967295,0,0
oInvCollPH,912,0,001DCE5E,0,1,1,4294967295,0,0
oInvCollPH,368,96,00070DB5,0,1,1,4294967295,0,0
oInvCollPH,384,96,0024C95D,0,1,1,4294967295,0,0
oInvCollPH,400,96,001D5428,0,1,1,4294967295,0,0
oInvCollPH,480,80,0001E241,0,1,1,4294967295,0,0
oInvCollPH,464,80,001971C5,0,1,1,4294967295,0,0
oInvCollPH,448,80,002A9FC0,0,1,1,4294967295,0,0
oInvCollPH,432,80,000401D8,0,1,1,4294967295,0,0
oInvCollPH,416,80,0004ABBB,0,1,1,4294967295,0,0
oInvCollPH,496,64,003C9075,0,1,1,4294967295,0,0
oInvCollPH,512,64,00178667,0,1,1,4294967295,0,0
oInvCollPH,528,48,00031C66,0,1,1,4294967295,0,0
oInvCollPH,304,48,001C6EFD,0,1,1,4294967295,0,0
oInvCollPH,288,48,00193FC5,0,1,1,4294967295,0,0
oInvCollPH,272,48,002A3354,0,1,1,4294967295,0,0
oInvCollPH,256,48,0034BD4D,0,1,1,4294967295,0,0
oInvCollPH,240,48,0023EC56,0,1,1,4294967295,0,0
oInvCollPH,224,48,00237E5A,0,1,1,4294967295,0,0
oInvCollPH,208,48,00348176,0,1,1,4294967295,0,0
oInvCollPH,192,48,0035C9F4,0,1,1,4294967295,0,0
oInvCollPH,176,48,002D1778,0,1,1,4294967295,0,0
oInvCollPH,160,48,0020950E,0,1,1,4294967295,0,0
oInvCollPH,816,32,001EE63D,0,1,1,4294967295,0,0
oInvCollPH,800,32,00015760,0,1,1,4294967295,0,0
oInvCollPH,784,32,0000B342,0,1,1,4294967295,0,0
oInvCollPH,768,32,0014F741,0,1,1,4294967295,0,0
oInvCollPH,752,32,0024E80E,0,1,1,4294967295,0,0
oInvCollPH,672,32,0029E905,0,1,1,4294967295,0,0
oInvCollPH,688,32,002D0FF1,0,1,1,4294967295,0,0
oInvCollPH,704,32,003CF795,0,1,1,4294967295,0,0
oInvCollPH,720,32,0029D8E4,0,1,1,4294967295,0,0
oInvCollPH,736,32,00086F1A,0,1,1,4294967295,0,0
oInvCollPH,592,32,00305D6D,0,1,1,4294967295,0,0
oInvCollPH,608,32,003DE39B,0,1,1,4294967295,0,0
oInvCollPH,624,32,0033963A,0,1,1,4294967295,0,0
oInvCollPH,640,32,002161B7,0,1,1,4294967295,0,0
oInvCollPH,656,32,003609D0,0,1,1,4294967295,0,0
oInvCollPH,576,32,000799E5,0,1,1,4294967295,0,0
oInvCollPH,560,32,0001D3A5,0,1,1,4294967295,0,0
oInvCollPH,544,32,00121AE7,0,1,1,4294967295,0,0
oInvCollPH,1088,320,00312FE1,0,1,1,4294967295,0,0
oInvCollPH,1072,320,0002F7E9,0,1,1,4294967295,0,0
oInvCollPH,1056,320,0039E30E,0,1,1,4294967295,0,0
oInvCollPH,1104,320,00158818,0,1,1,4294967295,0,0
oInvCollPH,1184,320,00096AFF,0,1,1,4294967295,0,0
oInvCollPH,1168,320,00325D2A,0,1,1,4294967295,0,0
oInvCollPH,1152,320,00019D86,0,1,1,4294967295,0,0
oInvCollPH,1136,320,00248B22,0,1,1,4294967295,0,0
oInvCollPH,1120,320,001E52A9,0,1,1,4294967295,0,0
oInvCollPH,1264,320,002E42A3,0,1,1,4294967295,0,0
oInvCollPH,1248,320,0037D5B8,0,1,1,4294967295,0,0
oInvCollPH,1232,320,002A7BD3,0,1,1,4294967295,0,0
oInvCollPH,1216,320,00279C73,0,1,1,4294967295,0,0
oInvCollPH,1200,320,002B5901,0,1,1,4294967295,0,0
oInvCollPH,1328,320,00169259,0,1,1,4294967295,0,0
oInvCollPH,1312,320,0028DEE0,0,1,1,4294967295,0,0
oInvCollPH,1296,320,0028E742,0,1,1,4294967295,0,0
oInvCollPH,1280,320,00092054,0,1,1,4294967295,0,0
oInvCollPH,1344,288,00219C06,0,1,1,4294967295,0,0
oInvCollPH,1344,304,002842A1,0,1,1,4294967295,0,0
oInvCollPH,1392,240,00045CBC,0,1,1,4294967295,0,0
oInvCollPH,1408,224,0032DE41,0,1,1,4294967295,0,0
oInvCollPH,1056,224,002DBF96,0,1,1,4294967295,0,0
oInvCollPH,1072,224,002CD3B6,0,1,1,4294967295,0,0
oInvCollPH,1088,224,0009234C,0,1,1,4294967295,0,0
oInvCollPH,1104,224,000BC350,0,1,1,4294967295,0,0
oInvCollPH,1200,208,0039847D,0,1,1,4294967295,0,0
oInvCollPH,1216,208,0016F853,0,1,1,4294967295,0,0
oInvCollPH,1232,208,00110B9C,0,1,1,4294967295,0,0
oInvCollPH,1248,208,001ACA46,0,1,1,4294967295,0,0
oInvCollPH,1264,208,002B2F2F,0,1,1,4294967295,0,0
oInvCollPH,1280,208,00370BDA,0,1,1,4294967295,0,0
oInvCollPH,1104,112,002CBD0E,0,1,1,4294967295,0,0
oInvCollPH,1120,112,002555CE,0,1,1,4294967295,0,0
oInvCollPH,1136,96,000CAAF2,0,1,1,4294967295,0,0
oInvCollPH,1152,80,0012426A,0,1,1,4294967295,0,0
oInvCollPH,1056,80,000E5E2D,0,1,1,4294967295,0,0
oInvCollPH,1040,80,0004A993,0,1,1,4294967295,0,0
oInvCollPH,1024,80,001E2A81,0,1,1,4294967295,0,0
oInvCollPH,1168,64,0036C397,0,1,1,4294967295,0,0
oInvCollPH,1184,64,0037155D,0,1,1,4294967295,0,0
oInvCollPH,1200,64,003EE1BA,0,1,1,4294967295,0,0
oInvCollPH,1216,64,003EF5F6,0,1,1,4294967295,0,0
oInvCollPH,1232,48,00355D11,0,1,1,4294967295,0,0
oInvCollPH,960,16,003AB174,0,1,1,4294967295,0,0
oInvCollPH,960,32,0030BDA1,0,1,1,4294967295,0,0
oInvCollPH,1248,32,0033B490,0,1,1,4294967295,0,0
oInvCollPH,1264,32,002E7118,0,1,1,4294967295,0,0
oInvCollPH,1280,32,003BE171,0,1,1,4294967295,0,0
oInvCollPH,1296,32,000E6440,0,1,1,4294967295,0,0
oInvCollPH,1312,32,003CA136,0,1,1,4294967295,0,0
oInvCollPH,1328,32,000C52C5,0,1,1,4294967295,0,0
oInvCollPH,1344,32,0030EF07,0,1,1,4294967295,0,0
oInvCollPH,1360,32,003580B2,0,1,1,4294967295,0,0
oInvCollPH,1376,32,001FD485,0,1,1,4294967295,0,0
oInvCollPH,1392,32,00235A11,0,1,1,4294967295,0,0
oInvCollPH,1408,32,003303DC,0,1,1,4294967295,0,0
oInvCollPH,1472,32,001C9998,0,1,1,4294967295,0,0
oInvCollPH,1440,48,00026397,0,1,1,4294967295,0,0
oInvCollPH,1456,48,00325504,0,1,1,4294967295,0,0
oInvCollPH,1456,176,000DC333,0,1,1,4294967295,0,0
oInvCollPH,1472,176,00016407,0,1,1,4294967295,0,0
oInvCollPH,1488,176,00123EF5,0,1,1,4294967295,0,0
oInvCollPH,1584,256,0032AACD,0,1,1,4294967295,0,0
oInvCollPH,1600,256,003886DC,0,1,1,4294967295,0,0
oInvCollPH,1600,64,001CA2DF,0,1,1,4294967295,0,0
oInvCollPH,1616,64,0019886C,0,1,1,4294967295,0,0
oInvCollPH,1632,48,003741DA,0,1,1,4294967295,0,0
oInvCollPH,2160,64,001BA880,0,1,1,4294967295,0,0
oInvCollPH,2192,48,0021AA82,0,1,1,4294967295,0,0
oInvCollPH,2192,64,000B8F45,0,1,1,4294967295,0,0
oInvCollPH,2192,32,00260C48,0,1,1,4294967295,0,0
oInvCollPH,2384,64,002014F8,0,1,1,4294967295,0,0
oInvCollPH,2400,64,001DBCEB,0,1,1,4294967295,0,0
oInvCollPH,2416,64,0028E782,0,1,1,4294967295,0,0
oInvCollPH,2432,64,00282FF6,0,1,1,4294967295,0,0
oInvCollPH,2448,64,0007CB06,0,1,1,4294967295,0,0
oInvCollPH,2336,48,001750D4,0,1,1,4294967295,0,0
oInvCollPH,2352,48,0028F9BE,0,1,1,4294967295,0,0
oInvCollPH,2032,48,002DA6F5,0,1,1,4294967295,0,0
oInvCollPH,2048,32,00222B1B,0,1,1,4294967295,0,0
oInvCollPH,1760,64,002B1F0D,0,1,1,4294967295,0,0
oInvCollPH,1776,64,001748B2,0,1,1,4294967295,0,0
oInvCollPH,1792,64,000D3617,0,1,1,4294967295,0,0
oInvCollPH,1808,48,002A76C5,0,1,1,4294967295,0,0
oInvCollPH,1648,32,003AB5CE,0,1,1,4294967295,0,0
oInvCollPH,1664,32,000F28F4,0,1,1,4294967295,0,0
oInvCollPH,1680,32,0010407B,0,1,1,4294967295,0,0
oInvCollPH,1696,32,000A803A,0,1,1,4294967295,0,0
oInvCollPH,1712,32,00070032,0,1,1,4294967295,0,0
oInvCollPH,1824,32,00182400,0,1,1,4294967295,0,0
oInvCollPH,1488,16,0021C8DF,0,1,1,4294967295,0,0
oInvCollPH,1504,16,003F67A9,0,1,1,4294967295,0,0
oInvCollPH,1520,16,00120F03,0,1,1,4294967295,0,0
oInvCollPH,1536,16,0023365B,0,1,1,4294967295,0,0
oInvCollPH,1856,16,00158D2E,0,1,1,4294967295,0,0
oInvCollPH,1872,16,000CFADC,0,1,1,4294967295,0,0
oInvCollPH,1888,16,003016EA,0,1,1,4294967295,0,0
oInvCollPH,1904,16,001B79C7,0,1,1,4294967295,0,0
oInvCollPH,1840,16,00029380,0,1,1,4294967295,0,0
oInvCollPH,1920,16,00141C68,0,1,1,4294967295,0,0
oInvCollPH,1936,16,0030AC7E,0,1,1,4294967295,0,0
oInvCollPH,1952,16,0032FF9C,0,1,1,4294967295,0,0
oInvCollPH,1968,16,001703D7,0,1,1,4294967295,0,0
oInvCollPH,2064,16,003A74A2,0,1,1,4294967295,0,0
oInvCollPH,2080,16,0026993B,0,1,1,4294967295,0,0
oInvCollPH,2096,16,001CD61E,0,1,1,4294967295,0,0
oInvCollPH,2112,16,00209F76,0,1,1,4294967295,0,0
oInvCollPH,2208,16,001ACDDA,0,1,1,4294967295,0,0
oInvCollPH,2224,16,003A55C1,0,1,1,4294967295,0,0
oInvCollPH,2256,16,002AEE01,0,1,1,4294967295,0,0
oInvCollPH,2272,16,000E09A0,0,1,1,4294967295,0,0
oInvCollPH,2288,16,000109CC,0,1,1,4294967295,0,0
oInvCollPH,2304,16,003F5DF1,0,1,1,4294967295,0,0
oInvCollPH,2224,272,0031159E,0,1,1,4294967295,0,0
oInvCollPH,2224,288,002BA1AF,0,1,1,4294967295,0,0
oInvCollPH,2224,304,0021D21F,0,1,1,4294967295,0,0
oInvCollPH,2224,320,0004D1E2,0,1,1,4294967295,0,0
oInvCollPH,2224,336,0019C1E3,0,1,1,4294967295,0,0
oInvCollPH,2304,176,00130231,0,1,1,4294967295,0,0
oInvCollPH,2336,144,00096170,0,1,1,4294967295,0,0
oInvCollPH,2352,144,002F8007,0,1,1,4294967295,0,0
oInvCollPH,2368,144,003FE580,0,1,1,4294967295,0,0
oInvCollPH,2384,144,0037FA9C,0,1,1,4294967295,0,0
oInvCollPH,2400,144,00115F47,0,1,1,4294967295,0,0
oInvCollPH,2416,144,0028BE0F,0,1,1,4294967295,0,0
oInvCollPH,2432,144,003F615F,0,1,1,4294967295,0,0
oInvCollPH,2448,144,000B4A0D,0,1,1,4294967295,0,0
oInvCollPH,2176,288,00137741,0,1,1,4294967295,0,0
oInvCollPH,2176,304,0010CBB8,0,1,1,4294967295,0,0
oInvCollPH,2176,320,00034509,0,1,1,4294967295,0,0
oInvCollPH,2176,336,000A4ABF,0,1,1,4294967295,0,0
oInvCollPH,1904,160,002909D4,0,1,1,4294967295,0,0
oInvCollPH,1920,160,00246DA0,0,1,1,4294967295,0,0
oInvCollPH,1936,176,00219803,0,1,1,4294967295,0,0
oInvCollPH,1936,192,001202AF,0,1,1,4294967295,0,0
oInvCollPH,1952,208,000F2959,0,1,1,4294967295,0,0
oInvCollPH,1696,224,001F94C5,0,1,1,4294967295,0,0
oInvCollPH,1712,224,00262535,0,1,1,4294967295,0,0
oInvCollPH,1728,224,002B868C,0,1,1,4294967295,0,0
oInvCollPH,1744,224,0035DAAC,0,1,1,4294967295,0,0
oInvCollPH,1968,224,00051B46,0,1,1,4294967295,0,0
oInvCollPH,1968,240,000C7A88,0,1,1,4294967295,0,0
oInvCollPH,1984,256,00047DC2,0,1,1,4294967295,0,0
oInvCollPH,2000,256,0003CA6F,0,1,1,4294967295,0,0
oInvCollPH,2016,256,00337AD5,0,1,1,4294967295,0,0
oInvCollPH,2032,256,001DD663,0,1,1,4294967295,0,0
oInvCollPH,2048,256,002A64FD,0,1,1,4294967295,0,0
oInvCollPH,2064,256,00353ECF,0,1,1,4294967295,0,0
oInvCollPH,2080,256,0038203B,0,1,1,4294967295,0,0
oInvCollPH,2096,256,0023946B,0,1,1,4294967295,0,0
oInvCollPH,2112,256,00302242,0,1,1,4294967295,0,0
oInvCollPH,2128,256,00204D74,0,1,1,4294967295,0,0
oInvCollPH,2144,256,00398A7A,0,1,1,4294967295,0,0
oInvCollPH,2160,256,001B098B,0,1,1,4294967295,0,0
oInvCollPH,2080,192,0035A640,0,1,1,4294967295,0,0
oInvCollPH,2096,192,0030BFEC,0,1,1,4294967295,0,0
oInvCollPH,592,192,001FF0CD,0,1,1,4294967295,0,0
oInvCollPH,608,192,0012BFEB,0,1,1,4294967295,0,0
oInvisibleSolid,0,272,002335F3,0,1,1,4294967295,0,1
oInvisibleRupSlope,192,256,00160648,0,1,1,4294967295,0,0
oInvisibleRupSlope,208,240,002A4B78,0,1,1,4294967295,0,0
oInvisibleRupSlope,256,176,00022C85,0,1,1,4294967295,0,0
oInvisibleSolid,224,240,0028689E,0,1,1,4294967295,0,1
oInvisibleSolid,256,192,0001F760,0,1,1,4294967295,0,1
oInvisibleSolid,272,176,002BA5D7,0,1,1,4294967295,0,1
oInvisibleSolid,144,0,003755DA,0,1,1,4294967295,0,1
oInvisibleSolid,144,64,001CEAAF,0,1,1,4294967295,0,0
oInvisibleSolid,112,176,003D3F43,0,1,1,4294967295,0,0
oInvisibleSolid,0,176,0013404B,0,1,1,4294967295,0,1
oInvisibleSolid,0,0,0029FF43,0,1,1,4294967295,0,1
oInvisibleSolid,208,256,0005359A,0,1,1,4294967295,0,1
oInvisibleLupLowSlope,336,176,0022C827,0,1,1,4294967295,0,0
oInvisibleLupLowSlope,400,192,0036719F,0,1,1,4294967295,0,0
oInvisibleLupLowSlope,480,240,00295327,0,1,1,4294967295,0,0
oInvisibleLupSlope,432,208,00198EA9,0,1,1,4294967295,0,0
oInvisibleSolid,400,208,0020C99B,0,1,1,4294967295,0,1
oInvisibleSolid,432,224,00156674,0,1,1,4294967295,0,0
oInvisibleRupSlope,640,240,00353550,0,1,1,4294967295,0,0
oInvisibleRupSlope,656,224,00366DD1,0,1,1,4294967295,0,0
oInvisibleRupSlope,672,208,000808E6,0,1,1,4294967295,0,0
oInvisibleRupSlope,688,192,003EEBCB,0,1,1,4294967295,0,0
oInvisibleRupSlope,704,144,0022D6BB,0,1,1,4294967295,0,0
oInvisibleRupSlope,800,112,003F0297,0,1,1,4294967295,0,0
oInvisibleRupSlope,816,96,00137201,0,1,1,4294967295,0,0
oInvisibleLupSlope,832,96,003A5A65,0,1,1,4294967295,0,0
oInvisibleLupLowSlope,848,224,00369C3B,0,1,1,4294967295,0,0
oInvisibleRupLowSlope,752,128,00074294,0,1,1,4294967295,0,0
oInvisibleSolid,816,112,0015F038,0,1,1,4294967295,0,1
oInvisibleSolid,784,128,003F5026,0,1,1,4294967295,0,1
oInvisibleSolid,720,144,002E13C6,0,1,1,4294967295,0,1
oInvisibleLupSlope,976,240,00152DC0,0,1,1,4294967295,0,0
oInvisibleLupSlope,992,256,0002B8C2,0,1,1,4294967295,0,0
oInvisibleLupSlope,1008,288,003AF7D9,0,1,1,4294967295,0,0
oInvisibleLupSlope,1040,304,001A553D,0,1,1,4294967295,0,0
oInvisibleSolid,1040,320,0021CA55,0,1,1,4294967295,0,1
oInvisibleSolid,1008,304,002FCDDB,0,1,1,4294967295,0,1
oInvisibleSolid,992,272,0029A547,0,1,1,4294967295,0,1
oInvisibleSolid,656,240,0010BF80,0,1,1,4294967295,0,1
oInvisibleSolid,672,224,001AE587,0,1,1,4294967295,0,0
oInvisibleSolid,688,208,000718C1,0,1,1,4294967295,0,1
oInvisibleSolid,704,160,001F08DA,0,1,1,4294967295,0,1
oInvisibleSolid,544,0,000A02A3,0,1,1,4294967295,0,1
oInvisibleSolid,320,64,00044599,0,1,1,4294967295,0,1
oInvisibleSolid,336,80,0003B7BB,0,1,1,4294967295,0,1
oInvisibleSolid,352,96,003FA014,0,1,1,4294967295,0,1
oInvisibleSolid,832,0,002D726C,0,1,1,4294967295,0,1
oInvisibleSolid,128,176,002F806F,0,1,1,4294967295,0,1
oInvisibleSolid,1040,224,000B4BC9,0,1,1,4294967295,0,1
oInvisibleSolid,1184,208,000EC408,0,1,1,4294967295,0,1
oInvisibleRupSlope,1344,256,0021FBF8,0,1,1,4294967295,0,0
oInvisibleRupSlope,1360,240,0033FFA4,0,1,1,4294967295,0,0
oInvisibleRupSlope,1424,176,0025B0EB,0,1,1,4294967295,0,0
oInvisibleRupSlope,1408,192,0036BEC7,0,1,1,4294967295,0,0
oInvisibleSolid,1424,192,0033CCFE,0,1,1,4294967295,0,1
oInvisibleSolid,1360,256,0029A5AA,0,1,1,4294967295,0,1
oInvisibleSolid,1344,272,000836E1,0,1,1,4294967295,0,1
oInvisibleSolid,1376,240,002CD0CB,0,1,1,4294967295,0,1
oInvisibleSolid,1408,208,00305129,0,1,1,4294967295,0,1
oInvisibleSolid,976,48,000667AE,0,1,1,4294967295,0,1
oInvisibleSolid,992,64,002A60CE,0,1,1,4294967295,0,1
oInvisibleSolid,1008,80,0000ED24,0,1,1,4294967295,0,1
oInvisibleSolid,1072,96,000778F3,0,1,1,4294967295,0,1
oInvisibleSolid,1088,112,000DA8C5,0,1,1,4294967295,0,1
oInvisibleSolid,960,0,002A7561,0,1,1,4294967295,0,1
oInvisibleSolid,1440,176,00092224,0,1,1,4294967295,0,1
oInvisibleSolid,1424,48,0002DA20,0,1,1,4294967295,0,1
oInvisibleLupLowSlope,1552,240,002DF3F7,0,1,1,4294967295,0,0
oInvisibleRupLowSlope,1616,240,0031AC24,0,1,1,4294967295,0,0
oInvisibleRupLowSlope,1648,224,003541A9,0,1,1,4294967295,0,0
oInvisibleLupSlope,1504,176,003E3F8D,0,1,1,4294967295,0,0
oInvisibleLupSlope,1520,192,0017E960,0,1,1,4294967295,0,0
oInvisibleLupSlope,1536,208,0009EB04,0,1,1,4294967295,0,0
oInvisibleSolid,1536,224,0016C751,0,1,1,4294967295,0,0
oInvisibleSolid,1488,0,001899D6,0,1,1,4294967295,0,1
oInvisibleSolid,1584,64,0036068E,0,1,1,4294967295,0,1
oInvisibleSolid,1568,48,00125BFE,0,1,1,4294967295,0,1
oInvisibleRupLowSlope,1760,208,0036252B,0,1,1,4294967295,0,0
oInvisibleRupLowSlope,1792,192,00124E71,0,1,1,4294967295,0,0
oInvisibleRupLowSlope,1824,176,001B1909,0,1,1,4294967295,0,0
oInvisibleRupLowSlope,1856,160,002985E7,0,1,1,4294967295,0,0
oInvisibleRupSlope,2224,240,00140E03,0,1,1,4294967295,0,0
oInvisibleRupSlope,2240,224,0034874A,0,1,1,4294967295,0,0
oInvisibleRupSlope,2256,208,002FE770,0,1,1,4294967295,0,0
oInvisibleRupSlope,2272,192,0011F092,0,1,1,4294967295,0,0
oInvisibleRupSlope,2304,144,00053B3E,0,1,1,4294967295,0,0
oInvisibleLupSlope,1968,208,0015821E,0,1,1,4294967295,0,0
oInvisibleLupSlope,1936,160,003C83AA,0,1,1,4294967295,0,0
oInvisibleLupSlope,2176,256,0025E4E0,0,1,1,4294967295,0,0
oInvisibleSolid,1552,32,002D222F,0,1,1,4294967295,0,1
oInvisibleSolid,1728,48,0038F2B2,0,1,1,4294967295,0,1
oInvisibleSolid,1744,64,001D7699,0,1,1,4294967295,0,1
oInvisibleSolid,1984,32,0034F4DD,0,1,1,4294967295,0,1
oInvisibleSolid,2000,48,001D026B,0,1,1,4294967295,0,1
oInvisibleSolid,2016,64,00270D41,0,1,1,4294967295,0,0
oInvisibleSolid,2240,32,0028E10D,0,1,1,4294967295,0,0
oInvisibleSolid,2320,32,0023247B,0,1,1,4294967295,0,0
oInvisibleSolid,2336,32,0031C823,0,1,1,4294967295,0,1
oInvisibleSolid,2368,64,001C2F76,0,1,1,4294967295,0,1
oInvisibleSolid,2128,32,001E5CCB,0,1,1,4294967295,0,1
oInvisibleSolid,2144,48,00399AEC,0,1,1,4294967295,0,0
oInvisibleSolid,2176,80,003E20E6,0,1,1,4294967295,0,0
oInvisibleSolid,2160,48,002E42D2,0,1,1,4294967295,0,1
oInvisibleSolid,2240,240,003E1556,0,1,1,4294967295,0,0
oInvisibleSolid,2272,208,000E01FE,0,1,1,4294967295,0,0
oInvisibleSolid,2224,256,003BEA2F,0,1,1,4294967295,0,1
oInvisibleSolid,2256,224,00309AAF,0,1,1,4294967295,0,1
oInvisibleSolid,2288,192,0014455F,0,1,1,4294967295,0,1
oInvisibleSolid,2320,144,001B2010,0,1,1,4294967295,0,1
oInvisibleSolid,2304,160,00158B26,0,1,1,4294967295,0,1
oInvisibleSolid,2176,272,000C157C,0,1,1,4294967295,0,1
oInvisibleSolid,1888,160,0004A13F,0,1,1,4294967295,0,1
oInvisibleSolid,1856,176,003135A6,0,1,1,4294967295,0,1
oInvisibleSolid,1648,240,002E4B53,0,1,1,4294967295,0,1
oInvisibleSolid,1680,224,003229CE,0,1,1,4294967295,0,1
oInvisibleSolid,1792,208,00019E13,0,1,1,4294967295,0,1
oInvisibleSolid,1824,192,00311108,0,1,1,4294967295,0,1
oInvisibleSolid,2064,192,0010287A,0,1,1,4294967295,0,1
oInvisibleSolid,576,192,0003A8F9,0,1,1,4294967295,0,1
