oDancingFlower,214,251,003018AB,0,1,1,4294967295,0,0
oDancingFlower,171,261,0002EF8F,0,1,1,4294967295,0,0
oDancingFlower,198,277,00102F4C,0,1,1,4294967295,0,0
oDancingFlower,608,345,000154E9,0,1,1,4294967295,0,0
oDancingFlower,589,348,0021D2F1,0,1,1,4294967295,0,0
oDancingFlower,570,390,001D191D,0,1,1,4294967295,0,0
oDancingFlower,586,403,0033C3FA,0,1,1,4294967295,0,0
oDancingFlower,609,379,0002D322,0,1,1,4294967295,0,0
oDancingFlower,409,463,000F26A3,0,1,1,4294967295,0,0
oDancingFlower,325,447,0037D432,0,1,1,4294967295,0,0
oDancingFlower,346,59,003485CA,0,1,1,4294967295,0,0
oDancingFlower,395,28,002217E6,0,1,1,4294967295,0,0
oDancingFlower,410,53,003893A5,0,1,1,4294967295,0,0
oDancingFlower,32,35,001CECE3,0,1,1,4294967295,0,0
oDancingFlower,60,60,000B5B68,0,1,1,4294967295,0,0
oDancingFlower,23,79,00140411,0,1,1,4294967295,0,0
oDancingFlower,85,50,0013D92E,0,1,1,4294967295,0,0
oEfHeartEmitter,387,210,00104720,0,1,1,4294967295,0,1
oEfHeartEmitter,37,226,002D3A2F,0,1,1,4294967295,0,1
oExit,32,464,00234EA0,0,1,1,4294967295,0,1
oAPBoost,480,400,003117C2,0,1,1,4294967295,0,1
oEventBarrier,448,368,00067A22,0,1,1,4294967295,0,1
oReachRing,208,384,0001F82C,0,1,1,4294967295,0,0
oReachRing,304,336,0030CF92,0,1,1,4294967295,0,0
oReachRing,272,224,0015179E,0,1,1,4294967295,0,0
oReachRing,208,176,002C6C3E,0,1,1,4294967295,0,0
oReachRing,144,208,0034652B,0,1,1,4294967295,0,0
oReachRing,112,144,00338F70,0,1,1,4294967295,0,0
oReachRing,160,112,003B6B49,0,1,1,4294967295,0,0
oReachRing,240,112,001F36BC,0,1,1,4294967295,0,0
oReachRing,320,208,001731C6,0,1,1,4294967295,0,0
oReachRing,352,288,003BD5BD,0,1,1,4294967295,0,0
oReachRing,384,368,000F63B8,0,1,1,4294967295,0,0
oReachRing,464,320,0031A3D4,0,1,1,4294967295,0,0
oReachRing,528,288,0007F7CC,0,1,1,4294967295,0,0
oReachRing,576,224,00109605,0,1,1,4294967295,0,0
oReachRing,512,160,002FDDED,0,1,1,4294967295,0,0
oReachRing,400,160,000D0A11,0,1,1,4294967295,0,0
oZeldaBreakPot,464,160,0025B9D3,0,1,1,4294967295,0,0
oMoneyChest,112,248,000407F3,0,1,1,4294967295,0,1
oLargeJumper,292,360,003B24D9,0,1,1,4294967295,0,0
oMetalGuardian,160,160,00168DC4,0,1,1,4294967295,0,0
oMetalGuardian,496,288,000F18D2,0,1,1,4294967295,0,0
oPlayer1,128,448,00273E5F,0,1,1,4294967295,0,0
oInvCollPH,400,240,0002AF8D,0,1,1,4294967295,0,0
oInvCollPH,504,192,000590C3,0,1,1,4294967295,0,0
oInvCollPH,464,176,0027CE1F,0,1,1,4294967295,0,0
oInvCollPH,400,192,001A3CD5,0,1,1,4294967295,0,0
oInvCollPH,344,224,000924C4,0,1,1,4294967295,0,0
oInvCollPH,248,224,00347D05,0,1,1,4294967295,0,0
oInvCollPH,248,240,002FB7E4,0,1,1,4294967295,0,0
oInvCollPH,248,256,00042769,0,1,1,4294967295,0,0
oInvCollPH,224,288,0000333F,0,1,1,4294967295,0,0
oInvCollPH,208,208,0038D63D,0,1,1,4294967295,0,0
oInvCollPH,112,272,000B9660,0,1,1,4294967295,0,0
oInvCollPH,128,272,001298CE,0,1,1,4294967295,0,0
oInvCollPH,144,272,002B9B0D,0,1,1,4294967295,0,0
oInvCollPH,160,272,0009AF81,0,1,1,4294967295,0,0
oInvCollPH,16,384,003C33C7,0,1,1,4294967295,0,0
oInvCollPH,16,400,000BD81F,0,1,1,4294967295,0,0
oInvCollPH,16,416,000FDCF4,0,1,1,4294967295,0,0
oInvCollPH,16,432,0005F8A0,0,1,1,4294967295,0,0
oInvCollPH,16,448,0013C63E,0,1,1,4294967295,0,0
oInvCollPH,16,464,0008B48C,0,1,1,4294967295,0,0
oInvCollPH,176,0,001DA6D6,0,1,1,4294967295,0,0
oInvCollPH,192,0,0016E653,0,1,1,4294967295,0,0
oInvCollPH,208,0,00043A7E,0,1,1,4294967295,0,0
oInvCollPH,224,0,00249D06,0,1,1,4294967295,0,0
oInvCollPH,80,112,000209E8,0,1,1,4294967295,0,0
oInvCollPH,80,128,0007AE3A,0,1,1,4294967295,0,0
oInvCollPH,80,144,00003016,0,1,1,4294967295,0,0
oInvCollPH,80,160,002C2CA2,0,1,1,4294967295,0,0
oInvCollPH,80,176,003AD47B,0,1,1,4294967295,0,0
oInvCollPH,80,192,002C844B,0,1,1,4294967295,0,0
oInvCollPH,80,208,00028B9F,0,1,1,4294967295,0,0
oInvCollPH,80,224,002CB1AD,0,1,1,4294967295,0,0
oInvCollPH,80,240,003B029D,0,1,1,4294967295,0,0
oInvCollPH,128,448,002DD176,0,1,1,4294967295,0,0
oInvCollPH,288,384,00093BE7,0,1,1,4294967295,0,0
oInvCollPH,304,384,0005A96D,0,1,1,4294967295,0,0
oInvCollPH,320,384,00227B87,0,1,1,4294967295,0,0
oInvCollPH,592,160,00228D88,0,1,1,4294967295,0,0
oInvCollPH,592,176,000ECDC5,0,1,1,4294967295,0,0
oInvCollPH,592,192,0035ABA8,0,1,1,4294967295,0,0
oInvCollPH,592,208,00157891,0,1,1,4294967295,0,0
oInvCollPH,592,224,00146408,0,1,1,4294967295,0,0
oInvCollPH,592,240,001DECD9,0,1,1,4294967295,0,0
oInvCollPH,352,96,00259A7C,0,1,1,4294967295,0,0
oInvCollPH,464,48,0019D182,0,1,1,4294967295,0,0
oInvCollPH,480,48,001F163A,0,1,1,4294967295,0,0
oInvCollPH,496,48,00297204,0,1,1,4294967295,0,0
oInvCollPH,512,48,000FE8D0,0,1,1,4294967295,0,0
oInvCollPH,528,48,002CD7F0,0,1,1,4294967295,0,0
oInvCollPH,432,432,0028FA5E,0,1,1,4294967295,0,0
oInvCollPH,448,432,00248952,0,1,1,4294967295,0,0
oInvCollPH,552,288,0023DB21,0,1,1,4294967295,0,0
oInvCollPH,552,304,001435AF,0,1,1,4294967295,0,0
oInvCollPH,552,320,00048012,0,1,1,4294967295,0,0
oInvCollPH,496,368,0025B408,0,1,1,4294967295,0,0
oInvCollPH,496,384,001F5C94,0,1,1,4294967295,0,0
oInvCollPH,496,400,003E4A09,0,1,1,4294967295,0,0
oInvCollPH,464,352,0019DC8D,0,1,1,4294967295,0,0
oInvCollPH,480,352,002F35A6,0,1,1,4294967295,0,0
oInvisibleRupLowSlope,352,192,0027472A,0,1,1,4294967295,0,0
oInvisibleRupLowSlope,416,176,0010F9A3,0,1,1,4294967295,0,0
oInvisibleRupLowSlope,96,240,0004FEC4,0,1,1,4294967295,0,0
oInvisibleRupLowSlope,128,224,000863C6,0,1,1,4294967295,0,0
oInvisibleRupLowSlope,160,208,0032244B,0,1,1,4294967295,0,0
oInvisibleRupLowSlope,80,448,00212A5F,0,1,1,4294967295,0,0
oInvisibleRupLowSlope,144,432,002C6424,0,1,1,4294967295,0,0
oInvisibleRupLowSlope,176,416,0023F1EE,0,1,1,4294967295,0,0
oInvisibleRupLowSlope,208,400,002ECEE0,0,1,1,4294967295,0,0
oInvisibleRupLowSlope,240,384,000CB0E5,0,1,1,4294967295,0,0
oInvisibleRupLowSlope,512,336,0018DE71,0,1,1,4294967295,0,0
oInvisibleRupLowSlope,560,256,001A5A15,0,1,1,4294967295,0,0
oInvisibleLupLowSlope,480,176,001D15C8,0,1,1,4294967295,0,0
oInvisibleLupLowSlope,336,384,0012BB1C,0,1,1,4294967295,0,0
oInvisibleLupLowSlope,368,400,0034B572,0,1,1,4294967295,0,0
oInvisibleLupLowSlope,400,416,00196181,0,1,1,4294967295,0,0
oInvisibleLupLowSlope,224,208,001F6691,0,1,1,4294967295,0,0
oInvisibleRupLowSlope,464,416,000696F0,0,1,1,4294967295,0,0
oInvisibleLCeilingLowSlope,96,64,001981C1,0,1,1,4294967295,0,0
oInvisibleLCeilingLowSlope,144,16,002E08BE,0,1,1,4294967295,0,0
oInvisibleLCeilingLowSlope,368,96,001C0AC4,0,1,1,4294967295,0,0
oInvisibleLCeilingLowSlope,400,80,0014D123,0,1,1,4294967295,0,0
oInvisibleLCeilingLowSlope,432,64,00334F3C,0,1,1,4294967295,0,0
oInvisibleLCeilingLowSlope,48,304,0026F59D,0,1,1,4294967295,0,0
oInvisibleLCeilingLowSlope,80,288,00164248,0,1,1,4294967295,0,0
oInvisibleLCeilingLowSlope,416,240,001A0BA6,0,1,1,4294967295,0,0
oInvisibleLCeilingLowSlope,448,224,0000884E,0,1,1,4294967295,0,0
oInvisibleLCeilingLowSlope,480,208,001A6393,0,1,1,4294967295,0,0
oInvisibleRCeilingLowSlope,544,64,003511F7,0,1,1,4294967295,0,0
oInvisibleRCeilingLowSlope,352,240,00216D9C,0,1,1,4294967295,0,0
oInvisibleRCeilingLowSlope,304,96,0015A409,0,1,1,4294967295,0,0
oInvisibleRCeilingLowSlope,176,288,00290A99,0,1,1,4294967295,0,0
oInvisibleRCeilingLowSlope,240,16,003E8699,0,1,1,4294967295,0,0
oInvisibleRCeilingSteepSlope,128,32,002B96BB,0,1,1,4294967295,0,0
oInvisibleRCeilingSteepSlope,240,272,000AD5B9,0,1,1,4294967295,0,0
oInvisibleLCeilingSteepSlope,576,80,0029BC0C,0,1,1,4294967295,0,0
oInvisibleLCeilingSteepSlope,592,112,00203418,0,1,1,4294967295,0,0
oInvisibleLCeilingSteepSlope,272,32,00322638,0,1,1,4294967295,0,0
oInvisibleLCeilingSteepSlope,288,64,001B6B20,0,1,1,4294967295,0,0
oInvisibleSolid,480,192,0039CEC0,0,1,1,4294967295,0,1
oInvisibleSolid,448,176,002A6E91,0,1,1,4294967295,0,1
oInvisibleSolid,384,192,002A90F5,0,1,1,4294967295,0,1
oInvisibleSolid,384,240,003EE9F9,0,1,1,4294967295,0,1
oInvisibleSolid,344,208,003B290F,0,1,1,4294967295,0,1
oInvisibleSolid,208,288,00345C0D,0,1,1,4294967295,0,1
oInvisibleSolid,240,224,001B5C29,0,1,1,4294967295,0,1
oInvisibleSolid,192,208,001EB369,0,1,1,4294967295,0,1
oInvisibleSolid,96,256,001CFCF5,0,1,1,4294967295,0,1
oInvisibleSolid,128,240,0032B39C,0,1,1,4294967295,0,1
oInvisibleSolid,72,464,00269C1A,0,1,1,4294967295,0,1
oInvisibleSolid,160,224,00176205,0,1,1,4294967295,0,1
oInvisibleRCeilingSteepSlope,80,80,001947A9,0,1,1,4294967295,0,0
oInvisibleRCeilingSteepSlope,32,320,0015BE6E,0,1,1,4294967295,0,0
oInvisibleRCeilingSteepSlope,16,352,003C6094,0,1,1,4294967295,0,0
oInvisibleSolid,0,384,00013D60,0,1,1,4294967295,0,1
oInvisibleSolid,0,352,00213800,0,1,1,4294967295,0,1
oInvisibleSolid,0,304,0038E99C,0,1,1,4294967295,0,1
oInvisibleSolid,32,304,0013969A,0,1,1,4294967295,0,0
oInvisibleSolid,0,288,00053611,0,1,1,4294967295,0,1
oInvisibleSolid,0,112,002B5A12,0,1,1,4294967295,0,1
oInvisibleSolid,80,64,00012A39,0,1,1,4294967295,0,0
oInvisibleSolid,0,64,003DFD5D,0,1,1,4294967295,0,1
oInvisibleSolid,128,16,003362AA,0,1,1,4294967295,0,0
oInvisibleSolid,0,0,002492AD,0,1,1,4294967295,0,1
oInvisibleSolid,128,0,00010843,0,1,1,4294967295,0,1
oInvisibleSolid,272,16,0028BF6A,0,1,1,4294967295,0,0
oInvisibleSolid,336,96,00346277,0,1,1,4294967295,0,1
oInvisibleSolid,304,80,001520D0,0,1,1,4294967295,0,1
oInvisibleSolid,304,64,003C54D0,0,1,1,4294967295,0,1
oInvisibleSolid,288,0,001BF94C,0,1,1,4294967295,0,1
oInvisibleSolid,576,64,002750C6,0,1,1,4294967295,0,0
oInvisibleSolid,592,64,001FF277,0,1,1,4294967295,0,1
oInvisibleSolid,608,112,003805C9,0,1,1,4294967295,0,1
oInvisibleSolid,592,144,0019346A,0,1,1,4294967295,0,1
oInvisibleSolid,112,448,000204AC,0,1,1,4294967295,0,1
oInvisibleSolid,176,432,00298105,0,1,1,4294967295,0,1
oInvisibleSolid,208,416,000F0DB1,0,1,1,4294967295,0,1
oInvisibleSolid,240,400,0009C9BD,0,1,1,4294967295,0,1
oInvisibleSolid,272,384,0034B287,0,1,1,4294967295,0,1
oInvisibleSolid,552,272,0032CDC1,0,1,1,4294967295,0,1
oInvisibleSolid,496,352,0012E424,0,1,1,4294967295,0,1
oInvisibleSolid,544,336,00301F23,0,1,1,4294967295,0,0
oInvisibleSolid,448,352,0017E6A3,0,1,1,4294967295,0,1
