oExit,0,896,000C7BB3,0,1,1,4294967295,0,1
oBegoniaFan,176,960,00313251,0,1,1,4294967295,0,1
oBegoniaFan,464,768,003E1561,0,1,1,4294967295,0,1
oBegoniaFan,640,640,00001D61,0,1,1,4294967295,0,1
oBegoniaFan,368,608,000989BD,0,1,1,4294967295,0,1
oBegoniaFan,272,544,003DC2BD,0,1,1,4294967295,0,1
oBegoniaFan,672,608,0039A778,0,1,1,4294967295,0,1
oBegoniaFan,912,480,00256105,0,1,1,4294967295,0,1
oBegoniaFan,944,720,001C9402,0,1,1,4294967295,0,1
oABubblePile,568,560,00140A6E,0,1,1,4294967295,0,0
oBegoniaFan,1168,752,001A64F2,0,1,1,4294967295,0,1
oABubblePile,1032,544,003FA62C,0,1,1,4294967295,0,0
oBegoniaFan,432,352,003B0C1F,0,1,1,4294967295,0,1
oBegoniaFan,144,368,003F2376,0,1,1,4294967295,0,1
oSignPost,80,192,000027FE,0,1,1,4294967295,0,1
oBegoniaFan,304,112,00358DE1,0,1,1,4294967295,0,0
oBegoniaFan,656,192,003F56D7,0,1,1,4294967295,0,1
oABubblePile,232,176,002F833D,0,1,1,4294967295,0,0
oBegoniaFan,1424,672,002E2308,0,1,1,4294967295,0,1
oBegoniaFan,1824,912,00090BB8,0,1,1,4294967295,0,1
oBegoniaFan,1456,624,00244160,0,1,1,4294967295,0,1
oBegoniaFan,1840,560,00312995,0,1,1,4294967295,0,1
oBegoniaFan,1440,592,0009BCF2,0,1,1,4294967295,0,1
oBegoniaFan,1424,400,00037DFA,0,1,1,4294967295,0,1
oABubblePile,1672,832,003CC294,0,1,1,4294967295,0,1
oBegoniaFan,1840,720,000BA72D,0,1,1,4294967295,0,1
oBegoniaFan,1616,352,000079F9,0,1,1,4294967295,0,0
oBegoniaFan,1824,368,0013F047,0,1,1,4294967295,0,1
oExit,0,160,0029A4E8,0,1,1,4294967295,0,1
oABubblePile,256,720,00217D0E,0,1,1,4294967295,0,0
oExit,1936,176,0018FD70,0,1,1,4294967295,0,1
oFanSwitch,400,856,0018745E,0,1,1,4294967295,0,1
oFanSwitch,832,768,00241A18,0,1,1,4294967295,0,1
oFanSwitch,784,576,00285E1B,0,1,1,4294967295,0,1
oFanSwitch,800,304,000F9492,0,1,1,4294967295,0,1
oZeldaBreakPot,704,784,00187A30,0,1,1,4294967295,0,0
oAirUpgrade,1048,656,003B5559,0,1,1,4294967295,0,1
oZeldaBreakPot,1096,544,002E918F,0,1,1,4294967295,0,0
oZeldaBreakPot,1472,736,00285BDF,0,1,1,4294967295,0,0
oZeldaBreakPot,1488,736,003B3219,0,1,1,4294967295,0,0
oZeldaBreakPot,1504,736,00284216,0,1,1,4294967295,0,0
oSmallJumper,1760,640,002F2C89,0,1,1,4294967295,0,0
oCh7WallHead,144,832,0032C03F,0,1,1,4294967295,0,1
oWaterMine,672,368,003EEA98,0,1,1,4294967295,0,0
oWaterMine,688,368,001607C9,0,1,1,4294967295,0,0
oWaterMine,704,368,003449DF,0,1,1,4294967295,0,0
oMarioSpikeL,208,368,001F3C0E,0,1,1,4294967295,0,0
oMarioSpikeL,208,384,0000B636,0,1,1,4294967295,0,0
oMarioSpikeL,112,352,0022F8B5,0,1,1,4294967295,0,0
oMarioSpikeL,112,336,001D90B5,0,1,1,4294967295,0,0
oMarioSpikeL,112,320,0007B560,0,1,1,4294967295,0,0
oMarioSpikeL,112,304,000CD2DC,0,1,1,4294967295,0,0
oMarioSpikeL,112,288,00289D82,0,1,1,4294967295,0,0
oMarioSpikeL,112,272,00399679,0,1,1,4294967295,0,0
oMarioSpikeL,112,256,0028503D,0,1,1,4294967295,0,0
oMarioSpikeL,112,240,000598EC,0,1,1,4294967295,0,0
oMarioSpikeL,112,224,00197742,0,1,1,4294967295,0,0
oMarioSpikeL,112,208,000C9DC8,0,1,1,4294967295,0,0
oMarioSpikeR,160,208,00309DFA,0,1,1,4294967295,0,0
oMarioSpikeR,160,224,00025584,0,1,1,4294967295,0,0
oMarioSpikeR,160,240,001FC0BD,0,1,1,4294967295,0,0
oMarioSpikeR,160,256,0027BEDC,0,1,1,4294967295,0,0
oMarioSpikeR,160,272,001A1360,0,1,1,4294967295,0,0
oMarioSpikeFloor,400,144,001666B1,0,1,1,4294967295,0,0
oMarioSpikeFloor,464,144,000EFE96,0,1,1,4294967295,0,0
oMarioSpikeFloor,480,144,001D8AE5,0,1,1,4294967295,0,0
oMarioSpikeFloor,544,144,00269E1D,0,1,1,4294967295,0,0
oMarioSpikeFloor,752,208,0025FE35,0,1,1,4294967295,0,0
oMarioSpikeFloor,864,208,001988C0,0,1,1,4294967295,0,0
oMarioSpikeCeiling,800,160,00077956,0,1,1,4294967295,0,0
oMarioSpikeCeiling,816,160,001E7330,0,1,1,4294967295,0,0
oMarioSpikeFloor,1344,736,003BC403,0,1,1,4294967295,0,0
oMarioSpikeFloor,1360,736,0005F798,0,1,1,4294967295,0,0
oWaterMine,344,448,0010F070,0,1,1,4294967295,0,0
oWaterMine,392,448,0036C736,0,1,1,4294967295,0,0
oWaterMine,296,336,0020F56C,0,1,1,4294967295,0,0
oWaterMine,368,336,0037294D,0,1,1,4294967295,0,0
oWaterMine,1016,256,001532E4,0,1,1,4294967295,0,0
oWaterMine,1064,256,00147AE5,0,1,1,4294967295,0,0
oWaterMine,1016,352,000D0C03,0,1,1,4294967295,0,0
oWaterMine,1032,352,0020F812,0,1,1,4294967295,0,0
oWaterMine,1048,448,002C27D6,0,1,1,4294967295,0,0
oWaterMine,1064,448,00368640,0,1,1,4294967295,0,0
oMarioSpikeFloor,1024,672,000D468F,0,1,1,4294967295,0,0
oMarioSpikeFloor,1072,672,001F4671,0,1,1,4294967295,0,0
oCh7WallHead,1552,451,000EA836,0,1,1,4294967295,0,1
oWaterMine,1360,672,0018CB65,0,1,1,4294967295,0,0
oWaterMine,1360,624,0019430A,0,1,1,4294967295,0,0
oWB_TridentFish,704,704,002718C7,0,1,1,4294967295,0,0
oWB_TridentFish,848,272,00106072,0,1,1,4294967295,0,0
oWB_TridentFish,1296,560,003E53FF,0,1,1,4294967295,0,0
oWB_TridentFish,1744,576,00261ED9,0,1,1,4294967295,0,0
oWB_TridentFish,1616,224,00366720,0,1,1,4294967295,0,0
oWB_SeaBlob,1424,752,0010F931,0,1,1,4294967295,0,0
oPlayer1,48,928,002D929A,0,1,1,4294967295,0,0
oWaterVolume,0,16,000873D6,0,1,1,4294967295,0,1
oInvCollPH,16,928,0027033A,0,1,1,4294967295,0,0
oInvCollPH,32,928,00306D13,0,1,1,4294967295,0,0
oInvCollPH,48,928,0017118C,0,1,1,4294967295,0,0
oInvCollPH,64,928,0008BD58,0,1,1,4294967295,0,0
oInvCollPH,80,928,003C0D8C,0,1,1,4294967295,0,0
oInvCollPH,96,928,0024668E,0,1,1,4294967295,0,0
oInvCollPH,112,928,00241D9B,0,1,1,4294967295,0,0
oInvCollPH,128,928,00082776,0,1,1,4294967295,0,0
oInvCollPH,128,944,000C3235,0,1,1,4294967295,0,0
oInvCollPH,160,960,001D257D,0,1,1,4294967295,0,0
oInvCollPH,192,960,0024897B,0,1,1,4294967295,0,0
oInvCollPH,208,944,00283DC6,0,1,1,4294967295,0,0
oInvCollPH,224,928,00051654,0,1,1,4294967295,0,0
oInvCollPH,240,928,000B4AEE,0,1,1,4294967295,0,0
oInvCollPH,256,928,000607C4,0,1,1,4294967295,0,0
oInvCollPH,272,928,00210F05,0,1,1,4294967295,0,0
oInvCollPH,288,928,0011E999,0,1,1,4294967295,0,0
oInvCollPH,304,928,003A1B9B,0,1,1,4294967295,0,0
oInvCollPH,320,928,0039BD55,0,1,1,4294967295,0,0
oInvCollPH,336,928,001D5E39,0,1,1,4294967295,0,0
oInvCollPH,352,928,0017EC10,0,1,1,4294967295,0,0
oInvCollPH,368,928,002F740F,0,1,1,4294967295,0,0
oInvCollPH,384,928,002A8A4C,0,1,1,4294967295,0,0
oInvCollPH,224,736,002E3FD0,0,1,1,4294967295,0,0
oInvCollPH,240,736,00150077,0,1,1,4294967295,0,0
oInvCollPH,256,736,0033A454,0,1,1,4294967295,0,0
oInvCollPH,272,736,00382DFA,0,1,1,4294967295,0,0
oInvCollPH,288,736,00159F1B,0,1,1,4294967295,0,0
oInvCollPH,304,736,00341F15,0,1,1,4294967295,0,0
oInvCollPH,320,736,0014CC08,0,1,1,4294967295,0,0
oInvCollPH,208,752,001E8CA4,0,1,1,4294967295,0,0
oInvCollPH,208,768,0037488F,0,1,1,4294967295,0,0
oInvCollPH,208,784,0025DD1B,0,1,1,4294967295,0,0
oInvCollPH,208,800,00388D53,0,1,1,4294967295,0,0
oInvCollPH,208,816,003ABE28,0,1,1,4294967295,0,0
oInvCollPH,208,832,003FFB8B,0,1,1,4294967295,0,0
oInvCollPH,208,848,00104E13,0,1,1,4294967295,0,0
oInvCollPH,224,848,0021B5F4,0,1,1,4294967295,0,0
oInvCollPH,240,848,002A0F4D,0,1,1,4294967295,0,0
oInvCollPH,256,848,00355092,0,1,1,4294967295,0,0
oInvCollPH,272,848,00343196,0,1,1,4294967295,0,0
oInvCollPH,288,848,003A1CE4,0,1,1,4294967295,0,0
oInvCollPH,304,848,002EEAD1,0,1,1,4294967295,0,0
oInvCollPH,320,848,0012112C,0,1,1,4294967295,0,0
oInvCollPH,320,832,0017E8B3,0,1,1,4294967295,0,0
oInvCollPH,352,736,003847AF,0,1,1,4294967295,0,0
oInvCollPH,368,736,00388E64,0,1,1,4294967295,0,0
oInvCollPH,384,736,001E6ED1,0,1,1,4294967295,0,0
oInvCollPH,400,736,00167D02,0,1,1,4294967295,0,0
oInvCollPH,416,736,0007135A,0,1,1,4294967295,0,0
oInvCollPH,416,752,000EFB2C,0,1,1,4294967295,0,0
oInvCollPH,336,816,00376603,0,1,1,4294967295,0,0
oInvCollPH,352,816,001657A7,0,1,1,4294967295,0,0
oInvCollPH,368,816,000662DB,0,1,1,4294967295,0,0
oInvCollPH,384,816,0032D7B2,0,1,1,4294967295,0,0
oInvCollPH,496,752,0030448F,0,1,1,4294967295,0,0
oInvCollPH,512,736,0020326E,0,1,1,4294967295,0,0
oInvCollPH,528,736,001D47CD,0,1,1,4294967295,0,0
oInvCollPH,544,736,00316D9D,0,1,1,4294967295,0,0
oInvCollPH,544,752,00380AD2,0,1,1,4294967295,0,0
oInvCollPH,432,768,001F3DE0,0,1,1,4294967295,0,0
oInvCollPH,448,768,001A6DE9,0,1,1,4294967295,0,0
oInvCollPH,480,768,0015A2BD,0,1,1,4294967295,0,0
oInvCollPH,560,768,0036FA96,0,1,1,4294967295,0,0
oInvCollPH,576,768,0007C640,0,1,1,4294967295,0,0
oInvCollPH,592,768,001BCB0F,0,1,1,4294967295,0,0
oInvCollPH,608,768,002FC66E,0,1,1,4294967295,0,0
oInvCollPH,608,784,00073814,0,1,1,4294967295,0,0
oInvCollPH,400,832,001864D4,0,1,1,4294967295,0,0
oInvCollPH,400,864,003453FD,0,1,1,4294967295,0,0
oInvCollPH,400,880,002B8E6C,0,1,1,4294967295,0,0
oInvCollPH,400,896,002C1D03,0,1,1,4294967295,0,0
oInvCollPH,400,912,0027FEA5,0,1,1,4294967295,0,0
oInvCollPH,800,784,000D15BF,0,1,1,4294967295,0,0
oInvCollPH,640,800,0004070E,0,1,1,4294967295,0,0
oInvCollPH,656,800,0025C30D,0,1,1,4294967295,0,0
oInvCollPH,672,800,003CF35C,0,1,1,4294967295,0,0
oInvCollPH,688,800,0028E220,0,1,1,4294967295,0,0
oInvCollPH,704,800,00301069,0,1,1,4294967295,0,0
oInvCollPH,720,800,000B99E3,0,1,1,4294967295,0,0
oInvCollPH,736,800,00216EB9,0,1,1,4294967295,0,0
oInvCollPH,752,800,0017EF6B,0,1,1,4294967295,0,0
oInvCollPH,768,800,0001C35E,0,1,1,4294967295,0,0
oInvCollPH,784,800,002907BD,0,1,1,4294967295,0,0
oInvCollPH,128,640,001D1742,0,1,1,4294967295,0,0
oInvCollPH,128,656,003F4B5C,0,1,1,4294967295,0,0
oInvCollPH,128,672,002087C4,0,1,1,4294967295,0,0
oInvCollPH,128,688,001D0E1B,0,1,1,4294967295,0,0
oInvCollPH,128,704,00132D50,0,1,1,4294967295,0,0
oInvCollPH,128,720,001E74B8,0,1,1,4294967295,0,0
oInvCollPH,128,736,0007EC59,0,1,1,4294967295,0,0
oInvCollPH,128,752,002FF5DC,0,1,1,4294967295,0,0
oInvCollPH,128,768,00242A57,0,1,1,4294967295,0,0
oInvCollPH,128,784,0021FAB9,0,1,1,4294967295,0,0
oInvCollPH,128,800,00390BDC,0,1,1,4294967295,0,0
oInvCollPH,128,816,00089D67,0,1,1,4294967295,0,0
oInvCollPH,128,832,003AFBE1,0,1,1,4294967295,0,0
oInvCollPH,128,848,001264B8,0,1,1,4294967295,0,0
oInvCollPH,112,848,00075BF2,0,1,1,4294967295,0,0
oInvCollPH,96,848,0006495A,0,1,1,4294967295,0,0
oInvCollPH,80,848,000282DB,0,1,1,4294967295,0,0
oInvCollPH,64,848,000CFEA8,0,1,1,4294967295,0,0
oInvCollPH,48,848,000DFE01,0,1,1,4294967295,0,0
oInvCollPH,32,848,00082708,0,1,1,4294967295,0,0
oInvCollPH,16,848,000F3A88,0,1,1,4294967295,0,0
oInvCollPH,0,848,00394CF4,0,1,1,4294967295,0,0
oInvCollPH,400,592,00164AC8,0,1,1,4294967295,0,0
oInvCollPH,416,592,0006663B,0,1,1,4294967295,0,0
oInvCollPH,416,576,001362AC,0,1,1,4294967295,0,0
oInvCollPH,400,496,000306A1,0,1,1,4294967295,0,0
oInvCollPH,416,496,001B2698,0,1,1,4294967295,0,0
oInvCollPH,432,496,002951F1,0,1,1,4294967295,0,0
oInvCollPH,448,496,000F4DF0,0,1,1,4294967295,0,0
oInvCollPH,464,496,0033537E,0,1,1,4294967295,0,0
oInvCollPH,480,496,00174CE4,0,1,1,4294967295,0,0
oInvCollPH,480,480,001D1F57,0,1,1,4294967295,0,0
oInvCollPH,336,624,000783F2,0,1,1,4294967295,0,0
oInvCollPH,352,624,002344A9,0,1,1,4294967295,0,0
oInvCollPH,368,624,0034509E,0,1,1,4294967295,0,0
oInvCollPH,384,624,00040C2B,0,1,1,4294967295,0,0
oInvCollPH,400,624,000842FF,0,1,1,4294967295,0,0
oInvCollPH,416,624,00353BE7,0,1,1,4294967295,0,0
oInvCollPH,416,608,00330BC8,0,1,1,4294967295,0,0
oInvCollPH,384,608,001077A4,0,1,1,4294967295,0,0
oInvCollPH,352,608,001C8761,0,1,1,4294967295,0,0
oInvCollPH,288,576,002680B9,0,1,1,4294967295,0,0
oInvCollPH,304,576,00375CA4,0,1,1,4294967295,0,0
oInvCollPH,320,576,0037785E,0,1,1,4294967295,0,0
oInvCollPH,320,592,00377C7E,0,1,1,4294967295,0,0
oInvCollPH,320,624,0031D136,0,1,1,4294967295,0,0
oInvCollPH,304,624,0039755F,0,1,1,4294967295,0,0
oInvCollPH,288,624,0024D2C2,0,1,1,4294967295,0,0
oInvCollPH,272,624,00045B93,0,1,1,4294967295,0,0
oInvCollPH,800,688,002B8F9B,0,1,1,4294967295,0,0
oInvCollPH,800,704,00353BD3,0,1,1,4294967295,0,0
oInvCollPH,800,720,001DA40F,0,1,1,4294967295,0,0
oInvCollPH,800,736,0009F7D4,0,1,1,4294967295,0,0
oInvCollPH,800,752,0009BCF7,0,1,1,4294967295,0,0
oInvCollPH,800,672,001B27AE,0,1,1,4294967295,0,0
oInvCollPH,896,640,0030251F,0,1,1,4294967295,0,0
oInvCollPH,896,656,000842B6,0,1,1,4294967295,0,0
oInvCollPH,896,672,001CEBA7,0,1,1,4294967295,0,0
oInvCollPH,896,688,00383559,0,1,1,4294967295,0,0
oInvCollPH,896,704,002D0B47,0,1,1,4294967295,0,0
oInvCollPH,688,608,002C441A,0,1,1,4294967295,0,0
oInvCollPH,704,608,0011AF1B,0,1,1,4294967295,0,0
oInvCollPH,656,624,001DB4B6,0,1,1,4294967295,0,0
oInvCollPH,672,624,000142C7,0,1,1,4294967295,0,0
oInvCollPH,688,624,003AB3B6,0,1,1,4294967295,0,0
oInvCollPH,704,624,0017565E,0,1,1,4294967295,0,0
oInvCollPH,512,576,000B5639,0,1,1,4294967295,0,0
oInvCollPH,528,576,0004FEF4,0,1,1,4294967295,0,0
oInvCollPH,544,576,001DA185,0,1,1,4294967295,0,0
oInvCollPH,560,576,002185A3,0,1,1,4294967295,0,0
oInvCollPH,576,576,0026EC38,0,1,1,4294967295,0,0
oInvCollPH,592,576,001EF26C,0,1,1,4294967295,0,0
oInvCollPH,608,576,0008B69D,0,1,1,4294967295,0,0
oInvCollPH,624,576,000059C1,0,1,1,4294967295,0,0
oInvCollPH,640,576,002F4A07,0,1,1,4294967295,0,0
oInvCollPH,640,592,001D99E9,0,1,1,4294967295,0,0
oInvCollPH,496,592,00239E9C,0,1,1,4294967295,0,0
oInvCollPH,496,608,0007F567,0,1,1,4294967295,0,0
oInvCollPH,496,624,00202F2D,0,1,1,4294967295,0,0
oInvCollPH,512,624,00188110,0,1,1,4294967295,0,0
oInvCollPH,528,624,00325984,0,1,1,4294967295,0,0
oInvCollPH,544,624,0008AE18,0,1,1,4294967295,0,0
oInvCollPH,560,624,0024AD0A,0,1,1,4294967295,0,0
oInvCollPH,576,624,000EE9C0,0,1,1,4294967295,0,0
oInvCollPH,592,624,002D788C,0,1,1,4294967295,0,0
oInvCollPH,608,624,003B3E93,0,1,1,4294967295,0,0
oInvCollPH,624,624,001A72C0,0,1,1,4294967295,0,0
oInvCollPH,736,448,001733F0,0,1,1,4294967295,0,0
oInvCollPH,752,448,003A1420,0,1,1,4294967295,0,0
oInvCollPH,768,448,001371C6,0,1,1,4294967295,0,0
oInvCollPH,720,464,00225563,0,1,1,4294967295,0,0
oInvCollPH,736,464,000A020D,0,1,1,4294967295,0,0
oInvCollPH,752,464,000EADEB,0,1,1,4294967295,0,0
oInvCollPH,768,464,003A221B,0,1,1,4294967295,0,0
oInvCollPH,800,448,0022BAEE,0,1,1,4294967295,0,0
oInvCollPH,816,448,002DCB50,0,1,1,4294967295,0,0
oInvCollPH,832,448,001694C6,0,1,1,4294967295,0,0
oInvCollPH,848,448,003132D8,0,1,1,4294967295,0,0
oInvCollPH,864,448,00351B5E,0,1,1,4294967295,0,0
oInvCollPH,864,464,0032DCC9,0,1,1,4294967295,0,0
oInvCollPH,784,480,002E2AB8,0,1,1,4294967295,0,0
oInvCollPH,800,480,0005DF7B,0,1,1,4294967295,0,0
oInvCollPH,816,480,0003625A,0,1,1,4294967295,0,0
oInvCollPH,832,480,0026DBF3,0,1,1,4294967295,0,0
oInvCollPH,720,320,002BBC90,0,1,1,4294967295,0,0
oInvCollPH,720,336,0035D8BA,0,1,1,4294967295,0,0
oInvCollPH,720,352,002FA75F,0,1,1,4294967295,0,0
oInvCollPH,720,368,000F184D,0,1,1,4294967295,0,0
oInvCollPH,736,368,0031AC84,0,1,1,4294967295,0,0
oInvCollPH,752,368,0002714B,0,1,1,4294967295,0,0
oInvCollPH,768,368,0026F752,0,1,1,4294967295,0,0
oInvCollPH,784,368,002EECDA,0,1,1,4294967295,0,0
oInvCollPH,800,368,0018299C,0,1,1,4294967295,0,0
oInvCollPH,816,368,00035781,0,1,1,4294967295,0,0
oInvCollPH,832,368,001ED3B6,0,1,1,4294967295,0,0
oInvCollPH,848,368,000B0944,0,1,1,4294967295,0,0
oInvCollPH,864,368,000FD412,0,1,1,4294967295,0,0
oInvCollPH,864,352,0009E552,0,1,1,4294967295,0,0
oInvCollPH,864,336,003C981B,0,1,1,4294967295,0,0
oInvCollPH,864,320,0010FD40,0,1,1,4294967295,0,0
oInvCollPH,864,304,00089D7C,0,1,1,4294967295,0,0
oInvCollPH,848,304,00013BCC,0,1,1,4294967295,0,0
oInvCollPH,832,304,000F86B1,0,1,1,4294967295,0,0
oInvCollPH,816,304,0004F8E5,0,1,1,4294967295,0,0
oInvCollPH,800,224,00359CF5,0,1,1,4294967295,0,0
oInvCollPH,784,304,0022D8E6,0,1,1,4294967295,0,0
oInvCollPH,768,304,0008CF23,0,1,1,4294967295,0,0
oInvCollPH,752,304,00330D44,0,1,1,4294967295,0,0
oInvCollPH,736,304,0032C530,0,1,1,4294967295,0,0
oInvCollPH,928,480,00035F3A,0,1,1,4294967295,0,0
oInvCollPH,736,576,002E09E9,0,1,1,4294967295,0,0
oInvCollPH,752,576,002B95BE,0,1,1,4294967295,0,0
oInvCollPH,768,576,0019D21C,0,1,1,4294967295,0,0
oInvCollPH,720,592,0015D737,0,1,1,4294967295,0,0
oInvCollPH,720,624,00279A0F,0,1,1,4294967295,0,0
oInvCollPH,736,624,00071172,0,1,1,4294967295,0,0
oInvCollPH,752,624,0013A054,0,1,1,4294967295,0,0
oInvCollPH,768,624,003F39F2,0,1,1,4294967295,0,0
oInvCollPH,784,624,001F7E7E,0,1,1,4294967295,0,0
oInvCollPH,800,576,003793CC,0,1,1,4294967295,0,0
oInvCollPH,816,576,00207AAF,0,1,1,4294967295,0,0
oInvCollPH,832,576,000D1C00,0,1,1,4294967295,0,0
oInvCollPH,880,480,0018719C,0,1,1,4294967295,0,0
oInvCollPH,896,480,003D9BCE,0,1,1,4294967295,0,0
oInvCollPH,848,496,003F9938,0,1,1,4294967295,0,0
oInvCollPH,848,512,00188F04,0,1,1,4294967295,0,0
oInvCollPH,848,528,001E4EF0,0,1,1,4294967295,0,0
oInvCollPH,848,544,001F116A,0,1,1,4294967295,0,0
oInvCollPH,848,560,001249B6,0,1,1,4294967295,0,0
oInvCollPH,896,624,00366ED4,0,1,1,4294967295,0,0
oInvCollPH,896,608,003B245E,0,1,1,4294967295,0,0
oInvCollPH,896,592,000FAA97,0,1,1,4294967295,0,0
oInvCollPH,896,576,00092333,0,1,1,4294967295,0,0
oInvCollPH,896,560,00305A1D,0,1,1,4294967295,0,0
oInvCollPH,896,544,000E9B15,0,1,1,4294967295,0,0
oInvCollPH,896,528,0009C427,0,1,1,4294967295,0,0
oInvCollPH,896,512,003A19B0,0,1,1,4294967295,0,0
oInvCollPH,896,496,001D5028,0,1,1,4294967295,0,0
oInvCollPH,144,624,000BBB8D,0,1,1,4294967295,0,0
oInvCollPH,160,624,003A754E,0,1,1,4294967295,0,0
oInvCollPH,176,624,0026443C,0,1,1,4294967295,0,0
oInvCollPH,192,624,001B8598,0,1,1,4294967295,0,0
oInvCollPH,208,624,002622B5,0,1,1,4294967295,0,0
oInvCollPH,224,624,002605CD,0,1,1,4294967295,0,0
oInvCollPH,240,624,00228628,0,1,1,4294967295,0,0
oInvCollPH,256,624,002FB2F2,0,1,1,4294967295,0,0
oInvCollPH,256,512,003BB6D4,0,1,1,4294967295,0,0
oInvCollPH,256,528,0033E286,0,1,1,4294967295,0,0
oInvCollPH,256,544,003CCE69,0,1,1,4294967295,0,0
oInvCollPH,256,560,00379D88,0,1,1,4294967295,0,0
oInvCollPH,800,656,0016E1C8,0,1,1,4294967295,0,0
oInvCollPH,992,688,0015810F,0,1,1,4294967295,0,0
oInvCollPH,1008,688,00173433,0,1,1,4294967295,0,0
oInvCollPH,1024,688,003DCB58,0,1,1,4294967295,0,0
oInvCollPH,1056,672,00239C14,0,1,1,4294967295,0,0
oInvCollPH,1072,688,003E8AC3,0,1,1,4294967295,0,0
oInvCollPH,1088,688,00069A7D,0,1,1,4294967295,0,0
oInvCollPH,1104,688,003D788E,0,1,1,4294967295,0,0
oInvCollPH,1120,688,0029CE94,0,1,1,4294967295,0,0
oInvCollPH,976,704,00211A8A,0,1,1,4294967295,0,0
oInvCollPH,1120,704,0018024C,0,1,1,4294967295,0,0
oInvCollPH,976,576,001ACEAC,0,1,1,4294967295,0,0
oInvCollPH,976,592,00007250,0,1,1,4294967295,0,0
oInvCollPH,976,608,0009F3F6,0,1,1,4294967295,0,0
oInvCollPH,992,608,0034D440,0,1,1,4294967295,0,0
oInvCollPH,1008,608,002E85C3,0,1,1,4294967295,0,0
oInvCollPH,1024,608,003DD484,0,1,1,4294967295,0,0
oInvCollPH,1040,608,00216C09,0,1,1,4294967295,0,0
oInvCollPH,1056,608,00010DDF,0,1,1,4294967295,0,0
oInvCollPH,1072,608,002844E6,0,1,1,4294967295,0,0
oInvCollPH,1088,608,0023600F,0,1,1,4294967295,0,0
oInvCollPH,1104,608,003DBD45,0,1,1,4294967295,0,0
oInvCollPH,1120,608,001542C5,0,1,1,4294967295,0,0
oInvCollPH,1120,592,00371BD1,0,1,1,4294967295,0,0
oInvCollPH,1120,576,0020553E,0,1,1,4294967295,0,0
oInvCollPH,1120,560,000ECF7C,0,1,1,4294967295,0,0
oInvCollPH,1104,560,00328E92,0,1,1,4294967295,0,0
oInvCollPH,1088,560,00223FFD,0,1,1,4294967295,0,0
oInvCollPH,1072,560,000C8B53,0,1,1,4294967295,0,0
oInvCollPH,1056,560,003B1C90,0,1,1,4294967295,0,0
oInvCollPH,1040,560,0029D9D3,0,1,1,4294967295,0,0
oInvCollPH,1024,560,00153F5B,0,1,1,4294967295,0,0
oInvCollPH,1008,560,001E0D6D,0,1,1,4294967295,0,0
oInvCollPH,992,560,000FD35A,0,1,1,4294967295,0,0
oInvCollPH,960,720,0035D15C,0,1,1,4294967295,0,0
oInvCollPH,1120,720,002B5D43,0,1,1,4294967295,0,0
oInvCollPH,1120,736,001F94CF,0,1,1,4294967295,0,0
oInvCollPH,928,720,0019CE3B,0,1,1,4294967295,0,0
oInvCollPH,912,720,001AA2B5,0,1,1,4294967295,0,0
oInvCollPH,400,416,00065AEE,0,1,1,4294967295,0,0
oInvCollPH,400,432,000EA3C5,0,1,1,4294967295,0,0
oInvCollPH,400,448,002C31C9,0,1,1,4294967295,0,0
oInvCollPH,400,464,002EF566,0,1,1,4294967295,0,0
oInvCollPH,400,480,0010360B,0,1,1,4294967295,0,0
oInvCollPH,416,400,0024F12E,0,1,1,4294967295,0,0
oInvCollPH,640,464,003AAC3D,0,1,1,4294967295,0,0
oInvCollPH,624,464,001048C4,0,1,1,4294967295,0,0
oInvCollPH,608,464,0024B2FE,0,1,1,4294967295,0,0
oInvCollPH,592,464,00134F2F,0,1,1,4294967295,0,0
oInvCollPH,576,464,000FA473,0,1,1,4294967295,0,0
oInvCollPH,560,464,00284BD8,0,1,1,4294967295,0,0
oInvCollPH,544,464,0005E6A3,0,1,1,4294967295,0,0
oInvCollPH,528,464,001AF419,0,1,1,4294967295,0,0
oInvCollPH,512,464,002A2810,0,1,1,4294967295,0,0
oInvCollPH,496,464,000045FD,0,1,1,4294967295,0,0
oInvCollPH,432,384,002BCD86,0,1,1,4294967295,0,0
oInvCollPH,432,368,00218028,0,1,1,4294967295,0,0
oInvCollPH,432,320,000876A4,0,1,1,4294967295,0,0
oInvCollPH,640,448,000D571F,0,1,1,4294967295,0,0
oInvCollPH,640,432,0031C5F8,0,1,1,4294967295,0,0
oInvCollPH,640,416,00098744,0,1,1,4294967295,0,0
oInvCollPH,640,400,003F1968,0,1,1,4294967295,0,0
oInvCollPH,640,384,00228AFB,0,1,1,4294967295,0,0
oInvCollPH,640,368,001A3B9B,0,1,1,4294967295,0,0
oInvCollPH,640,352,00164D4F,0,1,1,4294967295,0,0
oInvCollPH,640,336,001DF930,0,1,1,4294967295,0,0
oInvCollPH,640,320,00182FBD,0,1,1,4294967295,0,0
oInvCollPH,640,304,002BC897,0,1,1,4294967295,0,0
oInvCollPH,192,192,000B3116,0,1,1,4294967295,0,0
oInvCollPH,208,192,003EB65F,0,1,1,4294967295,0,0
oInvCollPH,224,192,002232EB,0,1,1,4294967295,0,0
oInvCollPH,240,192,000D821E,0,1,1,4294967295,0,0
oInvCollPH,256,192,0015F9AF,0,1,1,4294967295,0,0
oInvCollPH,272,192,0010C848,0,1,1,4294967295,0,0
oInvCollPH,288,192,000BE19E,0,1,1,4294967295,0,0
oInvCollPH,304,192,0034690D,0,1,1,4294967295,0,0
oInvCollPH,320,192,00093139,0,1,1,4294967295,0,0
oInvCollPH,176,208,001F71D6,0,1,1,4294967295,0,0
oInvCollPH,176,224,000AFBCD,0,1,1,4294967295,0,0
oInvCollPH,176,240,00292648,0,1,1,4294967295,0,0
oInvCollPH,176,256,0004D69B,0,1,1,4294967295,0,0
oInvCollPH,176,272,0037AE8F,0,1,1,4294967295,0,0
oInvCollPH,176,288,0000910F,0,1,1,4294967295,0,0
oInvCollPH,192,288,001DC815,0,1,1,4294967295,0,0
oInvCollPH,208,288,002D8EF4,0,1,1,4294967295,0,0
oInvCollPH,224,288,00181EC4,0,1,1,4294967295,0,0
oInvCollPH,240,288,0001B309,0,1,1,4294967295,0,0
oInvCollPH,256,288,002F6DB0,0,1,1,4294967295,0,0
oInvCollPH,272,288,000856E2,0,1,1,4294967295,0,0
oInvCollPH,288,288,001377C0,0,1,1,4294967295,0,0
oInvCollPH,304,288,002BEBE4,0,1,1,4294967295,0,0
oInvCollPH,320,288,00294647,0,1,1,4294967295,0,0
oInvCollPH,224,400,00189F5A,0,1,1,4294967295,0,0
oInvCollPH,240,400,0018FAAE,0,1,1,4294967295,0,0
oInvCollPH,256,400,00003D46,0,1,1,4294967295,0,0
oInvCollPH,272,400,002BDE89,0,1,1,4294967295,0,0
oInvCollPH,288,400,002B4544,0,1,1,4294967295,0,0
oInvCollPH,304,400,00315AF0,0,1,1,4294967295,0,0
oInvCollPH,320,400,003EFA04,0,1,1,4294967295,0,0
oInvCollPH,320,416,00094CF6,0,1,1,4294967295,0,0
oInvCollPH,320,432,0033F763,0,1,1,4294967295,0,0
oInvCollPH,320,448,00086517,0,1,1,4294967295,0,0
oInvCollPH,320,464,00036368,0,1,1,4294967295,0,0
oInvCollPH,320,480,003C78A0,0,1,1,4294967295,0,0
oInvCollPH,320,496,00280BDF,0,1,1,4294967295,0,0
oInvCollPH,304,496,003163B4,0,1,1,4294967295,0,0
oInvCollPH,288,496,00022E73,0,1,1,4294967295,0,0
oInvCollPH,272,496,0029A930,0,1,1,4294967295,0,0
oInvCollPH,16,192,00172AD0,0,1,1,4294967295,0,0
oInvCollPH,32,192,001BA27F,0,1,1,4294967295,0,0
oInvCollPH,48,192,0032AB5D,0,1,1,4294967295,0,0
oInvCollPH,64,192,00104F18,0,1,1,4294967295,0,0
oInvCollPH,80,192,000A3B3A,0,1,1,4294967295,0,0
oInvCollPH,96,192,00222BB0,0,1,1,4294967295,0,0
oInvCollPH,96,208,0029387C,0,1,1,4294967295,0,0
oInvCollPH,96,224,0032881B,0,1,1,4294967295,0,0
oInvCollPH,96,240,0022732F,0,1,1,4294967295,0,0
oInvCollPH,96,256,00387F01,0,1,1,4294967295,0,0
oInvCollPH,96,336,00093941,0,1,1,4294967295,0,0
oInvCollPH,96,320,0017921A,0,1,1,4294967295,0,0
oInvCollPH,96,304,003FC530,0,1,1,4294967295,0,0
oInvCollPH,96,288,003D77FE,0,1,1,4294967295,0,0
oInvCollPH,96,272,002AC078,0,1,1,4294967295,0,0
oInvCollPH,96,352,001A110A,0,1,1,4294967295,0,0
oInvCollPH,112,368,00080305,0,1,1,4294967295,0,0
oInvCollPH,128,368,000EEC54,0,1,1,4294967295,0,0
oInvCollPH,160,368,002DEA12,0,1,1,4294967295,0,0
oInvCollPH,176,368,00017446,0,1,1,4294967295,0,0
oInvCollPH,192,368,000B71BD,0,1,1,4294967295,0,0
oInvCollPH,192,384,0039DA16,0,1,1,4294967295,0,0
oInvCollPH,208,400,00379F6E,0,1,1,4294967295,0,0
oInvCollPH,352,160,00383F96,0,1,1,4294967295,0,0
oInvCollPH,368,160,0007841C,0,1,1,4294967295,0,0
oInvCollPH,384,160,003BCCB0,0,1,1,4294967295,0,0
oInvCollPH,400,160,001D5DA5,0,1,1,4294967295,0,0
oInvCollPH,416,160,0035C51B,0,1,1,4294967295,0,0
oInvCollPH,432,160,003DD415,0,1,1,4294967295,0,0
oInvCollPH,448,160,001C0C36,0,1,1,4294967295,0,0
oInvCollPH,464,160,003722AC,0,1,1,4294967295,0,0
oInvCollPH,480,160,00210775,0,1,1,4294967295,0,0
oInvCollPH,336,176,0013E4FA,0,1,1,4294967295,0,0
oInvCollPH,336,288,003DE16A,0,1,1,4294967295,0,0
oInvCollPH,352,288,00165149,0,1,1,4294967295,0,0
oInvCollPH,368,288,0035ABDA,0,1,1,4294967295,0,0
oInvCollPH,384,288,000D7320,0,1,1,4294967295,0,0
oInvCollPH,400,288,0023BB59,0,1,1,4294967295,0,0
oInvCollPH,416,288,003A3AED,0,1,1,4294967295,0,0
oInvCollPH,496,160,000C5C48,0,1,1,4294967295,0,0
oInvCollPH,512,160,00349805,0,1,1,4294967295,0,0
oInvCollPH,528,160,002EB97B,0,1,1,4294967295,0,0
oInvCollPH,544,160,001DE711,0,1,1,4294967295,0,0
oInvCollPH,560,160,003853C1,0,1,1,4294967295,0,0
oInvCollPH,576,160,00208CDB,0,1,1,4294967295,0,0
oInvCollPH,592,160,002AB3DD,0,1,1,4294967295,0,0
oInvCollPH,608,160,001A7024,0,1,1,4294967295,0,0
oInvCollPH,624,160,00325AD8,0,1,1,4294967295,0,0
oInvCollPH,640,160,0015767B,0,1,1,4294967295,0,0
oInvCollPH,640,176,0013CE77,0,1,1,4294967295,0,0
oInvCollPH,640,192,0019223A,0,1,1,4294967295,0,0
oInvCollPH,640,208,0028AC0B,0,1,1,4294967295,0,0
oInvCollPH,640,288,0004A32F,0,1,1,4294967295,0,0
oInvCollPH,640,272,00093160,0,1,1,4294967295,0,0
oInvCollPH,640,256,002E0A62,0,1,1,4294967295,0,0
oInvCollPH,640,240,000B530D,0,1,1,4294967295,0,0
oInvCollPH,672,224,000C441C,0,1,1,4294967295,0,0
oInvCollPH,688,224,0034C4BA,0,1,1,4294967295,0,0
oInvCollPH,704,224,003AC1B6,0,1,1,4294967295,0,0
oInvCollPH,720,224,0008B6AC,0,1,1,4294967295,0,0
oInvCollPH,736,224,001F05B0,0,1,1,4294967295,0,0
oInvCollPH,752,224,003E7ACB,0,1,1,4294967295,0,0
oInvCollPH,768,224,000E13AA,0,1,1,4294967295,0,0
oInvCollPH,784,224,0036C700,0,1,1,4294967295,0,0
oInvCollPH,816,224,000FE7D8,0,1,1,4294967295,0,0
oInvCollPH,832,224,003449AA,0,1,1,4294967295,0,0
oInvCollPH,848,224,000382EF,0,1,1,4294967295,0,0
oInvCollPH,864,224,0038B7BA,0,1,1,4294967295,0,0
oInvCollPH,880,224,000D6250,0,1,1,4294967295,0,0
oInvCollPH,896,224,001AB5F9,0,1,1,4294967295,0,0
oInvCollPH,912,224,003384BF,0,1,1,4294967295,0,0
oInvCollPH,928,224,00018817,0,1,1,4294967295,0,0
oInvCollPH,944,240,0025453C,0,1,1,4294967295,0,0
oInvCollPH,944,256,002F33E8,0,1,1,4294967295,0,0
oInvCollPH,944,272,00198F8D,0,1,1,4294967295,0,0
oInvCollPH,944,288,0020974C,0,1,1,4294967295,0,0
oInvCollPH,944,304,003DEC8D,0,1,1,4294967295,0,0
oInvCollPH,944,320,00318285,0,1,1,4294967295,0,0
oInvCollPH,944,336,00249CAF,0,1,1,4294967295,0,0
oInvCollPH,944,352,0015961F,0,1,1,4294967295,0,0
oInvCollPH,944,368,003F7900,0,1,1,4294967295,0,0
oInvCollPH,944,384,001DB233,0,1,1,4294967295,0,0
oInvCollPH,944,400,002F869C,0,1,1,4294967295,0,0
oInvCollPH,944,416,0000C7FA,0,1,1,4294967295,0,0
oInvCollPH,944,432,0037D342,0,1,1,4294967295,0,0
oInvCollPH,944,448,000B4704,0,1,1,4294967295,0,0
oInvCollPH,944,464,003A3A70,0,1,1,4294967295,0,0
oInvCollPH,944,480,0008455A,0,1,1,4294967295,0,0
oInvCollPH,960,480,0014082C,0,1,1,4294967295,0,0
oInvCollPH,976,480,00399D88,0,1,1,4294967295,0,0
oInvCollPH,992,480,0002F85D,0,1,1,4294967295,0,0
oInvCollPH,992,464,00244118,0,1,1,4294967295,0,0
oInvCollPH,992,448,001B4CF4,0,1,1,4294967295,0,0
oInvCollPH,992,432,001F456F,0,1,1,4294967295,0,0
oInvCollPH,992,416,0035A8EB,0,1,1,4294967295,0,0
oInvCollPH,992,400,001107D5,0,1,1,4294967295,0,0
oInvCollPH,992,384,00246839,0,1,1,4294967295,0,0
oInvCollPH,992,368,00276945,0,1,1,4294967295,0,0
oInvCollPH,992,352,002EB0C9,0,1,1,4294967295,0,0
oInvCollPH,992,336,0036A144,0,1,1,4294967295,0,0
oInvCollPH,992,320,0013592E,0,1,1,4294967295,0,0
oInvCollPH,992,304,000D80B2,0,1,1,4294967295,0,0
oInvCollPH,992,288,00214A89,0,1,1,4294967295,0,0
oInvCollPH,992,272,0038ACE1,0,1,1,4294967295,0,0
oInvCollPH,992,256,0025554E,0,1,1,4294967295,0,0
oInvCollPH,992,240,000DBC44,0,1,1,4294967295,0,0
oInvCollPH,992,224,003C03D0,0,1,1,4294967295,0,0
oInvCollPH,976,224,00204AA5,0,1,1,4294967295,0,0
oInvCollPH,960,224,000A15A0,0,1,1,4294967295,0,0
oInvCollPH,144,112,00219984,0,1,1,4294967295,0,0
oInvCollPH,128,112,0010ADAF,0,1,1,4294967295,0,0
oInvCollPH,112,112,003C672B,0,1,1,4294967295,0,0
oInvCollPH,96,112,00378D0C,0,1,1,4294967295,0,0
oInvCollPH,80,112,0003DE3C,0,1,1,4294967295,0,0
oInvCollPH,64,112,003C5338,0,1,1,4294967295,0,0
oInvCollPH,48,112,000EC1FB,0,1,1,4294967295,0,0
oInvCollPH,32,112,001E4089,0,1,1,4294967295,0,0
oInvCollPH,16,112,0012A4C4,0,1,1,4294967295,0,0
oInvCollPH,0,112,00091E1C,0,1,1,4294967295,0,0
oInvCollPH,160,112,00363EB0,0,1,1,4294967295,0,0
oInvCollPH,176,112,000A9D55,0,1,1,4294967295,0,0
oInvCollPH,192,112,00039E4C,0,1,1,4294967295,0,0
oInvCollPH,208,112,00158F6B,0,1,1,4294967295,0,0
oInvCollPH,224,112,0005D9CC,0,1,1,4294967295,0,0
oInvCollPH,240,112,0008C046,0,1,1,4294967295,0,0
oInvCollPH,256,112,001225A6,0,1,1,4294967295,0,0
oInvCollPH,272,112,0032EA20,0,1,1,4294967295,0,0
oInvCollPH,288,112,00177E80,0,1,1,4294967295,0,0
oInvCollPH,288,96,001079DE,0,1,1,4294967295,0,0
oInvCollPH,304,80,00256B54,0,1,1,4294967295,0,0
oInvCollPH,320,80,0025A4C0,0,1,1,4294967295,0,0
oInvCollPH,336,80,0033B787,0,1,1,4294967295,0,0
oInvCollPH,352,80,0033A4F9,0,1,1,4294967295,0,0
oInvCollPH,368,80,00035D53,0,1,1,4294967295,0,0
oInvCollPH,384,80,001F5C5C,0,1,1,4294967295,0,0
oInvCollPH,400,80,001DA9AC,0,1,1,4294967295,0,0
oInvCollPH,416,80,00312038,0,1,1,4294967295,0,0
oInvCollPH,432,80,003EEFD6,0,1,1,4294967295,0,0
oInvCollPH,448,80,001C5A59,0,1,1,4294967295,0,0
oInvCollPH,704,80,0016CDA9,0,1,1,4294967295,0,0
oInvCollPH,688,80,00215164,0,1,1,4294967295,0,0
oInvCollPH,672,80,0021E4F4,0,1,1,4294967295,0,0
oInvCollPH,656,80,00002EBF,0,1,1,4294967295,0,0
oInvCollPH,640,80,003CF8A8,0,1,1,4294967295,0,0
oInvCollPH,624,80,000449E8,0,1,1,4294967295,0,0
oInvCollPH,608,80,00270055,0,1,1,4294967295,0,0
oInvCollPH,592,80,0013801F,0,1,1,4294967295,0,0
oInvCollPH,576,80,0011B0A5,0,1,1,4294967295,0,0
oInvCollPH,560,80,001709A7,0,1,1,4294967295,0,0
oInvCollPH,464,80,00030620,0,1,1,4294967295,0,0
oInvCollPH,480,80,0037B4BF,0,1,1,4294967295,0,0
oInvCollPH,496,80,000A570C,0,1,1,4294967295,0,0
oInvCollPH,512,80,001C1F1D,0,1,1,4294967295,0,0
oInvCollPH,528,80,000DD31C,0,1,1,4294967295,0,0
oInvCollPH,544,80,000A70E5,0,1,1,4294967295,0,0
oInvCollPH,1328,512,0038B586,0,1,1,4294967295,0,0
oInvCollPH,1328,528,0004D300,0,1,1,4294967295,0,0
oInvCollPH,1328,544,002A001C,0,1,1,4294967295,0,0
oInvCollPH,1344,544,0005C8BE,0,1,1,4294967295,0,0
oInvCollPH,1360,544,0027A18C,0,1,1,4294967295,0,0
oInvCollPH,1376,544,001434C8,0,1,1,4294967295,0,0
oInvCollPH,1376,528,00074702,0,1,1,4294967295,0,0
oInvCollPH,1376,512,00355651,0,1,1,4294967295,0,0
oInvCollPH,1376,496,0008F022,0,1,1,4294967295,0,0
oInvCollPH,1216,560,00095B51,0,1,1,4294967295,0,0
oInvCollPH,1232,560,0037A2D8,0,1,1,4294967295,0,0
oInvCollPH,1248,560,00059A47,0,1,1,4294967295,0,0
oInvCollPH,1248,576,001EC0CB,0,1,1,4294967295,0,0
oInvCollPH,1248,592,003E63E9,0,1,1,4294967295,0,0
oInvCollPH,1248,608,003DE007,0,1,1,4294967295,0,0
oInvCollPH,1200,576,00059855,0,1,1,4294967295,0,0
oInvCollPH,1200,592,001506DD,0,1,1,4294967295,0,0
oInvCollPH,1200,608,00362458,0,1,1,4294967295,0,0
oInvCollPH,1200,672,0017DF0D,0,1,1,4294967295,0,0
oInvCollPH,1200,656,003BB1DF,0,1,1,4294967295,0,0
oInvCollPH,1200,640,00104A79,0,1,1,4294967295,0,0
oInvCollPH,1200,624,002DC9C8,0,1,1,4294967295,0,0
oInvCollPH,1200,688,0009B482,0,1,1,4294967295,0,0
oInvCollPH,1200,704,000A4E7B,0,1,1,4294967295,0,0
oInvCollPH,1200,720,0000CAC0,0,1,1,4294967295,0,0
oInvCollPH,1200,736,000B1674,0,1,1,4294967295,0,0
oInvCollPH,1248,624,00062B25,0,1,1,4294967295,0,0
oInvCollPH,1248,640,002BE98A,0,1,1,4294967295,0,0
oInvCollPH,1248,656,00203D12,0,1,1,4294967295,0,0
oInvCollPH,1248,672,001B357A,0,1,1,4294967295,0,0
oInvCollPH,1248,688,00213E8B,0,1,1,4294967295,0,0
oInvCollPH,1248,704,00160F19,0,1,1,4294967295,0,0
oInvCollPH,1248,720,000A4DDE,0,1,1,4294967295,0,0
oInvCollPH,1248,736,001D380E,0,1,1,4294967295,0,0
oInvCollPH,1552,544,00054B4C,0,1,1,4294967295,0,0
oInvCollPH,1568,544,0034D034,0,1,1,4294967295,0,0
oInvCollPH,1568,528,003719BB,0,1,1,4294967295,0,0
oInvCollPH,1632,576,002B387D,0,1,1,4294967295,0,0
oInvCollPH,1648,576,003915A1,0,1,1,4294967295,0,0
oInvCollPH,1648,560,002BD77A,0,1,1,4294967295,0,0
oInvCollPH,1776,672,00244338,0,1,1,4294967295,0,0
oInvCollPH,1792,672,001D5A10,0,1,1,4294967295,0,0
oInvCollPH,1776,624,000BE32B,0,1,1,4294967295,0,0
oInvCollPH,1824,592,002BFD0A,0,1,1,4294967295,0,0
oInvCollPH,1808,592,00175C30,0,1,1,4294967295,0,0
oInvCollPH,1792,592,0018A766,0,1,1,4294967295,0,0
oInvCollPH,1776,608,001B8679,0,1,1,4294967295,0,0
oInvCollPH,1808,672,002E9228,0,1,1,4294967295,0,0
oInvCollPH,1824,672,002593D4,0,1,1,4294967295,0,0
oInvCollPH,1424,608,000648E5,0,1,1,4294967295,0,0
oInvCollPH,1424,624,0024FA26,0,1,1,4294967295,0,0
oInvCollPH,1424,640,0000A4C9,0,1,1,4294967295,0,0
oInvCollPH,1440,672,0007987F,0,1,1,4294967295,0,0
oInvCollPH,1440,656,00046197,0,1,1,4294967295,0,0
oInvCollPH,1440,640,00338DFB,0,1,1,4294967295,0,0
oInvCollPH,1440,624,00153100,0,1,1,4294967295,0,0
oInvCollPH,1440,608,000D0A30,0,1,1,4294967295,0,0
oInvCollPH,1584,448,002DBF60,0,1,1,4294967295,0,0
oInvCollPH,1600,448,0003E2D1,0,1,1,4294967295,0,0
oInvCollPH,1600,432,0021EBDB,0,1,1,4294967295,0,0
oInvCollPH,1584,688,000F0108,0,1,1,4294967295,0,0
oInvCollPH,1568,704,0027DAD9,0,1,1,4294967295,0,0
oInvCollPH,1568,688,00098954,0,1,1,4294967295,0,0
oInvCollPH,1616,736,0022CBD0,0,1,1,4294967295,0,0
oInvCollPH,1632,736,0018CC75,0,1,1,4294967295,0,0
oInvCollPH,1632,720,00381B89,0,1,1,4294967295,0,0
oInvCollPH,1744,752,000DC313,0,1,1,4294967295,0,0
oInvCollPH,1760,768,00274723,0,1,1,4294967295,0,0
oInvCollPH,1760,752,0006D9EF,0,1,1,4294967295,0,0
oInvCollPH,1744,880,002B3DF1,0,1,1,4294967295,0,0
oInvCollPH,1760,880,0037C430,0,1,1,4294967295,0,0
oInvCollPH,1776,880,0021A49E,0,1,1,4294967295,0,0
oInvCollPH,1792,880,003115F7,0,1,1,4294967295,0,0
oInvCollPH,1792,896,00327935,0,1,1,4294967295,0,0
oInvCollPH,1728,880,001489A2,0,1,1,4294967295,0,0
oInvCollPH,1664,848,003FF5C8,0,1,1,4294967295,0,0
oInvCollPH,1680,848,00004AAE,0,1,1,4294967295,0,0
oInvCollPH,1696,848,0021659E,0,1,1,4294967295,0,0
oInvCollPH,1696,864,000E36D4,0,1,1,4294967295,0,0
oInvCollPH,1600,816,0023DE9D,0,1,1,4294967295,0,0
oInvCollPH,1616,816,0027DE39,0,1,1,4294967295,0,0
oInvCollPH,1632,816,000EFF2C,0,1,1,4294967295,0,0
oInvCollPH,1632,832,00081399,0,1,1,4294967295,0,0
oInvCollPH,1536,784,003DB6A7,0,1,1,4294967295,0,0
oInvCollPH,1552,784,00264FCE,0,1,1,4294967295,0,0
oInvCollPH,1568,784,002FD090,0,1,1,4294967295,0,0
oInvCollPH,1568,800,0006D320,0,1,1,4294967295,0,0
oInvCollPH,1152,752,000C964B,0,1,1,4294967295,0,0
oInvCollPH,1184,752,00062BA6,0,1,1,4294967295,0,0
oInvCollPH,1264,752,001AB530,0,1,1,4294967295,0,0
oInvCollPH,1280,752,0009A7C5,0,1,1,4294967295,0,0
oInvCollPH,1504,768,003F0D5F,0,1,1,4294967295,0,0
oInvCollPH,1504,752,0021B92C,0,1,1,4294967295,0,0
oInvCollPH,1488,752,001E1AF3,0,1,1,4294967295,0,0
oInvCollPH,1472,752,003BD17E,0,1,1,4294967295,0,0
oInvCollPH,1456,752,00136D37,0,1,1,4294967295,0,0
oInvCollPH,1440,752,001B2A63,0,1,1,4294967295,0,0
oInvCollPH,1424,752,0018DDFE,0,1,1,4294967295,0,0
oInvCollPH,1408,752,0021B7FB,0,1,1,4294967295,0,0
oInvCollPH,1392,752,0024B653,0,1,1,4294967295,0,0
oInvCollPH,1376,752,002E7054,0,1,1,4294967295,0,0
oInvCollPH,1360,752,003DD9F4,0,1,1,4294967295,0,0
oInvCollPH,1344,752,0012168C,0,1,1,4294967295,0,0
oInvCollPH,1328,752,00101B75,0,1,1,4294967295,0,0
oInvCollPH,1312,752,00049AC8,0,1,1,4294967295,0,0
oInvCollPH,1296,752,00365DE2,0,1,1,4294967295,0,0
oInvCollPH,1776,640,0011CD4A,0,1,1,4294967295,0,0
oInvCollPH,1760,656,002455AC,0,1,1,4294967295,0,0
oInvCollPH,1744,672,0024B2A7,0,1,1,4294967295,0,0
oInvCollPH,1760,672,000B6B5F,0,1,1,4294967295,0,0
oInvCollPH,1600,688,00094399,0,1,1,4294967295,0,0
oInvCollPH,1552,688,0005E37E,0,1,1,4294967295,0,0
oInvCollPH,1808,384,003A9D04,0,1,1,4294967295,0,0
oInvCollPH,1824,384,000DA6B3,0,1,1,4294967295,0,0
oInvCollPH,1584,352,0039215E,0,1,1,4294967295,0,0
oInvCollPH,1600,352,0011A764,0,1,1,4294967295,0,0
oInvCollPH,1600,336,0009887A,0,1,1,4294967295,0,0
oInvCollPH,1712,416,00074C16,0,1,1,4294967295,0,0
oInvCollPH,1728,416,00235EE0,0,1,1,4294967295,0,0
oInvCollPH,1744,416,000AD1C1,0,1,1,4294967295,0,0
oInvCollPH,1760,416,0025AB53,0,1,1,4294967295,0,0
oInvCollPH,1760,400,0015CD57,0,1,1,4294967295,0,0
oInvCollPH,1744,400,00347600,0,1,1,4294967295,0,0
oInvCollPH,1728,400,003CD73E,0,1,1,4294967295,0,0
oInvCollPH,1072,256,0021BA3A,0,1,1,4294967295,0,0
oInvCollPH,1072,272,003D15F2,0,1,1,4294967295,0,0
oInvCollPH,1072,288,0035CEE0,0,1,1,4294967295,0,0
oInvCollPH,1072,304,0009212D,0,1,1,4294967295,0,0
oInvCollPH,1072,320,0029669B,0,1,1,4294967295,0,0
oInvCollPH,1072,336,002269ED,0,1,1,4294967295,0,0
oInvCollPH,1072,352,0027CF26,0,1,1,4294967295,0,0
oInvCollPH,1072,368,00024B78,0,1,1,4294967295,0,0
oInvCollPH,1072,384,0029BCF8,0,1,1,4294967295,0,0
oInvCollPH,1408,480,001789D8,0,1,1,4294967295,0,0
oInvCollPH,1392,480,001981F7,0,1,1,4294967295,0,0
oInvCollPH,1312,480,0002CA97,0,1,1,4294967295,0,0
oInvCollPH,1296,480,001380AF,0,1,1,4294967295,0,0
oInvCollPH,1280,480,003298F4,0,1,1,4294967295,0,0
oInvCollPH,1264,480,0027E274,0,1,1,4294967295,0,0
oInvCollPH,1072,400,0025BED7,0,1,1,4294967295,0,0
oInvCollPH,1072,416,00139A0D,0,1,1,4294967295,0,0
oInvCollPH,1072,432,003F47FE,0,1,1,4294967295,0,0
oInvCollPH,1072,448,001C16D1,0,1,1,4294967295,0,0
oInvCollPH,1072,464,000EADF0,0,1,1,4294967295,0,0
oInvCollPH,1072,480,00167F8F,0,1,1,4294967295,0,0
oInvCollPH,1088,480,0028D937,0,1,1,4294967295,0,0
oInvCollPH,1104,480,003E3A67,0,1,1,4294967295,0,0
oInvCollPH,1120,480,000014B3,0,1,1,4294967295,0,0
oInvCollPH,1136,480,001F5E16,0,1,1,4294967295,0,0
oInvCollPH,1216,480,000812F5,0,1,1,4294967295,0,0
oInvCollPH,1200,480,002579CD,0,1,1,4294967295,0,0
oInvCollPH,1184,480,002DD072,0,1,1,4294967295,0,0
oInvCollPH,1168,480,0013B57C,0,1,1,4294967295,0,0
oInvCollPH,1152,480,003A8C99,0,1,1,4294967295,0,0
oInvCollPH,1248,480,0039BFF6,0,1,1,4294967295,0,0
oInvCollPH,1232,480,00388622,0,1,1,4294967295,0,0
oInvCollPH,1408,464,0013A206,0,1,1,4294967295,0,0
oInvCollPH,1408,448,0034E103,0,1,1,4294967295,0,0
oInvCollPH,1408,432,001F826B,0,1,1,4294967295,0,0
oInvCollPH,1408,416,000E6800,0,1,1,4294967295,0,0
oInvCollPH,1408,400,00045051,0,1,1,4294967295,0,0
oInvCollPH,1408,384,001744BE,0,1,1,4294967295,0,0
oInvCollPH,1408,368,002375E6,0,1,1,4294967295,0,0
oInvCollPH,1408,352,003A28A8,0,1,1,4294967295,0,0
oInvCollPH,1408,336,00058765,0,1,1,4294967295,0,0
oInvCollPH,1408,320,0011FB93,0,1,1,4294967295,0,0
oInvCollPH,1408,304,003F24F3,0,1,1,4294967295,0,0
oInvCollPH,1408,288,00398B95,0,1,1,4294967295,0,0
oInvCollPH,1408,272,00175AFF,0,1,1,4294967295,0,0
oInvCollPH,1408,256,0029411F,0,1,1,4294967295,0,0
oInvCollPH,1408,240,000C5D18,0,1,1,4294967295,0,0
oInvCollPH,720,96,00083E93,0,1,1,4294967295,0,0
oInvCollPH,720,112,00276128,0,1,1,4294967295,0,0
oInvCollPH,720,128,003065F3,0,1,1,4294967295,0,0
oInvCollPH,720,144,00317A09,0,1,1,4294967295,0,0
oInvCollPH,736,144,0012EC67,0,1,1,4294967295,0,0
oInvCollPH,752,144,002CA178,0,1,1,4294967295,0,0
oInvCollPH,768,144,002C49F1,0,1,1,4294967295,0,0
oInvCollPH,784,144,001CF382,0,1,1,4294967295,0,0
oInvCollPH,800,144,0020D92E,0,1,1,4294967295,0,0
oInvCollPH,816,144,0039EBA3,0,1,1,4294967295,0,0
oInvCollPH,832,144,00286BEA,0,1,1,4294967295,0,0
oInvCollPH,848,144,0007BF05,0,1,1,4294967295,0,0
oInvCollPH,864,144,003B08DD,0,1,1,4294967295,0,0
oInvCollPH,1056,144,000EF57A,0,1,1,4294967295,0,0
oInvCollPH,1040,144,00345CC9,0,1,1,4294967295,0,0
oInvCollPH,1024,144,003D6AA1,0,1,1,4294967295,0,0
oInvCollPH,1008,144,003E20FD,0,1,1,4294967295,0,0
oInvCollPH,992,144,0023A183,0,1,1,4294967295,0,0
oInvCollPH,976,144,00197BC0,0,1,1,4294967295,0,0
oInvCollPH,960,144,002554B6,0,1,1,4294967295,0,0
oInvCollPH,944,144,003A4A9B,0,1,1,4294967295,0,0
oInvCollPH,928,144,001F9C5F,0,1,1,4294967295,0,0
oInvCollPH,912,144,00065468,0,1,1,4294967295,0,0
oInvCollPH,896,144,0015CFF6,0,1,1,4294967295,0,0
oInvCollPH,880,144,0034734D,0,1,1,4294967295,0,0
oInvCollPH,1072,240,003F8E27,0,1,1,4294967295,0,0
oInvCollPH,1072,224,000C3C53,0,1,1,4294967295,0,0
oInvCollPH,1072,208,00059948,0,1,1,4294967295,0,0
oInvCollPH,1072,192,0010CC37,0,1,1,4294967295,0,0
oInvCollPH,1072,176,0004961F,0,1,1,4294967295,0,0
oInvCollPH,1072,160,002012E9,0,1,1,4294967295,0,0
oInvCollPH,1424,224,000C21DA,0,1,1,4294967295,0,0
oInvCollPH,1440,224,003E3031,0,1,1,4294967295,0,0
oInvCollPH,1456,224,0027BAB2,0,1,1,4294967295,0,0
oInvCollPH,1472,224,001C92F7,0,1,1,4294967295,0,0
oInvCollPH,1488,224,0028DAEA,0,1,1,4294967295,0,0
oInvCollPH,1504,224,0005F8CF,0,1,1,4294967295,0,0
oInvCollPH,1520,224,000BA2C9,0,1,1,4294967295,0,0
oInvCollPH,1536,224,00158E88,0,1,1,4294967295,0,0
oInvCollPH,1552,224,001D6694,0,1,1,4294967295,0,0
oInvCollPH,1568,224,003EC7C6,0,1,1,4294967295,0,0
oInvCollPH,1568,208,000A0A29,0,1,1,4294967295,0,0
oInvCollPH,1568,192,001A18EA,0,1,1,4294967295,0,0
oInvCollPH,1568,176,0036A30C,0,1,1,4294967295,0,0
oInvCollPH,1568,160,001DD152,0,1,1,4294967295,0,0
oInvCollPH,1568,144,003692BA,0,1,1,4294967295,0,0
oInvCollPH,1584,128,001562F7,0,1,1,4294967295,0,0
oInvCollPH,1600,128,002C6422,0,1,1,4294967295,0,0
oInvCollPH,1616,128,000AEAB6,0,1,1,4294967295,0,0
oInvCollPH,1632,128,000EEE7D,0,1,1,4294967295,0,0
oInvCollPH,1648,128,000D9027,0,1,1,4294967295,0,0
oInvCollPH,1664,128,0017506D,0,1,1,4294967295,0,0
oInvCollPH,1680,128,0012C5A3,0,1,1,4294967295,0,0
oInvCollPH,1696,128,001C8452,0,1,1,4294967295,0,0
oInvCollPH,1712,128,000EBE2C,0,1,1,4294967295,0,0
oInvCollPH,1728,128,000402E7,0,1,1,4294967295,0,0
oInvCollPH,1936,128,00354E99,0,1,1,4294967295,0,0
oInvCollPH,1920,128,00147BB3,0,1,1,4294967295,0,0
oInvCollPH,1904,128,000084F3,0,1,1,4294967295,0,0
oInvCollPH,1888,128,0014694B,0,1,1,4294967295,0,0
oInvCollPH,1872,128,00209E7E,0,1,1,4294967295,0,0
oInvCollPH,1856,128,003CDBEE,0,1,1,4294967295,0,0
oInvCollPH,1840,128,000E79F0,0,1,1,4294967295,0,0
oInvCollPH,1824,128,001C6236,0,1,1,4294967295,0,0
oInvCollPH,1808,128,003E6878,0,1,1,4294967295,0,0
oInvCollPH,1792,128,002F63B7,0,1,1,4294967295,0,0
oInvCollPH,1776,128,00353E6E,0,1,1,4294967295,0,0
oInvCollPH,1760,128,00087E7C,0,1,1,4294967295,0,0
oInvCollPH,1744,128,003A14C6,0,1,1,4294967295,0,0
oInvCollPH,1856,208,0014B3E8,0,1,1,4294967295,0,0
oInvCollPH,1872,208,003E77FA,0,1,1,4294967295,0,0
oInvCollPH,1888,208,0000814B,0,1,1,4294967295,0,0
oInvCollPH,1904,208,002F69CC,0,1,1,4294967295,0,0
oInvCollPH,1920,208,0039527B,0,1,1,4294967295,0,0
oInvCollPH,1936,208,00116C0D,0,1,1,4294967295,0,0
oInvCollPH,1840,224,0011A834,0,1,1,4294967295,0,0
oInvCollPH,1840,240,0019E49B,0,1,1,4294967295,0,0
oInvCollPH,1840,256,002DA57A,0,1,1,4294967295,0,0
oInvCollPH,1840,272,001AD08C,0,1,1,4294967295,0,0
oInvCollPH,1840,288,000F797D,0,1,1,4294967295,0,0
oInvCollPH,1840,304,000EC2D3,0,1,1,4294967295,0,0
oInvCollPH,1840,320,003B6233,0,1,1,4294967295,0,0
oInvCollPH,1840,336,00179924,0,1,1,4294967295,0,0
oInvCollPH,1840,352,00345D66,0,1,1,4294967295,0,0
oInvCollPH,1840,400,00139356,0,1,1,4294967295,0,0
oInvCollPH,1840,416,003037F3,0,1,1,4294967295,0,0
oInvCollPH,1840,432,0038AD77,0,1,1,4294967295,0,0
oInvCollPH,1840,448,003B5874,0,1,1,4294967295,0,0
oInvCollPH,1840,464,00283943,0,1,1,4294967295,0,0
oInvCollPH,1840,480,0017A475,0,1,1,4294967295,0,0
oInvCollPH,1840,496,0016A50F,0,1,1,4294967295,0,0
oInvCollPH,1840,512,00288913,0,1,1,4294967295,0,0
oInvCollPH,1840,528,0019F2A7,0,1,1,4294967295,0,0
oInvCollPH,1840,576,001BF9BE,0,1,1,4294967295,0,0
oInvCollPH,1840,688,003E4E29,0,1,1,4294967295,0,0
oInvCollPH,1840,736,001FF4E8,0,1,1,4294967295,0,0
oInvCollPH,1840,752,0023919E,0,1,1,4294967295,0,0
oInvCollPH,1840,768,00345844,0,1,1,4294967295,0,0
oInvCollPH,1840,784,001D3A22,0,1,1,4294967295,0,0
oInvCollPH,1840,800,00399F0B,0,1,1,4294967295,0,0
oInvCollPH,1840,816,001FB2D3,0,1,1,4294967295,0,0
oInvCollPH,1840,832,0039573C,0,1,1,4294967295,0,0
oInvCollPH,1840,848,0025C248,0,1,1,4294967295,0,0
oInvCollPH,1840,864,003C650B,0,1,1,4294967295,0,0
oInvCollPH,1840,880,000BCBD8,0,1,1,4294967295,0,0
oInvCollPH,1840,896,0026C1F6,0,1,1,4294967295,0,0
oInvCollPH,1776,752,0037A449,0,1,1,4294967295,0,0
oInvCollPH,1664,560,0005F29A,0,1,1,4294967295,0,0
oInvCollPH,1664,576,001E9821,0,1,1,4294967295,0,0
oInvCollPH,1584,432,0012C3E0,0,1,1,4294967295,0,0
oInvCollPH,1568,448,0018FD34,0,1,1,4294967295,0,0
oInvCollPH,1696,416,0034C897,0,1,1,4294967295,0,0
oInvCollPH,1712,400,0012C6E7,0,1,1,4294967295,0,0
oInvCollPH,1728,656,0011FEA0,0,1,1,4294967295,0,0
oInvCollPH,1616,432,0004D009,0,1,1,4294967295,0,0
oInvCollPH,1616,448,00020B27,0,1,1,4294967295,0,0
oInvisibleSolid,0,928,001FCB96,0,1,1,4294967295,0,1
oInvisibleSolid,208,928,001245E3,0,1,1,4294967295,0,1
oInvisibleSolid,144,960,00120A18,0,1,1,4294967295,0,1
oInvisibleSolid,336,736,000703F9,0,1,1,4294967295,0,1
oInvisibleSolid,208,736,003114E8,0,1,1,4294967295,0,1
oInvisibleSolid,496,736,000F4D22,0,1,1,4294967295,0,1
oInvisibleSolid,400,768,00058EC4,0,1,1,4294967295,0,1
oInvisibleSolid,624,800,0011F21A,0,1,1,4294967295,0,1
oInvisibleSolid,800,640,000657DE,0,1,1,4294967295,0,1
oInvisibleSolid,800,768,000F66FC,0,1,1,4294967295,0,1
oInvisibleSolid,0,640,000ED8DF,0,1,1,4294967295,0,1
oInvisibleSolid,496,576,000E17C5,0,1,1,4294967295,0,1
oInvisibleSolid,400,400,0023D2BC,0,1,1,4294967295,0,1
oInvisibleSolid,336,608,002BA146,0,1,1,4294967295,0,1
oInvisibleSolid,400,576,003BBD45,0,1,1,4294967295,0,1
oInvisibleSolid,272,576,00059771,0,1,1,4294967295,0,1
oInvisibleSolid,848,720,00059231,0,1,1,4294967295,0,1
oInvisibleSolid,976,688,0035C3A6,0,1,1,4294967295,0,1
oInvisibleSolid,976,560,0003D7DA,0,1,1,4294967295,0,1
oInvisibleSolid,656,608,00191582,0,1,1,4294967295,0,1
oInvisibleSolid,720,576,00240876,0,1,1,4294967295,0,1
oInvisibleSolid,848,480,002076BF,0,1,1,4294967295,0,1
oInvisibleSolid,720,448,001D150F,0,1,1,4294967295,0,1
oInvisibleSolid,784,448,0017BF4E,0,1,1,4294967295,0,1
oInvisibleSolid,912,480,001861D6,0,1,1,4294967295,0,1
oInvisibleSolid,720,304,001B668E,0,1,1,4294967295,0,1
oInvisibleSolid,0,512,00110EFA,0,1,1,4294967295,0,1
oInvisibleSolid,1136,752,00346018,0,1,1,4294967295,0,1
oInvisibleSolid,1040,672,00261BB1,0,1,1,4294967295,0,1
oInvisibleSolid,720,0,002BD41A,0,1,1,4294967295,0,1
oInvisibleSolid,304,0,001F7BA3,0,1,1,4294967295,0,1
oInvisibleSolid,0,0,003D633B,0,1,1,4294967295,0,1
oInvisibleSolid,0,192,002DBF99,0,1,1,4294967295,0,1
oInvisibleSolid,0,368,001A8C4C,0,1,1,4294967295,0,1
oInvisibleSolid,432,304,00257861,0,1,1,4294967295,0,1
oInvisibleSolid,176,192,0017E76C,0,1,1,4294967295,0,1
oInvisibleSolid,336,160,00181BCC,0,1,1,4294967295,0,1
oInvisibleSolid,656,224,002FA147,0,1,1,4294967295,0,1
oInvisibleSolid,944,224,00374690,0,1,1,4294967295,0,1
oInvisibleSolid,0,400,00368018,0,1,1,4294967295,0,1
oInvisibleSolid,1328,496,002F550E,0,1,1,4294967295,0,1
oInvisibleSolid,1200,560,0005882B,0,1,1,4294967295,0,1
oInvisibleSolid,1520,784,001C22BD,0,1,1,4294967295,0,1
oInvisibleSolid,1584,816,002F6FF2,0,1,1,4294967295,0,1
oInvisibleSolid,1648,848,00156603,0,1,1,4294967295,0,1
oInvisibleSolid,1712,880,0016A8DB,0,1,1,4294967295,0,1
oInvisibleSolid,1808,912,000D632E,0,1,1,4294967295,0,1
oInvisibleSolid,1776,592,000C1060,0,1,1,4294967295,0,1
oInvisibleSolid,1744,656,0019B1C1,0,1,1,4294967295,0,1
oInvisibleSolid,1424,592,001618B8,0,1,1,4294967295,0,1
oInvisibleSolid,1568,432,0011CF3D,0,1,1,4294967295,0,1
oInvisibleSolid,1552,528,000ECE70,0,1,1,4294967295,0,1
oInvisibleSolid,1632,560,00327934,0,1,1,4294967295,0,1
oInvisibleSolid,1552,704,0021C8CE,0,1,1,4294967295,0,1
oInvisibleSolid,1616,720,001B6114,0,1,1,4294967295,0,1
oInvisibleSolid,1728,752,0000CA41,0,1,1,4294967295,0,1
oInvisibleSolid,1536,688,0004F5BD,0,1,1,4294967295,0,1
oInvisibleSolid,1584,336,0037CC11,0,1,1,4294967295,0,1
oInvisibleSolid,1696,400,001A5CAE,0,1,1,4294967295,0,1
oInvisibleSolid,1808,368,002596D4,0,1,1,4294967295,0,1
oInvisibleSolid,1840,208,002A444F,0,1,1,4294967295,0,1
oInvisibleSolid,1072,0,002A666B,0,1,1,4294967295,0,1
oInvisibleSolid,1424,0,001446C9,0,1,1,4294967295,0,1
oInvisibleSolid,1584,0,0016161B,0,1,1,4294967295,0,1
oInvisibleSolid,1712,656,0005AADE,0,1,1,4294967295,0,1
oInvisibleSolid,1744,768,0017FD7E,0,1,1,4294967295,0,1
oInvisibleSolid,1648,720,0024FD1F,0,1,1,4294967295,0,0
