oExit,0,256,00395DCD,0,1,1,4294967295,0,1
oExit,752,256,00276415,0,1,1,4294967295,0,1
oPlayer1,48,288,00359DD1,0,1,1,4294967295,0,0
oInvCollPH,16,288,00401DFC,0,1,1,4294967295,0,0
oInvCollPH,32,288,00094AB1,0,1,1,4294967295,0,0
oInvCollPH,48,288,0000C847,0,1,1,4294967295,0,0
oInvCollPH,64,288,002ABB9A,0,1,1,4294967295,0,0
oInvCollPH,80,288,00012DC4,0,1,1,4294967295,0,0
oInvCollPH,96,288,0004F98A,0,1,1,4294967295,0,0
oInvCollPH,112,288,0011AA66,0,1,1,4294967295,0,0
oInvCollPH,128,288,00101B4B,0,1,1,4294967295,0,0
oInvCollPH,144,288,002DB6F7,0,1,1,4294967295,0,0
oInvCollPH,0,208,003999A0,0,1,1,4294967295,0,0
oInvCollPH,16,208,00176106,0,1,1,4294967295,0,0
oInvCollPH,32,208,000AA4D3,0,1,1,4294967295,0,0
oInvCollPH,48,208,0016E761,0,1,1,4294967295,0,0
oInvCollPH,64,208,00321883,0,1,1,4294967295,0,0
oInvCollPH,80,208,00139C86,0,1,1,4294967295,0,0
oInvCollPH,96,208,0023B867,0,1,1,4294967295,0,0
oInvCollPH,112,208,0000B23A,0,1,1,4294967295,0,0
oInvCollPH,128,208,0000C750,0,1,1,4294967295,0,0
oInvCollPH,144,208,001E582D,0,1,1,4294967295,0,0
oInvCollPH,160,208,001ACA36,0,1,1,4294967295,0,0
oInvCollPH,176,208,002032FD,0,1,1,4294967295,0,0
oInvCollPH,176,192,002A1787,0,1,1,4294967295,0,0
oInvCollPH,176,176,000F5E37,0,1,1,4294967295,0,0
oInvCollPH,176,160,0016B027,0,1,1,4294967295,0,0
oInvCollPH,176,144,001DD4F1,0,1,1,4294967295,0,0
oInvCollPH,176,128,0000F4A0,0,1,1,4294967295,0,0
oInvCollPH,176,112,001B647C,0,1,1,4294967295,0,0
oInvCollPH,176,96,001B9332,0,1,1,4294967295,0,0
oInvCollPH,624,288,002E71EB,0,1,1,4294967295,0,0
oInvCollPH,608,288,0024D149,0,1,1,4294967295,0,0
oInvCollPH,592,288,003AC0E2,0,1,1,4294967295,0,0
oInvCollPH,576,288,000D8D38,0,1,1,4294967295,0,0
oInvCollPH,560,288,00265DF3,0,1,1,4294967295,0,0
oInvCollPH,544,288,00023B97,0,1,1,4294967295,0,0
oInvCollPH,528,288,004031B3,0,1,1,4294967295,0,0
oInvCollPH,512,288,0007FC8D,0,1,1,4294967295,0,0
oInvCollPH,496,288,002CBFBE,0,1,1,4294967295,0,0
oInvCollPH,480,288,00266439,0,1,1,4294967295,0,0
oInvCollPH,464,288,000ACE4E,0,1,1,4294967295,0,0
oInvCollPH,448,288,00390D0E,0,1,1,4294967295,0,0
oInvCollPH,432,288,003059EE,0,1,1,4294967295,0,0
oInvCollPH,416,288,0017DD0A,0,1,1,4294967295,0,0
oInvCollPH,400,288,003F68E8,0,1,1,4294967295,0,0
oInvCollPH,384,288,0007A3EB,0,1,1,4294967295,0,0
oInvCollPH,368,288,00262BE7,0,1,1,4294967295,0,0
oInvCollPH,352,288,003C7DF3,0,1,1,4294967295,0,0
oInvCollPH,336,288,0014FD04,0,1,1,4294967295,0,0
oInvCollPH,320,288,002C2547,0,1,1,4294967295,0,0
oInvCollPH,304,288,0035CE4F,0,1,1,4294967295,0,0
oInvCollPH,288,288,00205009,0,1,1,4294967295,0,0
oInvCollPH,272,288,00200037,0,1,1,4294967295,0,0
oInvCollPH,256,288,00229A04,0,1,1,4294967295,0,0
oInvCollPH,240,288,003DE43A,0,1,1,4294967295,0,0
oInvCollPH,224,288,003C6FD3,0,1,1,4294967295,0,0
oInvCollPH,208,288,00045317,0,1,1,4294967295,0,0
oInvCollPH,192,288,003F9110,0,1,1,4294967295,0,0
oInvCollPH,176,288,002D49A6,0,1,1,4294967295,0,0
oInvCollPH,160,288,001CF394,0,1,1,4294967295,0,0
oInvCollPH,640,112,001AEA7B,0,1,1,4294967295,0,0
oInvCollPH,640,128,002D8F43,0,1,1,4294967295,0,0
oInvCollPH,640,144,0024EA5C,0,1,1,4294967295,0,0
oInvCollPH,640,160,00166F16,0,1,1,4294967295,0,0
oInvCollPH,640,176,003930CD,0,1,1,4294967295,0,0
oInvCollPH,640,192,00165182,0,1,1,4294967295,0,0
oInvCollPH,640,208,002FEC38,0,1,1,4294967295,0,0
oInvCollPH,688,288,000FDC07,0,1,1,4294967295,0,0
oInvCollPH,672,288,001507A4,0,1,1,4294967295,0,0
oInvCollPH,656,288,003F4C06,0,1,1,4294967295,0,0
oInvCollPH,640,288,002DEEFB,0,1,1,4294967295,0,0
oInvCollPH,192,80,0029DA89,0,1,1,4294967295,0,0
oInvCollPH,208,80,0019CF9B,0,1,1,4294967295,0,0
oInvCollPH,224,80,003A0A8F,0,1,1,4294967295,0,0
oInvCollPH,240,80,001D76C5,0,1,1,4294967295,0,0
oInvCollPH,256,80,000F4488,0,1,1,4294967295,0,0
oInvCollPH,272,80,000C6F38,0,1,1,4294967295,0,0
oInvCollPH,288,80,0031C37A,0,1,1,4294967295,0,0
oInvCollPH,304,80,001BEF3D,0,1,1,4294967295,0,0
oInvCollPH,320,80,0021D93B,0,1,1,4294967295,0,0
oInvCollPH,336,80,000DF256,0,1,1,4294967295,0,0
oInvCollPH,352,80,001E6CCB,0,1,1,4294967295,0,0
oInvCollPH,368,80,0012A5F9,0,1,1,4294967295,0,0
oInvCollPH,384,80,0037883B,0,1,1,4294967295,0,0
oInvCollPH,400,80,00207FE9,0,1,1,4294967295,0,0
oInvCollPH,416,80,001C992B,0,1,1,4294967295,0,0
oInvCollPH,432,80,00189E9C,0,1,1,4294967295,0,0
oInvCollPH,448,80,001E0746,0,1,1,4294967295,0,0
oInvCollPH,464,80,00023FA3,0,1,1,4294967295,0,0
oInvCollPH,480,80,00307EE6,0,1,1,4294967295,0,0
oInvCollPH,496,80,002EBE2B,0,1,1,4294967295,0,0
oInvCollPH,512,80,0025C02B,0,1,1,4294967295,0,0
oInvCollPH,528,80,002E1741,0,1,1,4294967295,0,0
oInvCollPH,544,80,000E1AA7,0,1,1,4294967295,0,0
oInvCollPH,560,80,0005366B,0,1,1,4294967295,0,0
oInvCollPH,576,80,001CE750,0,1,1,4294967295,0,0
oInvCollPH,592,80,001EE037,0,1,1,4294967295,0,0
oInvCollPH,608,80,00109575,0,1,1,4294967295,0,0
oInvCollPH,624,80,003C86A7,0,1,1,4294967295,0,0
oInvCollPH,656,208,003D7C31,0,1,1,4294967295,0,0
oInvCollPH,672,208,00179DD1,0,1,1,4294967295,0,0
oInvCollPH,688,208,00073669,0,1,1,4294967295,0,0
oInvCollPH,704,208,0025809D,0,1,1,4294967295,0,0
oInvCollPH,720,208,0019CB9E,0,1,1,4294967295,0,0
oInvCollPH,736,208,002BA183,0,1,1,4294967295,0,0
oInvCollPH,752,208,0029EE2E,0,1,1,4294967295,0,0
oInvCollPH,704,288,003BC58F,0,1,1,4294967295,0,0
oInvCollPH,720,288,0000AE75,0,1,1,4294967295,0,0
oInvCollPH,736,288,00165F87,0,1,1,4294967295,0,0
oInvCollPH,752,288,00133AE6,0,1,1,4294967295,0,0
oInvisibleSolid,0,288,00267B19,0,1,1,4294967295,0,1
oInvisibleSolid,0,96,000C394B,0,1,1,4294967295,0,1
oInvisibleSolid,0,0,002F8B26,0,1,1,4294967295,0,1
oInvisibleSolid,640,96,00137997,0,1,1,4294967295,0,1
