oExit,2928,416,002FCDEC,0,1,1,4294967295,0,1
oMovingPlatform,168,144,0031C304,0,1,1,4294967295,0,1
oStrikeChainPoint,416,400,000978A6,0,1,1,4294967295,0,0
oMovingPlatform,608,384,002036DA,0,1,1,4294967295,0,1
oMovingPlatform,656,384,003835E7,0,1,1,4294967295,0,1
oMovingPlatform,576,144,0035E949,0,1,1,4294967295,0,1
oStrikeChainPoint,672,112,00322949,0,1,1,4294967295,0,0
oStrikeChainPoint,800,80,00203E68,0,1,1,4294967295,0,0
oStrikeChainPoint,896,96,001E8307,0,1,1,4294967295,0,0
oStrikeChainPoint,1120,384,003C05E0,0,1,1,4294967295,0,0
oStrikeChainPoint,1120,416,000FF850,0,1,1,4294967295,0,0
oMovingPlatform,1184,416,001ADBAD,0,1,1,4294967295,0,1
oMovingPlatform,1328,416,00400835,0,1,1,4294967295,0,1
oStrikeChainPoint,1504,288,00236684,0,1,1,4294967295,0,1
oMovingPlatform,1408,128,003B1674,0,1,1,4294967295,0,1
oStrikeChainPoint,1536,80,001937DB,0,1,1,4294967295,0,0
oStrikeChainPoint,1616,80,001B3BE3,0,1,1,4294967295,0,0
oStrikeChainPoint,1712,80,002E93ED,0,1,1,4294967295,0,0
oStrikeChainPoint,1792,80,001193AB,0,1,1,4294967295,0,0
oMovingPlatform,1832,160,0006CEDC,0,1,1,4294967295,0,1
oMovingPlatform,1952,416,00131666,0,1,1,4294967295,0,1
oMovingPlatform,2192,416,00255D42,0,1,1,4294967295,0,1
oMovingPlatform,2336,240,0035357E,0,1,1,4294967295,0,1
oMovingPlatform,2224,240,00152989,0,1,1,4294967295,0,1
oStrikeChainPoint,2288,384,0009FAC1,0,1,1,4294967295,0,0
oMovingPlatform,2224,176,00403197,0,1,1,4294967295,0,1
oMovingPlatform,2336,176,00286C95,0,1,1,4294967295,0,1
oStrikeChainPoint,2304,80,00153ED8,0,1,1,4294967295,0,0
oStrikeChainPoint,2432,96,00110119,0,1,1,4294967295,0,0
oStrikeChainPoint,2560,96,0033A0EE,0,1,1,4294967295,0,0
oStrikeChainPoint,2688,80,00241F6F,0,1,1,4294967295,0,0
oMovingPlatform,2704,160,002F4E8E,0,1,1,4294967295,0,1
oGWPlatform,2624,304,000B9A46,0,1,1,4294967295,0,1
oMovingPlatform,1896,416,0039A2CC,0,1,1,4294967295,0,1
oMovingPlatform,232,400,00130731,0,1,1,4294967295,0,1
oZeldaBreakPot,2816,432,00196B2D,0,1,1,4294967295,0,0
oZeldaBreakPot,2832,432,002D034B,0,1,1,4294967295,0,0
oZeldaBreakPot,2848,432,003F9144,0,1,1,4294967295,0,0
oZeldaBreakPot,2864,432,00089C13,0,1,1,4294967295,0,0
oZapTrap,136,128,0000E07B,0,1,1,4294967295,0,1
oZapTrap,280,48,002AAAEA,0,1,1,4294967295,0,1
oZapTrap,128,472,00347A5F,0,1,1,4294967295,0,1
oZapTrap,256,472,0023E156,0,1,1,4294967295,0,1
oZapTrap,576,472,00309153,0,1,1,4294967295,0,1
oZapTrap,448,472,001A5217,0,1,1,4294967295,0,1
oZapTrap,384,472,0018F646,0,1,1,4294967295,0,1
oZapTrap,136,256,003D1C25,0,1,1,4294967295,0,1
oZapTrap,136,384,003DA9FA,0,1,1,4294967295,0,1
oZapTrap,280,128,00216F9F,0,1,1,4294967295,0,1
oZapTrap,280,256,003562BC,0,1,1,4294967295,0,1
oZapTrap,552,32,00302177,0,1,1,4294967295,0,1
oZapTrap,552,128,0026C75B,0,1,1,4294967295,0,1
oZapTrap,552,256,00265B35,0,1,1,4294967295,0,1
oZapTrap,696,160,001C575C,0,1,1,4294967295,0,1
oZapTrap,696,256,002A782D,0,1,1,4294967295,0,1
oZapTrap,696,384,0004957F,0,1,1,4294967295,0,1
oZapTrap,704,152,00217B05,0,1,1,4294967295,0,1
oZapTrap,800,152,000C4F04,0,1,1,4294967295,0,1
oZapTrap,864,152,00073D0C,0,1,1,4294967295,0,1
oZapTrap,1536,152,0004D101,0,1,1,4294967295,0,1
oZapTrap,1696,152,00206A2C,0,1,1,4294967295,0,1
oZapTrap,1632,152,000A5715,0,1,1,4294967295,0,1
oZapTrap,2368,152,00166C05,0,1,1,4294967295,0,1
oZapTrap,2464,152,003623E1,0,1,1,4294967295,0,1
oZapTrap,2528,152,001E3F75,0,1,1,4294967295,0,1
oZapTrap,960,472,00289D23,0,1,1,4294967295,0,1
oZapTrap,1088,472,00371AED,0,1,1,4294967295,0,1
oZapTrap,1280,472,003BF795,0,1,1,4294967295,0,1
oZapTrap,1216,472,00247503,0,1,1,4294967295,0,1
oZapTrap,1408,472,0035E425,0,1,1,4294967295,0,1
oZapTrap,2048,472,0002B4B8,0,1,1,4294967295,0,1
oZapTrap,1792,472,001286AF,0,1,1,4294967295,0,1
oZapTrap,1920,472,0036E506,0,1,1,4294967295,0,1
oZapTrap,2112,472,00265858,0,1,1,4294967295,0,1
oZapTrap,2240,472,00144176,0,1,1,4294967295,0,1
oZapTrap,1112,32,00182E42,0,1,1,4294967295,0,1
oZapTrap,1112,256,001DF0A8,0,1,1,4294967295,0,1
oZapTrap,968,160,00137E31,0,1,1,4294967295,0,1
oZapTrap,968,384,0001CEFA,0,1,1,4294967295,0,1
oZapTrap,1384,32,0022BF2C,0,1,1,4294967295,0,1
oZapTrap,1384,256,0033173D,0,1,1,4294967295,0,1
oZapTrap,1528,160,000270F0,0,1,1,4294967295,0,1
oZapTrap,1528,384,003B0192,0,1,1,4294967295,0,1
oZapTrap,1944,32,003AB5D8,0,1,1,4294967295,0,1
oZapTrap,1944,256,001F92D1,0,1,1,4294967295,0,1
oZapTrap,1800,160,003046D5,0,1,1,4294967295,0,1
oZapTrap,1800,384,003F6092,0,1,1,4294967295,0,1
oZapTrap,2216,256,00202806,0,1,1,4294967295,0,1
oZapTrap,2360,384,001507E5,0,1,1,4294967295,0,1
oZapTrap,2360,160,0031B5E9,0,1,1,4294967295,0,1
oZapTrap,2216,32,003F424D,0,1,1,4294967295,0,1
oZapTrap,2632,160,00132B46,0,1,1,4294967295,0,1
oZapTrap,2632,224,000E5331,0,1,1,4294967295,0,1
oZapTrap,2360,256,00087856,0,1,1,4294967295,0,1
oZapTrap,2216,128,0023A77B,0,1,1,4294967295,0,1
oZapTrap,1944,128,003EF8EC,0,1,1,4294967295,0,1
oZapTrap,1800,256,001A0110,0,1,1,4294967295,0,1
oZapTrap,1528,256,0014723A,0,1,1,4294967295,0,1
oZapTrap,1384,128,0021ECAE,0,1,1,4294967295,0,1
oZapTrap,968,256,00215A23,0,1,1,4294967295,0,1
oZapTrap,1112,128,00067F9A,0,1,1,4294967295,0,1
oZapTrap,2624,472,003DE327,0,1,1,4294967295,0,1
oZapTrap,2704,472,0016F023,0,1,1,4294967295,0,1
oZapTrap,2776,32,002B2E82,0,1,1,4294967295,0,1
oZapTrap,2776,128,0033771A,0,1,1,4294967295,0,1
oZapTrap,2776,224,003A07E8,0,1,1,4294967295,0,1
oStaticSpike,168,128,00349F4F,0,1,1,4294967295,0,1
oStaticSpike,656,368,002252E4,0,1,1,4294967295,0,1
oStaticSpike,576,128,00369D8A,0,1,1,4294967295,0,1
oStaticSpike,1408,112,002AE4FC,0,1,1,4294967295,0,1
oStaticSpike,1832,144,003B53EE,0,1,1,4294967295,0,1
oStaticSpike,2336,224,00092D5D,0,1,1,4294967295,0,1
oStaticSpike,2224,224,002E7D0B,0,1,1,4294967295,0,1
oStaticSpike,2224,160,0009B2B5,0,1,1,4294967295,0,1
oStaticSpike,2336,160,0030BD77,0,1,1,4294967295,0,1
oStaticSpike,2704,304,00269EF2,0,1,1,4294967295,0,0
oStaticSpike,2688,304,0019475E,0,1,1,4294967295,0,0
oStaticSpike,2768,304,00109B7A,0,1,1,4294967295,0,0
oStaticSpike,2752,304,00180B18,0,1,1,4294967295,0,0
oStaticSpike,2736,304,00222B26,0,1,1,4294967295,0,0
oStaticSpike,2720,304,0026ECE5,0,1,1,4294967295,0,0
oStaticSpike,1896,400,002756CC,0,1,1,4294967295,0,1
oStaticSpike,232,384,00064D44,0,1,1,4294967295,0,1
oRayTrap,1248,256,001A1C7D,0,1,1,4294967295,0,0
oRayTrapSensor,1312,368,00288107,0,1,1,4294967295,0,1
oRayTrap,832,144,00389F9A,0,1,1,4294967295,0,0
oRayTrap,1664,144,0027EEC6,0,1,1,4294967295,0,0
oRayTrap,2496,144,000A186D,0,1,1,4294967295,0,0
oRayTrapSensor,800,48,001104D0,0,1,1,4294967295,0,1
oRayTrapSensor,1616,48,003DE5E3,0,1,1,4294967295,0,1
oRayTrapSensor,1712,48,000C36EE,0,1,1,4294967295,0,1
oRayTrapSensor,2320,144,0035B9AF,0,1,1,4294967295,0,1
oRayTrapSensor,2464,48,0012E028,0,1,1,4294967295,0,1
oRayTrapSensor,2528,48,00174EF9,0,1,1,4294967295,0,1
oRayTrapSensor,2592,48,00020075,0,1,1,4294967295,0,1
oRayTrap,2080,256,0017A230,0,1,1,4294967295,0,0
oRayTrapSensor,2080,368,00095F4E,0,1,1,4294967295,0,1
oRayTrapSensor,2256,144,0005DB71,0,1,1,4294967295,0,1
oRayTrapSensor,2400,48,0016119E,0,1,1,4294967295,0,1
oPlayer1,48,128,0016D2D7,0,1,1,4294967295,0,0
oInvCollPH,16,128,0037184C,0,1,1,4294967295,0,0
oInvCollPH,32,128,0012282D,0,1,1,4294967295,0,0
oInvCollPH,48,128,002EC23A,0,1,1,4294967295,0,0
oInvCollPH,64,128,002078E6,0,1,1,4294967295,0,0
oInvCollPH,80,128,000E1CAD,0,1,1,4294967295,0,0
oInvCollPH,96,128,001E7058,0,1,1,4294967295,0,0
oInvCollPH,112,128,000B2F22,0,1,1,4294967295,0,0
oInvCollPH,112,144,000B697E,0,1,1,4294967295,0,0
oInvCollPH,112,160,002CBD18,0,1,1,4294967295,0,0
oInvCollPH,112,176,0000E3FF,0,1,1,4294967295,0,0
oInvCollPH,112,192,0025F681,0,1,1,4294967295,0,0
oInvCollPH,112,208,001D89A9,0,1,1,4294967295,0,0
oInvCollPH,112,224,000E34EE,0,1,1,4294967295,0,0
oInvCollPH,112,240,0034656C,0,1,1,4294967295,0,0
oInvCollPH,112,256,001EE74C,0,1,1,4294967295,0,0
oInvCollPH,112,272,00162061,0,1,1,4294967295,0,0
oInvCollPH,112,288,003901F0,0,1,1,4294967295,0,0
oInvCollPH,112,304,002E6CF0,0,1,1,4294967295,0,0
oInvCollPH,112,320,002F5B81,0,1,1,4294967295,0,0
oInvCollPH,112,336,00188344,0,1,1,4294967295,0,0
oInvCollPH,112,352,0028D3A1,0,1,1,4294967295,0,0
oInvCollPH,112,368,000A3448,0,1,1,4294967295,0,0
oInvCollPH,112,384,0033B040,0,1,1,4294967295,0,0
oInvCollPH,112,400,000C1B2D,0,1,1,4294967295,0,0
oInvCollPH,112,416,0010139E,0,1,1,4294967295,0,0
oInvCollPH,112,432,00121147,0,1,1,4294967295,0,0
oInvCollPH,112,448,00191B3E,0,1,1,4294967295,0,0
oInvCollPH,112,464,002BCB1E,0,1,1,4294967295,0,0
oInvCollPH,0,32,003D1BF9,0,1,1,4294967295,0,0
oInvCollPH,16,32,00081861,0,1,1,4294967295,0,0
oInvCollPH,32,32,00090625,0,1,1,4294967295,0,0
oInvCollPH,48,32,0008ACD2,0,1,1,4294967295,0,0
oInvCollPH,64,32,000838AF,0,1,1,4294967295,0,0
oInvCollPH,80,32,001F3169,0,1,1,4294967295,0,0
oInvCollPH,96,32,003CD846,0,1,1,4294967295,0,0
oInvCollPH,112,32,001BB7A7,0,1,1,4294967295,0,0
oInvCollPH,128,32,000198E0,0,1,1,4294967295,0,0
oInvCollPH,144,32,001FB1E9,0,1,1,4294967295,0,0
oInvCollPH,160,32,0034E153,0,1,1,4294967295,0,0
oInvCollPH,176,32,0006C523,0,1,1,4294967295,0,0
oInvCollPH,192,32,001A1447,0,1,1,4294967295,0,0
oInvCollPH,208,32,000A31B9,0,1,1,4294967295,0,0
oInvCollPH,224,32,00208614,0,1,1,4294967295,0,0
oInvCollPH,240,32,000330D6,0,1,1,4294967295,0,0
oInvCollPH,256,32,0020DA67,0,1,1,4294967295,0,0
oInvCollPH,272,32,00153769,0,1,1,4294967295,0,0
oInvCollPH,144,480,000DC2DB,0,1,1,4294967295,0,0
oInvCollPH,160,480,003F39FB,0,1,1,4294967295,0,0
oInvCollPH,176,480,003665BB,0,1,1,4294967295,0,0
oInvCollPH,192,480,0034F118,0,1,1,4294967295,0,0
oInvCollPH,208,480,000E903F,0,1,1,4294967295,0,0
oInvCollPH,224,480,00033673,0,1,1,4294967295,0,0
oInvCollPH,240,480,002685A2,0,1,1,4294967295,0,0
oInvCollPH,256,480,002D176C,0,1,1,4294967295,0,0
oInvCollPH,272,480,000DBDF9,0,1,1,4294967295,0,0
oInvCollPH,288,480,000966BD,0,1,1,4294967295,0,0
oInvCollPH,304,480,002F4F3B,0,1,1,4294967295,0,0
oInvCollPH,320,480,003C0B64,0,1,1,4294967295,0,0
oInvCollPH,336,480,001F275A,0,1,1,4294967295,0,0
oInvCollPH,352,480,0036B279,0,1,1,4294967295,0,0
oInvCollPH,368,480,00046692,0,1,1,4294967295,0,0
oInvCollPH,384,480,003BCC9F,0,1,1,4294967295,0,0
oInvCollPH,400,480,0024F918,0,1,1,4294967295,0,0
oInvCollPH,416,480,00037445,0,1,1,4294967295,0,0
oInvCollPH,432,480,00364245,0,1,1,4294967295,0,0
oInvCollPH,448,480,002B113C,0,1,1,4294967295,0,0
oInvCollPH,464,480,00369F1F,0,1,1,4294967295,0,0
oInvCollPH,480,480,0029C0A0,0,1,1,4294967295,0,0
oInvCollPH,496,480,0029EA53,0,1,1,4294967295,0,0
oInvCollPH,512,480,001B40C2,0,1,1,4294967295,0,0
oInvCollPH,528,480,00025EE3,0,1,1,4294967295,0,0
oInvCollPH,544,480,003A2A4B,0,1,1,4294967295,0,0
oInvCollPH,560,480,002C9C04,0,1,1,4294967295,0,0
oInvCollPH,576,480,0012F23A,0,1,1,4294967295,0,0
oInvCollPH,592,480,003806E1,0,1,1,4294967295,0,0
oInvCollPH,608,480,0016F030,0,1,1,4294967295,0,0
oInvCollPH,624,480,002E0193,0,1,1,4294967295,0,0
oInvCollPH,640,480,0004102E,0,1,1,4294967295,0,0
oInvCollPH,656,480,001118F5,0,1,1,4294967295,0,0
oInvCollPH,672,480,0016BB19,0,1,1,4294967295,0,0
oInvCollPH,688,480,000976E6,0,1,1,4294967295,0,0
oInvCollPH,288,48,0004D73A,0,1,1,4294967295,0,0
oInvCollPH,288,64,002BB483,0,1,1,4294967295,0,0
oInvCollPH,288,80,00264CC9,0,1,1,4294967295,0,0
oInvCollPH,288,96,000FE64D,0,1,1,4294967295,0,0
oInvCollPH,288,112,0009D6FB,0,1,1,4294967295,0,0
oInvCollPH,288,128,002777E9,0,1,1,4294967295,0,0
oInvCollPH,288,144,00128987,0,1,1,4294967295,0,0
oInvCollPH,288,160,00134AD9,0,1,1,4294967295,0,0
oInvCollPH,288,176,003124EC,0,1,1,4294967295,0,0
oInvCollPH,288,192,00197A56,0,1,1,4294967295,0,0
oInvCollPH,288,208,0030FB0E,0,1,1,4294967295,0,0
oInvCollPH,288,224,000A49CE,0,1,1,4294967295,0,0
oInvCollPH,288,240,003C35CD,0,1,1,4294967295,0,0
oInvCollPH,288,256,002C0B77,0,1,1,4294967295,0,0
oInvCollPH,288,272,002B4F82,0,1,1,4294967295,0,0
oInvCollPH,288,288,002C853A,0,1,1,4294967295,0,0
oInvCollPH,288,304,002987FF,0,1,1,4294967295,0,0
oInvCollPH,288,320,00171733,0,1,1,4294967295,0,0
oInvCollPH,288,336,00096925,0,1,1,4294967295,0,0
oInvCollPH,304,336,003A516F,0,1,1,4294967295,0,0
oInvCollPH,320,336,002B27F0,0,1,1,4294967295,0,0
oInvCollPH,336,336,002E1DC5,0,1,1,4294967295,0,0
oInvCollPH,352,336,001D3EE6,0,1,1,4294967295,0,0
oInvCollPH,368,336,003555E7,0,1,1,4294967295,0,0
oInvCollPH,384,336,00091F68,0,1,1,4294967295,0,0
oInvCollPH,400,336,0007CB64,0,1,1,4294967295,0,0
oInvCollPH,416,336,001A6206,0,1,1,4294967295,0,0
oInvCollPH,432,336,00112FDC,0,1,1,4294967295,0,0
oInvCollPH,448,336,0031D992,0,1,1,4294967295,0,0
oInvCollPH,464,336,0021B624,0,1,1,4294967295,0,0
oInvCollPH,480,336,00010355,0,1,1,4294967295,0,0
oInvCollPH,496,336,003F20E7,0,1,1,4294967295,0,0
oInvCollPH,512,336,001FDB85,0,1,1,4294967295,0,0
oInvCollPH,528,336,0018EF5A,0,1,1,4294967295,0,0
oInvCollPH,528,320,00133F44,0,1,1,4294967295,0,0
oInvCollPH,528,304,001F6E93,0,1,1,4294967295,0,0
oInvCollPH,528,288,0030AA9D,0,1,1,4294967295,0,0
oInvCollPH,528,272,00202C27,0,1,1,4294967295,0,0
oInvCollPH,528,256,003C3F63,0,1,1,4294967295,0,0
oInvCollPH,528,240,00350C5B,0,1,1,4294967295,0,0
oInvCollPH,528,224,001279C2,0,1,1,4294967295,0,0
oInvCollPH,528,208,001DE52B,0,1,1,4294967295,0,0
oInvCollPH,528,192,002E2B01,0,1,1,4294967295,0,0
oInvCollPH,528,176,000D90A8,0,1,1,4294967295,0,0
oInvCollPH,528,160,0004B2C0,0,1,1,4294967295,0,0
oInvCollPH,528,144,003C523F,0,1,1,4294967295,0,0
oInvCollPH,528,128,00074E30,0,1,1,4294967295,0,0
oInvCollPH,528,112,0036A91A,0,1,1,4294967295,0,0
oInvCollPH,528,96,000B28F3,0,1,1,4294967295,0,0
oInvCollPH,528,80,003B6DD0,0,1,1,4294967295,0,0
oInvCollPH,528,64,0012110B,0,1,1,4294967295,0,0
oInvCollPH,528,48,003E3C0C,0,1,1,4294967295,0,0
oInvCollPH,528,32,0029C8C1,0,1,1,4294967295,0,0
oInvCollPH,704,176,000A491F,0,1,1,4294967295,0,0
oInvCollPH,704,192,003416D9,0,1,1,4294967295,0,0
oInvCollPH,704,208,003359B4,0,1,1,4294967295,0,0
oInvCollPH,704,224,00368C63,0,1,1,4294967295,0,0
oInvCollPH,704,240,00403660,0,1,1,4294967295,0,0
oInvCollPH,704,256,001598F6,0,1,1,4294967295,0,0
oInvCollPH,704,272,002597B0,0,1,1,4294967295,0,0
oInvCollPH,704,288,000543BB,0,1,1,4294967295,0,0
oInvCollPH,704,304,001072FC,0,1,1,4294967295,0,0
oInvCollPH,704,320,003C6165,0,1,1,4294967295,0,0
oInvCollPH,704,336,0021C856,0,1,1,4294967295,0,0
oInvCollPH,704,352,0003E9A4,0,1,1,4294967295,0,0
oInvCollPH,704,368,0033A9F9,0,1,1,4294967295,0,0
oInvCollPH,704,384,0014E8FF,0,1,1,4294967295,0,0
oInvCollPH,704,400,002678E5,0,1,1,4294967295,0,0
oInvCollPH,704,416,003E8F10,0,1,1,4294967295,0,0
oInvCollPH,704,432,0000813A,0,1,1,4294967295,0,0
oInvCollPH,704,448,001B42D1,0,1,1,4294967295,0,0
oInvCollPH,704,464,00043A5C,0,1,1,4294967295,0,0
oInvCollPH,720,160,00034BD5,0,1,1,4294967295,0,0
oInvCollPH,736,160,003F8D65,0,1,1,4294967295,0,0
oInvCollPH,752,160,0026562C,0,1,1,4294967295,0,0
oInvCollPH,768,160,003655EE,0,1,1,4294967295,0,0
oInvCollPH,784,160,001B4C65,0,1,1,4294967295,0,0
oInvCollPH,800,160,002AA3DA,0,1,1,4294967295,0,0
oInvCollPH,816,160,0009BF2A,0,1,1,4294967295,0,0
oInvCollPH,832,160,000FFB72,0,1,1,4294967295,0,0
oInvCollPH,848,160,000AAEEC,0,1,1,4294967295,0,0
oInvCollPH,864,160,003C62F7,0,1,1,4294967295,0,0
oInvCollPH,880,160,00062E09,0,1,1,4294967295,0,0
oInvCollPH,896,160,0019B7B9,0,1,1,4294967295,0,0
oInvCollPH,912,160,000711D7,0,1,1,4294967295,0,0
oInvCollPH,928,160,00337B16,0,1,1,4294967295,0,0
oInvCollPH,944,160,00341543,0,1,1,4294967295,0,0
oInvCollPH,944,176,002DD5DF,0,1,1,4294967295,0,0
oInvCollPH,944,192,00339FC5,0,1,1,4294967295,0,0
oInvCollPH,944,208,000F6067,0,1,1,4294967295,0,0
oInvCollPH,944,224,000830D2,0,1,1,4294967295,0,0
oInvCollPH,944,240,00100F91,0,1,1,4294967295,0,0
oInvCollPH,944,256,0004CF26,0,1,1,4294967295,0,0
oInvCollPH,944,272,00211A33,0,1,1,4294967295,0,0
oInvCollPH,944,288,0008C808,0,1,1,4294967295,0,0
oInvCollPH,944,304,003B0E55,0,1,1,4294967295,0,0
oInvCollPH,944,320,0013141F,0,1,1,4294967295,0,0
oInvCollPH,944,336,0010F9AC,0,1,1,4294967295,0,0
oInvCollPH,944,352,001BCD65,0,1,1,4294967295,0,0
oInvCollPH,944,368,003B4BA7,0,1,1,4294967295,0,0
oInvCollPH,944,384,003356D9,0,1,1,4294967295,0,0
oInvCollPH,944,400,002037D5,0,1,1,4294967295,0,0
oInvCollPH,944,416,00345BB3,0,1,1,4294967295,0,0
oInvCollPH,944,432,0026B8D9,0,1,1,4294967295,0,0
oInvCollPH,944,448,003F84DA,0,1,1,4294967295,0,0
oInvCollPH,944,464,000667D0,0,1,1,4294967295,0,0
oInvCollPH,544,16,0024CF8F,0,1,1,4294967295,0,0
oInvCollPH,560,16,0031EA1C,0,1,1,4294967295,0,0
oInvCollPH,576,16,002302F1,0,1,1,4294967295,0,0
oInvCollPH,592,16,0009EF16,0,1,1,4294967295,0,0
oInvCollPH,608,16,001B2B1A,0,1,1,4294967295,0,0
oInvCollPH,624,16,003E93C6,0,1,1,4294967295,0,0
oInvCollPH,640,16,00274DAE,0,1,1,4294967295,0,0
oInvCollPH,656,16,00288C2A,0,1,1,4294967295,0,0
oInvCollPH,672,16,000BC275,0,1,1,4294967295,0,0
oInvCollPH,688,16,00005256,0,1,1,4294967295,0,0
oInvCollPH,704,16,00262EDF,0,1,1,4294967295,0,0
oInvCollPH,720,16,0002C6A9,0,1,1,4294967295,0,0
oInvCollPH,736,16,0027627E,0,1,1,4294967295,0,0
oInvCollPH,752,16,00161348,0,1,1,4294967295,0,0
oInvCollPH,768,16,003F7335,0,1,1,4294967295,0,0
oInvCollPH,784,16,0011DFF7,0,1,1,4294967295,0,0
oInvCollPH,800,16,003D93EC,0,1,1,4294967295,0,0
oInvCollPH,816,16,000290B5,0,1,1,4294967295,0,0
oInvCollPH,864,16,0039F3FF,0,1,1,4294967295,0,0
oInvCollPH,880,16,003AE339,0,1,1,4294967295,0,0
oInvCollPH,896,16,000029A2,0,1,1,4294967295,0,0
oInvCollPH,912,16,000AB5DA,0,1,1,4294967295,0,0
oInvCollPH,928,16,000DBC38,0,1,1,4294967295,0,0
oInvCollPH,944,16,002AC317,0,1,1,4294967295,0,0
oInvCollPH,960,16,002B1DA6,0,1,1,4294967295,0,0
oInvCollPH,976,16,0001260E,0,1,1,4294967295,0,0
oInvCollPH,992,16,0020A723,0,1,1,4294967295,0,0
oInvCollPH,1008,16,003114A9,0,1,1,4294967295,0,0
oInvCollPH,1024,16,001EC79E,0,1,1,4294967295,0,0
oInvCollPH,832,16,0023A2B0,0,1,1,4294967295,0,0
oInvCollPH,848,16,000F303F,0,1,1,4294967295,0,0
oInvCollPH,1040,16,001DA292,0,1,1,4294967295,0,0
oInvCollPH,1056,16,00188A01,0,1,1,4294967295,0,0
oInvCollPH,1072,16,003509A0,0,1,1,4294967295,0,0
oInvCollPH,1088,16,00311FBC,0,1,1,4294967295,0,0
oInvCollPH,1104,16,003C6D0C,0,1,1,4294967295,0,0
oInvCollPH,1120,32,00168F27,0,1,1,4294967295,0,0
oInvCollPH,1120,48,000E9D0E,0,1,1,4294967295,0,0
oInvCollPH,1120,64,0012382E,0,1,1,4294967295,0,0
oInvCollPH,1120,80,003DBAA6,0,1,1,4294967295,0,0
oInvCollPH,1120,96,002D4E33,0,1,1,4294967295,0,0
oInvCollPH,1120,112,0017B414,0,1,1,4294967295,0,0
oInvCollPH,1120,128,00167FD0,0,1,1,4294967295,0,0
oInvCollPH,1120,144,0025AA39,0,1,1,4294967295,0,0
oInvCollPH,1120,160,0031A3A0,0,1,1,4294967295,0,0
oInvCollPH,1120,176,00322342,0,1,1,4294967295,0,0
oInvCollPH,1120,192,002AD8AC,0,1,1,4294967295,0,0
oInvCollPH,1120,208,003B0D47,0,1,1,4294967295,0,0
oInvCollPH,1120,224,001B74B3,0,1,1,4294967295,0,0
oInvCollPH,1120,240,000DF4F6,0,1,1,4294967295,0,0
oInvCollPH,1120,256,002CB9F6,0,1,1,4294967295,0,0
oInvCollPH,1120,272,001BE71C,0,1,1,4294967295,0,0
oInvCollPH,1120,288,0027037F,0,1,1,4294967295,0,0
oInvCollPH,1120,304,003ABFAE,0,1,1,4294967295,0,0
oInvCollPH,1120,320,0005C684,0,1,1,4294967295,0,0
oInvCollPH,1120,336,0023E4D9,0,1,1,4294967295,0,0
oInvCollPH,1136,336,000161F5,0,1,1,4294967295,0,0
oInvCollPH,1152,336,00041E66,0,1,1,4294967295,0,0
oInvCollPH,1168,336,0032AA36,0,1,1,4294967295,0,0
oInvCollPH,1184,336,002654D9,0,1,1,4294967295,0,0
oInvCollPH,1200,336,003F02A4,0,1,1,4294967295,0,0
oInvCollPH,1216,336,00397562,0,1,1,4294967295,0,0
oInvCollPH,1232,336,00047EE7,0,1,1,4294967295,0,0
oInvCollPH,1248,336,001B9B22,0,1,1,4294967295,0,0
oInvCollPH,1264,336,00049B8B,0,1,1,4294967295,0,0
oInvCollPH,1280,336,00402903,0,1,1,4294967295,0,0
oInvCollPH,1296,336,003B1A7D,0,1,1,4294967295,0,0
oInvCollPH,1312,336,00324775,0,1,1,4294967295,0,0
oInvCollPH,1328,336,002BB664,0,1,1,4294967295,0,0
oInvCollPH,1344,336,00374B89,0,1,1,4294967295,0,0
oInvCollPH,1360,336,00143E5F,0,1,1,4294967295,0,0
oInvCollPH,1360,320,000688A3,0,1,1,4294967295,0,0
oInvCollPH,1360,304,0024D5D7,0,1,1,4294967295,0,0
oInvCollPH,1360,288,002ED832,0,1,1,4294967295,0,0
oInvCollPH,1360,272,00133813,0,1,1,4294967295,0,0
oInvCollPH,1360,256,00166EB5,0,1,1,4294967295,0,0
oInvCollPH,1360,240,0002EC45,0,1,1,4294967295,0,0
oInvCollPH,1360,224,0011857C,0,1,1,4294967295,0,0
oInvCollPH,1360,208,003C7FBC,0,1,1,4294967295,0,0
oInvCollPH,1360,192,000FF9FD,0,1,1,4294967295,0,0
oInvCollPH,1360,176,0016AA7B,0,1,1,4294967295,0,0
oInvCollPH,1360,160,002C170D,0,1,1,4294967295,0,0
oInvCollPH,1360,144,00236E65,0,1,1,4294967295,0,0
oInvCollPH,1360,128,0032E8A3,0,1,1,4294967295,0,0
oInvCollPH,1360,112,001AE2B0,0,1,1,4294967295,0,0
oInvCollPH,1360,96,000AA47E,0,1,1,4294967295,0,0
oInvCollPH,1360,80,003060B8,0,1,1,4294967295,0,0
oInvCollPH,1360,64,0002D54F,0,1,1,4294967295,0,0
oInvCollPH,1360,48,00034E23,0,1,1,4294967295,0,0
oInvCollPH,1360,32,003BEBAA,0,1,1,4294967295,0,0
oInvCollPH,976,480,0011C110,0,1,1,4294967295,0,0
oInvCollPH,992,480,00232CF8,0,1,1,4294967295,0,0
oInvCollPH,1008,480,000A0B23,0,1,1,4294967295,0,0
oInvCollPH,1024,480,000DF593,0,1,1,4294967295,0,0
oInvCollPH,1040,480,00257187,0,1,1,4294967295,0,0
oInvCollPH,1056,480,0038041B,0,1,1,4294967295,0,0
oInvCollPH,1072,480,002B0836,0,1,1,4294967295,0,0
oInvCollPH,1088,480,00390B09,0,1,1,4294967295,0,0
oInvCollPH,1104,480,002B3EFC,0,1,1,4294967295,0,0
oInvCollPH,1120,480,0006DBD1,0,1,1,4294967295,0,0
oInvCollPH,1136,480,000D79F5,0,1,1,4294967295,0,0
oInvCollPH,1152,480,00287851,0,1,1,4294967295,0,0
oInvCollPH,1168,480,002CDAC4,0,1,1,4294967295,0,0
oInvCollPH,1184,480,001626AC,0,1,1,4294967295,0,0
oInvCollPH,1200,480,002B437C,0,1,1,4294967295,0,0
oInvCollPH,1216,480,0037A748,0,1,1,4294967295,0,0
oInvCollPH,1232,480,000E6561,0,1,1,4294967295,0,0
oInvCollPH,1248,480,001CACF9,0,1,1,4294967295,0,0
oInvCollPH,1264,480,0010B183,0,1,1,4294967295,0,0
oInvCollPH,1280,480,0034E138,0,1,1,4294967295,0,0
oInvCollPH,1296,480,00111737,0,1,1,4294967295,0,0
oInvCollPH,1312,480,0029498B,0,1,1,4294967295,0,0
oInvCollPH,1328,480,002ABCE0,0,1,1,4294967295,0,0
oInvCollPH,1344,480,001B5952,0,1,1,4294967295,0,0
oInvCollPH,1360,480,001C9BDA,0,1,1,4294967295,0,0
oInvCollPH,1376,480,00312DE7,0,1,1,4294967295,0,0
oInvCollPH,1392,480,001AFC28,0,1,1,4294967295,0,0
oInvCollPH,1408,480,003C65A6,0,1,1,4294967295,0,0
oInvCollPH,1424,480,0038D0D6,0,1,1,4294967295,0,0
oInvCollPH,1440,480,0009EEA3,0,1,1,4294967295,0,0
oInvCollPH,1456,480,00279D0D,0,1,1,4294967295,0,0
oInvCollPH,1472,480,00221BDE,0,1,1,4294967295,0,0
oInvCollPH,1488,480,002CA059,0,1,1,4294967295,0,0
oInvCollPH,1504,480,0022B4E9,0,1,1,4294967295,0,0
oInvCollPH,1520,480,0020176E,0,1,1,4294967295,0,0
oInvCollPH,1376,16,000AA346,0,1,1,4294967295,0,0
oInvCollPH,1392,16,000AF564,0,1,1,4294967295,0,0
oInvCollPH,1408,16,002A9167,0,1,1,4294967295,0,0
oInvCollPH,1424,16,0021D28E,0,1,1,4294967295,0,0
oInvCollPH,1440,16,0002ED77,0,1,1,4294967295,0,0
oInvCollPH,1456,16,00392300,0,1,1,4294967295,0,0
oInvCollPH,1472,16,00354F4F,0,1,1,4294967295,0,0
oInvCollPH,1488,16,00372837,0,1,1,4294967295,0,0
oInvCollPH,1504,16,001B02D5,0,1,1,4294967295,0,0
oInvCollPH,1520,16,002075DF,0,1,1,4294967295,0,0
oInvCollPH,1536,16,001D7DFF,0,1,1,4294967295,0,0
oInvCollPH,1552,16,003B71B9,0,1,1,4294967295,0,0
oInvCollPH,1568,16,000E6CDD,0,1,1,4294967295,0,0
oInvCollPH,1584,16,00100E07,0,1,1,4294967295,0,0
oInvCollPH,1600,16,0029EAAB,0,1,1,4294967295,0,0
oInvCollPH,1616,16,00149584,0,1,1,4294967295,0,0
oInvCollPH,1632,16,0017F620,0,1,1,4294967295,0,0
oInvCollPH,1648,16,00069F81,0,1,1,4294967295,0,0
oInvCollPH,1664,16,00006AAD,0,1,1,4294967295,0,0
oInvCollPH,1680,16,0026F0B4,0,1,1,4294967295,0,0
oInvCollPH,1696,16,0017CE21,0,1,1,4294967295,0,0
oInvCollPH,1712,16,0004972E,0,1,1,4294967295,0,0
oInvCollPH,1728,16,001A5E91,0,1,1,4294967295,0,0
oInvCollPH,1744,16,002EE680,0,1,1,4294967295,0,0
oInvCollPH,1760,16,003FEE58,0,1,1,4294967295,0,0
oInvCollPH,1776,16,00278DCC,0,1,1,4294967295,0,0
oInvCollPH,1792,16,000ED752,0,1,1,4294967295,0,0
oInvCollPH,1808,16,0011A75A,0,1,1,4294967295,0,0
oInvCollPH,1824,16,0027454B,0,1,1,4294967295,0,0
oInvCollPH,1840,16,00246E1E,0,1,1,4294967295,0,0
oInvCollPH,1856,16,0019CC4A,0,1,1,4294967295,0,0
oInvCollPH,1872,16,00218173,0,1,1,4294967295,0,0
oInvCollPH,1888,16,001D034E,0,1,1,4294967295,0,0
oInvCollPH,1904,16,003F481A,0,1,1,4294967295,0,0
oInvCollPH,1920,16,001DACCC,0,1,1,4294967295,0,0
oInvCollPH,1936,16,00099398,0,1,1,4294967295,0,0
oInvCollPH,1808,480,0023FAD8,0,1,1,4294967295,0,0
oInvCollPH,1824,480,00047363,0,1,1,4294967295,0,0
oInvCollPH,1840,480,0004978B,0,1,1,4294967295,0,0
oInvCollPH,1856,480,001F3C86,0,1,1,4294967295,0,0
oInvCollPH,1872,480,001EA49F,0,1,1,4294967295,0,0
oInvCollPH,1888,480,0031CFEA,0,1,1,4294967295,0,0
oInvCollPH,1904,480,00003CDD,0,1,1,4294967295,0,0
oInvCollPH,1920,480,000AA2DB,0,1,1,4294967295,0,0
oInvCollPH,1936,480,003DBDF0,0,1,1,4294967295,0,0
oInvCollPH,1952,480,00269923,0,1,1,4294967295,0,0
oInvCollPH,1968,480,0002B2F9,0,1,1,4294967295,0,0
oInvCollPH,1984,480,00133EF2,0,1,1,4294967295,0,0
oInvCollPH,2000,480,0012B2BD,0,1,1,4294967295,0,0
oInvCollPH,2016,480,00131531,0,1,1,4294967295,0,0
oInvCollPH,2032,480,001D1A83,0,1,1,4294967295,0,0
oInvCollPH,2048,480,0021E6AD,0,1,1,4294967295,0,0
oInvCollPH,2064,480,003D3FBE,0,1,1,4294967295,0,0
oInvCollPH,2080,480,001E70A6,0,1,1,4294967295,0,0
oInvCollPH,2096,480,003D5FAE,0,1,1,4294967295,0,0
oInvCollPH,2112,480,00237277,0,1,1,4294967295,0,0
oInvCollPH,2128,480,0030082E,0,1,1,4294967295,0,0
oInvCollPH,2144,480,0015C329,0,1,1,4294967295,0,0
oInvCollPH,2160,480,0016FB4B,0,1,1,4294967295,0,0
oInvCollPH,2176,480,0000FB9C,0,1,1,4294967295,0,0
oInvCollPH,2192,480,00282A6A,0,1,1,4294967295,0,0
oInvCollPH,2208,480,0003A78D,0,1,1,4294967295,0,0
oInvCollPH,2224,480,0012A924,0,1,1,4294967295,0,0
oInvCollPH,2240,480,0035DA92,0,1,1,4294967295,0,0
oInvCollPH,2256,480,0032DBB0,0,1,1,4294967295,0,0
oInvCollPH,2272,480,001DA615,0,1,1,4294967295,0,0
oInvCollPH,2288,480,002C9FCA,0,1,1,4294967295,0,0
oInvCollPH,2304,480,001722B2,0,1,1,4294967295,0,0
oInvCollPH,2320,480,00387775,0,1,1,4294967295,0,0
oInvCollPH,2336,480,00066FD0,0,1,1,4294967295,0,0
oInvCollPH,2352,480,00402FEE,0,1,1,4294967295,0,0
oInvCollPH,2208,16,003AC73C,0,1,1,4294967295,0,0
oInvCollPH,2224,16,000EE6EB,0,1,1,4294967295,0,0
oInvCollPH,2240,16,0037106C,0,1,1,4294967295,0,0
oInvCollPH,2256,16,0009E1BD,0,1,1,4294967295,0,0
oInvCollPH,2272,16,002B9292,0,1,1,4294967295,0,0
oInvCollPH,2288,16,00270563,0,1,1,4294967295,0,0
oInvCollPH,2304,16,00281013,0,1,1,4294967295,0,0
oInvCollPH,2320,16,003AC475,0,1,1,4294967295,0,0
oInvCollPH,2336,16,00351425,0,1,1,4294967295,0,0
oInvCollPH,2352,16,00314990,0,1,1,4294967295,0,0
oInvCollPH,2368,16,000F81A5,0,1,1,4294967295,0,0
oInvCollPH,2384,16,003E523C,0,1,1,4294967295,0,0
oInvCollPH,2400,16,00179C50,0,1,1,4294967295,0,0
oInvCollPH,2416,16,0009E187,0,1,1,4294967295,0,0
oInvCollPH,2432,16,0028469B,0,1,1,4294967295,0,0
oInvCollPH,2448,16,002B4C8C,0,1,1,4294967295,0,0
oInvCollPH,2464,16,001DFBEC,0,1,1,4294967295,0,0
oInvCollPH,2480,16,000C1A02,0,1,1,4294967295,0,0
oInvCollPH,2496,16,002BB1DC,0,1,1,4294967295,0,0
oInvCollPH,2512,16,0011A43F,0,1,1,4294967295,0,0
oInvCollPH,2528,16,0033F58D,0,1,1,4294967295,0,0
oInvCollPH,2544,16,0039EC71,0,1,1,4294967295,0,0
oInvCollPH,2560,16,0035EA96,0,1,1,4294967295,0,0
oInvCollPH,2576,16,003BB92D,0,1,1,4294967295,0,0
oInvCollPH,2592,16,002B8A5A,0,1,1,4294967295,0,0
oInvCollPH,2608,16,00149F22,0,1,1,4294967295,0,0
oInvCollPH,2624,16,003BED6A,0,1,1,4294967295,0,0
oInvCollPH,2640,16,002F2510,0,1,1,4294967295,0,0
oInvCollPH,2656,16,0024BB70,0,1,1,4294967295,0,0
oInvCollPH,2672,16,002F9BCA,0,1,1,4294967295,0,0
oInvCollPH,2688,16,0034BE0E,0,1,1,4294967295,0,0
oInvCollPH,2704,16,001532B1,0,1,1,4294967295,0,0
oInvCollPH,2720,16,00185EF9,0,1,1,4294967295,0,0
oInvCollPH,2736,16,000A270C,0,1,1,4294967295,0,0
oInvCollPH,2752,16,0002F7CB,0,1,1,4294967295,0,0
oInvCollPH,2768,16,0018650D,0,1,1,4294967295,0,0
oInvCollPH,2368,464,00175280,0,1,1,4294967295,0,0
oInvCollPH,2368,448,001924EA,0,1,1,4294967295,0,0
oInvCollPH,2368,432,003F492B,0,1,1,4294967295,0,0
oInvCollPH,2368,416,003B6064,0,1,1,4294967295,0,0
oInvCollPH,2368,400,001368BF,0,1,1,4294967295,0,0
oInvCollPH,2368,384,003D8B7F,0,1,1,4294967295,0,0
oInvCollPH,2368,368,00048A30,0,1,1,4294967295,0,0
oInvCollPH,2368,352,0032D1AA,0,1,1,4294967295,0,0
oInvCollPH,2368,336,000FEE39,0,1,1,4294967295,0,0
oInvCollPH,2368,320,00074213,0,1,1,4294967295,0,0
oInvCollPH,2368,304,00048381,0,1,1,4294967295,0,0
oInvCollPH,2368,288,003D51B3,0,1,1,4294967295,0,0
oInvCollPH,2368,272,00333EA9,0,1,1,4294967295,0,0
oInvCollPH,2368,256,00052E21,0,1,1,4294967295,0,0
oInvCollPH,2368,240,00337542,0,1,1,4294967295,0,0
oInvCollPH,2368,224,00005C77,0,1,1,4294967295,0,0
oInvCollPH,2368,208,0030C049,0,1,1,4294967295,0,0
oInvCollPH,2368,192,003A9515,0,1,1,4294967295,0,0
oInvCollPH,2368,176,00289CF6,0,1,1,4294967295,0,0
oInvCollPH,2384,160,00146BCC,0,1,1,4294967295,0,0
oInvCollPH,2400,160,003C6803,0,1,1,4294967295,0,0
oInvCollPH,2416,160,0008C8CD,0,1,1,4294967295,0,0
oInvCollPH,2432,160,001B122B,0,1,1,4294967295,0,0
oInvCollPH,2448,160,003B7921,0,1,1,4294967295,0,0
oInvCollPH,2464,160,0000FBD2,0,1,1,4294967295,0,0
oInvCollPH,2480,160,0017D9D8,0,1,1,4294967295,0,0
oInvCollPH,2496,160,000D8D99,0,1,1,4294967295,0,0
oInvCollPH,2512,160,0028F782,0,1,1,4294967295,0,0
oInvCollPH,2528,160,00315946,0,1,1,4294967295,0,0
oInvCollPH,2544,160,003DE3F3,0,1,1,4294967295,0,0
oInvCollPH,2560,160,002AFF63,0,1,1,4294967295,0,0
oInvCollPH,2576,160,000B57F5,0,1,1,4294967295,0,0
oInvCollPH,2592,160,001E5B32,0,1,1,4294967295,0,0
oInvCollPH,2608,160,0016AA15,0,1,1,4294967295,0,0
oInvCollPH,2608,176,0004759C,0,1,1,4294967295,0,0
oInvCollPH,2608,192,0001299A,0,1,1,4294967295,0,0
oInvCollPH,2608,208,00324550,0,1,1,4294967295,0,0
oInvCollPH,2608,224,003C361D,0,1,1,4294967295,0,0
oInvCollPH,2608,240,00333D9C,0,1,1,4294967295,0,0
oInvCollPH,2608,256,0036C5C1,0,1,1,4294967295,0,0
oInvCollPH,2608,272,002E851F,0,1,1,4294967295,0,0
oInvCollPH,2608,288,001F045F,0,1,1,4294967295,0,0
oInvCollPH,2608,304,002750B1,0,1,1,4294967295,0,0
oInvCollPH,2608,320,0035E62E,0,1,1,4294967295,0,0
oInvCollPH,2608,336,002A9525,0,1,1,4294967295,0,0
oInvCollPH,2608,352,00193714,0,1,1,4294967295,0,0
oInvCollPH,2608,368,0009DD48,0,1,1,4294967295,0,0
oInvCollPH,2608,384,000510A1,0,1,1,4294967295,0,0
oInvCollPH,2608,400,001647BE,0,1,1,4294967295,0,0
oInvCollPH,2608,416,00174A7B,0,1,1,4294967295,0,0
oInvCollPH,2608,432,001B9193,0,1,1,4294967295,0,0
oInvCollPH,2608,448,003EAB98,0,1,1,4294967295,0,0
oInvCollPH,2608,464,00191869,0,1,1,4294967295,0,0
oInvCollPH,1952,32,000F1C9B,0,1,1,4294967295,0,0
oInvCollPH,1952,48,00107374,0,1,1,4294967295,0,0
oInvCollPH,1952,64,001997E1,0,1,1,4294967295,0,0
oInvCollPH,1952,80,0033B973,0,1,1,4294967295,0,0
oInvCollPH,1952,96,0005C6C7,0,1,1,4294967295,0,0
oInvCollPH,1952,112,003A4C52,0,1,1,4294967295,0,0
oInvCollPH,1952,128,0035EAEF,0,1,1,4294967295,0,0
oInvCollPH,1952,144,001BF2AF,0,1,1,4294967295,0,0
oInvCollPH,1952,160,0037ED92,0,1,1,4294967295,0,0
oInvCollPH,1952,176,001BC11E,0,1,1,4294967295,0,0
oInvCollPH,1952,192,003DB4A5,0,1,1,4294967295,0,0
oInvCollPH,1952,208,001AB017,0,1,1,4294967295,0,0
oInvCollPH,1952,224,0006004C,0,1,1,4294967295,0,0
oInvCollPH,1952,240,00197461,0,1,1,4294967295,0,0
oInvCollPH,1952,256,000E8629,0,1,1,4294967295,0,0
oInvCollPH,1952,272,00404596,0,1,1,4294967295,0,0
oInvCollPH,1952,288,001C63CA,0,1,1,4294967295,0,0
oInvCollPH,1952,304,000130FE,0,1,1,4294967295,0,0
oInvCollPH,1952,320,0021F169,0,1,1,4294967295,0,0
oInvCollPH,1952,336,00185129,0,1,1,4294967295,0,0
oInvCollPH,1968,336,0011DD95,0,1,1,4294967295,0,0
oInvCollPH,1984,336,003C9F38,0,1,1,4294967295,0,0
oInvCollPH,2000,336,003EEEF6,0,1,1,4294967295,0,0
oInvCollPH,2016,336,001597A6,0,1,1,4294967295,0,0
oInvCollPH,2032,336,0018DA1C,0,1,1,4294967295,0,0
oInvCollPH,2048,336,000835FD,0,1,1,4294967295,0,0
oInvCollPH,2064,336,00133405,0,1,1,4294967295,0,0
oInvCollPH,2080,336,0037D9AC,0,1,1,4294967295,0,0
oInvCollPH,2096,336,001F2594,0,1,1,4294967295,0,0
oInvCollPH,2112,336,0025BBF6,0,1,1,4294967295,0,0
oInvCollPH,2128,336,001DB2F5,0,1,1,4294967295,0,0
oInvCollPH,2144,336,00073580,0,1,1,4294967295,0,0
oInvCollPH,2160,336,00133C49,0,1,1,4294967295,0,0
oInvCollPH,2176,336,003E6B7E,0,1,1,4294967295,0,0
oInvCollPH,2192,336,00222C2F,0,1,1,4294967295,0,0
oInvCollPH,2192,320,000C417E,0,1,1,4294967295,0,0
oInvCollPH,2192,304,0010CF3F,0,1,1,4294967295,0,0
oInvCollPH,2192,288,000DDEFC,0,1,1,4294967295,0,0
oInvCollPH,2192,272,00367579,0,1,1,4294967295,0,0
oInvCollPH,2192,256,0036CAAB,0,1,1,4294967295,0,0
oInvCollPH,2192,240,0007031D,0,1,1,4294967295,0,0
oInvCollPH,2192,224,003025BB,0,1,1,4294967295,0,0
oInvCollPH,2192,208,003FD33C,0,1,1,4294967295,0,0
oInvCollPH,2192,192,003FD908,0,1,1,4294967295,0,0
oInvCollPH,2192,176,003CF6F8,0,1,1,4294967295,0,0
oInvCollPH,2192,160,003F68F5,0,1,1,4294967295,0,0
oInvCollPH,2192,144,000DD17C,0,1,1,4294967295,0,0
oInvCollPH,2192,128,001BD5E0,0,1,1,4294967295,0,0
oInvCollPH,2192,112,0024B792,0,1,1,4294967295,0,0
oInvCollPH,2192,96,000690D4,0,1,1,4294967295,0,0
oInvCollPH,2192,80,000D96CC,0,1,1,4294967295,0,0
oInvCollPH,2192,64,00237062,0,1,1,4294967295,0,0
oInvCollPH,2192,48,0004ACD4,0,1,1,4294967295,0,0
oInvCollPH,2192,32,0013C6D3,0,1,1,4294967295,0,0
oInvCollPH,1536,176,001DF0D4,0,1,1,4294967295,0,0
oInvCollPH,1536,192,00295F63,0,1,1,4294967295,0,0
oInvCollPH,1536,208,00046D98,0,1,1,4294967295,0,0
oInvCollPH,1536,224,00080274,0,1,1,4294967295,0,0
oInvCollPH,1536,240,0023241F,0,1,1,4294967295,0,0
oInvCollPH,1536,256,0006D503,0,1,1,4294967295,0,0
oInvCollPH,1536,272,0003C4F6,0,1,1,4294967295,0,0
oInvCollPH,1536,288,0018B662,0,1,1,4294967295,0,0
oInvCollPH,1536,304,00340FD4,0,1,1,4294967295,0,0
oInvCollPH,1536,320,002EDA7E,0,1,1,4294967295,0,0
oInvCollPH,1536,336,003C73B6,0,1,1,4294967295,0,0
oInvCollPH,1536,352,0004820A,0,1,1,4294967295,0,0
oInvCollPH,1536,368,00116850,0,1,1,4294967295,0,0
oInvCollPH,1536,384,000FFB92,0,1,1,4294967295,0,0
oInvCollPH,1536,400,0014F079,0,1,1,4294967295,0,0
oInvCollPH,1536,416,001ECFFD,0,1,1,4294967295,0,0
oInvCollPH,1536,432,001ED0BD,0,1,1,4294967295,0,0
oInvCollPH,1536,448,00369619,0,1,1,4294967295,0,0
oInvCollPH,1536,464,0036236C,0,1,1,4294967295,0,0
oInvCollPH,1552,160,0010987E,0,1,1,4294967295,0,0
oInvCollPH,1568,160,001FD95C,0,1,1,4294967295,0,0
oInvCollPH,1584,160,000F43F4,0,1,1,4294967295,0,0
oInvCollPH,1600,160,003457C0,0,1,1,4294967295,0,0
oInvCollPH,1616,160,002EC6CD,0,1,1,4294967295,0,0
oInvCollPH,1632,160,000AE229,0,1,1,4294967295,0,0
oInvCollPH,1648,160,00291644,0,1,1,4294967295,0,0
oInvCollPH,1664,160,003FC71E,0,1,1,4294967295,0,0
oInvCollPH,1680,160,002006A7,0,1,1,4294967295,0,0
oInvCollPH,1696,160,00267292,0,1,1,4294967295,0,0
oInvCollPH,1712,160,002156D4,0,1,1,4294967295,0,0
oInvCollPH,1728,160,0015CA9E,0,1,1,4294967295,0,0
oInvCollPH,1744,160,000B6566,0,1,1,4294967295,0,0
oInvCollPH,1760,160,00118347,0,1,1,4294967295,0,0
oInvCollPH,1776,160,001A2923,0,1,1,4294967295,0,0
oInvCollPH,1776,176,0016DC69,0,1,1,4294967295,0,0
oInvCollPH,1776,192,001C8008,0,1,1,4294967295,0,0
oInvCollPH,1776,208,003FA2A0,0,1,1,4294967295,0,0
oInvCollPH,1776,224,001C7432,0,1,1,4294967295,0,0
oInvCollPH,1776,240,001D33E9,0,1,1,4294967295,0,0
oInvCollPH,1776,256,0010320A,0,1,1,4294967295,0,0
oInvCollPH,1776,272,000B7B27,0,1,1,4294967295,0,0
oInvCollPH,1776,288,003DCB12,0,1,1,4294967295,0,0
oInvCollPH,1776,304,000A2C55,0,1,1,4294967295,0,0
oInvCollPH,1776,320,001FA158,0,1,1,4294967295,0,0
oInvCollPH,1776,336,00347098,0,1,1,4294967295,0,0
oInvCollPH,1776,352,002077AC,0,1,1,4294967295,0,0
oInvCollPH,1776,368,0022BAAE,0,1,1,4294967295,0,0
oInvCollPH,1776,384,0005A546,0,1,1,4294967295,0,0
oInvCollPH,1776,400,0004BA78,0,1,1,4294967295,0,0
oInvCollPH,1776,416,001C6346,0,1,1,4294967295,0,0
oInvCollPH,1776,432,002EB071,0,1,1,4294967295,0,0
oInvCollPH,1776,448,00372CFE,0,1,1,4294967295,0,0
oInvCollPH,1776,464,002FCCB7,0,1,1,4294967295,0,0
oInvCollPH,2640,480,003DB275,0,1,1,4294967295,0,0
oInvCollPH,2656,480,002421C6,0,1,1,4294967295,0,0
oInvCollPH,2672,480,00127C35,0,1,1,4294967295,0,0
oInvCollPH,2688,480,001194B9,0,1,1,4294967295,0,0
oInvCollPH,2704,480,000C10E3,0,1,1,4294967295,0,0
oInvCollPH,2720,480,00393051,0,1,1,4294967295,0,0
oInvCollPH,2736,480,00163689,0,1,1,4294967295,0,0
oInvCollPH,2752,480,0003F2A8,0,1,1,4294967295,0,0
oInvCollPH,2768,480,0026D7F0,0,1,1,4294967295,0,0
oInvCollPH,2784,464,0012E8FD,0,1,1,4294967295,0,0
oInvCollPH,2800,448,002A58E5,0,1,1,4294967295,0,0
oInvCollPH,2816,448,001FC4C1,0,1,1,4294967295,0,0
oInvCollPH,2832,448,000ABDAC,0,1,1,4294967295,0,0
oInvCollPH,2848,448,001B98BB,0,1,1,4294967295,0,0
oInvCollPH,2864,448,00250095,0,1,1,4294967295,0,0
oInvCollPH,2880,448,001DC392,0,1,1,4294967295,0,0
oInvCollPH,2896,448,00353248,0,1,1,4294967295,0,0
oInvCollPH,2912,448,0012185C,0,1,1,4294967295,0,0
oInvCollPH,2928,448,003B6C50,0,1,1,4294967295,0,0
oInvCollPH,2784,32,0015E677,0,1,1,4294967295,0,0
oInvCollPH,2784,48,0016E105,0,1,1,4294967295,0,0
oInvCollPH,2784,64,003F1C7A,0,1,1,4294967295,0,0
oInvCollPH,2784,80,0020D415,0,1,1,4294967295,0,0
oInvCollPH,2784,96,002A237D,0,1,1,4294967295,0,0
oInvCollPH,2784,112,00299EAC,0,1,1,4294967295,0,0
oInvCollPH,2784,128,00019E18,0,1,1,4294967295,0,0
oInvCollPH,2784,144,0029D132,0,1,1,4294967295,0,0
oInvCollPH,2784,160,003CCC4A,0,1,1,4294967295,0,0
oInvCollPH,2784,176,003BEDC9,0,1,1,4294967295,0,0
oInvCollPH,2784,192,000063DA,0,1,1,4294967295,0,0
oInvCollPH,2784,208,00127325,0,1,1,4294967295,0,0
oInvCollPH,2784,224,00220443,0,1,1,4294967295,0,0
oInvCollPH,2784,240,00240146,0,1,1,4294967295,0,0
oInvCollPH,2784,256,000ECFB7,0,1,1,4294967295,0,0
oInvCollPH,2784,272,001F44F1,0,1,1,4294967295,0,0
oInvCollPH,2784,288,000B072D,0,1,1,4294967295,0,0
oInvCollPH,2784,304,0012235B,0,1,1,4294967295,0,0
oInvCollPH,2800,304,00343BA7,0,1,1,4294967295,0,0
oInvCollPH,2816,304,00173BDD,0,1,1,4294967295,0,0
oInvCollPH,2832,304,0039325F,0,1,1,4294967295,0,0
oInvCollPH,2848,304,000CFDA0,0,1,1,4294967295,0,0
oInvCollPH,2864,304,00078947,0,1,1,4294967295,0,0
oInvCollPH,2880,304,002E1FDA,0,1,1,4294967295,0,0
oInvCollPH,2896,304,0017F325,0,1,1,4294967295,0,0
oInvCollPH,2912,304,00348EBE,0,1,1,4294967295,0,0
oInvCollPH,2928,304,002A1F7D,0,1,1,4294967295,0,0
oEnemySpawnZone,400,352,003E6189,0,1,1,4294967295,0,1
oEnemySpawnZone,768,32,00307306,0,1,1,4294967295,0,1
oEnemySpawnZone,1648,32,0035080B,0,1,1,4294967295,0,1
oInvisibleSolid,0,128,0032FF28,0,1,1,4294967295,0,1
oInvisibleSolid,0,0,000863CA,0,1,1,4294967295,0,1
oInvisibleSolid,288,0,002E712B,0,1,1,4294967295,0,1
oInvisibleSolid,128,480,002712A0,0,1,1,4294967295,0,1
oInvisibleSolid,544,0,0038F1B8,0,1,1,4294967295,0,1
oInvisibleSolid,704,160,0039F496,0,1,1,4294967295,0,1
oInvisibleSolid,1120,0,000D30FB,0,1,1,4294967295,0,1
oInvisibleSolid,960,480,002573C6,0,1,1,4294967295,0,1
oInvisibleSolid,2368,160,002C56D8,0,1,1,4294967295,0,1
oInvisibleSolid,2208,0,000C47AB,0,1,1,4294967295,0,1
oInvisibleSolid,1792,480,00069644,0,1,1,4294967295,0,1
oInvisibleSolid,1952,0,0034DCF1,0,1,1,4294967295,0,1
oInvisibleSolid,1536,160,000AF534,0,1,1,4294967295,0,1
oInvisibleSolid,1376,0,00251FA8,0,1,1,4294967295,0,1
oInvisibleSolid,2784,0,00347AA9,0,1,1,4294967295,0,1
oInvisibleSolid,2784,448,0028883F,0,1,1,4294967295,0,1
oInvisibleSolid,2624,480,0003C968,0,1,1,4294967295,0,1
