tileCastlevaniaE,1840,80,0,128,64,64,0,1,1,4294967295
tileCastlevaniaE,1840,208,0,0,64,32,0,1,1,4294967295
tileCastlevaniaE,1840,48,0,160,64,32,0,1,1,4294967295
tileCastlevaniaE,1856,0,16,112,48,48,0,1,1,4294967295
tileCastlevaniaE,1808,0,16,128,48,48,0,1,1,4294967295
tileCastlevaniaE,1760,0,16,144,48,48,0,1,1,4294967295
tileCastlevaniaE,1856,144,128,112,48,32,0,1,1,4294967295
tileCastlevaniaE,1856,176,64,80,48,32,0,1,1,4294967295
tileCastlevaniaE,1808,208,80,112,16,32,0,1,1,4294967295
tileCastlevaniaE,1712,0,16,112,48,48,0,1,1,4294967295
tileCastlevaniaE,1712,48,48,128,32,64,0,1,1,4294967295
tileCastlevaniaE,1712,112,48,128,32,64,0,1,1,4294967295
tileCastlevaniaE,1712,208,48,128,32,64,0,1,1,4294967295
tileCastlevaniaE,1712,304,48,128,32,64,0,1,1,4294967295
tileCastlevaniaE,1712,368,48,128,32,64,0,1,1,4294967295
tileCastlevaniaE,1712,496,0,0,64,32,0,1,1,4294967295
tileCastlevaniaE,1648,496,0,0,64,32,0,1,1,4294967295
tileCastlevaniaE,1696,368,0,128,16,64,0,1,1,4294967295
tileCastlevaniaE,1696,304,0,128,16,64,0,1,1,4294967295
tileCastlevaniaE,1824,496,96,112,16,32,0,1,1,4294967295
tileCastlevaniaE,1872,240,0,112,32,64,0,1,1,4294967295
tileCastlevaniaE,1872,304,0,112,32,64,0,1,1,4294967295
tileCastlevaniaE,1872,368,0,112,32,64,0,1,1,4294967295
tileCastlevaniaE,1872,432,0,112,32,64,0,1,1,4294967295
tileCastlevaniaE,1872,496,0,112,32,64,0,1,1,4294967295
tileCastlevaniaE,1872,560,0,112,32,48,0,1,1,4294967295
tileCastlevaniaE,1776,496,0,0,48,32,0,1,1,4294967295
tileCastlevaniaE,1664,112,16,128,48,64,0,1,1,4294967295
tileCastlevaniaE,1664,48,16,128,48,64,0,1,1,4294967295
tileCastlevaniaE,1664,0,16,144,48,48,0,1,1,4294967295
tileCastlevaniaE,1744,48,80,144,32,16,0,1,1,4294967295
tileCastlevaniaE,1776,48,80,144,32,16,0,1,1,4294967295
tileCastlevaniaE,1808,48,80,144,32,16,0,1,1,4294967295
tileCastlevaniaE,1632,496,80,112,16,32,0,1,1,4294967295
tileCastlevaniaE,1488,496,96,112,16,32,0,1,1,4294967295
tileCastlevaniaE,1424,496,0,0,64,32,0,1,1,4294967295
tileCastlevaniaE,1360,496,0,0,64,32,0,1,1,4294967295
tileCastlevaniaE,1296,496,0,0,64,32,0,1,1,4294967295
tileCastlevaniaE,1232,496,0,0,64,32,0,1,1,4294967295
tileCastlevaniaE,1216,496,80,112,16,32,0,1,1,4294967295
tileCastlevaniaE,1136,496,96,112,16,32,0,1,1,4294967295
tileCastlevaniaE,1072,496,0,0,64,32,0,1,1,4294967295
tileCastlevaniaE,1008,496,0,0,64,32,0,1,1,4294967295
tileCastlevaniaE,944,496,0,0,64,32,0,1,1,4294967295
tileCastlevaniaE,944,432,16,128,64,64,0,1,1,4294967295
tileCastlevaniaE,944,400,0,0,64,32,0,1,1,4294967295
tileCastlevaniaE,1008,400,96,112,16,32,0,1,1,4294967295
tileCastlevaniaE,1008,176,16,112,64,80,0,1,1,4294967295
tileCastlevaniaE,1008,96,16,112,64,80,0,1,1,4294967295
tileCastlevaniaE,992,256,0,112,80,80,0,1,1,4294967295
tileCastlevaniaE,944,192,0,128,64,64,0,1,1,4294967295
tileCastlevaniaE,1552,112,0,128,64,64,0,1,1,4294967295
tileCastlevaniaE,1616,112,16,112,48,64,0,1,1,4294967295
tileCastlevaniaE,1456,48,0,128,64,64,0,1,1,4294967295
tileCastlevaniaE,1616,48,16,128,48,64,0,1,1,4294967295
tileCastlevaniaE,1520,48,16,128,48,64,0,1,1,4294967295
tileCastlevaniaE,1568,48,16,112,48,64,0,1,1,4294967295
tileCastlevaniaE,1616,0,16,112,48,48,0,1,1,4294967295
tileCastlevaniaE,1472,0,16,112,48,48,0,1,1,4294967295
tileCastlevaniaE,1568,0,16,128,48,48,0,1,1,4294967295
tileCastlevaniaE,1424,0,16,128,48,48,0,1,1,4294967295
tileCastlevaniaE,1520,0,16,144,48,48,0,1,1,4294967295
tileCastlevaniaE,1376,0,16,112,48,48,0,1,1,4294967295
tileCastlevaniaE,1328,0,16,144,48,48,0,1,1,4294967295
tileCastlevaniaE,1280,0,16,128,48,48,0,1,1,4294967295
tileCastlevaniaE,1232,0,16,144,48,48,0,1,1,4294967295
tileCastlevaniaE,1184,0,16,112,48,48,0,1,1,4294967295
tileCastlevaniaE,1040,0,16,112,48,48,0,1,1,4294967295
tileCastlevaniaE,1136,0,16,144,48,48,0,1,1,4294967295
tileCastlevaniaE,1088,0,16,128,48,48,0,1,1,4294967295
tileCastlevaniaE,1008,48,16,128,64,48,0,1,1,4294967295
tileCastlevaniaE,1296,208,64,0,128,112,0,1,1,4294967295
tileCastlevaniaE,1296,416,64,32,128,80,0,1,1,4294967295
tileCastlevaniaE,1296,336,64,32,128,80,0,1,1,4294967295
tileCastlevaniaE,1712,176,48,112,32,32,0,1,1,4294967295
tileCastlevaniaE,1696,176,0,128,16,32,0,1,1,4294967295
tileCastlevaniaE,1728,272,48,128,32,32,0,1,1,4294967295
tileCastlevaniaE,1824,208,48,0,16,32,0,1,1,4294967295
tileCastlevaniaE,1296,320,64,80,128,16,0,1,1,4294967295
tileCastlevaniaE,1776,480,0,32,64,16,0,1,1,4294967295
tileCastlevaniaE,1792,464,0,32,16,16,0,1,1,4294967295
tileCastlevaniaE,1808,464,48,32,16,16,0,1,1,4294967295
tileCastlevaniaE,1696,272,0,128,32,32,0,1,1,4294967295
tileCastlevaniaE,1696,208,0,128,16,64,0,1,1,4294967295
tileCastlevaniaE,1568,224,0,32,48,16,0,1,1,4294967295
tileCastlevaniaE,1616,224,16,32,48,16,0,1,1,4294967295
tileCastlevaniaE,1648,528,32,48,32,32,0,1,1,4294967295
tileCastlevaniaE,1792,528,32,48,32,32,0,1,1,4294967295
tileCastlevaniaE,1440,528,32,48,32,32,0,1,1,4294967295
tileCastlevaniaE,1248,528,32,48,32,32,0,1,1,4294967295
tileCastlevaniaE,1248,560,32,64,32,16,0,1,1,4294967295
tileCastlevaniaE,1248,576,32,64,32,16,0,1,1,4294967295
tileCastlevaniaE,1248,592,32,64,32,16,0,1,1,4294967295
tileCastlevaniaE,1440,560,32,64,32,16,0,1,1,4294967295
tileCastlevaniaE,1440,576,32,64,32,16,0,1,1,4294967295
tileCastlevaniaE,1440,592,32,64,32,16,0,1,1,4294967295
tileCastlevaniaE,1648,560,32,64,32,16,0,1,1,4294967295
tileCastlevaniaE,1648,576,32,64,32,16,0,1,1,4294967295
tileCastlevaniaE,1648,592,32,64,32,16,0,1,1,4294967295
tileCastlevaniaE,1792,560,32,64,32,16,0,1,1,4294967295
tileCastlevaniaE,1792,576,32,64,32,16,0,1,1,4294967295
tileCastlevaniaE,1792,592,32,64,32,16,0,1,1,4294967295
tileCastlevaniaE,880,400,0,0,64,32,0,1,1,4294967295
tileCastlevaniaE,880,432,0,128,64,64,0,1,1,4294967295
tileCastlevaniaE,880,496,0,128,64,64,0,1,1,4294967295
tileCastlevaniaE,880,560,0,128,64,48,0,1,1,4294967295
tileCastlevaniaE,944,528,16,112,64,80,0,1,1,4294967295
tileCastlevaniaE,864,400,80,112,16,32,0,1,1,4294967295
tileCastlevaniaE,944,128,0,128,64,64,0,1,1,4294967295
tileCastlevaniaE,944,64,0,128,64,64,0,1,1,4294967295
tileCastlevaniaE,1008,0,32,144,32,48,0,1,1,4294967295
tileCastlevaniaE,960,0,16,128,48,64,0,1,1,4294967295
tileCastlevaniaE,912,0,16,128,48,64,0,1,1,4294967295
tileCastlevaniaE,864,0,16,112,48,64,0,1,1,4294967295
tileCastlevaniaE,816,0,16,128,48,64,0,1,1,4294967295
tileCastlevaniaE,768,0,16,112,48,64,0,1,1,4294967295
tileCastlevaniaE,720,0,16,128,48,48,0,1,1,4294967295
tileCastlevaniaE,752,48,0,160,16,16,0,1,1,4294967295
tileCastlevaniaE,672,0,16,112,48,48,0,1,1,4294967295
tileCastlevaniaE,528,0,16,112,48,48,0,1,1,4294967295
tileCastlevaniaE,624,0,16,128,48,48,0,1,1,4294967295
tileCastlevaniaE,576,0,16,144,48,48,0,1,1,4294967295
tileCastlevaniaE,480,0,16,128,48,48,0,1,1,4294967295
tileCastlevaniaE,432,0,16,112,48,48,0,1,1,4294967295
tileCastlevaniaE,384,0,16,144,48,48,0,1,1,4294967295
tileCastlevaniaE,336,0,16,128,48,48,0,1,1,4294967295
tileCastlevaniaE,288,0,16,112,48,48,0,1,1,4294967295
tileCastlevaniaE,608,544,0,0,64,32,0,1,1,4294967295
tileCastlevaniaE,544,544,0,0,64,32,0,1,1,4294967295
tileCastlevaniaE,672,544,96,112,16,32,0,1,1,4294967295
tileCastlevaniaE,480,544,0,0,64,32,0,1,1,4294967295
tileCastlevaniaE,416,544,0,0,64,32,0,1,1,4294967295
tileCastlevaniaE,352,544,0,0,64,32,0,1,1,4294967295
tileCastlevaniaE,288,544,0,0,64,32,0,1,1,4294967295
tileCastlevaniaE,240,0,16,128,48,48,0,1,1,4294967295
tileCastlevaniaE,192,0,16,144,48,48,0,1,1,4294967295
tileCastlevaniaE,144,0,16,112,48,48,0,1,1,4294967295
tileCastlevaniaE,144,160,0,0,64,32,0,1,1,4294967295
tileCastlevaniaE,176,48,0,144,80,48,0,1,1,4294967295
tileCastlevaniaE,208,160,96,112,16,32,0,1,1,4294967295
tileCastlevaniaE,96,0,16,128,48,48,0,1,1,4294967295
tileCastlevaniaE,48,0,16,144,48,48,0,1,1,4294967295
tileCastlevaniaE,0,0,16,112,48,48,0,1,1,4294967295
tileCastlevaniaE,80,160,0,0,64,32,0,1,1,4294967295
tileCastlevaniaE,32,80,16,112,64,80,0,1,1,4294967295
tileCastlevaniaE,32,48,16,160,64,32,0,1,1,4294967295
tileCastlevaniaE,0,48,16,112,32,48,0,1,1,4294967295
tileCastlevaniaE,0,96,32,144,32,48,0,1,1,4294967295
tileCastlevaniaE,0,144,16,112,32,16,0,1,1,4294967295
tileCastlevaniaE,0,160,16,160,48,32,0,1,1,4294967295
tileCastlevaniaE,48,160,16,112,32,32,0,1,1,4294967295
tileCastlevaniaE,32,192,16,128,64,64,0,1,1,4294967295
tileCastlevaniaE,32,256,16,128,64,64,0,1,1,4294967295
tileCastlevaniaE,32,320,16,128,64,64,0,1,1,4294967295
tileCastlevaniaE,0,384,16,128,64,64,0,1,1,4294967295
tileCastlevaniaE,0,192,16,112,32,48,0,1,1,4294967295
tileCastlevaniaE,0,336,16,112,32,48,0,1,1,4294967295
tileCastlevaniaE,0,288,32,144,32,48,0,1,1,4294967295
tileCastlevaniaE,0,240,16,128,32,48,0,1,1,4294967295
tileCastlevaniaE,0,512,0,0,64,32,0,1,1,4294967295
tileCastlevaniaE,64,512,0,0,64,32,0,1,1,4294967295
tileCastlevaniaE,128,512,96,112,16,32,0,1,1,4294967295
tileCastlevaniaE,96,544,32,128,48,64,0,1,1,4294967295
tileCastlevaniaE,224,544,0,0,64,32,0,1,1,4294967295
tileCastlevaniaE,208,544,80,112,16,32,0,1,1,4294967295
tileCastlevaniaE,0,544,16,112,48,64,0,1,1,4294967295
tileCastlevaniaE,48,544,16,128,48,64,0,1,1,4294967295
tileCastlevaniaE,208,576,0,128,64,32,0,1,1,4294967295
tileCastlevaniaE,592,576,16,144,64,32,0,1,1,4294967295
tileCastlevaniaE,272,576,16,112,48,32,0,1,1,4294967295
tileCastlevaniaE,320,576,16,128,48,32,0,1,1,4294967295
tileCastlevaniaE,368,576,16,144,48,32,0,1,1,4294967295
tileCastlevaniaE,416,576,16,160,48,32,0,1,1,4294967295
tileCastlevaniaE,464,576,16,112,48,32,0,1,1,4294967295
tileCastlevaniaE,512,576,16,128,48,32,0,1,1,4294967295
tileCastlevaniaE,560,576,16,160,32,32,0,1,1,4294967295
tileCastlevaniaE,480,352,64,0,128,112,0,1,1,4294967295
tileCastlevaniaE,480,464,64,32,128,80,0,1,1,4294967295
tileCastlevaniaE,256,464,64,32,128,80,0,1,1,4294967295
tileCastlevaniaE,256,352,64,0,128,112,0,1,1,4294967295
tileCastlevaniaE,400,512,128,112,64,32,0,1,1,4294967295
tileCastlevaniaE,400,448,128,112,64,32,0,1,1,4294967295
tileCastlevaniaE,400,384,128,112,64,32,0,1,1,4294967295
tileCastlevaniaE,400,320,128,112,64,32,0,1,1,4294967295
tileCastlevaniaE,400,256,128,112,64,32,0,1,1,4294967295
tileCastlevaniaE,400,192,128,112,64,32,0,1,1,4294967295
tileCastlevaniaE,400,128,128,112,64,32,0,1,1,4294967295
tileCastlevaniaE,400,64,128,112,64,32,0,1,1,4294967295
tileCastlevaniaE,432,48,160,96,32,16,0,1,1,4294967295
tileCastlevaniaE,400,48,64,96,32,16,0,1,1,4294967295
tileCastlevaniaE,400,96,64,80,32,32,0,1,1,4294967295
tileCastlevaniaE,400,160,64,80,32,32,0,1,1,4294967295
tileCastlevaniaE,400,224,64,80,32,32,0,1,1,4294967295
tileCastlevaniaE,400,288,64,80,32,32,0,1,1,4294967295
tileCastlevaniaE,400,352,64,80,32,32,0,1,1,4294967295
tileCastlevaniaE,400,416,64,80,32,32,0,1,1,4294967295
tileCastlevaniaE,400,480,64,80,32,32,0,1,1,4294967295
tileCastlevaniaE,432,96,160,80,32,32,0,1,1,4294967295
tileCastlevaniaE,432,160,160,80,32,32,0,1,1,4294967295
tileCastlevaniaE,432,224,160,80,32,32,0,1,1,4294967295
tileCastlevaniaE,432,288,160,80,32,32,0,1,1,4294967295
tileCastlevaniaE,432,352,160,80,32,32,0,1,1,4294967295
tileCastlevaniaE,432,416,160,80,32,32,0,1,1,4294967295
tileCastlevaniaE,432,480,160,80,32,32,0,1,1,4294967295
tileCastlevaniaE,112,144,80,160,16,16,0,1,1,4294967295
tileCastlevaniaE,128,144,80,160,16,16,0,1,1,4294967295
tileCastlevaniaE,1648,432,176,80,16,64,0,1,1,4294967295
tileCastlevaniaE,1648,368,176,80,16,64,0,1,1,4294967295
tileCastlevaniaE,1648,304,176,80,16,64,0,1,1,4294967295
tileCastlevaniaE,1648,240,176,80,16,64,0,1,1,4294967295
tileCastlevaniaE,1632,464,128,112,16,32,0,1,1,4294967295
tileCastlevaniaE,1632,400,128,112,16,32,0,1,1,4294967295
tileCastlevaniaE,1632,336,128,112,16,32,0,1,1,4294967295
tileCastlevaniaE,1632,272,128,112,16,32,0,1,1,4294967295
tileCastlevaniaE,1632,240,64,80,16,32,0,1,1,4294967295
tileCastlevaniaE,1632,304,64,80,16,32,0,1,1,4294967295
tileCastlevaniaE,1632,368,64,80,16,32,0,1,1,4294967295
tileCastlevaniaE,1632,432,64,80,16,32,0,1,1,4294967295
tileCastlevaniaE,1568,272,64,80,16,32,0,1,1,4294967295
tileCastlevaniaE,1568,336,64,80,16,32,0,1,1,4294967295
tileCastlevaniaE,1568,400,64,80,16,32,0,1,1,4294967295
tileCastlevaniaE,1568,464,64,80,16,32,0,1,1,4294967295
tileCastlevaniaE,1568,528,64,80,16,32,0,1,1,4294967295
tileCastlevaniaE,1568,592,64,80,16,16,0,1,1,4294967295
tileCastlevaniaE,1568,240,128,112,16,32,0,1,1,4294967295
tileCastlevaniaE,1568,304,128,112,16,32,0,1,1,4294967295
tileCastlevaniaE,1568,368,128,112,16,32,0,1,1,4294967295
tileCastlevaniaE,1568,432,128,112,16,32,0,1,1,4294967295
tileCastlevaniaE,1568,496,128,112,16,32,0,1,1,4294967295
tileCastlevaniaE,1568,560,128,112,16,32,0,1,1,4294967295
tileCastlevaniaE,1584,272,176,80,16,64,0,1,1,4294967295
tileCastlevaniaE,1584,336,176,80,16,64,0,1,1,4294967295
tileCastlevaniaE,1584,400,176,80,16,64,0,1,1,4294967295
tileCastlevaniaE,1584,464,176,80,16,64,0,1,1,4294967295
tileCastlevaniaE,1584,528,176,80,16,64,0,1,1,4294967295
tileCastlevaniaE,1584,592,176,80,16,16,0,1,1,4294967295
tileCastlevaniaE,1584,240,176,112,16,32,0,1,1,4294967295
tileCastlevaniaE,0,448,144,80,48,64,0,1,1,4294967295
