oExit,2008,256,0026847A,0,1,1,4294967295,0,1
oExit,24,256,0026AEA8,0,1,1,4294967295,0,1
oDiveBird,1904,128,0008103E,0,1,1,4294967295,0,0
oDiveBird,1920,128,00029995,0,1,1,4294967295,0,0
oDiveBird,1936,128,0003EC11,0,1,1,4294967295,0,0
oDiveBird,1912,128,001D1468,0,1,1,4294967295,0,0
oDiveBird,1928,128,001A16B0,0,1,1,4294967295,0,0
oAPBoost,1920,96,000B4F40,0,1,1,4294967295,0,1
oMarioCoin,480,176,00190087,0,1,1,4294967295,0,0
oMarioCoin,496,176,0038B753,0,1,1,4294967295,0,0
oMarioCoin,512,176,00292B6F,0,1,1,4294967295,0,0
oMarioCoin,656,208,002FFCFF,0,1,1,4294967295,0,0
oMarioCoin,672,208,00161F8C,0,1,1,4294967295,0,0
oMarioCoin,688,208,0017D685,0,1,1,4294967295,0,0
oMarioSpikeFloor,352,272,001D8278,0,1,1,4294967295,0,0
oMarioSpikeFloor,368,272,002F33FA,0,1,1,4294967295,0,0
oMarioSpikeFloor,384,272,00355C09,0,1,1,4294967295,0,0
oMarioSpikeFloor,400,272,0039F8A3,0,1,1,4294967295,0,0
oMarioSpikeFloor,416,272,001D092D,0,1,1,4294967295,0,0
oMarioSpikeFloor,432,272,0022C132,0,1,1,4294967295,0,0
oMarioSpikeFloor,448,272,0036E7DF,0,1,1,4294967295,0,0
oMarioSpikeFloor,464,272,0037A5A8,0,1,1,4294967295,0,0
oMarioSpikeFloor,480,304,0039B874,0,1,1,4294967295,0,0
oMarioSpikeFloor,496,304,003D415F,0,1,1,4294967295,0,0
oMarioSpikeFloor,512,304,00033A33,0,1,1,4294967295,0,0
oMarioSpikeFloor,528,304,002ADD81,0,1,1,4294967295,0,0
oMarioSpikeFloor,544,304,002FEF8E,0,1,1,4294967295,0,0
oMarioSpikeFloor,560,304,0005AEE0,0,1,1,4294967295,0,0
oMarioSpikeFloor,576,304,00295535,0,1,1,4294967295,0,0
oMarioSpikeFloor,592,304,0017DE6A,0,1,1,4294967295,0,0
oMarioSpikeFloor,608,304,003282A4,0,1,1,4294967295,0,0
oMarioSpikeFloor,624,304,003D56AF,0,1,1,4294967295,0,0
oMarioSpikeFloor,640,304,002C1457,0,1,1,4294967295,0,0
oMarioSpikeFloor,656,304,00053ECA,0,1,1,4294967295,0,0
oMarioSpikeFloor,672,304,001DD145,0,1,1,4294967295,0,0
oMarioSpikeFloor,688,304,000C98CC,0,1,1,4294967295,0,0
oMarioSpikeFloor,704,304,000F6A53,0,1,1,4294967295,0,0
oMarioSpikeFloor,720,304,00018271,0,1,1,4294967295,0,0
oMarioSpikeL,480,288,00103B6E,0,1,1,4294967295,0,0
oMarioSpikeR,720,288,002962A0,0,1,1,4294967295,0,0
oWB_Crab,816,288,0022F89C,0,1,1,4294967295,0,0
oWB_Crab,1344,288,00253BF3,0,1,1,4294967295,0,1
oWB_BigBat,1520,112,00307C3B,0,1,1,4294967295,0,1
oWB_BigBat,592,112,0021300D,0,1,1,4294967295,0,0
oWB_Monkey,288,256,001E343D,0,1,1,4294967295,0,0
oBloodTyrant,1312,288,00304D90,0,1,1,4294967295,0,1
oPlayer1,1984,288,003D97ED,0,1,1,4294967295,0,0
oInvCollPH,1984,208,00191614,0,1,1,4294967295,0,0
oInvCollPH,2000,208,00340C46,0,1,1,4294967295,0,0
oInvCollPH,2016,208,0032E4A1,0,1,1,4294967295,0,0
oInvCollPH,2032,208,0014AC29,0,1,1,4294967295,0,0
oInvCollPH,1936,48,001319AD,0,1,1,4294967295,0,0
oInvCollPH,1936,176,000C8830,0,1,1,4294967295,0,0
oInvCollPH,1952,176,003EF106,0,1,1,4294967295,0,0
oInvCollPH,1968,176,00267E0D,0,1,1,4294967295,0,0
oInvCollPH,1920,32,0023A261,0,1,1,4294967295,0,0
oInvCollPH,1920,48,002C6BED,0,1,1,4294967295,0,0
oInvCollPH,1856,16,00324813,0,1,1,4294967295,0,0
oInvCollPH,1872,16,0025DCAF,0,1,1,4294967295,0,0
oInvCollPH,1888,16,000C5076,0,1,1,4294967295,0,0
oInvCollPH,1904,16,00178630,0,1,1,4294967295,0,0
oInvCollPH,1792,16,0039251B,0,1,1,4294967295,0,0
oInvCollPH,1808,16,000E7132,0,1,1,4294967295,0,0
oInvCollPH,1824,16,0005345B,0,1,1,4294967295,0,0
oInvCollPH,1840,16,00185F9A,0,1,1,4294967295,0,0
oInvCollPH,1728,16,0035FEBE,0,1,1,4294967295,0,0
oInvCollPH,1744,16,002B410C,0,1,1,4294967295,0,0
oInvCollPH,1760,16,00086C77,0,1,1,4294967295,0,0
oInvCollPH,1776,16,0018F473,0,1,1,4294967295,0,0
oInvCollPH,1952,288,000FED52,0,1,1,4294967295,0,0
oInvCollPH,1968,288,0017DCD5,0,1,1,4294967295,0,0
oInvCollPH,1984,288,0009DA4C,0,1,1,4294967295,0,0
oInvCollPH,2000,288,00148693,0,1,1,4294967295,0,0
oInvCollPH,2016,288,0035DC3C,0,1,1,4294967295,0,0
oInvCollPH,2032,288,000AEBED,0,1,1,4294967295,0,0
oInvCollPH,1808,288,0010C612,0,1,1,4294967295,0,0
oInvCollPH,1824,288,00335F5A,0,1,1,4294967295,0,0
oInvCollPH,1840,288,003323A1,0,1,1,4294967295,0,0
oInvCollPH,1856,288,000028CB,0,1,1,4294967295,0,0
oInvCollPH,1872,288,003A7897,0,1,1,4294967295,0,0
oInvCollPH,1888,288,0033197F,0,1,1,4294967295,0,0
oInvCollPH,1904,288,0009C991,0,1,1,4294967295,0,0
oInvCollPH,1920,288,0030A21C,0,1,1,4294967295,0,0
oInvCollPH,1936,288,003C55DE,0,1,1,4294967295,0,0
oInvCollPH,1792,288,0010A1A8,0,1,1,4294967295,0,0
oInvCollPH,1776,272,000CA6D0,0,1,1,4294967295,0,0
oInvCollPH,1776,256,0011267F,0,1,1,4294967295,0,0
oInvCollPH,1760,256,000E5235,0,1,1,4294967295,0,0
oInvCollPH,1744,256,0034FB56,0,1,1,4294967295,0,0
oInvCollPH,1728,256,0009571A,0,1,1,4294967295,0,0
oInvCollPH,1712,256,0026A9E5,0,1,1,4294967295,0,0
oInvCollPH,1696,256,0033099B,0,1,1,4294967295,0,0
oInvCollPH,1680,256,0036C0AF,0,1,1,4294967295,0,0
oInvCollPH,1664,256,00239CD1,0,1,1,4294967295,0,0
oInvCollPH,1648,256,00043341,0,1,1,4294967295,0,0
oInvCollPH,1632,256,0022D32E,0,1,1,4294967295,0,0
oInvCollPH,1616,256,0017B7B1,0,1,1,4294967295,0,0
oInvCollPH,1600,256,000D810F,0,1,1,4294967295,0,0
oInvCollPH,1584,256,0025E954,0,1,1,4294967295,0,0
oInvCollPH,1568,256,0036CBC4,0,1,1,4294967295,0,0
oInvCollPH,1552,256,002D3AE0,0,1,1,4294967295,0,0
oInvCollPH,1520,288,001F1AB1,0,1,1,4294967295,0,0
oInvCollPH,1536,272,001BD258,0,1,1,4294967295,0,0
oInvCollPH,1040,256,00332C3C,0,1,1,4294967295,0,0
oInvCollPH,1056,256,00370835,0,1,1,4294967295,0,0
oInvCollPH,1072,256,00184A64,0,1,1,4294967295,0,0
oInvCollPH,1088,256,00172A20,0,1,1,4294967295,0,0
oInvCollPH,1104,256,002E521D,0,1,1,4294967295,0,0
oInvCollPH,1120,256,003A5876,0,1,1,4294967295,0,0
oInvCollPH,1136,256,003098D6,0,1,1,4294967295,0,0
oInvCollPH,1136,272,002EFC1A,0,1,1,4294967295,0,0
oInvCollPH,928,208,00174F2C,0,1,1,4294967295,0,0
oInvCollPH,944,192,0000C237,0,1,1,4294967295,0,0
oInvCollPH,960,192,001F6150,0,1,1,4294967295,0,0
oInvCollPH,976,192,0009FE3C,0,1,1,4294967295,0,0
oInvCollPH,992,192,00359EDA,0,1,1,4294967295,0,0
oInvCollPH,1008,192,00313638,0,1,1,4294967295,0,0
oInvCollPH,1008,208,001FC2A3,0,1,1,4294967295,0,0
oInvCollPH,912,224,002A0DB7,0,1,1,4294967295,0,0
oInvCollPH,896,240,000618A6,0,1,1,4294967295,0,0
oInvCollPH,896,256,00007EBE,0,1,1,4294967295,0,0
oInvCollPH,896,272,003B33CA,0,1,1,4294967295,0,0
oInvCollPH,1008,224,001F07A6,0,1,1,4294967295,0,0
oInvCollPH,1008,240,00316783,0,1,1,4294967295,0,0
oInvCollPH,1152,288,0015DC80,0,1,1,4294967295,0,0
oInvCollPH,1168,288,003C6450,0,1,1,4294967295,0,0
oInvCollPH,880,288,00031C3A,0,1,1,4294967295,0,0
oInvCollPH,864,288,001AA75F,0,1,1,4294967295,0,0
oInvCollPH,848,288,003B259A,0,1,1,4294967295,0,0
oInvCollPH,832,288,0039554D,0,1,1,4294967295,0,0
oInvCollPH,816,288,0025EB08,0,1,1,4294967295,0,0
oInvCollPH,800,288,00275763,0,1,1,4294967295,0,0
oInvCollPH,784,288,00149588,0,1,1,4294967295,0,0
oInvCollPH,768,288,0031FBD5,0,1,1,4294967295,0,0
oInvCollPH,752,288,0022C969,0,1,1,4294967295,0,0
oInvCollPH,672,240,001DFF7E,0,1,1,4294967295,0,0
oInvCollPH,688,240,00203D04,0,1,1,4294967295,0,0
oInvCollPH,496,208,0013E402,0,1,1,4294967295,0,0
oInvCollPH,512,208,003053AF,0,1,1,4294967295,0,0
oInvCollPH,496,320,0019C70F,0,1,1,4294967295,0,0
oInvCollPH,512,320,000CCAD2,0,1,1,4294967295,0,0
oInvCollPH,528,320,0001AFB3,0,1,1,4294967295,0,0
oInvCollPH,544,320,003F5D27,0,1,1,4294967295,0,0
oInvCollPH,560,320,00158982,0,1,1,4294967295,0,0
oInvCollPH,576,320,0010FDC1,0,1,1,4294967295,0,0
oInvCollPH,592,320,000C86D9,0,1,1,4294967295,0,0
oInvCollPH,608,320,0017CB4D,0,1,1,4294967295,0,0
oInvCollPH,624,320,0027C01E,0,1,1,4294967295,0,0
oInvCollPH,640,320,003117A5,0,1,1,4294967295,0,0
oInvCollPH,656,320,001F4F4A,0,1,1,4294967295,0,0
oInvCollPH,672,320,002E0ED5,0,1,1,4294967295,0,0
oInvCollPH,688,320,0014BE9D,0,1,1,4294967295,0,0
oInvCollPH,704,320,0038691E,0,1,1,4294967295,0,0
oInvCollPH,720,320,002ABCE6,0,1,1,4294967295,0,0
oInvCollPH,160,240,0038EABE,0,1,1,4294967295,0,0
oInvCollPH,160,256,003075F3,0,1,1,4294967295,0,0
oInvCollPH,160,272,0030CD64,0,1,1,4294967295,0,0
oInvCollPH,176,224,0027B1EA,0,1,1,4294967295,0,0
oInvCollPH,176,240,0012D97D,0,1,1,4294967295,0,0
oInvCollPH,208,256,00384C67,0,1,1,4294967295,0,0
oInvCollPH,224,256,001E9CC2,0,1,1,4294967295,0,0
oInvCollPH,240,256,00203FDC,0,1,1,4294967295,0,0
oInvCollPH,256,256,003B9A1A,0,1,1,4294967295,0,0
oInvCollPH,272,256,002D033F,0,1,1,4294967295,0,0
oInvCollPH,288,256,00346843,0,1,1,4294967295,0,0
oInvCollPH,304,256,0000365B,0,1,1,4294967295,0,0
oInvCollPH,320,256,0004D34E,0,1,1,4294967295,0,0
oInvCollPH,336,256,002BC12B,0,1,1,4294967295,0,0
oInvCollPH,336,272,0008934E,0,1,1,4294967295,0,0
oInvCollPH,464,288,002E821B,0,1,1,4294967295,0,0
oInvCollPH,448,288,0024DE0D,0,1,1,4294967295,0,0
oInvCollPH,432,288,003A2C6B,0,1,1,4294967295,0,0
oInvCollPH,416,288,00090433,0,1,1,4294967295,0,0
oInvCollPH,400,288,0014115C,0,1,1,4294967295,0,0
oInvCollPH,384,288,003BACDF,0,1,1,4294967295,0,0
oInvCollPH,368,288,003C15D4,0,1,1,4294967295,0,0
oInvCollPH,352,288,002D5D7B,0,1,1,4294967295,0,0
oInvCollPH,16,288,000C5086,0,1,1,4294967295,0,0
oInvCollPH,32,288,002876E8,0,1,1,4294967295,0,0
oInvCollPH,48,288,001BCD2C,0,1,1,4294967295,0,0
oInvCollPH,64,288,00275B36,0,1,1,4294967295,0,0
oInvCollPH,80,288,0004C672,0,1,1,4294967295,0,0
oInvCollPH,96,288,000984EC,0,1,1,4294967295,0,0
oInvCollPH,112,288,0014C441,0,1,1,4294967295,0,0
oInvCollPH,128,288,001AB53B,0,1,1,4294967295,0,0
oInvCollPH,144,288,0009E835,0,1,1,4294967295,0,0
oInvCollPH,1104,128,001B35F2,0,1,1,4294967295,0,0
oInvCollPH,1712,192,0037C34C,0,1,1,4294967295,0,0
oInvCollPH,1568,144,003B1D2A,0,1,1,4294967295,0,0
oInvCollPH,1952,80,00126F5C,0,1,1,4294967295,0,0
oInvCollPH,1952,96,002A404A,0,1,1,4294967295,0,0
oInvCollPH,1952,112,001C8F9D,0,1,1,4294967295,0,0
oInvCollPH,1904,128,00270200,0,1,1,4294967295,0,0
oInvCollPH,1920,128,00255AAC,0,1,1,4294967295,0,0
oInvCollPH,1936,128,0028C34E,0,1,1,4294967295,0,0
oInvCollPH,1920,176,003B656C,0,1,1,4294967295,0,0
oInvCollPH,1904,176,00152B6F,0,1,1,4294967295,0,0
oInvCollPH,1888,176,00232808,0,1,1,4294967295,0,0
oInvCollPH,1888,160,0039A70E,0,1,1,4294967295,0,0
oInvCollPH,1840,96,002FA630,0,1,1,4294967295,0,0
oInvCollPH,1856,96,00271338,0,1,1,4294967295,0,0
oInvCollPH,1872,96,0011B00D,0,1,1,4294967295,0,0
oInvCollPH,1872,112,0005807F,0,1,1,4294967295,0,0
oInvCollPH,1824,112,0031AD02,0,1,1,4294967295,0,0
oInvCollPH,1824,128,003D9FE6,0,1,1,4294967295,0,0
oInvCollPH,1824,144,0030D41E,0,1,1,4294967295,0,0
oInvCollPH,1840,144,003F35E8,0,1,1,4294967295,0,0
oInvCollPH,1856,144,00308CD0,0,1,1,4294967295,0,0
oInvCollPH,1872,144,003B2972,0,1,1,4294967295,0,0
oInvCollSH,1200,288,002E41A5,0,1,1,4294967295,0,0
oInvCollSH,1216,288,000454D2,0,1,1,4294967295,0,0
oInvCollSH,1232,288,000EA2ED,0,1,1,4294967295,0,0
oInvCollSH,1248,288,002D32C9,0,1,1,4294967295,0,0
oInvCollSH,1264,288,002242FE,0,1,1,4294967295,0,0
oInvCollSH,1280,288,00275053,0,1,1,4294967295,0,0
oInvCollSH,1296,288,000EF001,0,1,1,4294967295,0,0
oInvCollSH,1312,288,00289CDE,0,1,1,4294967295,0,0
oInvCollSH,1328,288,0008F026,0,1,1,4294967295,0,0
oInvCollSH,1344,288,00290453,0,1,1,4294967295,0,0
oInvCollSH,1360,288,0010ABFC,0,1,1,4294967295,0,0
oInvCollSH,1376,288,0033B938,0,1,1,4294967295,0,0
oInvCollSH,1392,288,00014C19,0,1,1,4294967295,0,0
oInvCollSH,1408,288,0010F739,0,1,1,4294967295,0,0
oInvCollSH,1424,288,000ACEDA,0,1,1,4294967295,0,0
oInvCollSH,1440,288,0029246F,0,1,1,4294967295,0,0
oInvCollSH,1456,288,00280249,0,1,1,4294967295,0,0
oInvCollSH,1472,288,000F7434,0,1,1,4294967295,0,0
oInvCollSH,1488,288,0004974F,0,1,1,4294967295,0,0
oInvisibleSolid,1984,192,000EF267,0,1,1,4294967295,0,1
oInvisibleSolid,1952,64,0034EFC8,0,1,1,4294967295,0,1
oInvisibleSolid,1888,128,002F06AB,0,1,1,4294967295,0,1
oInvisibleSolid,1824,96,001AAF81,0,1,1,4294967295,0,1
oInvisibleSolid,1920,0,002C617D,0,1,1,4294967295,0,1
oInvisibleSolid,1728,0,0013D498,0,1,1,4294967295,0,1
oInvisibleSolid,1504,288,00286C16,0,1,1,4294967295,0,1
oInvisibleSolid,1536,256,002F8333,0,1,1,4294967295,0,1
oInvisibleSolid,736,288,00385BEC,0,1,1,4294967295,0,1
oInvisibleSolid,928,192,003DCE73,0,1,1,4294967295,0,1
oInvisibleSolid,896,224,003CFA97,0,1,1,4294967295,0,1
oInvisibleSolid,1024,256,0036D30B,0,1,1,4294967295,0,1
oInvisibleSlimSolid,1184,288,000E7CA8,0,1,1,4294967295,0,1
oInvisibleSolid,0,288,0028C10A,0,1,1,4294967295,0,1
oInvisibleSolid,160,224,0007116A,0,1,1,4294967295,0,1
oInvisibleSolid,192,256,001A651E,0,1,1,4294967295,0,1
oInvisibleSolid,480,320,00239C5A,0,1,1,4294967295,0,1
oInvisibleSolid,480,208,0039B8D5,0,1,1,4294967295,0,1
oInvisibleSolid,656,240,0008E8AB,0,1,1,4294967295,0,1
oInvisibleSolid,1696,192,0007BA9B,0,1,1,4294967295,0,1
oInvisibleSolid,1552,144,0002FCFD,0,1,1,4294967295,0,1
oInvisibleSolid,1088,128,00296724,0,1,1,4294967295,0,1
