oExit,0,160,000EF4A7,0,1,1,4294967295,0,1
oPlayer1,48,192,0032908B,0,1,1,4294967295,0,0
oStoryObject,552,216,00297681,0,1,1,4294967295,0,1
oInvCollPH,16,192,0029E3A7,0,1,1,4294967295,0,0
oInvCollPH,32,192,0037B2FB,0,1,1,4294967295,0,0
oInvCollPH,48,192,00092589,0,1,1,4294967295,0,0
oInvCollPH,64,192,000FC36F,0,1,1,4294967295,0,0
oInvCollPH,80,192,000D8453,0,1,1,4294967295,0,0
oInvCollPH,96,192,002C499E,0,1,1,4294967295,0,0
oInvCollPH,112,192,002710B1,0,1,1,4294967295,0,0
oInvCollPH,128,192,0017AA1C,0,1,1,4294967295,0,0
oInvCollPH,144,192,003D5FA0,0,1,1,4294967295,0,0
oInvCollPH,144,208,00349390,0,1,1,4294967295,0,0
oInvCollPH,144,224,00046CCF,0,1,1,4294967295,0,0
oInvCollPH,144,240,002B7A1F,0,1,1,4294967295,0,0
oInvCollPH,144,256,000751C8,0,1,1,4294967295,0,0
oInvCollPH,144,272,002EA56E,0,1,1,4294967295,0,0
oInvCollPH,144,288,001217EE,0,1,1,4294967295,0,0
oInvCollPH,144,304,002B1C85,0,1,1,4294967295,0,0
oInvCollPH,144,320,00234416,0,1,1,4294967295,0,0
oInvCollPH,144,336,00104CD6,0,1,1,4294967295,0,0
oInvCollPH,528,240,0038B0F6,0,1,1,4294967295,0,0
oInvCollPH,544,240,001B9FD9,0,1,1,4294967295,0,0
oInvCollPH,560,240,001ECD97,0,1,1,4294967295,0,0
oInvCollPH,576,240,002A6DF1,0,1,1,4294967295,0,0
oInvCollPH,592,240,002AA2F3,0,1,1,4294967295,0,0
oInvCollPH,608,240,000F1353,0,1,1,4294967295,0,0
oInvCollPH,624,240,001B0466,0,1,1,4294967295,0,0
oInvCollPH,432,272,0001173C,0,1,1,4294967295,0,0
oInvCollPH,416,272,002C3ADE,0,1,1,4294967295,0,0
oInvCollPH,400,272,001EA948,0,1,1,4294967295,0,0
oInvCollPH,384,272,00341485,0,1,1,4294967295,0,0
oInvCollPH,352,272,00321531,0,1,1,4294967295,0,0
oInvCollPH,368,272,000BF7E8,0,1,1,4294967295,0,0
oInvCollPH,320,272,0021AFDB,0,1,1,4294967295,0,0
oInvCollPH,336,272,001B8FB9,0,1,1,4294967295,0,0
oInvCollPH,304,272,0032D783,0,1,1,4294967295,0,0
oInvCollPH,288,272,0036F2E3,0,1,1,4294967295,0,0
oInvCollPH,272,272,003F8ABD,0,1,1,4294967295,0,0
oInvCollPH,256,288,002E8095,0,1,1,4294967295,0,0
oInvCollPH,256,304,003D891C,0,1,1,4294967295,0,0
oInvCollPH,256,320,0013BEEA,0,1,1,4294967295,0,0
oInvCollPH,256,336,00085032,0,1,1,4294967295,0,0
oInvisibleRupLowSlope,448,256,002D4B89,0,1,1,4294967295,0,0
oInvisibleRupLowSlope,480,240,002A5269,0,1,1,4294967295,0,0
oInvisibleSolid,0,192,00359474,0,1,1,4294967295,0,1
oInvisibleSolid,256,272,00061BA2,0,1,1,4294967295,0,1
oInvisibleSolid,480,256,001681EA,0,1,1,4294967295,0,1
oInvisibleSolid,512,240,002D8871,0,1,1,4294967295,0,1
