oVaultBackText,752,272,0019C451,0,1,1,4294967295,0,1
oVaultBackText,112,144,00075B98,0,1,1,4294967295,0,1
oExit,0,160,00156A5E,0,1,1,4294967295,0,1
oExit,0,912,002A6580,0,1,1,4294967295,0,1
oExit,0,1328,0026E184,0,1,1,4294967295,0,1
oExit,1520,160,00394C13,0,1,1,4294967295,0,1
oExit,1520,912,0015E672,0,1,1,4294967295,0,1
oExit,1520,1328,00006E6D,0,1,1,4294967295,0,1
oExit,608,1504,00171CCA,0,1,1,4294967295,0,1
oVaultMazeKeyLock,1416,528,0007941A,0,1,1,4294967295,0,1
oVaultMazeKeyLock,660,852,00221D4F,0,1,1,4294967295,0,1
oLavaGuy,608,912,000D160E,0,1,1,4294967295,0,1
oLavaGuy,736,912,00184627,0,1,1,4294967295,0,1
oLavaGuyRev,608,800,0018295B,0,1,1,4294967295,0,1
oLavaGuyRev,736,800,002A080B,0,1,1,4294967295,0,1
oThwomp,1424,432,003DCA6D,0,1,1,4294967295,0,1
oThwomp,176,1216,00306E19,0,1,1,4294967295,0,1
oThwomp,208,1216,00255AC3,0,1,1,4294967295,0,1
oThwomp,240,1216,0010B19B,0,1,1,4294967295,0,1
oThwomp,272,1216,0028798E,0,1,1,4294967295,0,1
oThwomp,352,1216,00402319,0,1,1,4294967295,0,1
oThwomp,384,1216,00365408,0,1,1,4294967295,0,1
oThwomp,416,1216,001C770C,0,1,1,4294967295,0,1
oThwomp,448,1216,0007795E,0,1,1,4294967295,0,1
oThwomp,1456,432,0024A2BF,0,1,1,4294967295,0,1
oPlayer1,48,944,0034DE2C,0,1,1,4294967295,0,0
oMarioLava,576,912,00010825,0,1,1,4294967295,0,1
oMarioLava,704,912,003C5B1C,0,1,1,4294967295,0,1
oMarioLavaRev,576,784,00050AD5,0,1,1,4294967295,0,1
oMarioLavaRev,704,784,0019D811,0,1,1,4294967295,0,1
oInvCollPH,1472,432,001A2972,0,1,1,4294967295,0,0
oInvCollPH,1472,448,0039A3FF,0,1,1,4294967295,0,0
oInvCollPH,1472,464,0024D194,0,1,1,4294967295,0,0
oInvCollPH,1472,480,0036DFA4,0,1,1,4294967295,0,0
oInvCollPH,1472,496,00350CCC,0,1,1,4294967295,0,0
oInvCollPH,1472,512,0005FC02,0,1,1,4294967295,0,0
oInvCollPH,1472,528,00266D74,0,1,1,4294967295,0,0
oInvCollPH,1472,544,00329733,0,1,1,4294967295,0,0
oInvCollPH,1472,560,001FF48D,0,1,1,4294967295,0,0
oInvCollPH,1392,192,00130F09,0,1,1,4294967295,0,0
oInvCollPH,1408,192,003BF3ED,0,1,1,4294967295,0,0
oInvCollPH,1424,192,00225691,0,1,1,4294967295,0,0
oInvCollPH,1440,192,0000E740,0,1,1,4294967295,0,0
oInvCollPH,1376,208,00380839,0,1,1,4294967295,0,0
oInvCollPH,1376,224,000BF8AE,0,1,1,4294967295,0,0
oInvCollPH,1376,240,0034525E,0,1,1,4294967295,0,0
oInvCollPH,1376,256,0005F9BE,0,1,1,4294967295,0,0
oInvCollPH,1376,272,00314F70,0,1,1,4294967295,0,0
oInvCollPH,1376,288,002B1DB5,0,1,1,4294967295,0,0
oInvCollPH,1376,304,0032A7A8,0,1,1,4294967295,0,0
oInvCollPH,1376,320,0012E640,0,1,1,4294967295,0,0
oInvCollPH,1376,336,0012C7AB,0,1,1,4294967295,0,0
oInvCollPH,1376,352,000E842E,0,1,1,4294967295,0,0
oInvCollPH,1376,368,0037CC28,0,1,1,4294967295,0,0
oInvCollPH,1376,384,001FB8FC,0,1,1,4294967295,0,0
oInvCollPH,1376,400,002AFDE2,0,1,1,4294967295,0,0
oInvCollPH,1392,400,003AC6D7,0,1,1,4294967295,0,0
oInvCollPH,1408,400,0038C1E3,0,1,1,4294967295,0,0
oInvCollPH,1424,400,000A2F1F,0,1,1,4294967295,0,0
oInvCollPH,1440,400,00261179,0,1,1,4294967295,0,0
oInvCollPH,1456,192,003104DA,0,1,1,4294967295,0,0
oInvCollPH,1472,192,001DF9EA,0,1,1,4294967295,0,0
oInvCollPH,1488,192,002E43F1,0,1,1,4294967295,0,0
oInvCollPH,1504,192,001245D8,0,1,1,4294967295,0,0
oInvCollPH,1520,192,003E1160,0,1,1,4294967295,0,0
oInvCollPH,1456,400,0031A663,0,1,1,4294967295,0,0
oInvCollPH,1312,592,0025FEBB,0,1,1,4294967295,0,0
oInvCollPH,1312,608,0031CDE1,0,1,1,4294967295,0,0
oInvCollPH,1312,624,000ED90E,0,1,1,4294967295,0,0
oInvCollPH,1312,640,00389FCC,0,1,1,4294967295,0,0
oInvCollPH,1312,656,00287D4A,0,1,1,4294967295,0,0
oInvCollPH,1312,672,00195F8D,0,1,1,4294967295,0,0
oInvCollPH,1312,688,000BB05A,0,1,1,4294967295,0,0
oInvCollPH,1312,704,00201DBA,0,1,1,4294967295,0,0
oInvCollPH,1312,720,0005A499,0,1,1,4294967295,0,0
oInvCollPH,1312,848,002DFCB0,0,1,1,4294967295,0,0
oInvCollPH,1312,832,003FB594,0,1,1,4294967295,0,0
oInvCollPH,1312,816,0034FB7A,0,1,1,4294967295,0,0
oInvCollPH,1312,800,00164FB3,0,1,1,4294967295,0,0
oInvCollPH,1328,848,001AEA8A,0,1,1,4294967295,0,0
oInvCollPH,1344,848,002B08DB,0,1,1,4294967295,0,0
oInvCollPH,1360,848,002AB964,0,1,1,4294967295,0,0
oInvCollPH,1376,848,003FA8EF,0,1,1,4294967295,0,0
oInvCollPH,1392,848,00357D94,0,1,1,4294967295,0,0
oInvCollPH,1408,848,002B997E,0,1,1,4294967295,0,0
oInvCollPH,1424,848,000CB0D6,0,1,1,4294967295,0,0
oInvCollPH,1440,848,004042E8,0,1,1,4294967295,0,0
oInvCollPH,1456,848,0007479A,0,1,1,4294967295,0,0
oInvCollPH,1312,736,0032C07E,0,1,1,4294967295,0,0
oInvCollPH,1312,752,003D4A56,0,1,1,4294967295,0,0
oInvCollPH,1312,768,00088E27,0,1,1,4294967295,0,0
oInvCollPH,1312,784,0014716D,0,1,1,4294967295,0,0
oInvCollPH,1472,848,00177748,0,1,1,4294967295,0,0
oInvCollPH,1488,848,0039E40D,0,1,1,4294967295,0,0
oInvCollPH,1504,848,0035D363,0,1,1,4294967295,0,0
oInvCollPH,1520,848,001E9AA1,0,1,1,4294967295,0,0
oInvCollPH,1328,576,002EEB6D,0,1,1,4294967295,0,0
oInvCollPH,1344,576,00338A24,0,1,1,4294967295,0,0
oInvCollPH,1360,576,003C2A55,0,1,1,4294967295,0,0
oInvCollPH,1376,576,002D6265,0,1,1,4294967295,0,0
oInvCollPH,1392,576,0011F5B6,0,1,1,4294967295,0,0
oInvCollPH,1408,576,00185380,0,1,1,4294967295,0,0
oInvCollPH,1424,576,00179A18,0,1,1,4294967295,0,0
oInvCollPH,1440,576,002C5804,0,1,1,4294967295,0,0
oInvCollPH,1456,576,000055D0,0,1,1,4294967295,0,0
oInvCollPH,832,720,00182F6D,0,1,1,4294967295,0,0
oInvCollPH,832,736,00383962,0,1,1,4294967295,0,0
oInvCollPH,832,752,000C736A,0,1,1,4294967295,0,0
oInvCollPH,832,768,000E8A9A,0,1,1,4294967295,0,0
oInvCollPH,832,784,0015E82A,0,1,1,4294967295,0,0
oInvCollPH,832,800,00252846,0,1,1,4294967295,0,0
oInvCollPH,832,816,0003CB84,0,1,1,4294967295,0,0
oInvCollPH,832,832,00377E15,0,1,1,4294967295,0,0
oInvCollPH,832,848,00302969,0,1,1,4294967295,0,0
oInvCollPH,848,848,001ABC05,0,1,1,4294967295,0,0
oInvCollPH,864,848,00063A9D,0,1,1,4294967295,0,0
oInvCollPH,880,848,0013BDB7,0,1,1,4294967295,0,0
oInvCollPH,896,848,003E30C0,0,1,1,4294967295,0,0
oInvCollPH,912,848,000D0F31,0,1,1,4294967295,0,0
oInvCollPH,928,848,000C85F5,0,1,1,4294967295,0,0
oInvCollPH,944,848,0028270A,0,1,1,4294967295,0,0
oInvCollPH,960,848,0002D01E,0,1,1,4294967295,0,0
oInvCollPH,976,848,001358F8,0,1,1,4294967295,0,0
oInvCollPH,976,832,002D4609,0,1,1,4294967295,0,0
oInvCollPH,976,816,00067FF3,0,1,1,4294967295,0,0
oInvCollPH,976,800,000D4B5F,0,1,1,4294967295,0,0
oInvCollPH,976,784,002CE81A,0,1,1,4294967295,0,0
oInvCollPH,976,768,0003EE91,0,1,1,4294967295,0,0
oInvCollPH,976,752,00143215,0,1,1,4294967295,0,0
oInvCollPH,976,736,003D30AC,0,1,1,4294967295,0,0
oInvCollPH,976,720,00332D4E,0,1,1,4294967295,0,0
oInvCollPH,976,704,000648A9,0,1,1,4294967295,0,0
oInvCollPH,432,720,0038F870,0,1,1,4294967295,0,0
oInvCollPH,432,736,00381454,0,1,1,4294967295,0,0
oInvCollPH,432,752,001E877B,0,1,1,4294967295,0,0
oInvCollPH,432,768,0017AE31,0,1,1,4294967295,0,0
oInvCollPH,432,784,00065729,0,1,1,4294967295,0,0
oInvCollPH,432,800,00271409,0,1,1,4294967295,0,0
oInvCollPH,432,816,001A69E7,0,1,1,4294967295,0,0
oInvCollPH,432,832,0032AFBB,0,1,1,4294967295,0,0
oInvCollPH,432,848,00091D29,0,1,1,4294967295,0,0
oInvCollPH,432,864,002D5186,0,1,1,4294967295,0,0
oInvCollPH,432,880,0021BA1B,0,1,1,4294967295,0,0
oInvCollPH,432,896,003A5992,0,1,1,4294967295,0,0
oInvCollPH,432,912,003242C3,0,1,1,4294967295,0,0
oInvCollPH,432,928,00382F7B,0,1,1,4294967295,0,0
oInvCollPH,512,928,003525D0,0,1,1,4294967295,0,0
oInvCollPH,512,912,002E9AFF,0,1,1,4294967295,0,0
oInvCollPH,512,896,002109AB,0,1,1,4294967295,0,0
oInvCollPH,512,880,0014D204,0,1,1,4294967295,0,0
oInvCollPH,512,864,00356D1F,0,1,1,4294967295,0,0
oInvCollPH,512,848,00240BC4,0,1,1,4294967295,0,0
oInvCollPH,512,832,003D47A2,0,1,1,4294967295,0,0
oInvCollPH,512,816,0031E97B,0,1,1,4294967295,0,0
oInvCollPH,512,800,00089796,0,1,1,4294967295,0,0
oInvCollPH,512,784,0004D617,0,1,1,4294967295,0,0
oInvCollPH,512,768,0023969A,0,1,1,4294967295,0,0
oInvCollPH,512,752,0000AE9C,0,1,1,4294967295,0,0
oInvCollPH,512,736,003BD67F,0,1,1,4294967295,0,0
oInvCollPH,512,720,00210256,0,1,1,4294967295,0,0
oInvCollPH,512,704,0026BA7C,0,1,1,4294967295,0,0
oInvCollPH,592,1360,0021C695,0,1,1,4294967295,0,0
oInvCollPH,592,1376,0031D080,0,1,1,4294967295,0,0
oInvCollPH,592,1392,002AF4A5,0,1,1,4294967295,0,0
oInvCollPH,592,1408,003E8B99,0,1,1,4294967295,0,0
oInvCollPH,592,1424,003F64CD,0,1,1,4294967295,0,0
oInvCollPH,592,1440,000F6A32,0,1,1,4294967295,0,0
oInvCollPH,592,1456,00199820,0,1,1,4294967295,0,0
oInvCollPH,592,1472,002A07AD,0,1,1,4294967295,0,0
oInvCollPH,592,1488,002418D4,0,1,1,4294967295,0,0
oInvCollPH,592,1504,0002EAF5,0,1,1,4294967295,0,0
oInvCollPH,592,1520,001C102A,0,1,1,4294967295,0,0
oInvCollPH,576,1360,002EE280,0,1,1,4294967295,0,0
oInvCollPH,560,1360,0020E73A,0,1,1,4294967295,0,0
oInvCollPH,544,1360,001C136C,0,1,1,4294967295,0,0
oInvCollPH,528,1360,001E7DF8,0,1,1,4294967295,0,0
oInvCollPH,512,1360,002F0B64,0,1,1,4294967295,0,0
oInvCollPH,496,1360,002901FE,0,1,1,4294967295,0,0
oInvCollPH,480,1360,003799A1,0,1,1,4294967295,0,0
oInvCollPH,464,1360,003051B1,0,1,1,4294967295,0,0
oInvCollPH,448,1360,00229027,0,1,1,4294967295,0,0
oInvCollPH,432,1360,001CE351,0,1,1,4294967295,0,0
oInvCollPH,416,1360,00112007,0,1,1,4294967295,0,0
oInvCollPH,400,1360,002953F9,0,1,1,4294967295,0,0
oInvCollPH,384,1360,000EBE2F,0,1,1,4294967295,0,0
oInvCollPH,368,1360,000A6C13,0,1,1,4294967295,0,0
oInvCollPH,352,1360,001F5E07,0,1,1,4294967295,0,0
oInvCollPH,336,1360,0026414A,0,1,1,4294967295,0,0
oInvCollPH,320,1360,0038D82D,0,1,1,4294967295,0,0
oInvCollPH,304,1360,002A0F33,0,1,1,4294967295,0,0
oInvCollPH,288,1360,00016B25,0,1,1,4294967295,0,0
oInvCollPH,272,1360,000C1BDC,0,1,1,4294967295,0,0
oInvCollPH,256,1360,002695A4,0,1,1,4294967295,0,0
oInvCollPH,240,1360,0021B6EA,0,1,1,4294967295,0,0
oInvCollPH,224,1360,00226C5B,0,1,1,4294967295,0,0
oInvCollPH,208,1360,00079955,0,1,1,4294967295,0,0
oInvCollPH,192,1360,003427B4,0,1,1,4294967295,0,0
oInvCollPH,176,1360,0008A9B8,0,1,1,4294967295,0,0
oInvCollPH,160,1360,00058661,0,1,1,4294967295,0,0
oInvCollPH,144,1360,003FDE16,0,1,1,4294967295,0,0
oInvCollPH,672,1376,003CACE1,0,1,1,4294967295,0,0
oInvCollPH,672,1392,0011A272,0,1,1,4294967295,0,0
oInvCollPH,672,1408,002A5EE2,0,1,1,4294967295,0,0
oInvCollPH,672,1424,002C828A,0,1,1,4294967295,0,0
oInvCollPH,672,1440,0038BB9D,0,1,1,4294967295,0,0
oInvCollPH,672,1456,0025FD6D,0,1,1,4294967295,0,0
oInvCollPH,672,1472,0017864E,0,1,1,4294967295,0,0
oInvCollPH,672,1488,00387149,0,1,1,4294967295,0,0
oInvCollPH,672,1504,000F64E3,0,1,1,4294967295,0,0
oInvCollPH,672,1520,00180390,0,1,1,4294967295,0,0
oInvCollPH,688,1360,0022D3D1,0,1,1,4294967295,0,0
oInvCollPH,704,1360,001BEB7C,0,1,1,4294967295,0,0
oInvCollPH,720,1360,000E00C9,0,1,1,4294967295,0,0
oInvCollPH,736,1360,0013CB38,0,1,1,4294967295,0,0
oInvCollPH,752,1360,002DEB8D,0,1,1,4294967295,0,0
oInvCollPH,768,1360,000B8F7E,0,1,1,4294967295,0,0
oInvCollPH,784,1360,00306FAE,0,1,1,4294967295,0,0
oInvCollPH,800,1360,000B2E30,0,1,1,4294967295,0,0
oInvCollPH,816,1360,003E1B0D,0,1,1,4294967295,0,0
oInvCollPH,832,1360,0011DCE6,0,1,1,4294967295,0,0
oInvCollPH,848,1360,0015AF57,0,1,1,4294967295,0,0
oInvCollPH,864,1360,00086298,0,1,1,4294967295,0,0
oInvCollPH,880,1360,0030C5B8,0,1,1,4294967295,0,0
oInvCollPH,896,1360,003AA228,0,1,1,4294967295,0,0
oInvCollPH,912,1360,002C7C32,0,1,1,4294967295,0,0
oInvCollPH,928,1360,000D0B5F,0,1,1,4294967295,0,0
oInvCollPH,944,1360,00336B15,0,1,1,4294967295,0,0
oInvCollPH,960,1360,000B4B89,0,1,1,4294967295,0,0
oInvCollPH,976,1360,000996B0,0,1,1,4294967295,0,0
oInvCollPH,992,1360,001C2804,0,1,1,4294967295,0,0
oInvCollPH,1008,1360,003F7B2A,0,1,1,4294967295,0,0
oInvCollPH,1024,1360,00200626,0,1,1,4294967295,0,0
oInvCollPH,1040,1360,001332B2,0,1,1,4294967295,0,0
oInvCollPH,1056,1360,003D324A,0,1,1,4294967295,0,0
oInvCollPH,1072,1360,00332375,0,1,1,4294967295,0,0
oInvCollPH,1088,1360,00307D69,0,1,1,4294967295,0,0
oInvCollPH,1104,1360,0032EFA0,0,1,1,4294967295,0,0
oInvCollPH,1120,1360,00094D55,0,1,1,4294967295,0,0
oInvCollPH,1136,1360,002B5D8D,0,1,1,4294967295,0,0
oInvCollPH,1152,1360,000D56E5,0,1,1,4294967295,0,0
oInvCollPH,1168,1360,002FDDEC,0,1,1,4294967295,0,0
oInvCollPH,1184,1360,0014EA5D,0,1,1,4294967295,0,0
oInvCollPH,1200,1360,00274ED7,0,1,1,4294967295,0,0
oInvCollPH,1216,1360,002FB565,0,1,1,4294967295,0,0
oInvCollPH,1232,1360,00054EDB,0,1,1,4294967295,0,0
oInvCollPH,1248,1360,0019E7A5,0,1,1,4294967295,0,0
oInvCollPH,1264,1360,00112967,0,1,1,4294967295,0,0
oInvCollPH,1280,1360,003FC6FB,0,1,1,4294967295,0,0
oInvCollPH,1296,1360,00180EE6,0,1,1,4294967295,0,0
oInvCollPH,1312,1360,003DF783,0,1,1,4294967295,0,0
oInvCollPH,1328,1360,00036034,0,1,1,4294967295,0,0
oInvCollPH,1344,1360,000A59E3,0,1,1,4294967295,0,0
oInvCollPH,1360,1360,0007A314,0,1,1,4294967295,0,0
oInvCollPH,1376,1360,002A6864,0,1,1,4294967295,0,0
oInvCollPH,1392,1360,00308329,0,1,1,4294967295,0,0
oInvCollPH,1408,1360,00256701,0,1,1,4294967295,0,0
oInvCollPH,1424,1360,002F151A,0,1,1,4294967295,0,0
oInvCollPH,1440,1360,0004D521,0,1,1,4294967295,0,0
oInvCollPH,1456,1360,00247159,0,1,1,4294967295,0,0
oInvCollPH,1472,1360,00142219,0,1,1,4294967295,0,0
oInvCollPH,1488,1360,002E0037,0,1,1,4294967295,0,0
oInvCollPH,1504,1360,00203801,0,1,1,4294967295,0,0
oInvCollPH,1520,1360,0028FDC1,0,1,1,4294967295,0,0
oInvCollPH,16,192,00121FD9,0,1,1,4294967295,0,0
oInvCollPH,32,192,001FCE3E,0,1,1,4294967295,0,0
oInvCollPH,48,192,00016882,0,1,1,4294967295,0,0
oInvCollPH,64,192,0026D585,0,1,1,4294967295,0,0
oInvCollPH,80,192,002A5E08,0,1,1,4294967295,0,0
oInvCollPH,96,192,003D6324,0,1,1,4294967295,0,0
oInvCollPH,112,192,001344D3,0,1,1,4294967295,0,0
oInvCollPH,128,192,0019B92E,0,1,1,4294967295,0,0
oInvCollPH,144,192,00125824,0,1,1,4294967295,0,0
oInvCollPH,160,192,001851B9,0,1,1,4294967295,0,0
oInvCollPH,176,192,000BD13D,0,1,1,4294967295,0,0
oInvCollPH,192,192,000C93B3,0,1,1,4294967295,0,0
oInvCollPH,208,192,003544B9,0,1,1,4294967295,0,0
oInvCollPH,224,192,00183470,0,1,1,4294967295,0,0
oInvCollPH,240,192,00364021,0,1,1,4294967295,0,0
oInvCollPH,256,192,000954B7,0,1,1,4294967295,0,0
oInvCollPH,272,192,0015CAC8,0,1,1,4294967295,0,0
oInvCollPH,288,192,0015892F,0,1,1,4294967295,0,0
oInvCollPH,304,192,0028C959,0,1,1,4294967295,0,0
oInvCollPH,320,192,003A5C9B,0,1,1,4294967295,0,0
oInvCollPH,336,192,0016FB6F,0,1,1,4294967295,0,0
oInvCollPH,352,192,00106F39,0,1,1,4294967295,0,0
oInvCollPH,352,208,00294403,0,1,1,4294967295,0,0
oInvCollPH,352,224,0022760B,0,1,1,4294967295,0,0
oInvCollPH,352,240,001FB3CB,0,1,1,4294967295,0,0
oInvCollPH,352,256,0014F38C,0,1,1,4294967295,0,0
oInvCollPH,352,272,000374D3,0,1,1,4294967295,0,0
oInvCollPH,352,288,0019BBEF,0,1,1,4294967295,0,0
oInvCollPH,352,304,0016D3AF,0,1,1,4294967295,0,0
oInvCollPH,352,320,000F4E55,0,1,1,4294967295,0,0
oInvCollPH,352,336,003A70DB,0,1,1,4294967295,0,0
oInvCollPH,352,352,001F7E81,0,1,1,4294967295,0,0
oInvCollPH,352,368,0034826E,0,1,1,4294967295,0,0
oInvCollPH,352,384,0012C931,0,1,1,4294967295,0,0
oInvCollPH,352,400,003051B2,0,1,1,4294967295,0,0
oInvCollPH,352,416,0006EDE9,0,1,1,4294967295,0,0
oInvCollPH,352,432,002A8425,0,1,1,4294967295,0,0
oInvCollPH,352,448,003C5A25,0,1,1,4294967295,0,0
oInvCollPH,352,464,0015FCCD,0,1,1,4294967295,0,0
oInvCollPH,352,480,00020C40,0,1,1,4294967295,0,0
oInvCollPH,352,496,0004DC2E,0,1,1,4294967295,0,0
oInvCollPH,352,512,00294A9A,0,1,1,4294967295,0,0
oInvCollPH,352,528,0015B2C7,0,1,1,4294967295,0,0
oInvCollPH,352,560,003ED031,0,1,1,4294967295,0,0
oInvCollPH,352,576,0021E0C3,0,1,1,4294967295,0,0
oInvCollPH,352,592,003D36B5,0,1,1,4294967295,0,0
oInvCollPH,352,608,0012F120,0,1,1,4294967295,0,0
oInvCollPH,352,624,00214A4A,0,1,1,4294967295,0,0
oInvCollPH,352,640,0026405E,0,1,1,4294967295,0,0
oInvCollPH,352,656,0003CE5D,0,1,1,4294967295,0,0
oInvCollPH,352,672,0018B837,0,1,1,4294967295,0,0
oInvCollPH,352,544,0016A4D1,0,1,1,4294967295,0,0
oInvCollPH,352,688,002F2A2E,0,1,1,4294967295,0,0
oInvCollPH,352,704,003331E0,0,1,1,4294967295,0,0
oInvCollPH,352,720,0015DACF,0,1,1,4294967295,0,0
oInvCollPH,352,736,002E9AE9,0,1,1,4294967295,0,0
oInvCollPH,352,752,0034C162,0,1,1,4294967295,0,0
oInvCollPH,352,768,0024CF38,0,1,1,4294967295,0,0
oInvCollPH,352,784,00039417,0,1,1,4294967295,0,0
oInvCollPH,352,800,00077944,0,1,1,4294967295,0,0
oInvCollPH,352,816,000287B1,0,1,1,4294967295,0,0
oInvCollPH,352,832,003E5116,0,1,1,4294967295,0,0
oInvCollPH,352,848,00210502,0,1,1,4294967295,0,0
oInvCollPH,336,848,0023C223,0,1,1,4294967295,0,0
oInvCollPH,320,848,00393FF9,0,1,1,4294967295,0,0
oInvCollPH,304,848,003F89C5,0,1,1,4294967295,0,0
oInvCollPH,288,848,003D7493,0,1,1,4294967295,0,0
oInvCollPH,272,848,000B4E4F,0,1,1,4294967295,0,0
oInvCollPH,256,848,00188991,0,1,1,4294967295,0,0
oInvCollPH,240,848,000BB29E,0,1,1,4294967295,0,0
oInvCollPH,224,848,001E9CF9,0,1,1,4294967295,0,0
oInvCollPH,208,848,0036B81F,0,1,1,4294967295,0,0
oInvCollPH,192,848,002C3FA3,0,1,1,4294967295,0,0
oInvCollPH,176,848,0009C678,0,1,1,4294967295,0,0
oInvCollPH,160,848,001D04E9,0,1,1,4294967295,0,0
oInvCollPH,144,848,00036A28,0,1,1,4294967295,0,0
oInvCollPH,128,848,0035D7F5,0,1,1,4294967295,0,0
oInvCollPH,112,848,0009C55B,0,1,1,4294967295,0,0
oInvCollPH,96,848,001F57EF,0,1,1,4294967295,0,0
oInvCollPH,80,848,0010A900,0,1,1,4294967295,0,0
oInvCollPH,64,848,000D60CD,0,1,1,4294967295,0,0
oInvCollPH,48,848,0031CBE5,0,1,1,4294967295,0,0
oInvCollPH,32,848,00335C01,0,1,1,4294967295,0,0
oInvCollPH,16,848,0022AF06,0,1,1,4294967295,0,0
oInvCollPH,0,848,00397D74,0,1,1,4294967295,0,0
oInvCollPH,112,1120,003DDBF3,0,1,1,4294967295,0,0
oInvCollPH,112,1136,000C7C23,0,1,1,4294967295,0,0
oInvCollPH,112,1152,000B36B5,0,1,1,4294967295,0,0
oInvCollPH,112,1168,000EF168,0,1,1,4294967295,0,0
oInvCollPH,112,1184,0034D56E,0,1,1,4294967295,0,0
oInvCollPH,112,1200,0005D32A,0,1,1,4294967295,0,0
oInvCollPH,112,1216,001A8FC5,0,1,1,4294967295,0,0
oInvCollPH,112,1232,00022940,0,1,1,4294967295,0,0
oInvCollPH,112,1248,003F0718,0,1,1,4294967295,0,0
oInvCollPH,112,1264,000EB388,0,1,1,4294967295,0,0
oInvCollPH,112,1280,002F3A12,0,1,1,4294967295,0,0
oInvCollPH,1072,432,0014BCD7,0,1,1,4294967295,0,0
oInvCollPH,1072,448,001DE590,0,1,1,4294967295,0,0
oInvCollPH,1072,464,0000921B,0,1,1,4294967295,0,0
oInvCollPH,1072,480,000DFED8,0,1,1,4294967295,0,0
oInvCollPH,1072,496,00285EC6,0,1,1,4294967295,0,0
oInvCollPH,1072,512,0015EF29,0,1,1,4294967295,0,0
oInvCollPH,1072,528,0027F9EB,0,1,1,4294967295,0,0
oInvCollPH,1072,544,0038A72D,0,1,1,4294967295,0,0
oInvCollPH,1072,560,0007C955,0,1,1,4294967295,0,0
oInvCollPH,1072,576,00263B5E,0,1,1,4294967295,0,0
oInvCollPH,1072,592,0019698F,0,1,1,4294967295,0,0
oInvCollPH,1072,608,0006B38D,0,1,1,4294967295,0,0
oInvCollPH,1072,624,0009A72E,0,1,1,4294967295,0,0
oInvCollPH,1072,640,003FB76E,0,1,1,4294967295,0,0
oInvCollPH,1072,656,0001C562,0,1,1,4294967295,0,0
oInvCollPH,1072,672,001F058B,0,1,1,4294967295,0,0
oInvCollPH,1072,688,003E2BB7,0,1,1,4294967295,0,0
oInvCollPH,1072,704,0039A88C,0,1,1,4294967295,0,0
oInvCollPH,1072,720,00289646,0,1,1,4294967295,0,0
oInvCollPH,1072,736,002F4AE0,0,1,1,4294967295,0,0
oInvCollPH,1072,752,002C9BEE,0,1,1,4294967295,0,0
oInvCollPH,1072,768,001313CF,0,1,1,4294967295,0,0
oInvCollPH,1072,784,0030CF61,0,1,1,4294967295,0,0
oInvCollPH,1072,800,00215D70,0,1,1,4294967295,0,0
oInvCollPH,1072,816,0034FBDA,0,1,1,4294967295,0,0
oInvCollPH,1072,832,001F9F40,0,1,1,4294967295,0,0
oInvCollPH,1072,848,00357691,0,1,1,4294967295,0,0
oInvCollPH,1088,848,00104E11,0,1,1,4294967295,0,0
oInvCollPH,1104,848,0033FD5E,0,1,1,4294967295,0,0
oInvCollPH,1120,848,000DBA38,0,1,1,4294967295,0,0
oInvCollPH,1136,848,00292C76,0,1,1,4294967295,0,0
oInvCollPH,1152,848,00155297,0,1,1,4294967295,0,0
oInvCollPH,1168,848,002173F0,0,1,1,4294967295,0,0
oInvCollPH,1184,848,0008AFDD,0,1,1,4294967295,0,0
oInvCollPH,1200,848,0036A309,0,1,1,4294967295,0,0
oInvCollPH,1216,848,0013C2D3,0,1,1,4294967295,0,0
oInvCollPH,1232,848,002983AD,0,1,1,4294967295,0,0
oInvCollPH,1232,832,00013995,0,1,1,4294967295,0,0
oInvCollPH,1232,816,002AD18C,0,1,1,4294967295,0,0
oInvCollPH,1232,800,003BF182,0,1,1,4294967295,0,0
oInvCollPH,1232,784,00135969,0,1,1,4294967295,0,0
oInvCollPH,1232,768,003F105C,0,1,1,4294967295,0,0
oInvCollPH,1232,752,00064191,0,1,1,4294967295,0,0
oInvCollPH,1232,736,000963CA,0,1,1,4294967295,0,0
oInvCollPH,1232,720,001AD068,0,1,1,4294967295,0,0
oInvCollPH,1232,704,00270DBA,0,1,1,4294967295,0,0
oInvCollPH,1232,688,001EAF83,0,1,1,4294967295,0,0
oInvCollPH,1232,672,001843CC,0,1,1,4294967295,0,0
oInvCollPH,1232,656,002C9AF5,0,1,1,4294967295,0,0
oInvCollPH,1232,640,003A74F5,0,1,1,4294967295,0,0
oInvCollPH,1232,624,000B21EA,0,1,1,4294967295,0,0
oInvCollPH,1232,608,0031AA55,0,1,1,4294967295,0,0
oInvCollPH,1232,592,000ABE14,0,1,1,4294967295,0,0
oInvCollPH,1232,576,00165668,0,1,1,4294967295,0,0
oInvCollPH,1232,560,0029B727,0,1,1,4294967295,0,0
oInvCollPH,1232,544,000CFD83,0,1,1,4294967295,0,0
oInvCollPH,1232,528,002C2DE1,0,1,1,4294967295,0,0
oInvCollPH,1232,512,001A9642,0,1,1,4294967295,0,0
oInvCollPH,1232,496,0013D70B,0,1,1,4294967295,0,0
oInvCollPH,1232,480,000A57AA,0,1,1,4294967295,0,0
oInvCollPH,1232,464,00370DE9,0,1,1,4294967295,0,0
oInvCollPH,1232,448,00203BDB,0,1,1,4294967295,0,0
oInvCollPH,1232,432,0032B0EF,0,1,1,4294967295,0,0
oInvCollPH,1232,416,003B1A65,0,1,1,4294967295,0,0
oInvCollPH,1328,112,000E20A1,0,1,1,4294967295,0,0
oInvCollPH,1344,112,00035A82,0,1,1,4294967295,0,0
oInvCollPH,1360,112,0028008E,0,1,1,4294967295,0,0
oInvCollPH,1376,112,00225EAF,0,1,1,4294967295,0,0
oInvCollPH,1392,112,0030C57A,0,1,1,4294967295,0,0
oInvCollPH,1408,112,000D6712,0,1,1,4294967295,0,0
oInvCollPH,1424,112,001CDE66,0,1,1,4294967295,0,0
oInvCollPH,1440,112,002556B9,0,1,1,4294967295,0,0
oInvCollPH,1456,112,003F3455,0,1,1,4294967295,0,0
oInvCollPH,1472,112,001DB69B,0,1,1,4294967295,0,0
oInvCollPH,1488,112,000C2031,0,1,1,4294967295,0,0
oInvCollPH,1504,112,002D9EF4,0,1,1,4294967295,0,0
oInvCollPH,1520,112,000AE04B,0,1,1,4294967295,0,0
oInvCollPH,1072,112,0001DFF4,0,1,1,4294967295,0,0
oInvCollPH,1072,128,0036D5C8,0,1,1,4294967295,0,0
oInvCollPH,1072,144,0019A262,0,1,1,4294967295,0,0
oInvCollPH,1072,160,002296F1,0,1,1,4294967295,0,0
oInvCollPH,1072,176,003C2804,0,1,1,4294967295,0,0
oInvCollPH,1072,192,00200075,0,1,1,4294967295,0,0
oInvCollPH,1072,208,001B69AA,0,1,1,4294967295,0,0
oInvCollPH,1072,224,000365A3,0,1,1,4294967295,0,0
oInvCollPH,1072,240,001BA215,0,1,1,4294967295,0,0
oInvCollPH,1072,256,001BCB95,0,1,1,4294967295,0,0
oInvCollPH,1072,272,002F9F66,0,1,1,4294967295,0,0
oInvCollPH,1072,288,001056D1,0,1,1,4294967295,0,0
oInvCollPH,1072,304,000B2D5D,0,1,1,4294967295,0,0
oInvCollPH,1072,320,000FD5DF,0,1,1,4294967295,0,0
oInvCollPH,1072,336,00247E7E,0,1,1,4294967295,0,0
oInvCollPH,1072,352,000AA293,0,1,1,4294967295,0,0
oInvCollPH,1072,368,0015947D,0,1,1,4294967295,0,0
oInvCollPH,1072,384,001F252E,0,1,1,4294967295,0,0
oInvCollPH,1072,400,003A8544,0,1,1,4294967295,0,0
oInvCollPH,1248,400,002B3127,0,1,1,4294967295,0,0
oInvCollPH,1264,400,00005049,0,1,1,4294967295,0,0
oInvCollPH,1280,400,0017AF48,0,1,1,4294967295,0,0
oInvCollPH,1296,400,0012D971,0,1,1,4294967295,0,0
oInvCollPH,1312,400,00311F5A,0,1,1,4294967295,0,0
oInvCollPH,1312,384,000ACD53,0,1,1,4294967295,0,0
oInvCollPH,1312,368,00304A8B,0,1,1,4294967295,0,0
oInvCollPH,1312,352,001538B7,0,1,1,4294967295,0,0
oInvCollPH,1312,336,00003BB5,0,1,1,4294967295,0,0
oInvCollPH,1312,320,00361EB4,0,1,1,4294967295,0,0
oInvCollPH,1312,304,00211C55,0,1,1,4294967295,0,0
oInvCollPH,1312,288,000B3DFC,0,1,1,4294967295,0,0
oInvCollPH,1312,272,00281821,0,1,1,4294967295,0,0
oInvCollPH,1312,256,00112B43,0,1,1,4294967295,0,0
oInvCollPH,1312,240,003ED7F0,0,1,1,4294967295,0,0
oInvCollPH,1312,224,002F9ED7,0,1,1,4294967295,0,0
oInvCollPH,1312,208,002461A7,0,1,1,4294967295,0,0
oInvCollPH,1312,192,0031C921,0,1,1,4294967295,0,0
oInvCollPH,1312,176,002A9AAE,0,1,1,4294967295,0,0
oInvCollPH,1312,160,002FAEC4,0,1,1,4294967295,0,0
oInvCollPH,1312,144,0027FB72,0,1,1,4294967295,0,0
oInvCollPH,1312,128,000BDC23,0,1,1,4294967295,0,0
oInvCollPH,672,16,002F144C,0,1,1,4294967295,0,0
oInvCollPH,672,32,00027E0C,0,1,1,4294967295,0,0
oInvCollPH,672,48,0006B373,0,1,1,4294967295,0,0
oInvCollPH,672,64,003674E9,0,1,1,4294967295,0,0
oInvCollPH,672,80,00284163,0,1,1,4294967295,0,0
oInvCollPH,672,96,0001B479,0,1,1,4294967295,0,0
oInvCollPH,688,96,002E12DD,0,1,1,4294967295,0,0
oInvCollPH,704,96,002BF5A7,0,1,1,4294967295,0,0
oInvCollPH,720,96,002D6C00,0,1,1,4294967295,0,0
oInvCollPH,736,96,0002DF13,0,1,1,4294967295,0,0
oInvCollPH,752,96,00233A84,0,1,1,4294967295,0,0
oInvCollPH,768,96,0035EDAD,0,1,1,4294967295,0,0
oInvCollPH,784,96,00030E84,0,1,1,4294967295,0,0
oInvCollPH,800,96,00170089,0,1,1,4294967295,0,0
oInvCollPH,816,96,003382AE,0,1,1,4294967295,0,0
oInvCollPH,832,96,00010F8A,0,1,1,4294967295,0,0
oInvCollPH,848,96,00011C02,0,1,1,4294967295,0,0
oInvCollPH,864,96,0025447E,0,1,1,4294967295,0,0
oInvCollPH,880,96,00091C63,0,1,1,4294967295,0,0
oInvCollPH,896,96,0036E827,0,1,1,4294967295,0,0
oInvCollPH,912,96,002DBEAD,0,1,1,4294967295,0,0
oInvCollPH,928,96,003E4324,0,1,1,4294967295,0,0
oInvCollPH,944,96,00349E59,0,1,1,4294967295,0,0
oInvCollPH,960,96,0000FD48,0,1,1,4294967295,0,0
oInvCollPH,976,96,001EF1F9,0,1,1,4294967295,0,0
oInvCollPH,992,96,000952B7,0,1,1,4294967295,0,0
oInvCollPH,1008,96,00089C54,0,1,1,4294967295,0,0
oInvCollPH,1024,96,002CE376,0,1,1,4294967295,0,0
oInvCollPH,1040,96,000CC23B,0,1,1,4294967295,0,0
oInvCollPH,1056,96,000F4427,0,1,1,4294967295,0,0
oInvCollPH,592,0,0006E4FF,0,1,1,4294967295,0,0
oInvCollPH,592,16,00402498,0,1,1,4294967295,0,0
oInvCollPH,592,32,001021F8,0,1,1,4294967295,0,0
oInvCollPH,592,48,000E4747,0,1,1,4294967295,0,0
oInvCollPH,592,64,001897AB,0,1,1,4294967295,0,0
oInvCollPH,592,80,00361504,0,1,1,4294967295,0,0
oInvCollPH,592,96,001566F7,0,1,1,4294967295,0,0
oInvCollPH,592,112,0026F707,0,1,1,4294967295,0,0
oInvCollPH,416,112,001BAB3F,0,1,1,4294967295,0,0
oInvCollPH,400,112,000030E3,0,1,1,4294967295,0,0
oInvCollPH,384,112,000B2796,0,1,1,4294967295,0,0
oInvCollPH,368,112,0004E21E,0,1,1,4294967295,0,0
oInvCollPH,352,112,0028E7CE,0,1,1,4294967295,0,0
oInvCollPH,336,112,003BC1CC,0,1,1,4294967295,0,0
oInvCollPH,320,112,0016BC51,0,1,1,4294967295,0,0
oInvCollPH,304,112,00013230,0,1,1,4294967295,0,0
oInvCollPH,288,112,00063791,0,1,1,4294967295,0,0
oInvCollPH,272,112,002A4643,0,1,1,4294967295,0,0
oInvCollPH,256,112,00251AD3,0,1,1,4294967295,0,0
oInvCollPH,240,112,00143124,0,1,1,4294967295,0,0
oInvCollPH,224,112,00314F46,0,1,1,4294967295,0,0
oInvCollPH,208,112,001FA2A3,0,1,1,4294967295,0,0
oInvCollPH,192,112,00308AB1,0,1,1,4294967295,0,0
oInvCollPH,176,112,000C89CB,0,1,1,4294967295,0,0
oInvCollPH,160,112,003CEA32,0,1,1,4294967295,0,0
oInvCollPH,144,112,0017D811,0,1,1,4294967295,0,0
oInvCollPH,128,112,0020F91B,0,1,1,4294967295,0,0
oInvCollPH,112,112,000E2856,0,1,1,4294967295,0,0
oInvCollPH,96,112,0015D397,0,1,1,4294967295,0,0
oInvCollPH,80,112,000576FE,0,1,1,4294967295,0,0
oInvCollPH,64,112,003F001F,0,1,1,4294967295,0,0
oInvCollPH,48,112,002A6996,0,1,1,4294967295,0,0
oInvCollPH,32,112,0031F590,0,1,1,4294967295,0,0
oInvCollPH,16,112,003E6BE7,0,1,1,4294967295,0,0
oInvCollPH,0,112,0035DEDE,0,1,1,4294967295,0,0
oInvCollPH,432,144,0002030B,0,1,1,4294967295,0,0
oInvCollPH,432,160,00192469,0,1,1,4294967295,0,0
oInvCollPH,432,176,003AFB9D,0,1,1,4294967295,0,0
oInvCollPH,432,192,000EDFB7,0,1,1,4294967295,0,0
oInvCollPH,432,208,002BF490,0,1,1,4294967295,0,0
oInvCollPH,432,224,003FC673,0,1,1,4294967295,0,0
oInvCollPH,432,240,000A564D,0,1,1,4294967295,0,0
oInvCollPH,432,256,0017A510,0,1,1,4294967295,0,0
oInvCollPH,432,272,00278BC2,0,1,1,4294967295,0,0
oInvCollPH,432,400,000880DC,0,1,1,4294967295,0,0
oInvCollPH,432,384,001DCDB0,0,1,1,4294967295,0,0
oInvCollPH,432,368,00350D58,0,1,1,4294967295,0,0
oInvCollPH,432,352,001224DF,0,1,1,4294967295,0,0
oInvCollPH,432,336,002BC6D3,0,1,1,4294967295,0,0
oInvCollPH,432,320,0036C356,0,1,1,4294967295,0,0
oInvCollPH,432,304,0038455B,0,1,1,4294967295,0,0
oInvCollPH,432,288,00206BB2,0,1,1,4294967295,0,0
oInvCollPH,592,400,00330567,0,1,1,4294967295,0,0
oInvCollPH,592,384,00094504,0,1,1,4294967295,0,0
oInvCollPH,592,368,00249918,0,1,1,4294967295,0,0
oInvCollPH,592,352,00053FD7,0,1,1,4294967295,0,0
oInvCollPH,592,336,003C6656,0,1,1,4294967295,0,0
oInvCollPH,592,320,00321614,0,1,1,4294967295,0,0
oInvCollPH,592,304,00142856,0,1,1,4294967295,0,0
oInvCollPH,592,288,00373EC6,0,1,1,4294967295,0,0
oInvCollPH,592,272,000A5EE9,0,1,1,4294967295,0,0
oInvCollPH,592,256,003377E2,0,1,1,4294967295,0,0
oInvCollPH,592,240,000EDBD9,0,1,1,4294967295,0,0
oInvCollPH,592,224,002E7CA9,0,1,1,4294967295,0,0
oInvCollPH,592,208,003F7B22,0,1,1,4294967295,0,0
oInvCollPH,592,192,000700ED,0,1,1,4294967295,0,0
oInvCollPH,592,176,00370A30,0,1,1,4294967295,0,0
oInvCollPH,592,160,0010A0CB,0,1,1,4294967295,0,0
oInvCollPH,592,144,002B249D,0,1,1,4294967295,0,0
oInvCollPH,592,128,0015BB12,0,1,1,4294967295,0,0
oInvCollPH,608,416,003D9EBC,0,1,1,4294967295,0,0
oInvCollPH,624,416,0003F3BF,0,1,1,4294967295,0,0
oInvCollPH,640,416,002B5582,0,1,1,4294967295,0,0
oInvCollPH,656,416,003E43DC,0,1,1,4294967295,0,0
oInvCollPH,672,416,002303D7,0,1,1,4294967295,0,0
oInvCollPH,688,416,003BCC35,0,1,1,4294967295,0,0
oInvCollPH,704,416,0024BE88,0,1,1,4294967295,0,0
oInvCollPH,720,416,00226A16,0,1,1,4294967295,0,0
oInvCollPH,736,416,0015602C,0,1,1,4294967295,0,0
oInvCollPH,752,416,001B877B,0,1,1,4294967295,0,0
oInvCollPH,768,416,003336B6,0,1,1,4294967295,0,0
oInvCollPH,784,416,0002795B,0,1,1,4294967295,0,0
oInvCollPH,800,416,000FDDD9,0,1,1,4294967295,0,0
oInvCollPH,816,416,00232DEB,0,1,1,4294967295,0,0
oInvCollPH,832,416,0039B97B,0,1,1,4294967295,0,0
oInvCollPH,848,416,003B0FEE,0,1,1,4294967295,0,0
oInvCollPH,864,416,002F0B8B,0,1,1,4294967295,0,0
oInvCollPH,880,416,001D7A3A,0,1,1,4294967295,0,0
oInvCollPH,896,416,000EE349,0,1,1,4294967295,0,0
oInvCollPH,912,416,000D39DF,0,1,1,4294967295,0,0
oInvCollPH,928,416,003BACCB,0,1,1,4294967295,0,0
oInvCollPH,944,416,00259C6A,0,1,1,4294967295,0,0
oInvCollPH,960,416,0010B15D,0,1,1,4294967295,0,0
oInvCollPH,976,416,002CD1DB,0,1,1,4294967295,0,0
oInvCollPH,976,432,0000BCEB,0,1,1,4294967295,0,0
oInvCollPH,976,448,001ED0A5,0,1,1,4294967295,0,0
oInvCollPH,976,464,0038656D,0,1,1,4294967295,0,0
oInvCollPH,976,480,00121AA6,0,1,1,4294967295,0,0
oInvCollPH,976,496,000F3C63,0,1,1,4294967295,0,0
oInvCollPH,976,512,000F83E5,0,1,1,4294967295,0,0
oInvCollPH,976,528,001C4298,0,1,1,4294967295,0,0
oInvCollPH,976,544,0030DE9B,0,1,1,4294967295,0,0
oInvCollPH,976,560,001FA585,0,1,1,4294967295,0,0
oInvCollPH,976,576,001D9ECF,0,1,1,4294967295,0,0
oInvCollPH,976,592,001A65AD,0,1,1,4294967295,0,0
oInvCollPH,976,608,00322C08,0,1,1,4294967295,0,0
oInvCollPH,976,624,0019A591,0,1,1,4294967295,0,0
oInvCollPH,976,640,003B079A,0,1,1,4294967295,0,0
oInvCollPH,976,656,0033D982,0,1,1,4294967295,0,0
oInvCollPH,976,672,002F7BAF,0,1,1,4294967295,0,0
oInvCollPH,976,688,0010FC42,0,1,1,4294967295,0,0
oInvCollPH,816,688,00220D0A,0,1,1,4294967295,0,0
oInvCollPH,800,688,0036F12A,0,1,1,4294967295,0,0
oInvCollPH,784,688,0030F70F,0,1,1,4294967295,0,0
oInvCollPH,768,720,001B7FF4,0,1,1,4294967295,0,0
oInvCollPH,752,688,001136EB,0,1,1,4294967295,0,0
oInvCollPH,736,688,0022B1DA,0,1,1,4294967295,0,0
oInvCollPH,720,688,000835DE,0,1,1,4294967295,0,0
oInvCollPH,704,688,00337FA3,0,1,1,4294967295,0,0
oInvCollPH,688,720,0002F5A9,0,1,1,4294967295,0,0
oInvCollPH,672,688,003DB76C,0,1,1,4294967295,0,0
oInvCollPH,656,688,00298604,0,1,1,4294967295,0,0
oInvCollPH,640,720,0033566B,0,1,1,4294967295,0,0
oInvCollPH,624,688,002AC8D2,0,1,1,4294967295,0,0
oInvCollPH,608,688,00392275,0,1,1,4294967295,0,0
oInvCollPH,592,688,000F822E,0,1,1,4294967295,0,0
oInvCollPH,576,688,001996F8,0,1,1,4294967295,0,0
oInvCollPH,560,720,0027F8E6,0,1,1,4294967295,0,0
oInvCollPH,544,688,002159C3,0,1,1,4294967295,0,0
oInvCollPH,528,688,0002FF2A,0,1,1,4294967295,0,0
oInvCollPH,432,688,003A5B30,0,1,1,4294967295,0,0
oInvCollPH,432,672,002793C6,0,1,1,4294967295,0,0
oInvCollPH,432,656,00379BC8,0,1,1,4294967295,0,0
oInvCollPH,432,640,001AFAF1,0,1,1,4294967295,0,0
oInvCollPH,432,624,00314572,0,1,1,4294967295,0,0
oInvCollPH,432,608,003322C8,0,1,1,4294967295,0,0
oInvCollPH,432,592,00337EA5,0,1,1,4294967295,0,0
oInvCollPH,432,576,0013B867,0,1,1,4294967295,0,0
oInvCollPH,432,560,001674CF,0,1,1,4294967295,0,0
oInvCollPH,432,544,00009429,0,1,1,4294967295,0,0
oInvCollPH,432,528,000B177E,0,1,1,4294967295,0,0
oInvCollPH,432,512,002E6D44,0,1,1,4294967295,0,0
oInvCollPH,432,496,001A3C26,0,1,1,4294967295,0,0
oInvCollPH,432,480,000A6D72,0,1,1,4294967295,0,0
oInvCollPH,432,464,00400363,0,1,1,4294967295,0,0
oInvCollPH,432,448,003BAF35,0,1,1,4294967295,0,0
oInvCollPH,432,432,003A49AC,0,1,1,4294967295,0,0
oInvCollPH,16,944,00057ABD,0,1,1,4294967295,0,0
oInvCollPH,32,944,000E63B5,0,1,1,4294967295,0,0
oInvCollPH,48,944,001D136F,0,1,1,4294967295,0,0
oInvCollPH,64,944,0002ABAE,0,1,1,4294967295,0,0
oInvCollPH,80,944,00149CF6,0,1,1,4294967295,0,0
oInvCollPH,96,944,00081948,0,1,1,4294967295,0,0
oInvCollPH,112,944,000B1BA4,0,1,1,4294967295,0,0
oInvCollPH,128,944,0027B4B2,0,1,1,4294967295,0,0
oInvCollPH,144,944,002CA2B9,0,1,1,4294967295,0,0
oInvCollPH,160,944,00253EC0,0,1,1,4294967295,0,0
oInvCollPH,176,944,003E03CA,0,1,1,4294967295,0,0
oInvCollPH,192,944,000D24B0,0,1,1,4294967295,0,0
oInvCollPH,208,944,00320075,0,1,1,4294967295,0,0
oInvCollPH,224,944,003498FA,0,1,1,4294967295,0,0
oInvCollPH,240,944,0028A546,0,1,1,4294967295,0,0
oInvCollPH,256,944,002F94A8,0,1,1,4294967295,0,0
oInvCollPH,272,944,0026AA8E,0,1,1,4294967295,0,0
oInvCollPH,288,944,000782F3,0,1,1,4294967295,0,0
oInvCollPH,304,944,0020C27F,0,1,1,4294967295,0,0
oInvCollPH,320,944,000EADD1,0,1,1,4294967295,0,0
oInvCollPH,336,944,002CF9B5,0,1,1,4294967295,0,0
oInvCollPH,352,944,000DBCC3,0,1,1,4294967295,0,0
oInvCollPH,368,944,002ABF79,0,1,1,4294967295,0,0
oInvCollPH,384,944,00030B76,0,1,1,4294967295,0,0
oInvCollPH,400,944,001C2324,0,1,1,4294967295,0,0
oInvCollPH,416,944,00122247,0,1,1,4294967295,0,0
oInvCollPH,480,1104,002DD7B8,0,1,1,4294967295,0,0
oInvCollPH,464,1104,003998EF,0,1,1,4294967295,0,0
oInvCollPH,448,1104,0006D9ED,0,1,1,4294967295,0,0
oInvCollPH,432,1104,002BE065,0,1,1,4294967295,0,0
oInvCollPH,416,1104,00292585,0,1,1,4294967295,0,0
oInvCollPH,400,1104,0017DE6E,0,1,1,4294967295,0,0
oInvCollPH,384,1104,0031CCFB,0,1,1,4294967295,0,0
oInvCollPH,368,1104,003B8BB4,0,1,1,4294967295,0,0
oInvCollPH,352,1104,002645B3,0,1,1,4294967295,0,0
oInvCollPH,336,1104,003C5333,0,1,1,4294967295,0,0
oInvCollPH,320,1104,0006D179,0,1,1,4294967295,0,0
oInvCollPH,304,1104,00318DFE,0,1,1,4294967295,0,0
oInvCollPH,288,1104,0013C8BD,0,1,1,4294967295,0,0
oInvCollPH,272,1104,002CCE9A,0,1,1,4294967295,0,0
oInvCollPH,256,1104,00285681,0,1,1,4294967295,0,0
oInvCollPH,240,1104,002FFB06,0,1,1,4294967295,0,0
oInvCollPH,224,1104,002A0E3C,0,1,1,4294967295,0,0
oInvCollPH,208,1104,003ABB15,0,1,1,4294967295,0,0
oInvCollPH,192,1104,00355A25,0,1,1,4294967295,0,0
oInvCollPH,176,1104,003671AD,0,1,1,4294967295,0,0
oInvCollPH,160,1104,00037D6C,0,1,1,4294967295,0,0
oInvCollPH,144,1104,002BBE48,0,1,1,4294967295,0,0
oInvCollPH,128,1104,0039C744,0,1,1,4294967295,0,0
oInvCollPH,528,944,0017DF8E,0,1,1,4294967295,0,0
oInvCollPH,544,944,00274870,0,1,1,4294967295,0,0
oInvCollPH,560,928,0013E355,0,1,1,4294967295,0,0
oInvCollPH,576,944,0007CEAA,0,1,1,4294967295,0,0
oInvCollPH,592,944,00097F75,0,1,1,4294967295,0,0
oInvCollPH,608,944,000B0E1E,0,1,1,4294967295,0,0
oInvCollPH,624,944,0014995B,0,1,1,4294967295,0,0
oInvCollPH,640,928,00113C73,0,1,1,4294967295,0,0
oInvCollPH,656,944,00283FA5,0,1,1,4294967295,0,0
oInvCollPH,672,944,002EDF45,0,1,1,4294967295,0,0
oInvCollPH,688,928,0008ACC6,0,1,1,4294967295,0,0
oInvCollPH,704,944,001FBD8C,0,1,1,4294967295,0,0
oInvCollPH,720,944,0024E34F,0,1,1,4294967295,0,0
oInvCollPH,736,944,003599D2,0,1,1,4294967295,0,0
oInvCollPH,752,944,003573DE,0,1,1,4294967295,0,0
oInvCollPH,768,928,0023C976,0,1,1,4294967295,0,0
oInvCollPH,784,944,0016FCDC,0,1,1,4294967295,0,0
oInvCollPH,800,944,003CB33B,0,1,1,4294967295,0,0
oInvCollPH,496,1120,0024FE24,0,1,1,4294967295,0,0
oInvCollPH,496,1136,0019D763,0,1,1,4294967295,0,0
oInvCollPH,496,1152,000304F7,0,1,1,4294967295,0,0
oInvCollPH,496,1168,00389D07,0,1,1,4294967295,0,0
oInvCollPH,496,1184,002546A7,0,1,1,4294967295,0,0
oInvCollPH,496,1200,001A12B9,0,1,1,4294967295,0,0
oInvCollPH,496,1216,0034EE92,0,1,1,4294967295,0,0
oInvCollPH,496,1232,0033F64A,0,1,1,4294967295,0,0
oInvCollPH,496,1248,002D8FCD,0,1,1,4294967295,0,0
oInvCollPH,496,1264,003526D4,0,1,1,4294967295,0,0
oInvCollPH,496,1280,001B9FAB,0,1,1,4294967295,0,0
oInvCollPH,512,1280,001B0C16,0,1,1,4294967295,0,0
oInvCollPH,528,1280,000535A4,0,1,1,4294967295,0,0
oInvCollPH,544,1280,00111366,0,1,1,4294967295,0,0
oInvCollPH,560,1280,00295809,0,1,1,4294967295,0,0
oInvCollPH,576,1280,000FC212,0,1,1,4294967295,0,0
oInvCollPH,592,1280,00124B47,0,1,1,4294967295,0,0
oInvCollPH,608,1280,000B02BA,0,1,1,4294967295,0,0
oInvCollPH,624,1280,00008744,0,1,1,4294967295,0,0
oInvCollPH,640,1280,000F890E,0,1,1,4294967295,0,0
oInvCollPH,656,1280,0003E4D0,0,1,1,4294967295,0,0
oInvCollPH,672,1280,002D03B9,0,1,1,4294967295,0,0
oInvCollPH,688,1280,00140BF6,0,1,1,4294967295,0,0
oInvCollPH,704,1280,0007A09C,0,1,1,4294967295,0,0
oInvCollPH,720,1280,0024679C,0,1,1,4294967295,0,0
oInvCollPH,736,1280,001E2B3E,0,1,1,4294967295,0,0
oInvCollPH,752,1280,00228140,0,1,1,4294967295,0,0
oInvCollPH,768,1280,00024471,0,1,1,4294967295,0,0
oInvCollPH,784,1280,00251958,0,1,1,4294967295,0,0
oInvCollPH,800,1280,00000E0D,0,1,1,4294967295,0,0
oInvCollPH,816,1280,0011C299,0,1,1,4294967295,0,0
oInvCollPH,832,1280,00277846,0,1,1,4294967295,0,0
oInvCollPH,848,1280,000F23C0,0,1,1,4294967295,0,0
oInvCollPH,864,1280,003A596B,0,1,1,4294967295,0,0
oInvCollPH,880,1280,00365A79,0,1,1,4294967295,0,0
oInvCollPH,896,1280,001BEF36,0,1,1,4294967295,0,0
oInvCollPH,912,1280,000D5F36,0,1,1,4294967295,0,0
oInvCollPH,928,1280,000757CB,0,1,1,4294967295,0,0
oInvCollPH,944,1280,0024DFD4,0,1,1,4294967295,0,0
oInvCollPH,960,1280,001BB1EF,0,1,1,4294967295,0,0
oInvCollPH,976,1280,00170A9C,0,1,1,4294967295,0,0
oInvCollPH,992,1280,002A6A56,0,1,1,4294967295,0,0
oInvCollPH,1008,1280,0000AA65,0,1,1,4294967295,0,0
oInvCollPH,1024,1280,003780AA,0,1,1,4294967295,0,0
oInvCollPH,816,944,001319BA,0,1,1,4294967295,0,0
oInvCollPH,832,944,0038C484,0,1,1,4294967295,0,0
oInvCollPH,848,944,000219E9,0,1,1,4294967295,0,0
oInvCollPH,864,944,0032B822,0,1,1,4294967295,0,0
oInvCollPH,880,944,001AB667,0,1,1,4294967295,0,0
oInvCollPH,896,944,00021151,0,1,1,4294967295,0,0
oInvCollPH,912,944,000576FA,0,1,1,4294967295,0,0
oInvCollPH,928,944,000CC5DF,0,1,1,4294967295,0,0
oInvCollPH,944,944,00267D92,0,1,1,4294967295,0,0
oInvCollPH,960,944,00026746,0,1,1,4294967295,0,0
oInvCollPH,976,944,000FE3A3,0,1,1,4294967295,0,0
oInvCollPH,992,944,001946A1,0,1,1,4294967295,0,0
oInvCollPH,1008,944,003B58CE,0,1,1,4294967295,0,0
oInvCollPH,1024,944,00197BAE,0,1,1,4294967295,0,0
oInvCollPH,1040,944,000FBAC6,0,1,1,4294967295,0,0
oInvCollPH,1056,944,003F4F8E,0,1,1,4294967295,0,0
oInvCollPH,1072,944,0037AEDB,0,1,1,4294967295,0,0
oInvCollPH,1088,944,0036D729,0,1,1,4294967295,0,0
oInvCollPH,1104,944,00156F16,0,1,1,4294967295,0,0
oInvCollPH,1120,944,003C4B1B,0,1,1,4294967295,0,0
oInvCollPH,1136,944,002643E0,0,1,1,4294967295,0,0
oInvCollPH,1152,944,0019D652,0,1,1,4294967295,0,0
oInvCollPH,1168,944,000150A6,0,1,1,4294967295,0,0
oInvCollPH,1184,944,000DA37D,0,1,1,4294967295,0,0
oInvCollPH,1200,944,00324575,0,1,1,4294967295,0,0
oInvCollPH,1216,944,002121F7,0,1,1,4294967295,0,0
oInvCollPH,1232,944,003F9059,0,1,1,4294967295,0,0
oInvCollPH,1248,944,0024DC75,0,1,1,4294967295,0,0
oInvCollPH,1264,944,0030B970,0,1,1,4294967295,0,0
oInvCollPH,1280,944,0007052B,0,1,1,4294967295,0,0
oInvCollPH,1296,944,00373BA9,0,1,1,4294967295,0,0
oInvCollPH,1312,944,0005AFA0,0,1,1,4294967295,0,0
oInvCollPH,1328,944,00120FFE,0,1,1,4294967295,0,0
oInvCollPH,1344,944,0034EADC,0,1,1,4294967295,0,0
oInvCollPH,1360,944,003E0AD9,0,1,1,4294967295,0,0
oInvCollPH,1376,944,0003C5AF,0,1,1,4294967295,0,0
oInvCollPH,1392,944,00149E78,0,1,1,4294967295,0,0
oInvCollPH,1408,944,002CF20F,0,1,1,4294967295,0,0
oInvCollPH,1424,944,002A31A7,0,1,1,4294967295,0,0
oInvCollPH,1440,944,00293BB5,0,1,1,4294967295,0,0
oInvCollPH,1456,944,000BCB96,0,1,1,4294967295,0,0
oInvCollPH,1472,944,00157B58,0,1,1,4294967295,0,0
oInvCollPH,1488,944,0014CE6C,0,1,1,4294967295,0,0
oInvCollPH,1504,944,0037D3E6,0,1,1,4294967295,0,0
oInvCollPH,1520,944,003ADBA6,0,1,1,4294967295,0,0
oInvCollPH,1040,1280,002CD32E,0,1,1,4294967295,0,0
oInvCollPH,1056,1280,000F7113,0,1,1,4294967295,0,0
oInvCollPH,1072,1280,0039D357,0,1,1,4294967295,0,0
oInvCollPH,1088,1280,000238C9,0,1,1,4294967295,0,0
oInvCollPH,1104,1280,002E2557,0,1,1,4294967295,0,0
oInvCollPH,1120,1280,0021180A,0,1,1,4294967295,0,0
oInvCollPH,1136,1280,0015FB0F,0,1,1,4294967295,0,0
oInvCollPH,1152,1280,00294F53,0,1,1,4294967295,0,0
oInvCollPH,1168,1280,003F8DE8,0,1,1,4294967295,0,0
oInvCollPH,1184,1280,00111812,0,1,1,4294967295,0,0
oInvCollPH,1200,1280,0013CA89,0,1,1,4294967295,0,0
oInvCollPH,1216,1280,0029F45D,0,1,1,4294967295,0,0
oInvCollPH,1232,1280,00254BE5,0,1,1,4294967295,0,0
oInvCollPH,1248,1280,000842F3,0,1,1,4294967295,0,0
oInvCollPH,1264,1280,0008D3C2,0,1,1,4294967295,0,0
oInvCollPH,1280,1280,0015BE10,0,1,1,4294967295,0,0
oInvCollPH,1296,1280,001EDED7,0,1,1,4294967295,0,0
oInvCollPH,1312,1280,003948C9,0,1,1,4294967295,0,0
oInvCollPH,1328,1280,00317BF4,0,1,1,4294967295,0,0
oInvCollPH,1344,1280,000870BD,0,1,1,4294967295,0,0
oInvCollPH,1360,1280,00114F71,0,1,1,4294967295,0,0
oInvCollPH,1376,1280,0013E692,0,1,1,4294967295,0,0
oInvCollPH,1392,1280,0000067D,0,1,1,4294967295,0,0
oInvCollPH,1408,1280,0035E966,0,1,1,4294967295,0,0
oInvCollPH,1424,1280,00393D26,0,1,1,4294967295,0,0
oInvCollPH,1440,1280,0019539E,0,1,1,4294967295,0,0
oInvCollPH,1456,1280,0006A668,0,1,1,4294967295,0,0
oInvCollPH,1472,1280,002CF5CA,0,1,1,4294967295,0,0
oInvCollPH,1488,1280,0028148C,0,1,1,4294967295,0,0
oInvCollPH,1504,1280,002E14CA,0,1,1,4294967295,0,0
oInvCollPH,1520,1280,0023F401,0,1,1,4294967295,0,0
oInvCollPH,96,1280,003D5EAD,0,1,1,4294967295,0,0
oInvCollPH,80,1280,00280353,0,1,1,4294967295,0,0
oInvCollPH,64,1280,002297DB,0,1,1,4294967295,0,0
oInvCollPH,48,1280,0037C58B,0,1,1,4294967295,0,0
oInvCollPH,32,1280,0036CCC1,0,1,1,4294967295,0,0
oInvCollPH,16,1280,00283BC6,0,1,1,4294967295,0,0
oInvCollPH,0,1280,0033151D,0,1,1,4294967295,0,0
oInvCollPH,128,1360,002BD7DF,0,1,1,4294967295,0,0
oInvCollPH,112,1360,00109ED1,0,1,1,4294967295,0,0
oInvCollPH,96,1360,00101E6D,0,1,1,4294967295,0,0
oInvCollPH,80,1360,003040DD,0,1,1,4294967295,0,0
oInvCollPH,64,1360,00130298,0,1,1,4294967295,0,0
oInvCollPH,48,1360,0007C46F,0,1,1,4294967295,0,0
oInvCollPH,32,1360,0016EE87,0,1,1,4294967295,0,0
oInvCollPH,16,1360,001979CA,0,1,1,4294967295,0,0
oInvCollPH,176,1184,002BF106,0,1,1,4294967295,0,0
oInvCollPH,192,1184,00311288,0,1,1,4294967295,0,0
oInvCollPH,208,1184,00275FA5,0,1,1,4294967295,0,0
oInvCollPH,224,1184,002185B7,0,1,1,4294967295,0,0
oInvCollPH,240,1184,002CFE2F,0,1,1,4294967295,0,0
oInvCollPH,256,1184,00262476,0,1,1,4294967295,0,0
oInvCollPH,272,1184,001F07C9,0,1,1,4294967295,0,0
oInvCollPH,352,1184,0017E880,0,1,1,4294967295,0,0
oInvCollPH,368,1184,003C3229,0,1,1,4294967295,0,0
oInvCollPH,384,1184,0008A014,0,1,1,4294967295,0,0
oInvCollPH,400,1184,000A527E,0,1,1,4294967295,0,0
oInvCollPH,416,1184,0022ED5A,0,1,1,4294967295,0,0
oInvCollPH,432,1184,00115AEC,0,1,1,4294967295,0,0
oInvCollPH,448,1184,0000B69E,0,1,1,4294967295,0,0
oInvCollPH,560,736,002EBF4A,0,1,1,4294967295,0,0
oInvCollPH,560,752,003E154F,0,1,1,4294967295,0,0
oInvCollPH,560,768,002E63A6,0,1,1,4294967295,0,0
oInvCollPH,560,784,003C0A6F,0,1,1,4294967295,0,0
oInvCollPH,640,736,00205F21,0,1,1,4294967295,0,0
oInvCollPH,640,752,0036A268,0,1,1,4294967295,0,0
oInvCollPH,640,768,0008122C,0,1,1,4294967295,0,0
oInvCollPH,640,784,002ED128,0,1,1,4294967295,0,0
oInvCollPH,688,736,00293834,0,1,1,4294967295,0,0
oInvCollPH,688,752,00355041,0,1,1,4294967295,0,0
oInvCollPH,688,768,00320E16,0,1,1,4294967295,0,0
oInvCollPH,688,784,0011845B,0,1,1,4294967295,0,0
oInvCollPH,768,736,00100B9D,0,1,1,4294967295,0,0
oInvCollPH,768,752,003266FE,0,1,1,4294967295,0,0
oInvCollPH,768,768,001FCA5F,0,1,1,4294967295,0,0
oInvCollPH,768,784,001D1E3A,0,1,1,4294967295,0,0
oInvisibleSolid,0,192,0026F634,0,1,1,4294967295,0,1
oInvisibleSolid,0,0,00050B5C,0,1,1,4294967295,0,1
oInvisibleSolid,432,128,002F071F,0,1,1,4294967295,0,1
oInvisibleSolid,432,416,001FC8E9,0,1,1,4294967295,0,1
oInvisibleSolid,432,704,000CCACC,0,1,1,4294967295,0,1
oInvisibleSolid,832,704,002E376F,0,1,1,4294967295,0,1
oInvisibleSolid,0,1360,0011BB7F,0,1,1,4294967295,0,1
oInvisibleSolid,0,1120,003F0051,0,1,1,4294967295,0,1
oInvisibleSolid,0,944,00304895,0,1,1,4294967295,0,1
oInvisibleSolid,496,944,001F8C8F,0,1,1,4294967295,0,1
oInvisibleSolid,672,1360,000890F8,0,1,1,4294967295,0,1
oInvisibleSolid,672,0,000E41D9,0,1,1,4294967295,0,1
oInvisibleSolid,1328,0,0004B571,0,1,1,4294967295,0,1
oInvisibleSolid,1072,0,003101F8,0,1,1,4294967295,0,1
oInvisibleSolid,1376,192,0023D271,0,1,1,4294967295,0,1
oInvisibleSolid,1472,416,001E9237,0,1,1,4294967295,0,1
oInvisibleSolid,1072,416,0001E327,0,1,1,4294967295,0,1
oInvisibleSolid,1312,576,000496A2,0,1,1,4294967295,0,1
oInvisibleSolid,160,1184,000D6208,0,1,1,4294967295,0,1
oInvisibleSolid,336,1184,002544D0,0,1,1,4294967295,0,1
oInvisibleSolid,560,704,0019653B,0,1,1,4294967295,0,1
oInvisibleSolid,560,912,0006E1AE,0,1,1,4294967295,0,1
oInvisibleSolid,640,912,0015CBB5,0,1,1,4294967295,0,1
oInvisibleSolid,688,912,002563B5,0,1,1,4294967295,0,1
oInvisibleSolid,768,912,0019C096,0,1,1,4294967295,0,1
oInvisibleSolid,768,704,0026CE18,0,1,1,4294967295,0,1
oInvisibleSolid,688,704,001F70B7,0,1,1,4294967295,0,1
oInvisibleSolid,640,704,0021FE0D,0,1,1,4294967295,0,1
