tileCastlevaniaD,0,704,0,0,32,96,0,1,1,4294967295
tileCastlevaniaD,32,704,0,0,32,64,0,1,1,4294967295
tileCastlevaniaD,64,704,0,0,32,96,0,1,1,4294967295
tileCastlevaniaD,96,704,0,0,32,64,0,1,1,4294967295
tileCastlevaniaD,32,768,32,64,16,32,0,1,1,4294967295
tileCastlevaniaD,48,768,32,64,16,32,0,1,1,4294967295
tileCastlevaniaD,96,768,48,80,32,16,0,1,1,4294967295
tileCastlevaniaD,96,784,48,80,32,16,0,1,1,4294967295
tileCastlevaniaD,0,656,48,80,32,16,0,1,1,4294967295
tileCastlevaniaD,32,656,48,80,32,16,0,1,1,4294967295
tileCastlevaniaD,0,608,112,64,64,32,0,1,1,4294967295
tileCastlevaniaD,0,640,48,64,32,16,0,1,1,4294967295
tileCastlevaniaD,64,608,32,64,16,32,0,1,1,4294967295
tileCastlevaniaD,80,624,64,32,16,16,0,1,1,4294967295
tileCastlevaniaD,80,608,64,32,16,16,0,1,1,4294967295
tileCastlevaniaD,80,592,64,32,16,16,0,1,1,4294967295
tileCastlevaniaD,80,576,64,32,16,16,0,1,1,4294967295
tileCastlevaniaD,48,592,48,80,32,16,0,1,1,4294967295
tileCastlevaniaD,16,592,48,80,32,16,0,1,1,4294967295
tileCastlevaniaD,48,576,48,80,32,16,0,1,1,4294967295
tileCastlevaniaD,16,576,48,80,32,16,0,1,1,4294967295
tileCastlevaniaD,0,576,32,64,16,32,0,1,1,4294967295
tileCastlevaniaD,32,640,48,64,48,16,0,1,1,4294967295
tileCastlevaniaD,80,640,64,32,16,16,0,1,1,4294967295
tileCastlevaniaD,128,704,0,0,32,96,0,1,1,4294967295
tileCastlevaniaD,160,672,0,96,32,64,0,1,1,4294967295
tileCastlevaniaD,192,656,16,96,16,64,0,1,1,4294967295
tileCastlevaniaD,208,640,16,96,16,64,0,1,1,4294967295
tileCastlevaniaD,224,624,16,96,16,64,0,1,1,4294967295
tileCastlevaniaD,272,576,16,96,32,64,0,1,1,4294967295
tileCastlevaniaD,304,576,0,0,32,64,0,1,1,4294967295
tileCastlevaniaD,192,512,0,0,48,64,0,1,1,4294967295
tileCastlevaniaD,240,608,16,96,16,64,0,1,1,4294967295
tileCastlevaniaD,256,592,16,96,16,64,0,1,1,4294967295
tileCastlevaniaD,160,480,64,96,32,64,0,1,1,4294967295
tileCastlevaniaD,144,464,64,96,16,64,0,1,1,4294967295
tileCastlevaniaD,128,448,64,96,16,64,0,1,1,4294967295
tileCastlevaniaD,112,432,64,96,16,64,0,1,1,4294967295
tileCastlevaniaD,96,416,64,96,16,64,0,1,1,4294967295
tileCastlevaniaD,64,400,48,96,32,64,0,1,1,4294967295
tileCastlevaniaD,32,400,0,0,32,96,0,1,1,4294967295
tileCastlevaniaD,16,416,64,32,16,16,0,1,1,4294967295
tileCastlevaniaD,16,400,64,32,16,16,0,1,1,4294967295
tileCastlevaniaD,16,384,64,32,16,16,0,1,1,4294967295
tileCastlevaniaD,16,368,64,32,16,16,0,1,1,4294967295
tileCastlevaniaD,16,352,64,32,16,16,0,1,1,4294967295
tileCastlevaniaD,16,336,64,32,16,16,0,1,1,4294967295
tileCastlevaniaD,16,320,64,32,16,16,0,1,1,4294967295
tileCastlevaniaD,16,304,64,32,16,16,0,1,1,4294967295
tileCastlevaniaD,96,560,48,64,32,16,0,1,1,4294967295
tileCastlevaniaD,336,528,48,32,16,16,0,1,1,4294967295
tileCastlevaniaD,336,512,48,32,16,16,0,1,1,4294967295
tileCastlevaniaD,336,496,48,32,16,16,0,1,1,4294967295
tileCastlevaniaD,336,480,48,32,16,16,0,1,1,4294967295
tileCastlevaniaD,336,464,48,32,16,16,0,1,1,4294967295
tileCastlevaniaD,336,448,48,32,16,16,0,1,1,4294967295
tileCastlevaniaD,336,432,48,32,16,16,0,1,1,4294967295
tileCastlevaniaD,336,416,48,32,16,16,0,1,1,4294967295
tileCastlevaniaD,336,400,48,32,16,16,0,1,1,4294967295
tileCastlevaniaD,0,304,32,64,16,32,0,1,1,4294967295
tileCastlevaniaD,0,336,32,64,16,32,0,1,1,4294967295
tileCastlevaniaD,0,368,32,64,16,32,0,1,1,4294967295
tileCastlevaniaD,0,400,32,64,16,32,0,1,1,4294967295
tileCastlevaniaD,0,432,0,64,32,32,0,1,1,4294967295
tileCastlevaniaD,0,464,48,64,32,16,0,1,1,4294967295
tileCastlevaniaD,0,480,64,64,32,16,0,1,1,4294967295
tileCastlevaniaD,0,496,32,64,64,32,0,1,1,4294967295
tileCastlevaniaD,80,464,48,144,16,16,0,1,1,4294967295
tileCastlevaniaD,96,480,48,144,16,16,0,1,1,4294967295
tileCastlevaniaD,112,496,48,144,16,16,0,1,1,4294967295
tileCastlevaniaD,128,512,48,144,16,16,0,1,1,4294967295
tileCastlevaniaD,144,528,48,144,16,16,0,1,1,4294967295
tileCastlevaniaD,160,544,48,144,16,16,0,1,1,4294967295
tileCastlevaniaD,272,640,32,144,16,16,0,1,1,4294967295
tileCastlevaniaD,256,656,32,144,16,16,0,1,1,4294967295
tileCastlevaniaD,240,672,32,144,16,16,0,1,1,4294967295
tileCastlevaniaD,224,688,32,144,16,16,0,1,1,4294967295
tileCastlevaniaD,208,704,32,144,16,16,0,1,1,4294967295
tileCastlevaniaD,192,720,32,144,16,16,0,1,1,4294967295
tileCastlevaniaD,176,736,32,144,16,16,0,1,1,4294967295
tileCastlevaniaD,64,464,48,64,16,16,0,1,1,4294967295
tileCastlevaniaD,64,496,48,64,48,16,0,1,1,4294967295
tileCastlevaniaD,64,480,64,64,32,16,0,1,1,4294967295
tileCastlevaniaD,80,512,48,64,48,16,0,1,1,4294967295
tileCastlevaniaD,96,528,48,64,48,16,0,1,1,4294967295
tileCastlevaniaD,112,544,48,64,48,16,0,1,1,4294967295
tileCastlevaniaD,64,544,48,64,48,16,0,1,1,4294967295
tileCastlevaniaD,48,528,48,64,48,16,0,1,1,4294967295
tileCastlevaniaD,48,560,48,64,48,16,0,1,1,4294967295
tileCastlevaniaD,16,544,48,64,48,16,0,1,1,4294967295
tileCastlevaniaD,0,560,48,64,48,16,0,1,1,4294967295
tileCastlevaniaD,0,528,48,64,48,16,0,1,1,4294967295
tileCastlevaniaD,0,544,64,64,16,16,0,1,1,4294967295
tileCastlevaniaD,64,512,48,64,16,16,0,1,1,4294967295
tileCastlevaniaD,192,736,48,64,16,16,0,1,1,4294967295
tileCastlevaniaD,208,720,48,64,16,16,0,1,1,4294967295
tileCastlevaniaD,224,704,48,64,16,16,0,1,1,4294967295
tileCastlevaniaD,240,688,48,64,16,16,0,1,1,4294967295
tileCastlevaniaD,256,672,48,64,16,16,0,1,1,4294967295
tileCastlevaniaD,272,656,48,64,16,16,0,1,1,4294967295
tileCastlevaniaD,288,640,48,64,16,16,0,1,1,4294967295
tileCastlevaniaD,336,608,32,64,16,32,0,1,1,4294967295
tileCastlevaniaD,160,784,48,80,32,16,0,1,1,4294967295
tileCastlevaniaD,128,336,32,0,16,64,0,1,1,4294967295
tileCastlevaniaD,144,336,0,0,32,64,0,1,1,4294967295
tileCastlevaniaD,176,304,0,96,32,64,0,1,1,4294967295
tileCastlevaniaD,208,288,16,96,16,64,0,1,1,4294967295
tileCastlevaniaD,224,272,16,96,16,64,0,1,1,4294967295
tileCastlevaniaD,240,256,16,96,16,64,0,1,1,4294967295
tileCastlevaniaD,256,240,16,96,16,64,0,1,1,4294967295
tileCastlevaniaD,272,224,16,96,16,64,0,1,1,4294967295
tileCastlevaniaD,288,208,16,96,16,64,0,1,1,4294967295
tileCastlevaniaD,304,192,16,96,32,64,0,1,1,4294967295
tileCastlevaniaD,304,256,32,144,16,16,0,1,1,4294967295
tileCastlevaniaD,288,272,32,144,16,16,0,1,1,4294967295
tileCastlevaniaD,272,288,32,144,16,16,0,1,1,4294967295
tileCastlevaniaD,256,304,32,144,16,16,0,1,1,4294967295
tileCastlevaniaD,240,320,32,144,16,16,0,1,1,4294967295
tileCastlevaniaD,224,336,32,144,16,16,0,1,1,4294967295
tileCastlevaniaD,208,352,32,144,16,16,0,1,1,4294967295
tileCastlevaniaD,192,368,32,144,16,16,0,1,1,4294967295
tileCastlevaniaD,16,288,64,32,16,16,0,1,1,4294967295
tileCastlevaniaD,16,272,64,32,16,16,0,1,1,4294967295
tileCastlevaniaD,16,256,64,32,16,16,0,1,1,4294967295
tileCastlevaniaD,16,240,64,32,16,16,0,1,1,4294967295
tileCastlevaniaD,16,224,64,32,16,16,0,1,1,4294967295
tileCastlevaniaD,16,208,64,32,16,16,0,1,1,4294967295
tileCastlevaniaD,0,208,32,64,16,32,0,1,1,4294967295
tileCastlevaniaD,0,240,32,64,16,32,0,1,1,4294967295
tileCastlevaniaD,0,272,32,64,16,32,0,1,1,4294967295
tileCastlevaniaD,240,384,48,64,32,16,0,1,1,4294967295
tileCastlevaniaD,272,384,48,64,32,16,0,1,1,4294967295
tileCastlevaniaD,304,384,48,64,32,16,0,1,1,4294967295
tileCastlevaniaD,336,288,0,64,32,32,0,1,1,4294967295
tileCastlevaniaD,336,320,0,64,32,32,0,1,1,4294967295
tileCastlevaniaD,336,352,0,64,32,32,0,1,1,4294967295
tileCastlevaniaD,336,384,48,80,32,16,0,1,1,4294967295
tileCastlevaniaD,208,368,48,64,48,16,0,1,1,4294967295
tileCastlevaniaD,224,352,48,64,48,16,0,1,1,4294967295
tileCastlevaniaD,240,336,48,64,48,16,0,1,1,4294967295
tileCastlevaniaD,256,320,48,64,48,16,0,1,1,4294967295
tileCastlevaniaD,272,304,48,64,48,16,0,1,1,4294967295
tileCastlevaniaD,288,288,48,64,48,16,0,1,1,4294967295
tileCastlevaniaD,304,272,48,64,32,16,0,1,1,4294967295
tileCastlevaniaD,320,256,48,64,16,16,0,1,1,4294967295
tileCastlevaniaD,256,368,48,64,48,16,0,1,1,4294967295
tileCastlevaniaD,272,352,48,64,48,16,0,1,1,4294967295
tileCastlevaniaD,288,336,48,64,48,16,0,1,1,4294967295
tileCastlevaniaD,304,320,48,64,32,16,0,1,1,4294967295
tileCastlevaniaD,304,368,48,64,32,16,0,1,1,4294967295
tileCastlevaniaD,320,304,64,64,16,16,0,1,1,4294967295
tileCastlevaniaD,320,352,64,64,16,16,0,1,1,4294967295
tileCastlevaniaD,96,192,96,112,48,16,0,1,1,4294967295
tileCastlevaniaD,32,192,48,48,32,16,0,1,1,4294967295
tileCastlevaniaD,0,192,48,48,32,16,0,1,1,4294967295
tileCastlevaniaD,48,112,64,32,16,16,0,1,1,4294967295
tileCastlevaniaD,48,96,64,32,16,16,0,1,1,4294967295
tileCastlevaniaD,48,80,64,32,16,16,0,1,1,4294967295
tileCastlevaniaD,112,64,48,64,32,16,0,1,1,4294967295
tileCastlevaniaD,144,64,48,64,32,16,0,1,1,4294967295
tileCastlevaniaD,176,64,48,64,32,16,0,1,1,4294967295
tileCastlevaniaD,208,64,48,64,32,16,0,1,1,4294967295
tileCastlevaniaD,240,64,48,64,32,16,0,1,1,4294967295
tileCastlevaniaD,272,64,48,64,32,16,0,1,1,4294967295
tileCastlevaniaD,304,64,48,64,32,16,0,1,1,4294967295
tileCastlevaniaD,336,64,48,64,32,16,0,1,1,4294967295
tileCastlevaniaD,64,64,48,64,48,16,0,1,1,4294967295
tileCastlevaniaD,0,112,48,64,48,16,0,1,1,4294967295
tileCastlevaniaD,0,128,32,64,16,32,0,1,1,4294967295
tileCastlevaniaD,0,160,32,64,16,32,0,1,1,4294967295
tileCastlevaniaD,0,80,0,64,48,32,0,1,1,4294967295
tileCastlevaniaD,0,48,32,64,64,32,0,1,1,4294967295
tileCastlevaniaD,0,16,32,64,64,32,0,1,1,4294967295
tileCastlevaniaD,0,0,48,64,48,16,0,1,1,4294967295
tileCastlevaniaD,48,0,48,64,48,16,0,1,1,4294967295
tileCastlevaniaD,64,32,0,64,32,32,0,1,1,4294967295
tileCastlevaniaD,64,16,48,80,32,16,0,1,1,4294967295
tileCastlevaniaD,96,0,0,64,96,32,0,1,1,4294967295
tileCastlevaniaD,144,32,0,64,96,32,0,1,1,4294967295
tileCastlevaniaD,192,0,0,64,96,32,0,1,1,4294967295
tileCastlevaniaD,240,32,0,64,96,32,0,1,1,4294967295
tileCastlevaniaD,96,32,48,64,48,32,0,1,1,4294967295
tileCastlevaniaD,368,64,48,64,32,16,0,1,1,4294967295
tileCastlevaniaD,432,64,48,64,32,16,0,1,1,4294967295
tileCastlevaniaD,336,32,0,64,96,32,0,1,1,4294967295
tileCastlevaniaD,288,0,0,64,96,32,0,1,1,4294967295
tileCastlevaniaD,400,64,48,64,32,16,0,1,1,4294967295
tileCastlevaniaD,368,80,48,32,16,16,0,1,1,4294967295
tileCastlevaniaD,368,96,48,32,16,16,0,1,1,4294967295
tileCastlevaniaD,368,112,48,32,16,16,0,1,1,4294967295
tileCastlevaniaD,368,128,48,32,16,16,0,1,1,4294967295
tileCastlevaniaD,384,128,48,64,32,16,0,1,1,4294967295
tileCastlevaniaD,416,128,48,64,32,16,0,1,1,4294967295
tileCastlevaniaD,448,128,48,64,32,16,0,1,1,4294967295
tileCastlevaniaD,480,128,64,32,16,16,0,1,1,4294967295
tileCastlevaniaD,480,112,64,32,16,16,0,1,1,4294967295
tileCastlevaniaD,480,96,64,32,16,16,0,1,1,4294967295
tileCastlevaniaD,480,80,64,32,16,16,0,1,1,4294967295
tileCastlevaniaD,464,64,48,64,32,16,0,1,1,4294967295
tileCastlevaniaD,496,64,48,64,32,16,0,1,1,4294967295
tileCastlevaniaD,528,64,48,64,32,16,0,1,1,4294967295
tileCastlevaniaD,560,64,48,64,32,16,0,1,1,4294967295
tileCastlevaniaD,448,192,0,0,48,96,0,1,1,4294967295
tileCastlevaniaD,384,192,0,0,32,96,0,1,1,4294967295
tileCastlevaniaD,416,192,0,0,32,96,0,1,1,4294967295
tileCastlevaniaD,496,192,0,0,32,96,0,1,1,4294967295
tileCastlevaniaD,384,96,0,64,96,32,0,1,1,4294967295
tileCastlevaniaD,384,80,48,80,32,16,0,1,1,4294967295
tileCastlevaniaD,416,80,48,80,32,16,0,1,1,4294967295
tileCastlevaniaD,448,80,48,80,32,16,0,1,1,4294967295
tileCastlevaniaD,528,192,48,96,32,64,0,1,1,4294967295
tileCastlevaniaD,560,208,64,96,32,64,0,1,1,4294967295
tileCastlevaniaD,592,240,0,0,32,96,0,1,1,4294967295
tileCastlevaniaD,624,240,0,0,32,96,0,1,1,4294967295
tileCastlevaniaD,656,240,0,0,32,96,0,1,1,4294967295
tileCastlevaniaD,688,240,0,0,32,96,0,1,1,4294967295
tileCastlevaniaD,720,240,0,0,32,96,0,1,1,4294967295
tileCastlevaniaD,752,240,0,0,32,96,0,1,1,4294967295
tileCastlevaniaD,784,240,0,0,32,96,0,1,1,4294967295
tileCastlevaniaD,816,240,0,0,32,96,0,1,1,4294967295
tileCastlevaniaD,848,208,0,96,32,64,0,1,1,4294967295
tileCastlevaniaD,880,192,16,96,32,64,0,1,1,4294967295
tileCastlevaniaD,592,64,48,64,32,16,0,1,1,4294967295
tileCastlevaniaD,624,64,48,64,32,16,0,1,1,4294967295
tileCastlevaniaD,656,64,48,64,32,16,0,1,1,4294967295
tileCastlevaniaD,688,64,48,64,32,16,0,1,1,4294967295
tileCastlevaniaD,720,64,48,64,32,16,0,1,1,4294967295
tileCastlevaniaD,752,64,48,64,32,16,0,1,1,4294967295
tileCastlevaniaD,784,64,48,64,32,16,0,1,1,4294967295
tileCastlevaniaD,816,64,48,64,32,16,0,1,1,4294967295
tileCastlevaniaD,848,64,48,64,32,16,0,1,1,4294967295
tileCastlevaniaD,880,64,48,64,32,16,0,1,1,4294967295
tileCastlevaniaD,336,192,0,0,48,96,0,1,1,4294967295
tileCastlevaniaD,912,192,0,0,48,96,0,1,1,4294967295
tileCastlevaniaD,1024,192,0,0,48,96,0,1,1,4294967295
tileCastlevaniaD,960,192,0,0,32,96,0,1,1,4294967295
tileCastlevaniaD,992,192,0,0,32,96,0,1,1,4294967295
tileCastlevaniaD,912,64,48,64,32,16,0,1,1,4294967295
tileCastlevaniaD,944,64,48,64,32,16,0,1,1,4294967295
tileCastlevaniaD,976,64,48,64,32,16,0,1,1,4294967295
tileCastlevaniaD,1008,64,48,64,32,16,0,1,1,4294967295
tileCastlevaniaD,1040,64,48,64,32,16,0,1,1,4294967295
tileCastlevaniaD,1072,64,48,64,32,16,0,1,1,4294967295
tileCastlevaniaD,1104,64,48,64,32,16,0,1,1,4294967295
tileCastlevaniaD,944,80,48,32,16,16,0,1,1,4294967295
tileCastlevaniaD,944,96,48,32,16,16,0,1,1,4294967295
tileCastlevaniaD,944,112,48,32,16,16,0,1,1,4294967295
tileCastlevaniaD,944,128,48,32,16,16,0,1,1,4294967295
tileCastlevaniaD,1056,80,64,32,16,16,0,1,1,4294967295
tileCastlevaniaD,1056,96,64,32,16,16,0,1,1,4294967295
tileCastlevaniaD,1056,112,64,32,16,16,0,1,1,4294967295
tileCastlevaniaD,1056,128,64,32,16,16,0,1,1,4294967295
tileCastlevaniaD,1072,192,0,0,32,96,0,1,1,4294967295
tileCastlevaniaD,960,80,0,64,96,32,0,1,1,4294967295
tileCastlevaniaD,960,128,48,64,32,16,0,1,1,4294967295
tileCastlevaniaD,992,128,48,64,32,16,0,1,1,4294967295
tileCastlevaniaD,1024,128,48,64,32,16,0,1,1,4294967295
tileCastlevaniaD,960,112,48,80,32,16,0,1,1,4294967295
tileCastlevaniaD,992,112,48,80,32,16,0,1,1,4294967295
tileCastlevaniaD,1024,112,48,80,32,16,0,1,1,4294967295
tileCastlevaniaD,864,272,32,144,16,16,0,1,1,4294967295
tileCastlevaniaD,880,256,32,144,16,16,0,1,1,4294967295
tileCastlevaniaD,560,272,48,144,16,16,0,1,1,4294967295
tileCastlevaniaD,544,256,48,144,16,16,0,1,1,4294967295
tileCastlevaniaD,528,256,48,64,16,16,0,1,1,4294967295
tileCastlevaniaD,896,256,48,64,16,16,0,1,1,4294967295
tileCastlevaniaD,880,272,48,64,32,16,0,1,1,4294967295
tileCastlevaniaD,528,272,64,64,32,16,0,1,1,4294967295
tileCastlevaniaD,192,768,0,64,96,32,0,1,1,4294967295
tileCastlevaniaD,208,736,0,64,96,32,0,1,1,4294967295
tileCastlevaniaD,240,704,0,64,96,32,0,1,1,4294967295
tileCastlevaniaD,192,752,48,64,16,16,0,1,1,4294967295
tileCastlevaniaD,224,720,48,64,16,16,0,1,1,4294967295
tileCastlevaniaD,256,688,48,64,48,16,0,1,1,4294967295
tileCastlevaniaD,272,672,48,64,48,16,0,1,1,4294967295
tileCastlevaniaD,288,656,48,64,48,16,0,1,1,4294967295
tileCastlevaniaD,304,640,48,64,48,16,0,1,1,4294967295
tileCastlevaniaD,320,672,0,64,32,32,0,1,1,4294967295
tileCastlevaniaD,304,736,0,64,48,32,0,1,1,4294967295
tileCastlevaniaD,288,768,32,64,64,32,0,1,1,4294967295
tileCastlevaniaD,336,704,48,80,32,16,0,1,1,4294967295
tileCastlevaniaD,336,720,48,80,32,16,0,1,1,4294967295
tileCastlevaniaD,336,656,48,80,32,16,0,1,1,4294967295
tileCastlevaniaD,304,688,48,64,16,16,0,1,1,4294967295
tileCastlevaniaD,384,0,0,64,96,32,0,1,1,4294967295
tileCastlevaniaD,480,0,0,64,96,32,0,1,1,4294967295
tileCastlevaniaD,576,0,0,64,96,32,0,1,1,4294967295
tileCastlevaniaD,672,0,0,64,96,32,0,1,1,4294967295
tileCastlevaniaD,768,0,0,64,96,32,0,1,1,4294967295
tileCastlevaniaD,864,0,0,64,96,32,0,1,1,4294967295
tileCastlevaniaD,960,0,0,64,96,32,0,1,1,4294967295
tileCastlevaniaD,432,32,0,64,96,32,0,1,1,4294967295
tileCastlevaniaD,528,32,0,64,96,32,0,1,1,4294967295
tileCastlevaniaD,624,32,0,64,96,32,0,1,1,4294967295
tileCastlevaniaD,720,32,0,64,96,32,0,1,1,4294967295
tileCastlevaniaD,816,32,0,64,96,32,0,1,1,4294967295
tileCastlevaniaD,912,32,0,64,96,32,0,1,1,4294967295
tileCastlevaniaD,1008,32,0,64,96,32,0,1,1,4294967295
tileCastlevaniaD,496,80,80,0,32,32,0,1,1,4294967295
tileCastlevaniaD,912,80,112,0,32,32,0,1,1,4294967295
tileCastlevaniaD,304,400,112,0,32,32,0,1,1,4294967295
tileCastlevaniaD,336,80,112,0,32,32,0,1,1,4294967295
tileCastlevaniaD,64,80,80,0,32,32,0,1,1,4294967295
tileCastlevaniaD,32,208,80,0,32,32,0,1,1,4294967295
tileCastlevaniaD,96,576,80,0,32,32,0,1,1,4294967295
tileCastlevaniaD,1136,64,48,64,32,16,0,1,1,4294967295
tileCastlevaniaD,1168,64,48,64,32,16,0,1,1,4294967295
tileCastlevaniaD,1104,32,0,64,96,32,0,1,1,4294967295
tileCastlevaniaD,1056,0,0,64,96,32,0,1,1,4294967295
tileCastlevaniaD,1104,192,48,96,32,64,0,1,1,4294967295
tileCastlevaniaD,1136,208,64,96,16,64,0,1,1,4294967295
tileCastlevaniaD,1152,224,64,96,16,64,0,1,1,4294967295
tileCastlevaniaD,1168,240,64,96,16,64,0,1,1,4294967295
tileCastlevaniaD,1184,256,64,96,16,64,0,1,1,4294967295
tileCastlevaniaD,1200,272,64,96,16,64,0,1,1,4294967295
tileCastlevaniaD,1216,288,64,96,16,64,0,1,1,4294967295
tileCastlevaniaD,1120,256,48,144,16,16,0,1,1,4294967295
tileCastlevaniaD,1136,272,48,144,16,16,0,1,1,4294967295
tileCastlevaniaD,1152,288,48,144,16,16,0,1,1,4294967295
tileCastlevaniaD,1168,304,48,144,16,16,0,1,1,4294967295
tileCastlevaniaD,1184,320,48,144,16,16,0,1,1,4294967295
tileCastlevaniaD,1200,336,48,144,16,16,0,1,1,4294967295
tileCastlevaniaD,1216,352,48,144,16,16,0,1,1,4294967295
tileCastlevaniaD,1232,304,64,96,32,64,0,1,1,4294967295
tileCastlevaniaD,1264,336,0,0,48,64,0,1,1,4294967295
tileCastlevaniaD,1232,368,48,144,16,16,0,1,1,4294967295
tileCastlevaniaD,1104,256,48,64,16,16,0,1,1,4294967295
tileCastlevaniaD,1104,272,64,64,32,16,0,1,1,4294967295
tileCastlevaniaD,1104,288,48,64,48,16,0,1,1,4294967295
tileCastlevaniaD,1120,304,48,64,48,16,0,1,1,4294967295
tileCastlevaniaD,1136,320,48,64,48,16,0,1,1,4294967295
tileCastlevaniaD,1152,336,48,64,48,16,0,1,1,4294967295
tileCastlevaniaD,1184,368,48,64,48,16,0,1,1,4294967295
tileCastlevaniaD,880,304,0,64,32,32,0,1,1,4294967295
tileCastlevaniaD,912,288,0,64,32,32,0,1,1,4294967295
tileCastlevaniaD,944,304,0,64,32,32,0,1,1,4294967295
tileCastlevaniaD,976,288,0,64,32,32,0,1,1,4294967295
tileCastlevaniaD,1008,304,0,64,32,32,0,1,1,4294967295
tileCastlevaniaD,1040,288,0,64,32,32,0,1,1,4294967295
tileCastlevaniaD,1072,304,0,64,32,32,0,1,1,4294967295
tileCastlevaniaD,1104,304,48,64,16,16,0,1,1,4294967295
tileCastlevaniaD,1104,320,48,80,32,16,0,1,1,4294967295
tileCastlevaniaD,1072,288,48,80,32,16,0,1,1,4294967295
tileCastlevaniaD,1040,320,48,80,32,16,0,1,1,4294967295
tileCastlevaniaD,1008,288,48,80,32,16,0,1,1,4294967295
tileCastlevaniaD,976,320,48,80,32,16,0,1,1,4294967295
tileCastlevaniaD,848,320,48,80,32,16,0,1,1,4294967295
tileCastlevaniaD,880,288,48,80,32,16,0,1,1,4294967295
tileCastlevaniaD,912,320,48,80,32,16,0,1,1,4294967295
tileCastlevaniaD,944,288,48,80,32,16,0,1,1,4294967295
tileCastlevaniaD,528,304,0,64,32,32,0,1,1,4294967295
tileCastlevaniaD,496,288,0,64,32,32,0,1,1,4294967295
tileCastlevaniaD,464,304,0,64,32,32,0,1,1,4294967295
tileCastlevaniaD,432,288,0,64,32,32,0,1,1,4294967295
tileCastlevaniaD,400,304,0,64,32,32,0,1,1,4294967295
tileCastlevaniaD,368,288,0,64,32,32,0,1,1,4294967295
tileCastlevaniaD,368,320,48,80,32,16,0,1,1,4294967295
tileCastlevaniaD,400,288,48,80,32,16,0,1,1,4294967295
tileCastlevaniaD,432,320,48,80,32,16,0,1,1,4294967295
tileCastlevaniaD,464,288,48,80,32,16,0,1,1,4294967295
tileCastlevaniaD,496,320,48,80,32,16,0,1,1,4294967295
tileCastlevaniaD,528,288,48,80,32,16,0,1,1,4294967295
tileCastlevaniaD,560,320,48,80,32,16,0,1,1,4294967295
tileCastlevaniaD,368,336,0,64,48,32,0,1,1,4294967295
tileCastlevaniaD,352,400,0,64,48,32,0,1,1,4294967295
tileCastlevaniaD,352,464,0,64,48,32,0,1,1,4294967295
tileCastlevaniaD,368,368,32,64,16,32,0,1,1,4294967295
tileCastlevaniaD,352,432,32,64,16,32,0,1,1,4294967295
tileCastlevaniaD,352,496,32,64,16,32,0,1,1,4294967295
tileCastlevaniaD,352,624,32,64,16,32,0,1,1,4294967295
tileCastlevaniaD,352,672,32,64,16,32,0,1,1,4294967295
tileCastlevaniaD,384,368,0,64,32,32,0,1,1,4294967295
tileCastlevaniaD,368,432,0,64,32,32,0,1,1,4294967295
tileCastlevaniaD,368,496,0,64,32,32,0,1,1,4294967295
tileCastlevaniaD,368,624,0,64,32,32,0,1,1,4294967295
tileCastlevaniaD,1200,64,48,64,32,16,0,1,1,4294967295
tileCastlevaniaD,1232,64,48,64,32,16,0,1,1,4294967295
tileCastlevaniaD,1264,64,48,64,32,16,0,1,1,4294967295
tileCastlevaniaD,1200,32,0,64,96,32,0,1,1,4294967295
tileCastlevaniaD,1152,0,0,64,96,32,0,1,1,4294967295
tileCastlevaniaD,1072,80,80,0,32,32,0,1,1,4294967295
tileCastlevaniaD,1408,368,48,32,16,16,0,1,1,4294967295
tileCastlevaniaD,1408,384,48,32,16,16,0,1,1,4294967295
tileCastlevaniaD,1408,352,48,32,16,16,0,1,1,4294967295
tileCastlevaniaD,1408,336,48,32,16,16,0,1,1,4294967295
tileCastlevaniaD,1408,320,48,32,16,16,0,1,1,4294967295
tileCastlevaniaD,1408,304,48,32,16,16,0,1,1,4294967295
tileCastlevaniaD,1408,288,48,32,16,16,0,1,1,4294967295
tileCastlevaniaD,1408,272,48,32,16,16,0,1,1,4294967295
tileCastlevaniaD,1408,256,48,32,16,16,0,1,1,4294967295
tileCastlevaniaD,1408,240,48,32,16,16,0,1,1,4294967295
tileCastlevaniaD,1392,224,48,64,32,16,0,1,1,4294967295
tileCastlevaniaD,1360,224,48,64,32,16,0,1,1,4294967295
tileCastlevaniaD,1344,224,48,32,16,16,0,1,1,4294967295
tileCastlevaniaD,1344,208,48,32,16,16,0,1,1,4294967295
tileCastlevaniaD,1344,192,48,32,16,16,0,1,1,4294967295
tileCastlevaniaD,1344,176,48,32,16,16,0,1,1,4294967295
tileCastlevaniaD,1344,160,48,32,16,16,0,1,1,4294967295
tileCastlevaniaD,1344,144,48,32,16,16,0,1,1,4294967295
tileCastlevaniaD,1328,128,48,64,32,16,0,1,1,4294967295
tileCastlevaniaD,1296,128,48,64,32,16,0,1,1,4294967295
tileCastlevaniaD,1280,128,48,32,16,16,0,1,1,4294967295
tileCastlevaniaD,1280,112,48,32,16,16,0,1,1,4294967295
tileCastlevaniaD,1280,96,48,32,16,16,0,1,1,4294967295
tileCastlevaniaD,1280,80,48,32,16,16,0,1,1,4294967295
tileCastlevaniaD,1376,400,0,0,32,96,0,1,1,4294967295
tileCastlevaniaD,1408,400,48,32,16,16,0,1,1,4294967295
tileCastlevaniaD,1408,416,48,32,16,16,0,1,1,4294967295
tileCastlevaniaD,1344,400,16,96,32,64,0,1,1,4294967295
tileCastlevaniaD,1328,416,16,96,16,64,0,1,1,4294967295
tileCastlevaniaD,1312,432,16,96,16,64,0,1,1,4294967295
tileCastlevaniaD,1296,448,16,96,16,64,0,1,1,4294967295
tileCastlevaniaD,1280,464,16,96,16,64,0,1,1,4294967295
tileCastlevaniaD,1200,512,32,0,16,64,0,1,1,4294967295
tileCastlevaniaD,1216,512,0,0,32,64,0,1,1,4294967295
tileCastlevaniaD,1248,480,0,96,32,64,0,1,1,4294967295
tileCastlevaniaD,1264,544,32,144,16,16,0,1,1,4294967295
tileCastlevaniaD,1280,528,32,144,16,16,0,1,1,4294967295
tileCastlevaniaD,1296,512,32,144,16,16,0,1,1,4294967295
tileCastlevaniaD,1312,496,32,144,16,16,0,1,1,4294967295
tileCastlevaniaD,1328,480,32,144,16,16,0,1,1,4294967295
tileCastlevaniaD,1344,464,32,144,16,16,0,1,1,4294967295
tileCastlevaniaD,1424,224,32,64,16,32,0,1,1,4294967295
tileCastlevaniaD,1424,256,32,64,16,32,0,1,1,4294967295
tileCastlevaniaD,1424,288,32,64,16,32,0,1,1,4294967295
tileCastlevaniaD,1424,320,32,64,16,32,0,1,1,4294967295
tileCastlevaniaD,1424,352,32,64,16,32,0,1,1,4294967295
tileCastlevaniaD,1424,384,32,64,16,32,0,1,1,4294967295
tileCastlevaniaD,1408,704,0,0,32,96,0,1,1,4294967295
tileCastlevaniaD,1344,704,0,0,32,96,0,1,1,4294967295
tileCastlevaniaD,1280,704,0,0,32,96,0,1,1,4294967295
tileCastlevaniaD,1312,704,0,0,32,64,0,1,1,4294967295
tileCastlevaniaD,1312,768,48,64,32,32,0,1,1,4294967295
tileCastlevaniaD,1376,768,48,80,32,16,0,1,1,4294967295
tileCastlevaniaD,1376,784,48,80,32,16,0,1,1,4294967295
tileCastlevaniaD,1376,704,0,0,32,64,0,1,1,4294967295
tileCastlevaniaD,1104,576,0,0,32,64,0,1,1,4294967295
tileCastlevaniaD,1136,576,48,96,32,64,0,1,1,4294967295
tileCastlevaniaD,1248,672,64,96,32,64,0,1,1,4294967295
tileCastlevaniaD,1232,656,64,96,16,64,0,1,1,4294967295
tileCastlevaniaD,1216,640,64,96,16,64,0,1,1,4294967295
tileCastlevaniaD,1200,624,64,96,16,64,0,1,1,4294967295
tileCastlevaniaD,1184,608,64,96,16,64,0,1,1,4294967295
tileCastlevaniaD,1168,592,64,96,16,64,0,1,1,4294967295
tileCastlevaniaD,1152,640,48,144,16,16,0,1,1,4294967295
tileCastlevaniaD,1168,656,48,144,16,16,0,1,1,4294967295
tileCastlevaniaD,1184,672,48,144,16,16,0,1,1,4294967295
tileCastlevaniaD,1200,688,48,144,16,16,0,1,1,4294967295
tileCastlevaniaD,1216,704,48,144,16,16,0,1,1,4294967295
tileCastlevaniaD,1232,720,48,144,16,16,0,1,1,4294967295
tileCastlevaniaD,1248,736,48,144,16,16,0,1,1,4294967295
tileCastlevaniaD,1264,736,32,32,16,64,0,1,1,4294967295
tileCastlevaniaD,1248,368,32,32,16,32,0,1,1,4294967295
tileCastlevaniaD,576,272,32,32,16,32,0,1,1,4294967295
tileCastlevaniaD,848,272,32,32,16,32,0,1,1,4294967295
tileCastlevaniaD,560,288,32,64,16,32,0,1,1,4294967295
tileCastlevaniaD,864,288,32,64,16,32,0,1,1,4294967295
tileCastlevaniaD,576,304,48,64,16,16,0,1,1,4294967295
tileCastlevaniaD,848,304,48,64,16,16,0,1,1,4294967295
tileCastlevaniaD,176,368,32,32,16,32,0,1,1,4294967295
tileCastlevaniaD,192,384,48,64,48,16,0,1,1,4294967295
tileCastlevaniaD,176,544,32,32,16,32,0,1,1,4294967295
tileCastlevaniaD,128,560,48,80,48,16,0,1,1,4294967295
tileCastlevaniaD,160,736,32,32,16,32,0,1,1,4294967295
tileCastlevaniaD,176,752,32,64,16,32,0,1,1,4294967295
tileCastlevaniaD,160,768,64,64,16,16,0,1,1,4294967295
tileCastlevaniaD,1376,640,48,32,16,16,0,1,1,4294967295
tileCastlevaniaD,1376,624,48,32,16,16,0,1,1,4294967295
tileCastlevaniaD,1376,608,48,32,16,16,0,1,1,4294967295
tileCastlevaniaD,1376,592,48,32,16,16,0,1,1,4294967295
tileCastlevaniaD,1376,576,48,32,16,16,0,1,1,4294967295
tileCastlevaniaD,1248,544,32,32,16,32,0,1,1,4294967295
tileCastlevaniaD,1264,560,48,64,48,16,0,1,1,4294967295
tileCastlevaniaD,1312,560,48,64,48,16,0,1,1,4294967295
tileCastlevaniaD,1360,560,48,64,32,16,0,1,1,4294967295
tileCastlevaniaD,1392,624,0,64,48,32,0,1,1,4294967295
tileCastlevaniaD,1392,560,0,64,48,32,0,1,1,4294967295
tileCastlevaniaD,1392,592,32,64,16,32,0,1,1,4294967295
tileCastlevaniaD,1408,592,0,64,32,32,0,1,1,4294967295
tileCastlevaniaD,1408,448,0,64,32,32,0,1,1,4294967295
tileCastlevaniaD,1408,480,0,64,32,32,0,1,1,4294967295
tileCastlevaniaD,1376,496,0,64,32,32,0,1,1,4294967295
tileCastlevaniaD,1408,512,0,64,32,32,0,1,1,4294967295
tileCastlevaniaD,1376,528,0,64,32,32,0,1,1,4294967295
tileCastlevaniaD,1344,512,0,64,32,32,0,1,1,4294967295
tileCastlevaniaD,1344,480,0,64,32,32,0,1,1,4294967295
tileCastlevaniaD,1312,528,0,64,32,32,0,1,1,4294967295
tileCastlevaniaD,1312,512,48,80,32,16,0,1,1,4294967295
tileCastlevaniaD,1280,544,48,80,32,16,0,1,1,4294967295
tileCastlevaniaD,1344,544,48,80,32,16,0,1,1,4294967295
tileCastlevaniaD,1408,544,48,80,32,16,0,1,1,4294967295
tileCastlevaniaD,1408,432,48,80,32,16,0,1,1,4294967295
tileCastlevaniaD,1296,528,48,64,16,16,0,1,1,4294967295
tileCastlevaniaD,1328,496,48,64,16,16,0,1,1,4294967295
tileCastlevaniaD,1360,464,48,64,16,16,0,1,1,4294967295
tileCastlevaniaD,1424,416,48,64,16,16,0,1,1,4294967295
tileCastlevaniaD,1392,656,48,64,48,16,0,1,1,4294967295
tileCastlevaniaD,1376,656,48,32,16,16,0,1,1,4294967295
tileCastlevaniaD,1088,592,64,32,16,16,0,1,1,4294967295
tileCastlevaniaD,1088,576,64,32,16,16,0,1,1,4294967295
tileCastlevaniaD,1088,560,64,32,16,16,0,1,1,4294967295
tileCastlevaniaD,1088,544,64,32,16,16,0,1,1,4294967295
tileCastlevaniaD,1088,528,64,32,16,16,0,1,1,4294967295
tileCastlevaniaD,1088,512,64,32,16,16,0,1,1,4294967295
tileCastlevaniaD,1088,432,64,32,16,16,0,1,1,4294967295
tileCastlevaniaD,1088,416,64,32,16,16,0,1,1,4294967295
tileCastlevaniaD,1088,400,64,32,16,16,0,1,1,4294967295
tileCastlevaniaD,1088,384,48,64,32,16,0,1,1,4294967295
tileCastlevaniaD,1120,384,48,64,32,16,0,1,1,4294967295
tileCastlevaniaD,1152,384,48,64,32,16,0,1,1,4294967295
tileCastlevaniaD,1184,384,48,64,32,16,0,1,1,4294967295
tileCastlevaniaD,1216,384,48,64,32,16,0,1,1,4294967295
tileCastlevaniaD,1056,512,48,80,32,16,0,1,1,4294967295
tileCastlevaniaD,1024,512,48,80,32,16,0,1,1,4294967295
tileCastlevaniaD,992,512,48,80,32,16,0,1,1,4294967295
tileCastlevaniaD,960,512,48,80,32,16,0,1,1,4294967295
tileCastlevaniaD,960,432,48,80,32,16,0,1,1,4294967295
tileCastlevaniaD,992,432,48,80,32,16,0,1,1,4294967295
tileCastlevaniaD,1024,432,48,80,32,16,0,1,1,4294967295
tileCastlevaniaD,1056,432,48,80,32,16,0,1,1,4294967295
tileCastlevaniaD,960,528,48,64,32,16,0,1,1,4294967295
tileCastlevaniaD,992,528,48,64,32,16,0,1,1,4294967295
tileCastlevaniaD,1024,528,48,64,32,16,0,1,1,4294967295
tileCastlevaniaD,1056,528,48,64,32,16,0,1,1,4294967295
tileCastlevaniaD,976,544,48,64,32,16,0,1,1,4294967295
tileCastlevaniaD,1008,544,48,64,32,16,0,1,1,4294967295
tileCastlevaniaD,1040,544,48,64,32,16,0,1,1,4294967295
tileCastlevaniaD,960,560,48,64,32,16,0,1,1,4294967295
tileCastlevaniaD,992,560,48,64,32,16,0,1,1,4294967295
tileCastlevaniaD,1024,560,48,64,32,16,0,1,1,4294967295
tileCastlevaniaD,1056,560,48,64,32,16,0,1,1,4294967295
tileCastlevaniaD,976,576,48,64,32,16,0,1,1,4294967295
tileCastlevaniaD,1008,576,48,64,32,16,0,1,1,4294967295
tileCastlevaniaD,1040,576,48,64,32,16,0,1,1,4294967295
tileCastlevaniaD,960,416,48,64,32,16,0,1,1,4294967295
tileCastlevaniaD,992,416,48,64,32,16,0,1,1,4294967295
tileCastlevaniaD,1024,416,48,64,32,16,0,1,1,4294967295
tileCastlevaniaD,1056,416,48,64,32,16,0,1,1,4294967295
tileCastlevaniaD,976,400,48,64,32,16,0,1,1,4294967295
tileCastlevaniaD,1008,400,48,64,32,16,0,1,1,4294967295
tileCastlevaniaD,1040,400,48,64,32,16,0,1,1,4294967295
tileCastlevaniaD,960,384,48,64,32,16,0,1,1,4294967295
tileCastlevaniaD,992,384,48,64,32,16,0,1,1,4294967295
tileCastlevaniaD,1024,384,48,64,32,16,0,1,1,4294967295
tileCastlevaniaD,1056,384,48,64,32,16,0,1,1,4294967295
tileCastlevaniaD,960,592,48,64,32,16,0,1,1,4294967295
tileCastlevaniaD,992,592,48,64,32,16,0,1,1,4294967295
tileCastlevaniaD,1024,592,48,64,32,16,0,1,1,4294967295
tileCastlevaniaD,1056,592,48,64,32,16,0,1,1,4294967295
tileCastlevaniaD,1072,544,48,64,16,16,0,1,1,4294967295
tileCastlevaniaD,1072,576,48,64,16,16,0,1,1,4294967295
tileCastlevaniaD,1072,400,48,64,16,16,0,1,1,4294967295
tileCastlevaniaD,896,432,48,80,32,16,0,1,1,4294967295
tileCastlevaniaD,928,432,48,80,32,16,0,1,1,4294967295
tileCastlevaniaD,896,512,48,80,32,16,0,1,1,4294967295
tileCastlevaniaD,928,512,48,80,32,16,0,1,1,4294967295
tileCastlevaniaD,896,528,48,64,32,16,0,1,1,4294967295
tileCastlevaniaD,928,528,48,64,32,16,0,1,1,4294967295
tileCastlevaniaD,912,544,48,64,32,16,0,1,1,4294967295
tileCastlevaniaD,944,544,48,64,32,16,0,1,1,4294967295
tileCastlevaniaD,896,560,48,64,32,16,0,1,1,4294967295
tileCastlevaniaD,928,560,48,64,32,16,0,1,1,4294967295
tileCastlevaniaD,912,576,48,64,32,16,0,1,1,4294967295
tileCastlevaniaD,944,576,48,64,32,16,0,1,1,4294967295
tileCastlevaniaD,896,592,48,64,32,16,0,1,1,4294967295
tileCastlevaniaD,928,592,48,64,32,16,0,1,1,4294967295
tileCastlevaniaD,896,416,48,64,32,16,0,1,1,4294967295
tileCastlevaniaD,928,416,48,64,32,16,0,1,1,4294967295
tileCastlevaniaD,912,400,48,64,32,16,0,1,1,4294967295
tileCastlevaniaD,944,400,48,64,32,16,0,1,1,4294967295
tileCastlevaniaD,896,384,48,64,32,16,0,1,1,4294967295
tileCastlevaniaD,928,384,48,64,32,16,0,1,1,4294967295
tileCastlevaniaD,1072,640,48,32,16,16,0,1,1,4294967295
tileCastlevaniaD,1072,656,48,32,16,16,0,1,1,4294967295
tileCastlevaniaD,1072,672,48,32,16,16,0,1,1,4294967295
tileCastlevaniaD,1072,688,48,32,16,16,0,1,1,4294967295
tileCastlevaniaD,1072,704,48,32,16,16,0,1,1,4294967295
tileCastlevaniaD,1072,720,48,32,16,16,0,1,1,4294967295
tileCastlevaniaD,1040,704,0,0,32,64,0,1,1,4294967295
tileCastlevaniaD,944,704,0,0,32,64,0,1,1,4294967295
tileCastlevaniaD,992,720,96,144,32,16,0,1,1,4294967295
tileCastlevaniaD,1008,736,0,32,32,32,0,1,1,4294967295
tileCastlevaniaD,976,704,112,128,16,16,0,1,1,4294967295
tileCastlevaniaD,1024,704,96,128,16,16,0,1,1,4294967295
tileCastlevaniaD,976,736,0,32,32,32,0,1,1,4294967295
tileCastlevaniaD,960,768,0,64,32,32,0,1,1,4294967295
tileCastlevaniaD,992,768,0,64,32,32,0,1,1,4294967295
tileCastlevaniaD,1024,768,0,64,32,32,0,1,1,4294967295
tileCastlevaniaD,1088,640,0,64,32,32,0,1,1,4294967295
tileCastlevaniaD,1088,672,0,64,96,32,0,1,1,4294967295
tileCastlevaniaD,1104,704,0,64,96,32,0,1,1,4294967295
tileCastlevaniaD,1120,736,0,64,96,32,0,1,1,4294967295
tileCastlevaniaD,1136,768,0,64,96,32,0,1,1,4294967295
tileCastlevaniaD,1232,768,32,64,16,32,0,1,1,4294967295
tileCastlevaniaD,1248,768,32,64,16,32,0,1,1,4294967295
tileCastlevaniaD,1216,736,48,80,32,16,0,1,1,4294967295
tileCastlevaniaD,1216,752,48,80,32,16,0,1,1,4294967295
tileCastlevaniaD,1200,720,48,80,32,16,0,1,1,4294967295
tileCastlevaniaD,1136,656,48,80,32,16,0,1,1,4294967295
tileCastlevaniaD,1120,640,48,80,32,16,0,1,1,4294967295
tileCastlevaniaD,1120,656,48,64,16,16,0,1,1,4294967295
tileCastlevaniaD,1184,688,48,64,16,16,0,1,1,4294967295
tileCastlevaniaD,1200,704,48,64,16,16,0,1,1,4294967295
tileCastlevaniaD,1248,752,48,64,16,16,0,1,1,4294967295
tileCastlevaniaD,1088,704,32,64,16,32,0,1,1,4294967295
tileCastlevaniaD,1104,736,32,64,16,32,0,1,1,4294967295
tileCastlevaniaD,1072,736,32,64,16,32,0,1,1,4294967295
tileCastlevaniaD,1056,768,32,64,16,32,0,1,1,4294967295
tileCastlevaniaD,1120,768,32,64,16,32,0,1,1,4294967295
tileCastlevaniaD,1072,768,48,80,32,16,0,1,1,4294967295
tileCastlevaniaD,1088,784,48,80,32,16,0,1,1,4294967295
tileCastlevaniaD,1088,736,80,64,16,32,0,1,1,4294967295
tileCastlevaniaD,1104,768,48,64,16,16,0,1,1,4294967295
tileCastlevaniaD,1072,784,48,64,16,16,0,1,1,4294967295
tileCastlevaniaD,848,432,48,32,16,16,0,1,1,4294967295
tileCastlevaniaD,848,416,48,32,16,16,0,1,1,4294967295
tileCastlevaniaD,848,400,48,32,16,16,0,1,1,4294967295
tileCastlevaniaD,864,400,64,64,16,16,0,1,1,4294967295
tileCastlevaniaD,416,384,48,64,32,16,0,1,1,4294967295
tileCastlevaniaD,448,384,48,64,32,16,0,1,1,4294967295
tileCastlevaniaD,480,384,48,64,32,16,0,1,1,4294967295
tileCastlevaniaD,512,384,48,64,32,16,0,1,1,4294967295
tileCastlevaniaD,544,384,48,64,32,16,0,1,1,4294967295
tileCastlevaniaD,576,384,48,64,32,16,0,1,1,4294967295
tileCastlevaniaD,608,384,48,64,32,16,0,1,1,4294967295
tileCastlevaniaD,640,384,48,64,32,16,0,1,1,4294967295
tileCastlevaniaD,672,384,48,64,32,16,0,1,1,4294967295
tileCastlevaniaD,704,384,48,64,32,16,0,1,1,4294967295
tileCastlevaniaD,736,384,48,64,32,16,0,1,1,4294967295
tileCastlevaniaD,768,384,48,64,32,16,0,1,1,4294967295
tileCastlevaniaD,800,384,48,64,32,16,0,1,1,4294967295
tileCastlevaniaD,832,384,48,64,32,16,0,1,1,4294967295
tileCastlevaniaD,864,384,48,64,32,16,0,1,1,4294967295
tileCastlevaniaD,416,352,0,64,96,32,0,1,1,4294967295
tileCastlevaniaD,512,352,0,64,96,32,0,1,1,4294967295
tileCastlevaniaD,608,352,0,64,96,32,0,1,1,4294967295
tileCastlevaniaD,704,352,0,64,96,32,0,1,1,4294967295
tileCastlevaniaD,800,352,0,64,96,32,0,1,1,4294967295
tileCastlevaniaD,896,352,0,64,96,32,0,1,1,4294967295
tileCastlevaniaD,992,352,0,64,96,32,0,1,1,4294967295
tileCastlevaniaD,1088,352,0,64,96,32,0,1,1,4294967295
tileCastlevaniaD,1184,352,48,64,32,16,0,1,1,4294967295
tileCastlevaniaD,416,336,48,80,48,16,0,1,1,4294967295
tileCastlevaniaD,512,336,48,80,48,16,0,1,1,4294967295
tileCastlevaniaD,608,336,48,80,48,16,0,1,1,4294967295
tileCastlevaniaD,704,336,48,80,48,16,0,1,1,4294967295
tileCastlevaniaD,800,336,48,80,48,16,0,1,1,4294967295
tileCastlevaniaD,896,336,48,80,48,16,0,1,1,4294967295
tileCastlevaniaD,992,336,48,80,48,16,0,1,1,4294967295
tileCastlevaniaD,1088,336,48,80,48,16,0,1,1,4294967295
tileCastlevaniaD,1136,336,48,64,16,16,0,1,1,4294967295
tileCastlevaniaD,464,336,48,64,48,16,0,1,1,4294967295
tileCastlevaniaD,560,336,48,64,48,16,0,1,1,4294967295
tileCastlevaniaD,656,336,48,64,48,16,0,1,1,4294967295
tileCastlevaniaD,752,336,48,64,48,16,0,1,1,4294967295
tileCastlevaniaD,848,336,48,64,48,16,0,1,1,4294967295
tileCastlevaniaD,944,336,48,64,48,16,0,1,1,4294967295
tileCastlevaniaD,1040,336,48,64,48,16,0,1,1,4294967295
tileCastlevaniaD,880,528,48,64,16,16,0,1,1,4294967295
tileCastlevaniaD,896,544,48,64,16,16,0,1,1,4294967295
tileCastlevaniaD,896,576,48,64,16,16,0,1,1,4294967295
tileCastlevaniaD,848,528,48,80,32,16,0,1,1,4294967295
tileCastlevaniaD,816,528,48,80,32,16,0,1,1,4294967295
tileCastlevaniaD,784,528,48,80,32,16,0,1,1,4294967295
tileCastlevaniaD,752,528,48,80,32,16,0,1,1,4294967295
tileCastlevaniaD,752,512,48,48,32,16,0,1,1,4294967295
tileCastlevaniaD,784,512,48,48,32,16,0,1,1,4294967295
tileCastlevaniaD,816,512,48,48,32,16,0,1,1,4294967295
tileCastlevaniaD,720,512,48,48,32,16,0,1,1,4294967295
tileCastlevaniaD,688,512,48,48,32,16,0,1,1,4294967295
tileCastlevaniaD,656,512,48,48,32,16,0,1,1,4294967295
tileCastlevaniaD,624,512,48,48,32,16,0,1,1,4294967295
tileCastlevaniaD,400,400,64,32,16,16,0,1,1,4294967295
tileCastlevaniaD,400,416,64,32,16,16,0,1,1,4294967295
tileCastlevaniaD,400,432,64,32,16,16,0,1,1,4294967295
tileCastlevaniaD,400,448,64,32,16,16,0,1,1,4294967295
tileCastlevaniaD,400,464,64,32,16,16,0,1,1,4294967295
tileCastlevaniaD,400,480,64,32,16,16,0,1,1,4294967295
tileCastlevaniaD,400,496,64,32,16,16,0,1,1,4294967295
tileCastlevaniaD,400,512,64,32,16,16,0,1,1,4294967295
tileCastlevaniaD,416,544,0,0,32,64,0,1,1,4294967295
tileCastlevaniaD,448,544,0,0,32,64,0,1,1,4294967295
tileCastlevaniaD,592,512,48,48,32,16,0,1,1,4294967295
tileCastlevaniaD,560,512,48,48,32,16,0,1,1,4294967295
tileCastlevaniaD,400,528,64,32,16,16,0,1,1,4294967295
tileCastlevaniaD,400,544,64,32,16,16,0,1,1,4294967295
tileCastlevaniaD,400,560,64,32,16,16,0,1,1,4294967295
tileCastlevaniaD,400,576,32,64,16,32,0,1,1,4294967295
tileCastlevaniaD,560,528,48,80,32,16,0,1,1,4294967295
tileCastlevaniaD,592,528,48,80,32,16,0,1,1,4294967295
tileCastlevaniaD,624,528,48,80,32,16,0,1,1,4294967295
tileCastlevaniaD,656,528,48,80,32,16,0,1,1,4294967295
tileCastlevaniaD,688,528,48,80,32,16,0,1,1,4294967295
tileCastlevaniaD,720,528,48,80,32,16,0,1,1,4294967295
tileCastlevaniaD,480,544,48,96,32,64,0,1,1,4294967295
tileCastlevaniaD,512,560,64,96,16,64,0,1,1,4294967295
tileCastlevaniaD,528,576,64,96,16,64,0,1,1,4294967295
tileCastlevaniaD,544,592,64,96,16,64,0,1,1,4294967295
tileCastlevaniaD,560,608,64,96,32,64,0,1,1,4294967295
tileCastlevaniaD,624,640,112,128,16,16,0,1,1,4294967295
tileCastlevaniaD,496,608,48,144,16,16,0,1,1,4294967295
tileCastlevaniaD,512,624,48,144,16,16,0,1,1,4294967295
tileCastlevaniaD,528,640,48,144,16,16,0,1,1,4294967295
tileCastlevaniaD,544,656,48,144,16,16,0,1,1,4294967295
tileCastlevaniaD,560,672,48,144,16,16,0,1,1,4294967295
tileCastlevaniaD,912,704,0,0,32,64,0,1,1,4294967295
tileCastlevaniaD,848,704,0,0,32,64,0,1,1,4294967295
tileCastlevaniaD,880,704,0,0,32,64,0,1,1,4294967295
tileCastlevaniaD,752,704,0,0,32,64,0,1,1,4294967295
tileCastlevaniaD,784,704,0,0,32,64,0,1,1,4294967295
tileCastlevaniaD,816,704,0,0,32,64,0,1,1,4294967295
tileCastlevaniaD,720,704,0,0,32,64,0,1,1,4294967295
tileCastlevaniaD,688,704,0,0,32,64,0,1,1,4294967295
tileCastlevaniaD,656,704,0,0,32,64,0,1,1,4294967295
tileCastlevaniaD,624,704,0,0,32,64,0,1,1,4294967295
tileCastlevaniaD,592,640,0,0,32,96,0,1,1,4294967295
tileCastlevaniaD,576,672,32,32,16,64,0,1,1,4294967295
tileCastlevaniaD,640,768,0,64,32,32,0,1,1,4294967295
tileCastlevaniaD,672,768,0,64,32,32,0,1,1,4294967295
tileCastlevaniaD,704,768,0,64,32,32,0,1,1,4294967295
tileCastlevaniaD,736,768,0,64,32,32,0,1,1,4294967295
tileCastlevaniaD,768,768,0,64,32,32,0,1,1,4294967295
tileCastlevaniaD,800,768,0,64,32,32,0,1,1,4294967295
tileCastlevaniaD,832,768,0,64,32,32,0,1,1,4294967295
tileCastlevaniaD,864,768,0,64,32,32,0,1,1,4294967295
tileCastlevaniaD,896,768,0,64,32,32,0,1,1,4294967295
tileCastlevaniaD,928,768,0,64,32,32,0,1,1,4294967295
tileCastlevaniaD,880,576,48,32,16,16,0,1,1,4294967295
tileCastlevaniaD,880,592,48,32,16,16,0,1,1,4294967295
tileCastlevaniaD,1056,608,0,64,48,32,0,1,1,4294967295
tileCastlevaniaD,976,608,0,64,48,32,0,1,1,4294967295
tileCastlevaniaD,960,608,48,32,16,16,0,1,1,4294967295
tileCastlevaniaD,960,624,48,32,16,16,0,1,1,4294967295
tileCastlevaniaD,1024,608,48,80,32,16,0,1,1,4294967295
tileCastlevaniaD,1024,624,48,80,32,16,0,1,1,4294967295
tileCastlevaniaD,400,608,0,64,96,32,0,1,1,4294967295
tileCastlevaniaD,432,640,0,64,96,32,0,1,1,4294967295
tileCastlevaniaD,368,672,0,64,96,32,0,1,1,4294967295
tileCastlevaniaD,464,672,0,64,96,32,0,1,1,4294967295
tileCastlevaniaD,416,704,0,64,96,32,0,1,1,4294967295
tileCastlevaniaD,368,736,0,64,96,32,0,1,1,4294967295
tileCastlevaniaD,464,736,0,64,96,32,0,1,1,4294967295
tileCastlevaniaD,416,768,0,64,96,32,0,1,1,4294967295
tileCastlevaniaD,512,768,0,64,96,32,0,1,1,4294967295
tileCastlevaniaD,560,736,32,64,64,32,0,1,1,4294967295
tileCastlevaniaD,512,704,32,64,64,32,0,1,1,4294967295
tileCastlevaniaD,352,768,32,64,64,32,0,1,1,4294967295
tileCastlevaniaD,368,704,48,64,48,32,0,1,1,4294967295
tileCastlevaniaD,352,736,32,64,16,32,0,1,1,4294967295
tileCastlevaniaD,608,768,32,64,16,32,0,1,1,4294967295
tileCastlevaniaD,624,768,32,64,16,32,0,1,1,4294967295
tileCastlevaniaD,400,640,48,80,32,16,0,1,1,4294967295
tileCastlevaniaD,400,656,48,80,32,16,0,1,1,4294967295
tileCastlevaniaD,368,656,48,80,32,16,0,1,1,4294967295
tileCastlevaniaD,496,624,48,64,16,16,0,1,1,4294967295
tileCastlevaniaD,528,656,48,64,16,16,0,1,1,4294967295
tileCastlevaniaD,560,688,48,64,16,16,0,1,1,4294967295
tileCastlevaniaD,800,560,48,64,32,16,0,1,1,4294967295
tileCastlevaniaD,832,560,48,64,32,16,0,1,1,4294967295
tileCastlevaniaD,864,560,48,64,32,16,0,1,1,4294967295
tileCastlevaniaD,816,544,48,64,32,16,0,1,1,4294967295
tileCastlevaniaD,848,544,48,64,32,16,0,1,1,4294967295
tileCastlevaniaD,800,544,64,64,16,16,0,1,1,4294967295
tileCastlevaniaD,880,544,48,64,16,16,0,1,1,4294967295
tileCastlevaniaD,784,544,48,32,16,16,0,1,1,4294967295
tileCastlevaniaD,784,560,48,32,16,16,0,1,1,4294967295
tileCastlevaniaD,1248,0,0,64,96,32,0,1,1,4294967295
tileCastlevaniaD,1344,0,0,64,96,32,0,1,1,4294967295
tileCastlevaniaD,1296,32,0,64,96,32,0,1,1,4294967295
tileCastlevaniaD,1344,64,0,64,96,32,0,1,1,4294967295
tileCastlevaniaD,1296,96,0,64,96,32,0,1,1,4294967295
tileCastlevaniaD,1296,64,48,64,48,32,0,1,1,4294967295
tileCastlevaniaD,1392,32,0,64,48,32,0,1,1,4294967295
tileCastlevaniaD,1392,96,0,64,48,32,0,1,1,4294967295
tileCastlevaniaD,1360,128,32,64,16,32,0,1,1,4294967295
tileCastlevaniaD,1376,128,32,64,16,32,0,1,1,4294967295
tileCastlevaniaD,1392,160,32,64,16,32,0,1,1,4294967295
tileCastlevaniaD,1408,160,32,64,16,32,0,1,1,4294967295
tileCastlevaniaD,1360,192,32,64,16,32,0,1,1,4294967295
tileCastlevaniaD,1376,192,32,64,16,32,0,1,1,4294967295
tileCastlevaniaD,1392,128,48,80,32,16,0,1,1,4294967295
tileCastlevaniaD,1392,144,48,80,32,16,0,1,1,4294967295
tileCastlevaniaD,1360,160,48,80,32,16,0,1,1,4294967295
tileCastlevaniaD,1360,176,48,80,32,16,0,1,1,4294967295
tileCastlevaniaD,1392,192,48,80,32,16,0,1,1,4294967295
tileCastlevaniaD,1392,208,48,80,32,16,0,1,1,4294967295
tileCastlevaniaD,1424,144,32,64,16,32,0,1,1,4294967295
tileCastlevaniaD,1424,176,32,64,16,32,0,1,1,4294967295
tileCastlevaniaD,1424,128,48,64,16,16,0,1,1,4294967295
tileCastlevaniaD,1424,208,48,64,16,16,0,1,1,4294967295
tileCastlevaniaD,1248,80,112,0,32,32,0,1,1,4294967295
tileCastlevaniaD,1312,144,112,0,32,32,0,1,1,4294967295
tileCastlevaniaD,1376,240,112,0,32,32,0,1,1,4294967295
tileCastlevaniaD,1344,576,112,0,32,32,0,1,1,4294967295
tileCastlevaniaD,816,400,112,0,32,32,0,1,1,4294967295
tileCastlevaniaD,1040,640,112,0,32,32,0,1,1,4294967295
tileCastlevaniaD,1104,400,80,0,32,32,0,1,1,4294967295
tileCastlevaniaD,416,400,80,0,32,32,0,1,1,4294967295
tileCastlevaniaD,864,512,48,80,32,16,0,1,1,4294967295
tileCastlevaniaD,848,512,48,64,16,16,0,1,1,4294967295
tileCastlevaniaD,864,432,48,80,32,16,0,1,1,4294967295
tileCastlevaniaD,880,400,48,64,32,16,0,1,1,4294967295
tileCastlevaniaD,864,416,48,64,32,16,0,1,1,4294967295
tileCastlevaniaD,64,192,48,48,32,16,0,1,1,4294967295
tileCastlevaniaD,352,528,0,64,32,16,0,1,1,4294967295
tileCastlevaniaD,384,528,32,64,16,32,0,1,1,4294967295
tileCastlevaniaD,384,560,16,64,16,32,0,1,1,4294967295
tileCastlevaniaD,352,608,0,80,32,16,0,1,1,4294967295
tileCastlevaniaD,384,592,32,64,16,32,0,1,1,4294967295
