tileMM_SigmaC,0,304,16,0,64,16,0,1,1,4294967295
tileMM_SigmaC,64,304,16,0,64,16,0,1,1,4294967295
tileMM_SigmaC,128,304,16,0,64,16,0,1,1,4294967295
tileMM_SigmaC,192,304,16,0,64,16,0,1,1,4294967295
tileMM_SigmaC,0,320,32,16,32,32,0,1,1,4294967295
tileMM_SigmaC,32,320,32,16,32,32,0,1,1,4294967295
tileMM_SigmaC,64,320,32,16,32,32,0,1,1,4294967295
tileMM_SigmaC,176,320,32,16,32,32,0,1,1,4294967295
tileMM_SigmaC,256,288,0,96,64,48,0,1,1,4294967295
tileMM_SigmaC,320,304,16,0,64,16,0,1,1,4294967295
tileMM_SigmaC,384,304,16,0,64,16,0,1,1,4294967295
tileMM_SigmaC,448,304,16,0,64,16,0,1,1,4294967295
tileMM_SigmaC,320,320,16,16,32,32,0,1,1,4294967295
tileMM_SigmaC,96,320,48,16,32,32,0,1,1,4294967295
tileMM_SigmaC,352,320,32,16,32,32,0,1,1,4294967295
tileMM_SigmaC,384,320,32,16,32,32,0,1,1,4294967295
tileMM_SigmaC,416,320,32,16,32,32,0,1,1,4294967295
tileMM_SigmaC,448,320,32,16,32,32,0,1,1,4294967295
tileMM_SigmaC,0,32,16,80,64,16,0,1,1,4294967295
tileMM_SigmaC,64,32,16,80,64,16,0,1,1,4294967295
tileMM_SigmaC,128,32,16,80,64,16,0,1,1,4294967295
tileMM_SigmaC,192,32,16,80,64,16,0,1,1,4294967295
tileMM_SigmaC,0,0,32,48,32,32,0,1,1,4294967295
tileMM_SigmaC,32,0,32,48,32,32,0,1,1,4294967295
tileMM_SigmaC,64,0,32,48,32,32,0,1,1,4294967295
tileMM_SigmaC,96,0,32,48,32,32,0,1,1,4294967295
tileMM_SigmaC,128,0,32,48,32,32,0,1,1,4294967295
tileMM_SigmaC,160,0,32,48,32,32,0,1,1,4294967295
tileMM_SigmaC,192,0,32,48,32,32,0,1,1,4294967295
tileMM_SigmaC,256,336,0,112,64,16,0,1,1,4294967295
tileMM_SigmaC,256,16,0,112,64,48,0,1,1,4294967295
tileMM_SigmaC,256,0,0,128,64,16,0,1,1,4294967295
tileMM_SigmaC,320,32,16,80,64,16,0,1,1,4294967295
tileMM_SigmaC,384,32,16,80,64,16,0,1,1,4294967295
tileMM_SigmaC,448,32,16,80,64,16,0,1,1,4294967295
tileMM_SigmaC,224,0,48,48,32,32,0,1,1,4294967295
tileMM_SigmaC,368,0,32,48,32,32,0,1,1,4294967295
tileMM_SigmaC,400,0,32,48,48,32,0,1,1,4294967295
tileMM_SigmaC,320,0,16,48,48,32,0,1,1,4294967295
tileMM_SigmaC,208,320,32,16,48,32,0,1,1,4294967295
tileMM_SigmaC,128,320,16,16,48,32,0,1,1,4294967295
tileMM_SigmaC,448,0,16,48,32,32,0,1,1,4294967295
tileMM_SigmaC,480,0,32,48,32,32,0,1,1,4294967295
tileMM_SigmaC,512,304,16,0,64,16,0,1,1,4294967295
tileMM_SigmaC,576,304,16,0,64,16,0,1,1,4294967295
tileMM_SigmaC,512,32,16,80,64,16,0,1,1,4294967295
tileMM_SigmaC,576,32,16,80,64,16,0,1,1,4294967295
tileMM_SigmaC,512,0,32,48,32,32,0,1,1,4294967295
tileMM_SigmaC,544,0,32,48,32,32,0,1,1,4294967295
tileMM_SigmaC,576,0,32,48,32,32,0,1,1,4294967295
tileMM_SigmaC,608,0,32,48,32,32,0,1,1,4294967295
tileMM_SigmaC,544,320,48,16,32,32,0,1,1,4294967295
tileMM_SigmaC,480,320,32,16,32,32,0,1,1,4294967295
tileMM_SigmaC,512,320,32,16,32,32,0,1,1,4294967295
tileMM_SigmaC,576,320,16,16,48,32,0,1,1,4294967295
tileMM_SigmaC,624,320,32,16,32,32,0,1,1,4294967295
tileMM_SigmaC,656,320,32,16,48,32,0,1,1,4294967295
tileMM_SigmaC,640,304,16,0,64,16,0,1,1,4294967295
tileMM_SigmaC,640,32,16,80,64,16,0,1,1,4294967295
tileMM_SigmaC,672,0,48,48,32,32,0,1,1,4294967295
tileMM_SigmaC,640,0,32,48,32,32,0,1,1,4294967295
tileMM_SigmaC,704,16,0,112,64,48,0,1,1,4294967295
tileMM_SigmaC,704,0,0,128,64,16,0,1,1,4294967295
tileMM_SigmaC,704,336,0,112,64,16,0,1,1,4294967295
tileMM_SigmaC,768,32,16,80,64,16,0,1,1,4294967295
tileMM_SigmaC,832,32,16,80,64,16,0,1,1,4294967295
tileMM_SigmaC,768,0,16,48,48,32,0,1,1,4294967295
tileMM_SigmaC,848,0,32,48,48,32,0,1,1,4294967295
tileMM_SigmaC,816,0,32,48,32,32,0,1,1,4294967295
tileMM_SigmaC,768,304,16,0,64,16,0,1,1,4294967295
tileMM_SigmaC,832,304,16,0,64,16,0,1,1,4294967295
tileMM_SigmaC,816,320,32,16,32,32,0,1,1,4294967295
tileMM_SigmaC,704,176,16,160,64,16,0,1,1,4294967295
tileMM_SigmaC,688,176,32,160,16,16,0,1,1,4294967295
tileMM_SigmaC,768,176,32,160,16,16,0,1,1,4294967295
tileMM_SigmaC,672,176,0,160,16,16,0,1,1,4294967295
tileMM_SigmaC,784,176,80,160,16,16,0,1,1,4294967295
tileMM_SigmaC,896,16,0,112,64,48,0,1,1,4294967295
tileMM_SigmaC,896,0,0,128,64,16,0,1,1,4294967295
tileMM_SigmaC,864,176,0,160,64,16,0,1,1,4294967295
tileMM_SigmaC,928,176,32,160,64,16,0,1,1,4294967295
tileMM_SigmaC,880,176,48,160,32,16,0,1,1,4294967295
tileMM_SigmaC,944,176,16,160,32,16,0,1,1,4294967295
tileMM_SigmaC,896,288,0,96,64,48,0,1,1,4294967295
tileMM_SigmaC,896,336,0,112,64,16,0,1,1,4294967295
tileMM_SigmaC,848,320,32,16,48,32,0,1,1,4294967295
tileMM_SigmaC,768,320,16,16,48,32,0,1,1,4294967295
tileMM_SigmaC,960,304,16,0,64,16,0,1,1,4294967295
tileMM_SigmaC,1024,304,16,0,64,16,0,1,1,4294967295
tileMM_SigmaC,1088,304,16,0,64,16,0,1,1,4294967295
tileMM_SigmaC,1152,304,16,0,64,16,0,1,1,4294967295
tileMM_SigmaC,960,32,16,80,64,16,0,1,1,4294967295
tileMM_SigmaC,1024,32,16,80,64,16,0,1,1,4294967295
tileMM_SigmaC,1088,32,16,80,64,16,0,1,1,4294967295
tileMM_SigmaC,1152,32,16,80,64,16,0,1,1,4294967295
tileMM_SigmaC,960,320,16,16,32,32,0,1,1,4294967295
tileMM_SigmaC,992,320,32,16,32,32,0,1,1,4294967295
tileMM_SigmaC,1024,320,32,16,32,32,0,1,1,4294967295
tileMM_SigmaC,1056,320,32,16,32,32,0,1,1,4294967295
tileMM_SigmaC,1088,320,32,16,32,32,0,1,1,4294967295
tileMM_SigmaC,1120,320,32,16,32,32,0,1,1,4294967295
tileMM_SigmaC,1152,320,32,16,32,32,0,1,1,4294967295
tileMM_SigmaC,960,0,16,48,32,32,0,1,1,4294967295
tileMM_SigmaC,992,0,32,48,32,32,0,1,1,4294967295
tileMM_SigmaC,1024,0,32,48,32,32,0,1,1,4294967295
tileMM_SigmaC,1056,0,32,48,32,32,0,1,1,4294967295
tileMM_SigmaC,1088,0,32,48,32,32,0,1,1,4294967295
tileMM_SigmaC,1120,0,32,48,32,32,0,1,1,4294967295
tileMM_SigmaC,1152,0,32,48,32,32,0,1,1,4294967295
tileMM_SigmaC,1184,0,32,48,32,32,0,1,1,4294967295
tileMM_SigmaC,704,288,0,96,64,48,0,1,1,4294967295
tileMM_SigmaC,1216,288,0,0,80,16,0,1,1,4294967295
tileMM_SigmaC,1296,288,16,0,64,16,0,1,1,4294967295
tileMM_SigmaC,1216,304,112,80,16,16,0,1,1,4294967295
tileMM_SigmaC,1184,320,32,16,48,32,0,1,1,4294967295
tileMM_SigmaC,1232,304,16,16,32,48,0,1,1,4294967295
tileMM_SigmaC,1264,304,32,16,32,48,0,1,1,4294967295
tileMM_SigmaC,1296,304,32,16,32,48,0,1,1,4294967295
tileMM_SigmaC,1328,304,32,16,32,48,0,1,1,4294967295
tileMM_SigmaC,1216,32,16,80,64,16,0,1,1,4294967295
tileMM_SigmaC,1280,32,16,80,64,16,0,1,1,4294967295
tileMM_SigmaC,1216,0,32,48,32,32,0,1,1,4294967295
tileMM_SigmaC,1248,0,32,48,32,32,0,1,1,4294967295
tileMM_SigmaC,1280,0,32,48,32,32,0,1,1,4294967295
tileMM_SigmaC,1344,32,112,64,16,16,0,1,1,4294967295
tileMM_SigmaC,1344,48,0,64,80,32,0,1,1,4294967295
tileMM_SigmaC,1312,0,32,48,48,32,0,1,1,4294967295
tileMM_SigmaC,1360,16,16,32,64,32,0,1,1,4294967295
tileMM_SigmaC,1360,0,16,32,64,16,0,1,1,4294967295
tileMM_SigmaC,1408,64,112,64,16,16,0,1,1,4294967295
tileMM_SigmaC,1408,80,0,64,80,32,0,1,1,4294967295
tileMM_SigmaC,1424,48,16,32,64,32,0,1,1,4294967295
tileMM_SigmaC,1424,16,16,32,64,32,0,1,1,4294967295
tileMM_SigmaC,1424,0,16,32,64,16,0,1,1,4294967295
tileMM_SigmaC,1488,96,176,80,16,16,0,1,1,4294967295
tileMM_SigmaC,1360,288,16,0,64,16,0,1,1,4294967295
tileMM_SigmaC,1424,288,16,0,64,16,0,1,1,4294967295
tileMM_SigmaC,1360,304,32,16,32,48,0,1,1,4294967295
tileMM_SigmaC,1392,304,32,16,32,48,0,1,1,4294967295
tileMM_SigmaC,1424,304,32,16,32,48,0,1,1,4294967295
tileMM_SigmaC,1488,288,16,0,64,16,0,1,1,4294967295
tileMM_SigmaC,1504,96,16,80,64,16,0,1,1,4294967295
tileMM_SigmaC,1568,96,16,80,64,16,0,1,1,4294967295
tileMM_SigmaC,1488,64,0,32,16,32,0,1,1,4294967295
tileMM_SigmaC,1504,48,16,32,48,48,0,1,1,4294967295
tileMM_SigmaC,1552,48,32,32,32,48,0,1,1,4294967295
tileMM_SigmaC,1584,48,32,32,48,48,0,1,1,4294967295
tileMM_SigmaC,1504,16,16,32,48,32,0,1,1,4294967295
tileMM_SigmaC,1504,0,16,32,48,16,0,1,1,4294967295
tileMM_SigmaC,1584,16,32,32,48,32,0,1,1,4294967295
tileMM_SigmaC,1584,0,32,32,48,16,0,1,1,4294967295
tileMM_SigmaC,1552,16,32,32,32,32,0,1,1,4294967295
tileMM_SigmaC,1552,0,32,32,32,16,0,1,1,4294967295
tileMM_SigmaC,1088,176,0,160,16,16,0,1,1,4294967295
tileMM_SigmaC,1136,176,80,160,16,16,0,1,1,4294967295
tileMM_SigmaC,1264,176,80,160,16,16,0,1,1,4294967295
tileMM_SigmaC,1216,176,0,160,16,16,0,1,1,4294967295
tileMM_SigmaC,1104,176,32,160,32,16,0,1,1,4294967295
tileMM_SigmaC,1232,176,32,160,32,16,0,1,1,4294967295
tileMM_SigmaC,1552,288,16,0,64,16,0,1,1,4294967295
tileMM_SigmaC,1616,288,16,0,64,16,0,1,1,4294967295
tileMM_SigmaC,1456,304,48,16,32,48,0,1,1,4294967295
tileMM_SigmaC,1488,304,16,16,32,48,0,1,1,4294967295
tileMM_SigmaC,1520,304,32,16,32,48,0,1,1,4294967295
tileMM_SigmaC,1552,304,32,16,32,48,0,1,1,4294967295
tileMM_SigmaC,1584,304,32,16,32,48,0,1,1,4294967295
tileMM_SigmaC,1616,304,32,16,32,48,0,1,1,4294967295
tileMM_SigmaC,1648,304,32,16,32,48,0,1,1,4294967295
tileMM_SigmaC,1680,288,16,0,64,16,0,1,1,4294967295
tileMM_SigmaC,1680,304,32,16,32,48,0,1,1,4294967295
tileMM_SigmaC,1712,304,48,16,32,48,0,1,1,4294967295
tileMM_SigmaC,1744,288,0,96,64,48,0,1,1,4294967295
tileMM_SigmaC,1744,336,0,112,64,16,0,1,1,4294967295
tileMM_SigmaC,1808,288,16,0,64,16,0,1,1,4294967295
tileMM_SigmaC,1872,288,16,0,64,16,0,1,1,4294967295
tileMM_SigmaC,1808,304,16,16,48,48,0,1,1,4294967295
tileMM_SigmaC,1856,304,32,16,32,48,0,1,1,4294967295
tileMM_SigmaC,1488,32,0,32,16,32,0,1,1,4294967295
tileMM_SigmaC,1488,0,0,32,16,32,0,1,1,4294967295
tileMM_SigmaC,1648,32,32,80,48,16,0,1,1,4294967295
tileMM_SigmaC,1632,32,96,64,16,16,0,1,1,4294967295
tileMM_SigmaC,1696,32,16,80,64,16,0,1,1,4294967295
tileMM_SigmaC,1760,32,16,80,64,16,0,1,1,4294967295
tileMM_SigmaC,1632,0,16,48,32,32,0,1,1,4294967295
tileMM_SigmaC,1664,0,32,48,32,32,0,1,1,4294967295
tileMM_SigmaC,1696,0,32,48,32,32,0,1,1,4294967295
tileMM_SigmaC,1792,0,48,48,32,32,0,1,1,4294967295
tileMM_SigmaC,1728,0,32,48,32,32,0,1,1,4294967295
tileMM_SigmaC,1760,0,32,48,32,32,0,1,1,4294967295
tileMM_SigmaC,1824,0,0,112,64,48,0,1,1,4294967295
tileMM_SigmaC,1888,0,16,48,64,48,0,1,1,4294967295
tileMM_SigmaC,1936,288,112,80,16,16,0,1,1,4294967295
tileMM_SigmaC,1920,304,48,16,32,48,0,1,1,4294967295
tileMM_SigmaC,1888,304,32,16,32,48,0,1,1,4294967295
tileMM_SigmaC,1936,272,0,0,80,16,0,1,1,4294967295
tileMM_SigmaC,2016,272,16,0,64,16,0,1,1,4294967295
tileMM_SigmaC,1952,288,16,16,32,48,0,1,1,4294967295
tileMM_SigmaC,1984,288,32,16,32,48,0,1,1,4294967295
tileMM_SigmaC,2016,288,32,16,32,48,0,1,1,4294967295
tileMM_SigmaC,2048,288,32,16,32,48,0,1,1,4294967295
tileMM_SigmaC,1952,336,16,32,32,16,0,1,1,4294967295
tileMM_SigmaC,1984,336,32,32,32,16,0,1,1,4294967295
tileMM_SigmaC,2016,336,32,32,32,16,0,1,1,4294967295
tileMM_SigmaC,2048,336,32,32,32,16,0,1,1,4294967295
tileMM_SigmaC,1952,32,16,80,64,16,0,1,1,4294967295
tileMM_SigmaC,2016,32,16,80,64,16,0,1,1,4294967295
tileMM_SigmaC,2000,0,32,48,32,32,0,1,1,4294967295
tileMM_SigmaC,1664,176,0,160,96,16,0,1,1,4294967295
tileMM_SigmaC,1888,160,0,160,96,16,0,1,1,4294967295
tileMM_SigmaC,2080,272,16,0,80,16,0,1,1,4294967295
tileMM_SigmaC,2080,288,32,16,32,48,0,1,1,4294967295
tileMM_SigmaC,2112,288,48,16,32,48,0,1,1,4294967295
tileMM_SigmaC,2112,336,48,32,32,16,0,1,1,4294967295
tileMM_SigmaC,2080,336,32,32,32,16,0,1,1,4294967295
tileMM_SigmaC,2144,304,96,80,16,16,0,1,1,4294967295
tileMM_SigmaC,2144,288,80,32,16,16,0,1,1,4294967295
tileMM_SigmaC,2160,304,16,0,64,16,0,1,1,4294967295
tileMM_SigmaC,2224,304,16,0,64,16,0,1,1,4294967295
tileMM_SigmaC,2288,304,16,0,64,16,0,1,1,4294967295
tileMM_SigmaC,2352,304,112,80,16,16,0,1,1,4294967295
tileMM_SigmaC,2352,288,0,16,16,16,0,1,1,4294967295
tileMM_SigmaC,2352,272,0,0,80,16,0,1,1,4294967295
tileMM_SigmaC,2416,288,32,16,32,48,0,1,1,4294967295
tileMM_SigmaC,2416,336,32,32,32,16,0,1,1,4294967295
tileMM_SigmaC,2144,320,16,16,48,32,0,1,1,4294967295
tileMM_SigmaC,2320,320,32,16,48,32,0,1,1,4294967295
tileMM_SigmaC,2192,320,32,16,32,32,0,1,1,4294967295
tileMM_SigmaC,2224,320,32,16,32,32,0,1,1,4294967295
tileMM_SigmaC,2256,320,32,16,32,32,0,1,1,4294967295
tileMM_SigmaC,2288,320,32,16,32,32,0,1,1,4294967295
tileMM_SigmaC,2080,32,16,80,64,16,0,1,1,4294967295
tileMM_SigmaC,2144,32,16,80,64,16,0,1,1,4294967295
tileMM_SigmaC,2336,32,16,80,64,16,0,1,1,4294967295
tileMM_SigmaC,2400,32,16,80,64,16,0,1,1,4294967295
tileMM_SigmaC,2432,272,16,0,64,16,0,1,1,4294967295
tileMM_SigmaC,2496,272,16,0,64,16,0,1,1,4294967295
tileMM_SigmaC,2560,256,0,96,64,48,0,1,1,4294967295
tileMM_SigmaC,2560,304,0,112,64,32,0,1,1,4294967295
tileMM_SigmaC,2560,336,0,112,64,16,0,1,1,4294967295
tileMM_SigmaC,2368,288,16,16,48,48,0,1,1,4294967295
tileMM_SigmaC,2512,288,32,16,48,48,0,1,1,4294967295
tileMM_SigmaC,2448,288,32,16,32,48,0,1,1,4294967295
tileMM_SigmaC,2480,288,32,16,32,48,0,1,1,4294967295
tileMM_SigmaC,2368,336,16,32,48,16,0,1,1,4294967295
tileMM_SigmaC,2512,336,32,32,48,16,0,1,1,4294967295
tileMM_SigmaC,2448,336,32,32,32,16,0,1,1,4294967295
tileMM_SigmaC,2480,336,32,32,32,16,0,1,1,4294967295
tileMM_SigmaC,2464,32,16,80,64,16,0,1,1,4294967295
tileMM_SigmaC,2528,32,112,64,16,16,0,1,1,4294967295
tileMM_SigmaC,2528,48,0,16,16,64,0,1,1,4294967295
tileMM_SigmaC,2528,112,0,80,80,16,0,1,1,4294967295
tileMM_SigmaC,2624,272,16,0,64,16,0,1,1,4294967295
tileMM_SigmaC,2688,272,16,0,64,16,0,1,1,4294967295
tileMM_SigmaC,2752,272,16,0,64,16,0,1,1,4294967295
tileMM_SigmaC,2736,192,0,80,80,16,0,1,1,4294967295
tileMM_SigmaC,2736,128,0,16,16,64,0,1,1,4294967295
tileMM_SigmaC,2608,112,16,80,64,16,0,1,1,4294967295
tileMM_SigmaC,2672,112,16,80,64,16,0,1,1,4294967295
tileMM_SigmaC,2736,112,112,64,16,16,0,1,1,4294967295
tileMM_SigmaC,2624,288,16,16,32,48,0,1,1,4294967295
tileMM_SigmaC,2656,288,32,16,32,48,0,1,1,4294967295
tileMM_SigmaC,2688,288,32,16,32,48,0,1,1,4294967295
tileMM_SigmaC,2720,288,32,16,32,48,0,1,1,4294967295
tileMM_SigmaC,2752,288,32,16,32,48,0,1,1,4294967295
tileMM_SigmaC,2784,288,32,16,32,48,0,1,1,4294967295
tileMM_SigmaC,2624,336,16,32,32,16,0,1,1,4294967295
tileMM_SigmaC,2656,336,32,32,32,16,0,1,1,4294967295
tileMM_SigmaC,2688,336,32,32,32,16,0,1,1,4294967295
tileMM_SigmaC,2720,336,32,32,32,16,0,1,1,4294967295
tileMM_SigmaC,2752,336,32,32,32,16,0,1,1,4294967295
tileMM_SigmaC,2784,336,32,32,32,16,0,1,1,4294967295
tileMM_SigmaC,2208,0,80,48,16,48,0,1,1,4294967295
tileMM_SigmaC,2320,0,0,48,16,48,0,1,1,4294967295
tileMM_SigmaC,2224,32,16,80,64,16,0,1,1,4294967295
tileMM_SigmaC,2288,32,16,80,32,16,0,1,1,4294967295
tileMM_SigmaC,2224,0,16,48,48,32,0,1,1,4294967295
tileMM_SigmaC,2272,0,32,48,48,32,0,1,1,4294967295
tileMM_SigmaC,1952,0,16,48,48,32,0,1,1,4294967295
tileMM_SigmaC,2080,0,16,48,48,32,0,1,1,4294967295
tileMM_SigmaC,2032,0,32,48,48,32,0,1,1,4294967295
tileMM_SigmaC,2160,0,32,48,48,32,0,1,1,4294967295
tileMM_SigmaC,2128,0,32,48,32,32,0,1,1,4294967295
tileMM_SigmaC,2336,0,16,48,32,32,0,1,1,4294967295
tileMM_SigmaC,2368,0,32,48,32,32,0,1,1,4294967295
tileMM_SigmaC,2400,0,32,48,32,32,0,1,1,4294967295
tileMM_SigmaC,2432,0,32,48,32,32,0,1,1,4294967295
tileMM_SigmaC,2464,0,32,48,32,32,0,1,1,4294967295
tileMM_SigmaC,2496,0,32,48,48,32,0,1,1,4294967295
tileMM_SigmaC,2752,144,16,32,64,48,0,1,1,4294967295
tileMM_SigmaC,2752,112,16,16,64,32,0,1,1,4294967295
tileMM_SigmaC,2544,64,16,32,32,48,0,1,1,4294967295
tileMM_SigmaC,2544,0,16,32,32,32,0,1,1,4294967295
tileMM_SigmaC,2544,32,16,32,32,32,0,1,1,4294967295
tileMM_SigmaC,2576,64,32,32,32,48,0,1,1,4294967295
tileMM_SigmaC,2608,64,32,32,32,48,0,1,1,4294967295
tileMM_SigmaC,2640,64,48,32,32,48,0,1,1,4294967295
tileMM_SigmaC,2640,0,48,32,32,32,0,1,1,4294967295
tileMM_SigmaC,2640,32,48,32,32,32,0,1,1,4294967295
tileMM_SigmaC,2576,0,32,32,32,32,0,1,1,4294967295
tileMM_SigmaC,2608,0,32,32,32,32,0,1,1,4294967295
tileMM_SigmaC,2576,32,32,32,32,32,0,1,1,4294967295
tileMM_SigmaC,2608,32,32,32,32,32,0,1,1,4294967295
tileMM_SigmaC,2672,64,16,32,48,48,0,1,1,4294967295
tileMM_SigmaC,2672,0,16,32,48,32,0,1,1,4294967295
tileMM_SigmaC,2672,32,16,32,48,32,0,1,1,4294967295
tileMM_SigmaC,2720,64,32,32,32,48,0,1,1,4294967295
tileMM_SigmaC,2752,64,32,32,32,48,0,1,1,4294967295
tileMM_SigmaC,2784,64,48,32,32,48,0,1,1,4294967295
tileMM_SigmaC,2784,0,48,32,32,32,0,1,1,4294967295
tileMM_SigmaC,2784,32,48,32,32,32,0,1,1,4294967295
tileMM_SigmaC,2720,0,32,32,32,32,0,1,1,4294967295
tileMM_SigmaC,2720,32,32,32,32,32,0,1,1,4294967295
tileMM_SigmaC,2752,0,32,32,32,32,0,1,1,4294967295
tileMM_SigmaC,2752,32,32,32,32,32,0,1,1,4294967295
tileMM_SigmaC,2160,288,160,208,16,16,0,1,1,4294967295
tileMM_SigmaC,2176,288,160,208,16,16,0,1,1,4294967295
tileMM_SigmaC,2192,288,160,208,16,16,0,1,1,4294967295
tileMM_SigmaC,2208,288,160,208,16,16,0,1,1,4294967295
tileMM_SigmaC,2224,288,160,208,16,16,0,1,1,4294967295
tileMM_SigmaC,2240,288,160,208,16,16,0,1,1,4294967295
tileMM_SigmaC,2256,288,160,208,16,16,0,1,1,4294967295
tileMM_SigmaC,2272,288,160,208,16,16,0,1,1,4294967295
tileMM_SigmaC,2288,288,160,208,16,16,0,1,1,4294967295
tileMM_SigmaC,2304,288,160,208,16,16,0,1,1,4294967295
tileMM_SigmaC,2320,288,160,208,16,16,0,1,1,4294967295
tileMM_SigmaC,2336,288,160,208,16,16,0,1,1,4294967295
tileMM_SigmaC,2656,176,0,192,48,32,0,1,1,4294967295
tileMM_SigmaC,2656,208,0,192,48,32,0,1,1,4294967295
tileMM_SigmaC,2656,240,0,192,48,32,0,1,1,4294967295
tileMM_SigmaC,2656,128,0,176,16,48,0,1,1,4294967295
tileMM_SigmaC,2672,144,16,192,32,32,0,1,1,4294967295
tileMM_SigmaC,2704,144,16,192,32,32,0,1,1,4294967295
tileMM_SigmaC,2704,176,16,192,32,32,0,1,1,4294967295
tileMM_SigmaC,2704,208,16,192,32,32,0,1,1,4294967295
tileMM_SigmaC,2736,208,16,192,32,32,0,1,1,4294967295
tileMM_SigmaC,2768,208,16,192,32,32,0,1,1,4294967295
tileMM_SigmaC,2704,240,16,192,32,32,0,1,1,4294967295
tileMM_SigmaC,2736,240,16,192,32,32,0,1,1,4294967295
tileMM_SigmaC,2768,240,16,192,32,32,0,1,1,4294967295
tileMM_SigmaC,2800,208,16,192,16,32,0,1,1,4294967295
tileMM_SigmaC,2800,240,16,192,16,32,0,1,1,4294967295
tileMM_SigmaC,2672,128,16,192,32,16,0,1,1,4294967295
tileMM_SigmaC,2704,128,16,192,32,16,0,1,1,4294967295
tileMM_SigmaC,2672,128,8,184,8,8,0,1,1,4294967295
tileMM_SigmaC,1632,48,80,32,16,64,0,1,1,4294967295
