oSwitchPanelCRev,1896,176,001C4D4D,0,1,1,4294967295,0,1
oTD_FlagPole,125,512,001ACBBB,0,1,1,4294967295,0,0
oTD_BaseUpgradeIcon,128,448,0004FAB4,0,1,1,4294967295,0,0
oTD_Rules,32,560,0014D6AE,0,1,1,4294967295,0,0
oBarrierCRev,1152,208,00337D27,0,1,1,4294967295,0,1
oLargeJumper,260,360,0011A51B,0,1,1,4294967295,0,0
oPlayerIdle,208,576,002D55A9,0,1,1,4294967295,0,1
oPlayer1,272,576,0020A5D5,0,1,1,4294967295,0,0
oInvCollPH,16,576,002B7B51,0,1,1,4294967295,0,0
oInvCollPH,32,576,00069E21,0,1,1,4294967295,0,0
oInvCollPH,48,576,001C3676,0,1,1,4294967295,0,0
oInvCollPH,64,576,0033ED4E,0,1,1,4294967295,0,0
oInvCollPH,80,576,002D8FEA,0,1,1,4294967295,0,0
oInvCollPH,96,576,00335581,0,1,1,4294967295,0,0
oInvCollPH,112,576,003C3840,0,1,1,4294967295,0,0
oInvCollPH,128,576,001BFBEF,0,1,1,4294967295,0,0
oInvCollPH,144,576,001742A8,0,1,1,4294967295,0,0
oInvCollPH,160,576,0021909D,0,1,1,4294967295,0,0
oInvCollPH,176,576,00204000,0,1,1,4294967295,0,0
oInvCollPH,192,576,000F2BD1,0,1,1,4294967295,0,0
oInvCollPH,208,576,0004B371,0,1,1,4294967295,0,0
oInvCollPH,224,576,00101192,0,1,1,4294967295,0,0
oInvCollPH,240,576,000A1ADF,0,1,1,4294967295,0,0
oInvCollPH,256,576,00192AF9,0,1,1,4294967295,0,0
oInvCollPH,272,576,000E2CE7,0,1,1,4294967295,0,0
oInvCollPH,288,576,002F2500,0,1,1,4294967295,0,0
oInvCollPH,304,576,00330BE2,0,1,1,4294967295,0,0
oInvCollPH,320,576,0007250D,0,1,1,4294967295,0,0
oInvCollPH,336,576,002B7794,0,1,1,4294967295,0,0
oInvCollPH,352,576,000DB145,0,1,1,4294967295,0,0
oInvCollPH,368,576,00310F48,0,1,1,4294967295,0,0
oInvCollPH,384,576,0037D07A,0,1,1,4294967295,0,0
oInvCollPH,400,576,0026C9B2,0,1,1,4294967295,0,0
oInvCollPH,416,576,0010A14A,0,1,1,4294967295,0,0
oInvCollPH,432,576,00338E21,0,1,1,4294967295,0,0
oInvCollPH,448,576,003CBF8D,0,1,1,4294967295,0,0
oInvCollPH,464,576,0020485C,0,1,1,4294967295,0,0
oInvCollPH,480,576,0013400D,0,1,1,4294967295,0,0
oInvCollPH,496,576,002671DE,0,1,1,4294967295,0,0
oInvCollPH,512,576,000B7841,0,1,1,4294967295,0,0
oInvCollPH,528,576,00196241,0,1,1,4294967295,0,0
oInvCollPH,544,576,002C7494,0,1,1,4294967295,0,0
oInvCollPH,560,576,002D15CA,0,1,1,4294967295,0,0
oInvCollPH,576,576,0022BEB1,0,1,1,4294967295,0,0
oInvCollPH,592,576,001957FF,0,1,1,4294967295,0,0
oInvCollPH,608,576,003ECEE1,0,1,1,4294967295,0,0
oInvCollPH,624,576,0022D7FF,0,1,1,4294967295,0,0
oInvCollPH,640,576,00118433,0,1,1,4294967295,0,0
oInvCollPH,656,576,003DC535,0,1,1,4294967295,0,0
oInvCollPH,672,576,0018178D,0,1,1,4294967295,0,0
oInvCollPH,688,576,00205911,0,1,1,4294967295,0,0
oInvCollPH,80,480,002CE910,0,1,1,4294967295,0,0
oInvCollPH,128,448,003ED530,0,1,1,4294967295,0,0
oInvCollPH,176,480,0033DCAB,0,1,1,4294967295,0,0
oInvCollPH,1680,288,0000F1A7,0,1,1,4294967295,0,0
oInvCollPH,1696,288,000243D7,0,1,1,4294967295,0,0
oInvCollPH,1712,288,002B0442,0,1,1,4294967295,0,0
oInvCollPH,1728,288,000B38AD,0,1,1,4294967295,0,0
oInvCollPH,1744,288,0003C8E5,0,1,1,4294967295,0,0
oInvCollPH,2000,288,00065BE9,0,1,1,4294967295,0,0
oInvCollPH,2000,48,00220B6C,0,1,1,4294967295,0,0
oInvCollPH,1984,48,0031D3C2,0,1,1,4294967295,0,0
oInvCollPH,1968,48,001A711A,0,1,1,4294967295,0,0
oInvCollPH,1952,48,0028567D,0,1,1,4294967295,0,0
oInvCollPH,1936,48,000635B9,0,1,1,4294967295,0,0
oInvCollPH,1920,48,002C963C,0,1,1,4294967295,0,0
oInvCollPH,1904,48,002FA261,0,1,1,4294967295,0,0
oInvCollPH,1888,48,0023F208,0,1,1,4294967295,0,0
oInvCollPH,1872,48,0009ED3F,0,1,1,4294967295,0,0
oInvCollPH,1856,48,0039AB92,0,1,1,4294967295,0,0
oInvCollPH,1840,48,003ADDEE,0,1,1,4294967295,0,0
oInvCollPH,1824,48,000931D0,0,1,1,4294967295,0,0
oInvCollPH,1808,48,000FF478,0,1,1,4294967295,0,0
oInvCollPH,1792,48,0017159F,0,1,1,4294967295,0,0
oInvCollPH,1776,48,0032DEAC,0,1,1,4294967295,0,0
oInvCollPH,1760,48,0016B1E4,0,1,1,4294967295,0,0
oInvCollPH,1744,48,001E6D64,0,1,1,4294967295,0,0
oInvCollPH,1728,48,001BD932,0,1,1,4294967295,0,0
oInvCollPH,1712,48,00115C66,0,1,1,4294967295,0,0
oInvCollPH,1696,48,00079B89,0,1,1,4294967295,0,0
oInvCollPH,1680,48,00142D3B,0,1,1,4294967295,0,0
oInvCollPH,1664,48,001F07B7,0,1,1,4294967295,0,0
oInvCollPH,1648,48,0028BA5D,0,1,1,4294967295,0,0
oInvCollPH,1632,48,0015ED3A,0,1,1,4294967295,0,0
oInvCollPH,1616,48,00342454,0,1,1,4294967295,0,0
oInvCollPH,1600,48,0018BC2E,0,1,1,4294967295,0,0
oInvCollPH,1584,48,0028A03B,0,1,1,4294967295,0,0
oInvCollPH,1568,48,000C55CE,0,1,1,4294967295,0,0
oInvCollPH,1552,48,00054F69,0,1,1,4294967295,0,0
oInvCollPH,1536,48,000F5CE7,0,1,1,4294967295,0,0
oInvCollPH,1520,48,0022E8A9,0,1,1,4294967295,0,0
oInvCollPH,1504,48,003A2385,0,1,1,4294967295,0,0
oInvCollPH,1488,48,0014ACC5,0,1,1,4294967295,0,0
oInvCollPH,1472,48,00211520,0,1,1,4294967295,0,0
oInvCollPH,1456,48,003B2DCA,0,1,1,4294967295,0,0
oInvCollPH,1440,48,002A3494,0,1,1,4294967295,0,0
oInvCollPH,1424,48,00248318,0,1,1,4294967295,0,0
oInvCollPH,1408,48,000FDDD2,0,1,1,4294967295,0,0
oInvCollPH,1392,48,00143E96,0,1,1,4294967295,0,0
oInvCollPH,1376,48,0026D25E,0,1,1,4294967295,0,0
oInvCollPH,1360,48,003BFB82,0,1,1,4294967295,0,0
oInvCollPH,1344,48,003DA831,0,1,1,4294967295,0,0
oInvCollPH,1328,48,00024FA7,0,1,1,4294967295,0,0
oInvCollPH,1312,48,0028B083,0,1,1,4294967295,0,0
oInvCollPH,1296,48,0015BAD5,0,1,1,4294967295,0,0
oInvCollPH,1280,48,003EFFF9,0,1,1,4294967295,0,0
oInvCollPH,1264,48,00276E46,0,1,1,4294967295,0,0
oInvCollPH,1248,48,0015F2B7,0,1,1,4294967295,0,0
oInvCollPH,1232,48,00111A1E,0,1,1,4294967295,0,0
oInvCollPH,1216,48,003D18B1,0,1,1,4294967295,0,0
oInvCollPH,96,48,0007F871,0,1,1,4294967295,0,0
oInvCollPH,112,48,001E84C4,0,1,1,4294967295,0,0
oInvCollPH,80,48,0038FF68,0,1,1,4294967295,0,0
oInvCollPH,64,48,0022C309,0,1,1,4294967295,0,0
oInvCollPH,48,48,00163D9D,0,1,1,4294967295,0,0
oInvCollPH,32,48,00070F5E,0,1,1,4294967295,0,0
oInvCollPH,16,48,000BFE24,0,1,1,4294967295,0,0
oInvCollPH,0,48,003D22A0,0,1,1,4294967295,0,0
oInvCollPH,128,48,00193F95,0,1,1,4294967295,0,0
oInvCollPH,144,48,002198B4,0,1,1,4294967295,0,0
oInvCollPH,160,48,000A0404,0,1,1,4294967295,0,0
oInvCollPH,176,48,001834A2,0,1,1,4294967295,0,0
oInvCollPH,192,48,002C0A7F,0,1,1,4294967295,0,0
oInvCollPH,208,48,0009C1CF,0,1,1,4294967295,0,0
oInvCollPH,224,48,0036C5FD,0,1,1,4294967295,0,0
oInvCollPH,240,48,000B9AEA,0,1,1,4294967295,0,0
oInvCollPH,256,48,000A8F0D,0,1,1,4294967295,0,0
oInvCollPH,272,48,0004F31C,0,1,1,4294967295,0,0
oInvCollPH,288,48,0012D918,0,1,1,4294967295,0,0
oInvCollPH,304,48,001E292C,0,1,1,4294967295,0,0
oInvCollPH,320,48,0006CAE3,0,1,1,4294967295,0,0
oInvCollPH,336,48,0014FA34,0,1,1,4294967295,0,0
oInvCollPH,352,48,0030F1EF,0,1,1,4294967295,0,0
oInvCollPH,368,48,00230876,0,1,1,4294967295,0,0
oInvCollPH,384,48,00203027,0,1,1,4294967295,0,0
oInvCollPH,400,48,002D5871,0,1,1,4294967295,0,0
oInvCollPH,416,48,0012BF5C,0,1,1,4294967295,0,0
oInvCollPH,432,48,001CFC35,0,1,1,4294967295,0,0
oInvCollPH,448,48,002D9E80,0,1,1,4294967295,0,0
oInvCollPH,464,48,000B25C3,0,1,1,4294967295,0,0
oInvCollPH,480,48,0012B1B6,0,1,1,4294967295,0,0
oInvCollPH,496,48,002D3D27,0,1,1,4294967295,0,0
oInvCollPH,512,48,00265250,0,1,1,4294967295,0,0
oInvCollPH,528,48,0029F11B,0,1,1,4294967295,0,0
oInvCollPH,544,48,001C1F5D,0,1,1,4294967295,0,0
oInvCollPH,560,48,00329840,0,1,1,4294967295,0,0
oInvCollPH,576,48,001C9C37,0,1,1,4294967295,0,0
oInvCollPH,592,48,001E535C,0,1,1,4294967295,0,0
oInvCollPH,608,48,001E63AC,0,1,1,4294967295,0,0
oInvCollPH,624,48,003F4BFE,0,1,1,4294967295,0,0
oInvCollPH,640,48,000B441A,0,1,1,4294967295,0,0
oInvCollPH,656,48,0000C75B,0,1,1,4294967295,0,0
oInvCollPH,672,48,00211F6F,0,1,1,4294967295,0,0
oInvCollPH,688,48,0017BB5B,0,1,1,4294967295,0,0
oInvCollPH,704,48,001305CE,0,1,1,4294967295,0,0
oInvCollPH,720,48,0013575C,0,1,1,4294967295,0,0
oInvCollPH,736,48,003C1CDC,0,1,1,4294967295,0,0
oInvCollPH,752,48,000B9605,0,1,1,4294967295,0,0
oInvCollPH,768,48,003D5C11,0,1,1,4294967295,0,0
oInvCollPH,784,48,0005952E,0,1,1,4294967295,0,0
oInvCollPH,800,48,00389FEE,0,1,1,4294967295,0,0
oInvCollPH,816,48,003A9155,0,1,1,4294967295,0,0
oInvCollPH,832,48,00264977,0,1,1,4294967295,0,0
oInvCollPH,848,48,0006A0BE,0,1,1,4294967295,0,0
oInvCollPH,864,48,001A2394,0,1,1,4294967295,0,0
oInvCollPH,880,48,002DA785,0,1,1,4294967295,0,0
oInvCollPH,896,48,000BDCB9,0,1,1,4294967295,0,0
oInvCollPH,912,48,002E51A2,0,1,1,4294967295,0,0
oInvCollPH,928,48,0018FE58,0,1,1,4294967295,0,0
oInvCollPH,944,48,002FFEF6,0,1,1,4294967295,0,0
oInvCollPH,960,48,001024B2,0,1,1,4294967295,0,0
oInvCollPH,976,48,0030DBAC,0,1,1,4294967295,0,0
oInvCollPH,992,48,0022B161,0,1,1,4294967295,0,0
oInvCollPH,1008,48,0017F219,0,1,1,4294967295,0,0
oInvCollPH,1024,48,0010B369,0,1,1,4294967295,0,0
oInvCollPH,1040,48,00343F6A,0,1,1,4294967295,0,0
oInvCollPH,1056,48,003A9B49,0,1,1,4294967295,0,0
oInvCollPH,1072,48,00054691,0,1,1,4294967295,0,0
oInvCollPH,1088,48,00261B47,0,1,1,4294967295,0,0
oInvCollPH,1104,48,0006139F,0,1,1,4294967295,0,0
oInvCollPH,1120,48,00370470,0,1,1,4294967295,0,0
oInvCollPH,1136,48,002FA8F7,0,1,1,4294967295,0,0
oInvCollPH,1152,48,0038F6C1,0,1,1,4294967295,0,0
oInvCollPH,1168,48,0004038B,0,1,1,4294967295,0,0
oInvCollPH,1184,48,00330504,0,1,1,4294967295,0,0
oInvCollPH,1200,48,0038EE19,0,1,1,4294967295,0,0
oInvCollPH,240,384,002D279C,0,1,1,4294967295,0,0
oInvCollPH,256,384,002E10CC,0,1,1,4294967295,0,0
oInvCollPH,272,384,001A7A98,0,1,1,4294967295,0,0
oInvCollPH,1136,288,00085A85,0,1,1,4294967295,0,0
oInvCollPH,1296,288,0031CF15,0,1,1,4294967295,0,0
oInvCollPH,1872,208,0030B9AB,0,1,1,4294967295,0,0
oInvCollPH,1888,208,0008F905,0,1,1,4294967295,0,0
oInvCollPH,1904,208,003FC82F,0,1,1,4294967295,0,0
oInvCollPH,1920,208,0013BB54,0,1,1,4294967295,0,0
oInvCollPH,1936,208,000192C4,0,1,1,4294967295,0,0
oInvCollPH,1936,224,0001104D,0,1,1,4294967295,0,0
oInvCollPH,1936,240,002B4C34,0,1,1,4294967295,0,0
oInvCollPH,1920,240,000403E8,0,1,1,4294967295,0,0
oInvCollPH,1904,240,0038656B,0,1,1,4294967295,0,0
oInvCollPH,1888,240,00142006,0,1,1,4294967295,0,0
oInvCollPH,1872,240,00262568,0,1,1,4294967295,0,0
oInvCollPH,1856,240,001D8FAD,0,1,1,4294967295,0,0
oInvCollPH,1856,224,0020C53D,0,1,1,4294967295,0,0
oInvCollPH,784,512,002EB965,0,1,1,4294967295,0,0
oInvCollPH,800,512,0012DAA8,0,1,1,4294967295,0,0
oInvCollPH,816,512,004041E8,0,1,1,4294967295,0,0
oInvCollPH,832,512,001FF771,0,1,1,4294967295,0,0
oInvCollPH,848,512,000296C5,0,1,1,4294967295,0,0
oInvCollPH,864,512,0019E70B,0,1,1,4294967295,0,0
oInvCollPH,880,512,002513F5,0,1,1,4294967295,0,0
oInvCollPH,768,528,0006BDCB,0,1,1,4294967295,0,0
oInvCollPH,768,544,0024CCB4,0,1,1,4294967295,0,0
oInvCollPH,768,560,003DFEFF,0,1,1,4294967295,0,0
oInvCollPH,288,256,0001EF3F,0,1,1,4294967295,0,0
oInvCollPH,288,272,00146D64,0,1,1,4294967295,0,0
oInvCollPH,288,288,003D9DAB,0,1,1,4294967295,0,0
oInvCollPH,288,304,001CB65F,0,1,1,4294967295,0,0
oInvCollPH,288,320,003B47E9,0,1,1,4294967295,0,0
oInvCollPH,288,336,0032EE20,0,1,1,4294967295,0,0
oInvCollPH,288,352,001C721C,0,1,1,4294967295,0,0
oInvCollPH,288,368,0028B236,0,1,1,4294967295,0,0
oInvCollPH,288,400,0021F1DE,0,1,1,4294967295,0,0
oInvCollPH,304,400,002B7C6A,0,1,1,4294967295,0,0
oInvCollPH,320,400,0033B6B2,0,1,1,4294967295,0,0
oInvCollPH,336,400,002EE2AB,0,1,1,4294967295,0,0
oInvCollPH,352,400,0033DE29,0,1,1,4294967295,0,0
oInvCollPH,368,400,0036CEEE,0,1,1,4294967295,0,0
oInvCollPH,384,400,0025B24B,0,1,1,4294967295,0,0
oInvCollPH,400,400,000682C8,0,1,1,4294967295,0,0
oInvCollPH,400,384,0030B547,0,1,1,4294967295,0,0
oInvCollPH,400,368,003E08CE,0,1,1,4294967295,0,0
oInvCollPH,400,352,001CB063,0,1,1,4294967295,0,0
oInvCollPH,400,336,001B3DD2,0,1,1,4294967295,0,0
oInvCollPH,400,320,000A15F6,0,1,1,4294967295,0,0
oInvCollPH,400,304,000FF912,0,1,1,4294967295,0,0
oInvCollPH,400,288,0004C42E,0,1,1,4294967295,0,0
oInvCollPH,400,272,001EC79F,0,1,1,4294967295,0,0
oInvCollPH,400,256,0014C293,0,1,1,4294967295,0,0
oInvCollPH,400,240,0005D267,0,1,1,4294967295,0,0
oInvCollPH,384,240,0008751B,0,1,1,4294967295,0,0
oInvCollPH,368,240,000DE076,0,1,1,4294967295,0,0
oInvCollPH,352,240,0024F3C7,0,1,1,4294967295,0,0
oInvCollPH,336,240,00066581,0,1,1,4294967295,0,0
oInvCollPH,320,240,000B9288,0,1,1,4294967295,0,0
oInvCollPH,304,240,000F23FA,0,1,1,4294967295,0,0
oInvCollPH,544,368,00374606,0,1,1,4294967295,0,0
oInvCollPH,544,384,00183BA1,0,1,1,4294967295,0,0
oInvCollPH,544,400,001FE639,0,1,1,4294967295,0,0
oInvCollPH,560,400,000EDB80,0,1,1,4294967295,0,0
oInvCollPH,576,400,001D76A2,0,1,1,4294967295,0,0
oInvCollPH,592,400,0039C70C,0,1,1,4294967295,0,0
oInvCollPH,608,400,0008DDC0,0,1,1,4294967295,0,0
oInvCollPH,624,400,0015EFE9,0,1,1,4294967295,0,0
oInvCollPH,640,400,00317B38,0,1,1,4294967295,0,0
oInvCollPH,656,400,00055235,0,1,1,4294967295,0,0
oInvCollPH,672,400,0013CE0F,0,1,1,4294967295,0,0
oInvCollPH,688,400,0001A4CF,0,1,1,4294967295,0,0
oInvCollPH,704,400,0010F381,0,1,1,4294967295,0,0
oInvCollPH,720,400,001C5953,0,1,1,4294967295,0,0
oInvCollPH,720,384,000B30AF,0,1,1,4294967295,0,0
oInvCollPH,720,368,00391D11,0,1,1,4294967295,0,0
oInvCollPH,720,352,00028994,0,1,1,4294967295,0,0
oInvCollPH,544,256,0026DEA8,0,1,1,4294967295,0,0
oInvCollPH,544,272,00143102,0,1,1,4294967295,0,0
oInvCollPH,544,288,002BFD5C,0,1,1,4294967295,0,0
oInvCollPH,544,304,003C01BD,0,1,1,4294967295,0,0
oInvCollPH,544,320,00357A69,0,1,1,4294967295,0,0
oInvCollPH,544,336,00098DFD,0,1,1,4294967295,0,0
oInvCollPH,560,240,003AB7BB,0,1,1,4294967295,0,0
oInvCollPH,576,240,000C22BF,0,1,1,4294967295,0,0
oInvCollPH,592,240,0032EEE7,0,1,1,4294967295,0,0
oInvCollPH,608,240,00033058,0,1,1,4294967295,0,0
oInvCollPH,624,240,0013B378,0,1,1,4294967295,0,0
oInvCollPH,640,240,002429BA,0,1,1,4294967295,0,0
oInvCollPH,656,240,0022F199,0,1,1,4294967295,0,0
oInvCollPH,672,240,001A76FD,0,1,1,4294967295,0,0
oInvCollPH,688,240,0007939D,0,1,1,4294967295,0,0
oInvCollPH,704,240,001EFF77,0,1,1,4294967295,0,0
oInvCollPH,720,240,00300D94,0,1,1,4294967295,0,0
oInvCollPH,736,240,003B2185,0,1,1,4294967295,0,0
oInvCollPH,752,240,0019C6E8,0,1,1,4294967295,0,0
oInvCollPH,768,240,0006F20C,0,1,1,4294967295,0,0
oInvCollPH,784,240,001B2568,0,1,1,4294967295,0,0
oInvCollPH,736,336,001FFB82,0,1,1,4294967295,0,0
oInvCollPH,752,336,002C2372,0,1,1,4294967295,0,0
oInvCollPH,768,336,001A89DE,0,1,1,4294967295,0,0
oInvCollPH,784,336,0031F90D,0,1,1,4294967295,0,0
oInvCollPH,800,336,002B0C96,0,1,1,4294967295,0,0
oInvCollPH,816,336,002F57AE,0,1,1,4294967295,0,0
oInvCollPH,832,336,0028FA35,0,1,1,4294967295,0,0
oInvCollPH,848,336,003BB5B7,0,1,1,4294967295,0,0
oInvCollPH,848,320,0012E392,0,1,1,4294967295,0,0
oInvCollPH,848,304,002F073F,0,1,1,4294967295,0,0
oInvCollPH,848,288,0022C638,0,1,1,4294967295,0,0
oInvCollPH,800,224,00076ECC,0,1,1,4294967295,0,0
oInvCollPH,848,208,0000357E,0,1,1,4294967295,0,0
oInvCollPH,832,208,002919D1,0,1,1,4294967295,0,0
oInvCollPH,816,208,002C7407,0,1,1,4294967295,0,0
oInvCollPH,912,208,003E044C,0,1,1,4294967295,0,0
oInvCollPH,896,208,0022A79A,0,1,1,4294967295,0,0
oInvCollPH,880,208,0020A91C,0,1,1,4294967295,0,0
oInvCollPH,864,208,001C58B4,0,1,1,4294967295,0,0
oInvCollPH,944,208,00128084,0,1,1,4294967295,0,0
oInvCollPH,928,208,00197A19,0,1,1,4294967295,0,0
oInvCollPH,1136,208,0017D88D,0,1,1,4294967295,0,0
oInvCollPH,1120,208,003D9C35,0,1,1,4294967295,0,0
oInvCollPH,1104,208,001F571A,0,1,1,4294967295,0,0
oInvCollPH,1088,208,001C47BE,0,1,1,4294967295,0,0
oInvCollPH,1072,208,002EFCCF,0,1,1,4294967295,0,0
oInvCollPH,1056,208,00036CDC,0,1,1,4294967295,0,0
oInvCollPH,1040,208,0017282B,0,1,1,4294967295,0,0
oInvCollPH,1024,208,001B05BC,0,1,1,4294967295,0,0
oInvCollPH,1008,208,0035DF90,0,1,1,4294967295,0,0
oInvCollPH,992,208,000DC653,0,1,1,4294967295,0,0
oInvCollPH,960,208,0012F9DB,0,1,1,4294967295,0,0
oInvCollPH,976,208,0030D176,0,1,1,4294967295,0,0
oInvCollPH,864,272,003BA97B,0,1,1,4294967295,0,0
oInvCollPH,880,272,0000445F,0,1,1,4294967295,0,0
oInvCollPH,896,272,0031B8B1,0,1,1,4294967295,0,0
oInvCollPH,912,272,003D24DF,0,1,1,4294967295,0,0
oInvCollPH,928,272,002AB580,0,1,1,4294967295,0,0
oInvCollPH,944,272,001D3C5A,0,1,1,4294967295,0,0
oInvCollPH,960,272,00122D1D,0,1,1,4294967295,0,0
oInvCollPH,976,272,0034E7DE,0,1,1,4294967295,0,0
oInvCollPH,992,272,0038A0CC,0,1,1,4294967295,0,0
oInvCollPH,1008,272,003E7694,0,1,1,4294967295,0,0
oInvCollPH,1024,272,0031DDC8,0,1,1,4294967295,0,0
oInvCollPH,1040,272,002135F2,0,1,1,4294967295,0,0
oInvCollPH,1056,272,003B6F40,0,1,1,4294967295,0,0
oInvCollPH,1072,272,000EDDA7,0,1,1,4294967295,0,0
oInvCollPH,1088,272,00061B82,0,1,1,4294967295,0,0
oInvCollPH,1104,272,00132793,0,1,1,4294967295,0,0
oInvCollPH,1136,272,00092910,0,1,1,4294967295,0,0
oInvCollPH,1136,256,0033C909,0,1,1,4294967295,0,0
oInvCollPH,1136,240,00023E38,0,1,1,4294967295,0,0
oInvCollPH,1136,224,0023B915,0,1,1,4294967295,0,0
oInvCollPH,1280,224,00140BF8,0,1,1,4294967295,0,0
oInvCollPH,1280,240,00201EFB,0,1,1,4294967295,0,0
oInvCollPH,1280,256,003DEE68,0,1,1,4294967295,0,0
oInvCollPH,1280,272,00266B60,0,1,1,4294967295,0,0
oInvCollPH,1344,208,0003CE25,0,1,1,4294967295,0,0
oInvCollPH,1328,208,0028C55C,0,1,1,4294967295,0,0
oInvCollPH,1312,208,000B4A12,0,1,1,4294967295,0,0
oInvCollPH,1296,208,0006B321,0,1,1,4294967295,0,0
oInvCollPH,1424,208,00245A33,0,1,1,4294967295,0,0
oInvCollPH,1408,208,0030D5AF,0,1,1,4294967295,0,0
oInvCollPH,1392,208,0019B187,0,1,1,4294967295,0,0
oInvCollPH,1376,208,00166745,0,1,1,4294967295,0,0
oInvCollPH,1360,208,002262CF,0,1,1,4294967295,0,0
oInvCollPH,1712,208,00084D50,0,1,1,4294967295,0,0
oInvCollPH,1696,208,0022E206,0,1,1,4294967295,0,0
oInvCollPH,1680,208,000D9719,0,1,1,4294967295,0,0
oInvCollPH,1664,208,003091A5,0,1,1,4294967295,0,0
oInvCollPH,1648,208,002D14A9,0,1,1,4294967295,0,0
oInvCollPH,1568,208,003B14D6,0,1,1,4294967295,0,0
oInvCollPH,1584,208,0021D5A9,0,1,1,4294967295,0,0
oInvCollPH,1600,208,00313EA2,0,1,1,4294967295,0,0
oInvCollPH,1616,208,0012FA32,0,1,1,4294967295,0,0
oInvCollPH,1632,208,001A28C6,0,1,1,4294967295,0,0
oInvCollPH,1552,208,0027805C,0,1,1,4294967295,0,0
oInvCollPH,1536,208,002F9033,0,1,1,4294967295,0,0
oInvCollPH,1520,208,00115D57,0,1,1,4294967295,0,0
oInvCollPH,1504,208,0000C7DB,0,1,1,4294967295,0,0
oInvCollPH,1488,208,00139068,0,1,1,4294967295,0,0
oInvCollPH,1472,208,002425AD,0,1,1,4294967295,0,0
oInvCollPH,1456,208,0021380E,0,1,1,4294967295,0,0
oInvCollPH,1440,208,0010CCCD,0,1,1,4294967295,0,0
oInvCollPH,1312,272,00162046,0,1,1,4294967295,0,0
oInvCollPH,1328,272,001347F7,0,1,1,4294967295,0,0
oInvCollPH,1344,272,002FC603,0,1,1,4294967295,0,0
oInvCollPH,1360,272,00147AB5,0,1,1,4294967295,0,0
oInvCollPH,1376,272,001B30CC,0,1,1,4294967295,0,0
oInvCollPH,1392,272,001F9D64,0,1,1,4294967295,0,0
oInvCollPH,1408,272,0037BBBA,0,1,1,4294967295,0,0
oInvCollPH,1424,272,0028C1F0,0,1,1,4294967295,0,0
oInvCollPH,1440,272,0036C4BE,0,1,1,4294967295,0,0
oInvCollPH,1456,272,002FF41A,0,1,1,4294967295,0,0
oInvCollPH,1472,272,003C2BDC,0,1,1,4294967295,0,0
oInvCollPH,1488,272,000F14E2,0,1,1,4294967295,0,0
oInvCollPH,1504,272,001D3C88,0,1,1,4294967295,0,0
oInvCollPH,1520,272,00182EB5,0,1,1,4294967295,0,0
oInvCollPH,1536,272,0000FAEB,0,1,1,4294967295,0,0
oInvCollPH,1552,272,001DB073,0,1,1,4294967295,0,0
oInvCollPH,1568,272,00040A5C,0,1,1,4294967295,0,0
oInvCollPH,1584,272,00267C0D,0,1,1,4294967295,0,0
oInvCollPH,1600,272,002930FB,0,1,1,4294967295,0,0
oInvCollPH,1616,272,001D610E,0,1,1,4294967295,0,0
oInvCollPH,1632,272,0031B051,0,1,1,4294967295,0,0
oInvCollPH,1648,272,0033F1C7,0,1,1,4294967295,0,0
oInvCollPH,1712,272,003AFBD7,0,1,1,4294967295,0,0
oInvCollPH,1712,256,002B3EB4,0,1,1,4294967295,0,0
oInvCollPH,1712,240,001B35B9,0,1,1,4294967295,0,0
oInvCollPH,1712,224,003F3C7B,0,1,1,4294967295,0,0
oInvCollPH,704,576,002FD29C,0,1,1,4294967295,0,0
oInvCollPH,720,576,000B9ADA,0,1,1,4294967295,0,0
oInvCollPH,736,576,000152D0,0,1,1,4294967295,0,0
oInvCollPH,752,576,000A02EA,0,1,1,4294967295,0,0
oInvCollPH,896,464,00403DCC,0,1,1,4294967295,0,0
oInvCollPH,896,480,0031C167,0,1,1,4294967295,0,0
oInvCollPH,896,496,0010FE5C,0,1,1,4294967295,0,0
oInvCollPH,912,448,000EA0A4,0,1,1,4294967295,0,0
oInvCollPH,928,448,003F1695,0,1,1,4294967295,0,0
oInvCollPH,944,448,00260284,0,1,1,4294967295,0,0
oInvCollPH,960,448,00365A62,0,1,1,4294967295,0,0
oInvCollPH,976,448,001A31D4,0,1,1,4294967295,0,0
oInvCollPH,992,448,001011FF,0,1,1,4294967295,0,0
oInvCollPH,1008,448,0031B2EC,0,1,1,4294967295,0,0
oInvCollPH,1024,448,003B858C,0,1,1,4294967295,0,0
oInvCollPH,1040,448,0022ED4A,0,1,1,4294967295,0,0
oInvCollPH,1056,448,003F812F,0,1,1,4294967295,0,0
oInvCollPH,1072,448,002D49CB,0,1,1,4294967295,0,0
oInvCollPH,1088,448,00021159,0,1,1,4294967295,0,0
oInvCollPH,1104,448,000F4BDB,0,1,1,4294967295,0,0
oInvCollPH,1120,448,0028DFA7,0,1,1,4294967295,0,0
oInvCollPH,1136,448,0036C5F4,0,1,1,4294967295,0,0
oInvCollPH,1152,448,000E9B5E,0,1,1,4294967295,0,0
oInvCollPH,1168,448,002827F1,0,1,1,4294967295,0,0
oInvCollPH,1184,448,002EFD23,0,1,1,4294967295,0,0
oInvCollPH,1200,448,002A419B,0,1,1,4294967295,0,0
oInvCollPH,1216,448,00210976,0,1,1,4294967295,0,0
oInvCollPH,1232,448,001B1880,0,1,1,4294967295,0,0
oInvCollPH,1248,448,0035ED9E,0,1,1,4294967295,0,0
oInvCollPH,1264,448,0016C926,0,1,1,4294967295,0,0
oInvCollPH,1280,448,001EA0CD,0,1,1,4294967295,0,0
oInvCollPH,1296,448,00049834,0,1,1,4294967295,0,0
oInvCollPH,1312,448,0022753C,0,1,1,4294967295,0,0
oInvCollPH,1328,448,00187479,0,1,1,4294967295,0,0
oInvCollPH,1344,448,00352B3D,0,1,1,4294967295,0,0
oInvCollPH,1360,448,002188E8,0,1,1,4294967295,0,0
oInvCollPH,1376,448,003C5749,0,1,1,4294967295,0,0
oInvCollPH,1392,448,00014F97,0,1,1,4294967295,0,0
oInvCollPH,1408,448,003F09E6,0,1,1,4294967295,0,0
oInvCollPH,1424,448,001A6E55,0,1,1,4294967295,0,0
oInvCollPH,1440,448,0013A6B5,0,1,1,4294967295,0,0
oInvCollPH,1456,448,002E7C74,0,1,1,4294967295,0,0
oInvCollPH,1472,448,003D9118,0,1,1,4294967295,0,0
oInvCollPH,1488,448,000EF3D5,0,1,1,4294967295,0,0
oInvCollPH,1504,448,00243C09,0,1,1,4294967295,0,0
oInvCollPH,1520,448,002CA0F2,0,1,1,4294967295,0,0
oInvCollPH,1536,448,000A268B,0,1,1,4294967295,0,0
oInvCollPH,1552,448,0039D77A,0,1,1,4294967295,0,0
oInvCollPH,1568,448,00355EBB,0,1,1,4294967295,0,0
oInvCollPH,1584,448,001634CC,0,1,1,4294967295,0,0
oInvCollPH,1600,448,00121A50,0,1,1,4294967295,0,0
oInvCollPH,1616,448,000F63B0,0,1,1,4294967295,0,0
oInvCollPH,1632,448,0002B944,0,1,1,4294967295,0,0
oInvCollPH,1648,448,00219EC8,0,1,1,4294967295,0,0
oInvCollPH,1664,448,001F21F8,0,1,1,4294967295,0,0
oInvCollPH,1680,448,001E847C,0,1,1,4294967295,0,0
oInvCollPH,1696,448,002459E2,0,1,1,4294967295,0,0
oInvCollPH,1712,448,0003AE61,0,1,1,4294967295,0,0
oInvCollPH,1728,448,002BC41C,0,1,1,4294967295,0,0
oInvCollPH,1744,448,003007CE,0,1,1,4294967295,0,0
oInvCollPH,1760,448,002C7BA4,0,1,1,4294967295,0,0
oInvCollPH,1776,448,0005ACBA,0,1,1,4294967295,0,0
oInvCollPH,1808,384,002DE679,0,1,1,4294967295,0,0
oInvCollPH,1824,384,002F1779,0,1,1,4294967295,0,0
oInvCollPH,1840,384,00365CC1,0,1,1,4294967295,0,0
oInvCollPH,1856,384,002C690E,0,1,1,4294967295,0,0
oInvCollPH,1872,384,0020BEBC,0,1,1,4294967295,0,0
oInvCollPH,1888,384,003BB2B5,0,1,1,4294967295,0,0
oInvCollPH,1904,384,002EB00D,0,1,1,4294967295,0,0
oInvCollPH,1920,384,0033EC92,0,1,1,4294967295,0,0
oInvCollPH,1936,384,00381FCC,0,1,1,4294967295,0,0
oInvCollPH,1792,400,0021FD77,0,1,1,4294967295,0,0
oInvCollPH,1792,416,003DD9A0,0,1,1,4294967295,0,0
oInvCollPH,1792,432,00255D57,0,1,1,4294967295,0,0
oInvCollPH,1952,384,003D64F9,0,1,1,4294967295,0,0
oInvCollPH,1968,384,002CCFB6,0,1,1,4294967295,0,0
oInvCollPH,1984,384,0010F1D1,0,1,1,4294967295,0,0
oInvCollPH,2000,384,001CD3FD,0,1,1,4294967295,0,0
oInvCollPH,2016,144,002F7071,0,1,1,4294967295,0,0
oInvCollPH,2016,128,0011B542,0,1,1,4294967295,0,0
oInvCollPH,2016,112,003F172E,0,1,1,4294967295,0,0
oInvCollPH,2016,96,002D2AF4,0,1,1,4294967295,0,0
oInvCollPH,2016,80,003BDC9B,0,1,1,4294967295,0,0
oInvCollPH,2016,208,002B26EF,0,1,1,4294967295,0,0
oInvCollPH,2016,192,000468F0,0,1,1,4294967295,0,0
oInvCollPH,2016,176,002EDC4A,0,1,1,4294967295,0,0
oInvCollPH,2016,160,00263490,0,1,1,4294967295,0,0
oInvCollPH,2016,240,003D7168,0,1,1,4294967295,0,0
oInvCollPH,2016,256,0011D200,0,1,1,4294967295,0,0
oInvCollPH,2016,224,0019F22C,0,1,1,4294967295,0,0
oInvCollPH,2016,272,0028DEEB,0,1,1,4294967295,0,0
oInvCollPH,2016,304,0003C0C9,0,1,1,4294967295,0,0
oInvCollPH,2016,320,00023528,0,1,1,4294967295,0,0
oInvCollPH,2016,336,001BADB1,0,1,1,4294967295,0,0
oInvCollPH,2016,352,0033A5AE,0,1,1,4294967295,0,0
oInvCollPH,2016,368,003DE159,0,1,1,4294967295,0,0
oInvCollPH,592,480,0029658D,0,1,1,4294967295,0,0
oInvCollPH,608,480,00326BC8,0,1,1,4294967295,0,0
oInvCollPH,624,480,003C6058,0,1,1,4294967295,0,0
oInvCollPH,320,144,0009AA3E,0,1,1,4294967295,0,0
oInvCollPH,384,144,00202349,0,1,1,4294967295,0,0
oInvCollPH,608,144,00218B60,0,1,1,4294967295,0,0
oInvCollPH,672,144,00110EA8,0,1,1,4294967295,0,0
oInvCollPH,944,352,00390BF7,0,1,1,4294967295,0,0
oInvCollPH,1008,352,00324CED,0,1,1,4294967295,0,0
oInvCollPH,1072,352,00135350,0,1,1,4294967295,0,0
oInvCollPH,1584,352,0009514F,0,1,1,4294967295,0,0
oInvCollPH,1488,352,00053D25,0,1,1,4294967295,0,0
oInvCollPH,1504,352,0034D524,0,1,1,4294967295,0,0
oInvCollPH,1520,352,001E93DB,0,1,1,4294967295,0,0
oInvCollPH,1392,352,00047D25,0,1,1,4294967295,0,0
oInvCollPH,1376,352,0030355B,0,1,1,4294967295,0,0
oInvCollPH,1360,352,00056392,0,1,1,4294967295,0,0
oInvisibleSolid,0,576,0005488A,0,1,1,4294967295,0,1
oInvisibleSolid,64,480,0006D930,0,1,1,4294967295,0,1
oInvisibleSolid,112,448,0033A508,0,1,1,4294967295,0,1
oInvisibleSolid,160,480,001E8FC0,0,1,1,4294967295,0,1
oInvisibleSolid,2016,64,00256AA6,0,1,1,4294967295,0,1
oInvisibleSolid,1792,384,000927CC,0,1,1,4294967295,0,1
oInvisibleSolid,1984,288,0033785F,0,1,1,4294967295,0,1
oInvisibleSolid,1856,208,000EC49B,0,1,1,4294967295,0,1
oInvisibleSolid,1664,288,0025B34B,0,1,1,4294967295,0,1
oInvisibleSolid,1280,288,00131470,0,1,1,4294967295,0,1
oInvisibleSolid,1280,208,001590CB,0,1,1,4294967295,0,1
oInvisibleSolid,1120,288,001B27CD,0,1,1,4294967295,0,1
oInvisibleSolid,800,208,001266BB,0,1,1,4294967295,0,1
oInvisibleSolid,544,352,00388D63,0,1,1,4294967295,0,1
oInvisibleSolid,544,240,000B2E92,0,1,1,4294967295,0,1
oInvisibleSolid,768,512,00134297,0,1,1,4294967295,0,1
oInvisibleSolid,896,448,002408ED,0,1,1,4294967295,0,1
oInvisibleSolid,224,384,00049AD7,0,1,1,4294967295,0,1
oInvisibleSolid,288,240,0007F999,0,1,1,4294967295,0,1
oInvisibleSolid,0,0,001D16F2,0,1,1,4294967295,0,1
oInvisibleSolid,304,144,00252AF1,0,1,1,4294967295,0,1
oInvisibleSolid,368,144,00288FAF,0,1,1,4294967295,0,1
oInvisibleSolid,592,144,0013C360,0,1,1,4294967295,0,1
oInvisibleSolid,656,144,001D26C6,0,1,1,4294967295,0,1
oInvisibleSolid,576,480,0030D9D0,0,1,1,4294967295,0,1
oInvisibleSolid,928,352,000D69DC,0,1,1,4294967295,0,1
oInvisibleSolid,992,352,001DA4D3,0,1,1,4294967295,0,1
oInvisibleSolid,1056,352,0009DE48,0,1,1,4294967295,0,1
oInvisibleSolid,1344,352,003C6812,0,1,1,4294967295,0,1
oInvisibleSolid,1472,352,0027BF8F,0,1,1,4294967295,0,1
oInvisibleSolid,1568,352,002831AA,0,1,1,4294967295,0,1
oTD_DirChange,112,112,00172791,0,1,1,4294967295,0,1
