oStepDoorA,1264,800,00276802,0,1,1,4294967295,0,1
oExit,224,896,003999EB,0,1,1,4294967295,0,1
oExit,1000,176,0007A9EF,0,1,1,4294967295,0,1
oHealingPost,1072,272,00169731,0,1,1,4294967295,0,0
oSwitchHolder,1328,688,002F13E4,0,1,1,4294967295,0,1
oSwitchHolder,1616,688,000B0243,0,1,1,4294967295,0,1
oSwitchHolder,1744,768,001D9A48,0,1,1,4294967295,0,1
oSwitchHolder,1784,376,00304F0F,0,1,1,4294967295,0,1
oStepSwitchA,1048,800,0022306A,0,1,1,4294967295,0,1
oStepSwitchA,1464,864,0034A61F,0,1,1,4294967295,0,1
oSwitchBarrier,1648,800,000E9F49,0,1,1,4294967295,0,1
oSwitchBarrier,1664,800,00271665,0,1,1,4294967295,0,1
oSwitchBarrier,960,528,00358750,0,1,1,4294967295,0,1
oSwitchBarrier,928,144,003DB50A,0,1,1,4294967295,0,1
oZeldaBreakPot,1760,416,00364A77,0,1,1,4294967295,0,0
oZeldaBreakPot,1808,848,003A1895,0,1,1,4294967295,0,0
oLargeJumper,36,248,002682FE,0,1,1,4294967295,0,0
oLargeJumper,1892,408,001AD5B2,0,1,1,4294967295,0,0
oMarioSpikeFloor,832,880,000C6095,0,1,1,4294967295,0,0
oMarioSpikeFloor,848,880,0027274F,0,1,1,4294967295,0,0
oMarioSpikeFloor,864,880,00114851,0,1,1,4294967295,0,0
oMarioSpikeFloor,880,880,0030547A,0,1,1,4294967295,0,0
oMarioSpikeFloor,896,880,0025D199,0,1,1,4294967295,0,0
oMarioSpikeFloor,912,880,000E43D3,0,1,1,4294967295,0,0
oMarioSpikeFloor,928,880,00352302,0,1,1,4294967295,0,0
oMarioSpikeFloor,944,880,002E2434,0,1,1,4294967295,0,0
oMarioSpikeFloor,352,512,0013D2E0,0,1,1,4294967295,0,0
oMarioSpikeFloor,368,512,00040BAD,0,1,1,4294967295,0,0
oBallChainControl,400,208,001BC58E,0,1,1,4294967295,0,1
oWB_Crab,256,560,001CF113,0,1,1,4294967295,0,0
oWB_SilverKnight,336,720,00271519,0,1,1,4294967295,0,0
oWB_BigBat,1680,608,00401CCE,0,1,1,4294967295,0,1
oWB_BigBat,1232,256,00222B7C,0,1,1,4294967295,0,0
oWB_BigBat,704,272,0013E987,0,1,1,4294967295,0,0
oWB_Monkey,176,320,00362D4C,0,1,1,4294967295,0,0
oWB_Monkey,1840,224,001FF372,0,1,1,4294967295,0,0
oWB_Monkey,624,144,003703A2,0,1,1,4294967295,0,0
oPlayer1,304,864,0003595E,0,1,1,4294967295,0,0
oCh7RockSpawner,592,656,000769AE,0,1,1,4294967295,0,1
oCh7RockSpawner,1056,656,001C8B3D,0,1,1,4294967295,0,1
oCh7RockSpawner,1328,624,001AAA9A,0,1,1,4294967295,0,1
oCh7RockSpawner,1616,624,001E7793,0,1,1,4294967295,0,1
oCh7RockSpawner,592,480,00396C83,0,1,1,4294967295,0,1
oCh7RockSpawner,1808,96,001663D6,0,1,1,4294967295,0,1
oCh7RockSpawner,48,64,00173CEE,0,1,1,4294967295,0,1
oInvCollPH,80,864,0006D849,0,1,1,4294967295,0,0
oInvCollPH,96,864,001A9EE8,0,1,1,4294967295,0,0
oInvCollPH,112,864,000389F9,0,1,1,4294967295,0,0
oInvCollPH,128,864,003E2139,0,1,1,4294967295,0,0
oInvCollPH,144,864,0011C69C,0,1,1,4294967295,0,0
oInvCollPH,160,864,003BBA3F,0,1,1,4294967295,0,0
oInvCollPH,176,864,002A2FD7,0,1,1,4294967295,0,0
oInvCollPH,192,864,00277320,0,1,1,4294967295,0,0
oInvCollPH,208,864,001168FC,0,1,1,4294967295,0,0
oInvCollPH,208,880,003E1761,0,1,1,4294967295,0,0
oInvCollPH,208,896,00275F57,0,1,1,4294967295,0,0
oInvCollPH,288,880,0025B92E,0,1,1,4294967295,0,0
oInvCollPH,288,896,00402F0D,0,1,1,4294967295,0,0
oInvCollPH,304,864,000AC716,0,1,1,4294967295,0,0
oInvCollPH,320,864,0020754D,0,1,1,4294967295,0,0
oInvCollPH,336,864,001294A2,0,1,1,4294967295,0,0
oInvCollPH,352,864,001FD12D,0,1,1,4294967295,0,0
oInvCollPH,368,864,00307F48,0,1,1,4294967295,0,0
oInvCollPH,384,864,001DF937,0,1,1,4294967295,0,0
oInvCollPH,400,864,002B2E3A,0,1,1,4294967295,0,0
oInvCollPH,416,864,000367F4,0,1,1,4294967295,0,0
oInvCollPH,432,864,0025F231,0,1,1,4294967295,0,0
oInvCollPH,448,864,003FB000,0,1,1,4294967295,0,0
oInvCollPH,464,864,0026A618,0,1,1,4294967295,0,0
oInvCollPH,560,832,000911CA,0,1,1,4294967295,0,0
oInvCollPH,576,832,0030DE94,0,1,1,4294967295,0,0
oInvCollPH,592,832,0007AB96,0,1,1,4294967295,0,0
oInvCollPH,608,832,003343B3,0,1,1,4294967295,0,0
oInvCollPH,624,832,002C18B4,0,1,1,4294967295,0,0
oInvCollPH,752,864,0012266F,0,1,1,4294967295,0,0
oInvCollPH,736,864,002787FD,0,1,1,4294967295,0,0
oInvCollPH,720,864,000C23E3,0,1,1,4294967295,0,0
oInvCollPH,704,864,00296E41,0,1,1,4294967295,0,0
oInvCollPH,768,864,00112307,0,1,1,4294967295,0,0
oInvCollPH,784,864,001A2D44,0,1,1,4294967295,0,0
oInvCollPH,800,864,00048E03,0,1,1,4294967295,0,0
oInvCollPH,816,864,001F3472,0,1,1,4294967295,0,0
oInvCollPH,816,880,0030F5DD,0,1,1,4294967295,0,0
oInvCollPH,848,896,0000E297,0,1,1,4294967295,0,0
oInvCollPH,864,896,0009D388,0,1,1,4294967295,0,0
oInvCollPH,880,896,00070FA8,0,1,1,4294967295,0,0
oInvCollPH,896,896,00330E7F,0,1,1,4294967295,0,0
oInvCollPH,912,896,003B6960,0,1,1,4294967295,0,0
oInvCollPH,928,896,001AA013,0,1,1,4294967295,0,0
oInvCollPH,944,896,0034AAB9,0,1,1,4294967295,0,0
oInvCollPH,976,864,0029A0DC,0,1,1,4294967295,0,0
oInvCollPH,1184,864,000B97BA,0,1,1,4294967295,0,0
oInvCollPH,1200,864,003C88C7,0,1,1,4294967295,0,0
oInvCollPH,1216,864,000C4E92,0,1,1,4294967295,0,0
oInvCollPH,1232,864,002B734D,0,1,1,4294967295,0,0
oInvCollPH,1248,864,0028E702,0,1,1,4294967295,0,0
oInvCollPH,1264,864,000AF935,0,1,1,4294967295,0,0
oInvCollPH,960,880,003E76AD,0,1,1,4294967295,0,0
oInvCollPH,1440,880,000D028E,0,1,1,4294967295,0,0
oInvCollPH,1440,864,0028CEB7,0,1,1,4294967295,0,0
oInvCollPH,1424,864,000CEB6E,0,1,1,4294967295,0,0
oInvCollPH,1408,864,0015F6B3,0,1,1,4294967295,0,0
oInvCollPH,1392,864,00130BDC,0,1,1,4294967295,0,0
oInvCollPH,1376,864,000546FF,0,1,1,4294967295,0,0
oInvCollPH,1360,864,000713AE,0,1,1,4294967295,0,0
oInvCollPH,1344,864,000B108A,0,1,1,4294967295,0,0
oInvCollPH,1328,864,001EB3AF,0,1,1,4294967295,0,0
oInvCollPH,1312,864,000A12C7,0,1,1,4294967295,0,0
oInvCollPH,1296,864,001BFCA4,0,1,1,4294967295,0,0
oInvCollPH,1280,864,0007CC88,0,1,1,4294967295,0,0
oInvCollPH,1248,688,002972F3,0,1,1,4294967295,0,0
oInvCollPH,1248,704,0008CB4E,0,1,1,4294967295,0,0
oInvCollPH,1248,720,000FE0A3,0,1,1,4294967295,0,0
oInvCollPH,1248,736,002C2B45,0,1,1,4294967295,0,0
oInvCollPH,1248,752,0031B468,0,1,1,4294967295,0,0
oInvCollPH,1248,768,00051F3E,0,1,1,4294967295,0,0
oInvCollPH,1248,784,001F13BE,0,1,1,4294967295,0,0
oInvCollPH,1264,784,0024CFC0,0,1,1,4294967295,0,0
oInvCollPH,1280,784,000BA2FD,0,1,1,4294967295,0,0
oInvCollPH,1296,784,0015BF04,0,1,1,4294967295,0,0
oInvCollPH,1296,704,001E5552,0,1,1,4294967295,0,0
oInvCollPH,1296,688,003EA9CE,0,1,1,4294967295,0,0
oInvCollPH,1296,672,001A4B4C,0,1,1,4294967295,0,0
oInvCollPH,1312,768,00099694,0,1,1,4294967295,0,0
oInvCollPH,1328,768,0033B943,0,1,1,4294967295,0,0
oInvCollPH,1344,768,002A1BBA,0,1,1,4294967295,0,0
oInvCollPH,1344,752,0000C931,0,1,1,4294967295,0,0
oInvCollPH,1344,736,0031DDC0,0,1,1,4294967295,0,0
oInvCollPH,1584,752,003FEADA,0,1,1,4294967295,0,0
oInvCollPH,1584,768,0039F506,0,1,1,4294967295,0,0
oInvCollPH,1600,768,0033FAC4,0,1,1,4294967295,0,0
oInvCollPH,1616,768,003C8FDE,0,1,1,4294967295,0,0
oInvCollPH,1680,720,00253703,0,1,1,4294967295,0,0
oInvCollPH,1680,736,002FC244,0,1,1,4294967295,0,0
oInvCollPH,1680,752,0018A9FE,0,1,1,4294967295,0,0
oInvCollPH,1680,768,0022C49A,0,1,1,4294967295,0,0
oInvCollPH,1680,784,00268131,0,1,1,4294967295,0,0
oInvCollPH,1664,784,0001606D,0,1,1,4294967295,0,0
oInvCollPH,1648,784,00399700,0,1,1,4294967295,0,0
oInvCollPH,1632,784,00369E7D,0,1,1,4294967295,0,0
oInvCollPH,1344,624,0027C8D5,0,1,1,4294967295,0,0
oInvCollPH,1344,640,000BFCC1,0,1,1,4294967295,0,0
oInvCollPH,1344,656,001EF2E1,0,1,1,4294967295,0,0
oInvCollPH,1360,656,002FAA38,0,1,1,4294967295,0,0
oInvCollPH,1376,656,002DE2CE,0,1,1,4294967295,0,0
oInvCollPH,1392,656,003AF9AA,0,1,1,4294967295,0,0
oInvCollPH,1408,656,0033AFE7,0,1,1,4294967295,0,0
oInvCollPH,1424,656,0027F7EC,0,1,1,4294967295,0,0
oInvCollPH,1440,656,000611D0,0,1,1,4294967295,0,0
oInvCollPH,1456,656,003C0FDD,0,1,1,4294967295,0,0
oInvCollPH,1472,656,000501A3,0,1,1,4294967295,0,0
oInvCollPH,1488,656,0012B5AC,0,1,1,4294967295,0,0
oInvCollPH,1504,656,0027005D,0,1,1,4294967295,0,0
oInvCollPH,1520,656,0039AAE8,0,1,1,4294967295,0,0
oInvCollPH,1536,656,001E8465,0,1,1,4294967295,0,0
oInvCollPH,1552,656,000479D5,0,1,1,4294967295,0,0
oInvCollPH,1568,656,000E1F33,0,1,1,4294967295,0,0
oInvCollPH,1584,656,0013C5AB,0,1,1,4294967295,0,0
oInvCollPH,1584,640,003F125C,0,1,1,4294967295,0,0
oInvCollPH,1584,624,00202BC0,0,1,1,4294967295,0,0
oInvCollPH,1584,608,00006CC1,0,1,1,4294967295,0,0
oInvCollPH,1472,896,0006AB8F,0,1,1,4294967295,0,0
oInvCollPH,768,688,0030EEE9,0,1,1,4294967295,0,0
oInvCollPH,768,704,0036CF92,0,1,1,4294967295,0,0
oInvCollPH,768,720,0013C821,0,1,1,4294967295,0,0
oInvCollPH,784,720,002DB8AC,0,1,1,4294967295,0,0
oInvCollPH,800,720,00143DC3,0,1,1,4294967295,0,0
oInvCollPH,816,720,000F20C9,0,1,1,4294967295,0,0
oInvCollPH,832,720,001DD6E0,0,1,1,4294967295,0,0
oInvCollPH,848,720,0024409D,0,1,1,4294967295,0,0
oInvCollPH,864,720,000D0686,0,1,1,4294967295,0,0
oInvCollPH,880,720,000A24C4,0,1,1,4294967295,0,0
oInvCollPH,896,720,0013B6B1,0,1,1,4294967295,0,0
oInvCollPH,912,720,003F4F6F,0,1,1,4294967295,0,0
oInvCollPH,912,704,00290685,0,1,1,4294967295,0,0
oInvCollPH,912,688,001BAFEA,0,1,1,4294967295,0,0
oInvCollPH,912,672,00166242,0,1,1,4294967295,0,0
oInvCollPH,1488,880,0025CB47,0,1,1,4294967295,0,0
oInvCollPH,1504,864,002BF615,0,1,1,4294967295,0,0
oInvCollPH,1520,864,0005222F,0,1,1,4294967295,0,0
oInvCollPH,1536,864,00029B3C,0,1,1,4294967295,0,0
oInvCollPH,1552,864,0040115B,0,1,1,4294967295,0,0
oInvCollPH,1568,864,00021750,0,1,1,4294967295,0,0
oInvCollPH,1584,864,000C7E42,0,1,1,4294967295,0,0
oInvCollPH,1600,864,002D333E,0,1,1,4294967295,0,0
oInvCollPH,1616,864,003BA0CB,0,1,1,4294967295,0,0
oInvCollPH,1632,864,0027480A,0,1,1,4294967295,0,0
oInvCollPH,1168,816,0038AA40,0,1,1,4294967295,0,0
oInvCollPH,1168,832,003F4D80,0,1,1,4294967295,0,0
oInvCollPH,1168,848,003C11BD,0,1,1,4294967295,0,0
oInvCollPH,1056,832,001F7C29,0,1,1,4294967295,0,0
oInvCollPH,1072,832,003035A4,0,1,1,4294967295,0,0
oInvCollPH,1088,832,003E1BF4,0,1,1,4294967295,0,0
oInvCollPH,1104,832,00172DE1,0,1,1,4294967295,0,0
oInvCollPH,1120,832,00356ED5,0,1,1,4294967295,0,0
oInvCollPH,960,608,00261C56,0,1,1,4294967295,0,0
oInvCollPH,976,608,0010FE5A,0,1,1,4294967295,0,0
oInvCollPH,976,592,0013076E,0,1,1,4294967295,0,0
oInvCollPH,1056,624,0037891F,0,1,1,4294967295,0,0
oInvCollPH,576,624,000C6CA4,0,1,1,4294967295,0,0
oInvCollPH,592,624,002FFBD5,0,1,1,4294967295,0,0
oInvCollPH,608,624,0025B5BA,0,1,1,4294967295,0,0
oInvCollPH,608,656,0007610A,0,1,1,4294967295,0,0
oInvCollPH,624,656,001B38C1,0,1,1,4294967295,0,0
oInvCollPH,640,656,002DE8FD,0,1,1,4294967295,0,0
oInvCollPH,528,656,000C51DD,0,1,1,4294967295,0,0
oInvCollPH,544,656,0018B62C,0,1,1,4294967295,0,0
oInvCollPH,560,656,0003DD74,0,1,1,4294967295,0,0
oInvCollPH,560,640,002ADC01,0,1,1,4294967295,0,0
oInvCollPH,416,656,001C12E1,0,1,1,4294967295,0,0
oInvCollPH,432,656,000CE306,0,1,1,4294967295,0,0
oInvCollPH,448,656,003F7215,0,1,1,4294967295,0,0
oInvCollPH,464,656,00002736,0,1,1,4294967295,0,0
oInvCollPH,480,656,003DAE21,0,1,1,4294967295,0,0
oInvCollPH,496,656,002F140E,0,1,1,4294967295,0,0
oInvCollPH,512,656,002D7AC4,0,1,1,4294967295,0,0
oInvCollPH,176,752,00113905,0,1,1,4294967295,0,0
oInvCollPH,176,768,00195B59,0,1,1,4294967295,0,0
oInvCollPH,144,784,0019E45D,0,1,1,4294967295,0,0
oInvCollPH,160,784,0015C07B,0,1,1,4294967295,0,0
oInvCollPH,176,784,00346B94,0,1,1,4294967295,0,0
oInvCollPH,32,832,00060268,0,1,1,4294967295,0,0
oInvCollPH,48,832,002BABEB,0,1,1,4294967295,0,0
oInvCollPH,48,848,002095ED,0,1,1,4294967295,0,0
oInvCollPH,16,656,003EB78D,0,1,1,4294967295,0,0
oInvCollPH,16,672,001BA558,0,1,1,4294967295,0,0
oInvCollPH,16,688,00324317,0,1,1,4294967295,0,0
oInvCollPH,16,704,0034ECB4,0,1,1,4294967295,0,0
oInvCollPH,16,720,0006DEA8,0,1,1,4294967295,0,0
oInvCollPH,16,736,001F0CB0,0,1,1,4294967295,0,0
oInvCollPH,16,752,00128C83,0,1,1,4294967295,0,0
oInvCollPH,16,768,0036A5CE,0,1,1,4294967295,0,0
oInvCollPH,16,784,0008585E,0,1,1,4294967295,0,0
oInvCollPH,16,800,000971C5,0,1,1,4294967295,0,0
oInvCollPH,16,816,003850D2,0,1,1,4294967295,0,0
oInvCollPH,400,688,002F9A61,0,1,1,4294967295,0,0
oInvCollPH,400,704,001A29D1,0,1,1,4294967295,0,0
oInvCollPH,192,720,003E1D85,0,1,1,4294967295,0,0
oInvCollPH,208,720,002B9939,0,1,1,4294967295,0,0
oInvCollPH,224,720,003E3353,0,1,1,4294967295,0,0
oInvCollPH,240,720,0004E417,0,1,1,4294967295,0,0
oInvCollPH,256,720,000F74D5,0,1,1,4294967295,0,0
oInvCollPH,272,720,00400F96,0,1,1,4294967295,0,0
oInvCollPH,288,720,0034782A,0,1,1,4294967295,0,0
oInvCollPH,304,720,000CA51F,0,1,1,4294967295,0,0
oInvCollPH,320,720,000C8D1B,0,1,1,4294967295,0,0
oInvCollPH,400,720,001662BA,0,1,1,4294967295,0,0
oInvCollPH,384,720,0023F613,0,1,1,4294967295,0,0
oInvCollPH,368,720,001498C7,0,1,1,4294967295,0,0
oInvCollPH,352,720,00115643,0,1,1,4294967295,0,0
oInvCollPH,336,720,0005783D,0,1,1,4294967295,0,0
oInvCollPH,896,640,001F9591,0,1,1,4294967295,0,0
oInvCollPH,912,624,001604A8,0,1,1,4294967295,0,0
oInvCollPH,928,624,003446CB,0,1,1,4294967295,0,0
oInvCollPH,944,624,0004656D,0,1,1,4294967295,0,0
oInvCollPH,992,624,000F5418,0,1,1,4294967295,0,0
oInvCollPH,1008,624,002FF082,0,1,1,4294967295,0,0
oInvCollPH,1024,624,002FA6B7,0,1,1,4294967295,0,0
oInvCollPH,1024,640,0008974D,0,1,1,4294967295,0,0
oInvCollPH,1024,656,0001597B,0,1,1,4294967295,0,0
oInvCollPH,1008,656,00263D81,0,1,1,4294967295,0,0
oInvCollPH,992,656,003CC706,0,1,1,4294967295,0,0
oInvCollPH,976,656,001532BF,0,1,1,4294967295,0,0
oInvCollPH,960,656,00328C82,0,1,1,4294967295,0,0
oInvCollPH,944,656,00394DB8,0,1,1,4294967295,0,0
oInvCollPH,928,656,00208526,0,1,1,4294967295,0,0
oInvCollPH,672,656,000ABD96,0,1,1,4294967295,0,0
oInvCollPH,688,656,0018DBDC,0,1,1,4294967295,0,0
oInvCollPH,704,656,00098DE9,0,1,1,4294967295,0,0
oInvCollPH,720,656,00001B51,0,1,1,4294967295,0,0
oInvCollPH,736,656,00170A6D,0,1,1,4294967295,0,0
oInvCollPH,752,656,000E4562,0,1,1,4294967295,0,0
oInvCollPH,768,656,0012F3B8,0,1,1,4294967295,0,0
oInvCollPH,784,656,0032A602,0,1,1,4294967295,0,0
oInvCollPH,800,656,00015AEE,0,1,1,4294967295,0,0
oInvCollPH,880,656,00111955,0,1,1,4294967295,0,0
oInvCollPH,864,656,0032D9EA,0,1,1,4294967295,0,0
oInvCollPH,848,656,002C732F,0,1,1,4294967295,0,0
oInvCollPH,832,656,002BD900,0,1,1,4294967295,0,0
oInvCollPH,816,656,00399307,0,1,1,4294967295,0,0
oInvCollPH,1840,224,0026CB1F,0,1,1,4294967295,0,0
oInvCollPH,1952,128,00123E86,0,1,1,4294967295,0,0
oInvCollPH,1952,144,00162821,0,1,1,4294967295,0,0
oInvCollPH,1952,160,003DDAD5,0,1,1,4294967295,0,0
oInvCollPH,1952,176,003D1B41,0,1,1,4294967295,0,0
oInvCollPH,1952,192,00144D9D,0,1,1,4294967295,0,0
oInvCollPH,1952,208,00076259,0,1,1,4294967295,0,0
oInvCollPH,1952,224,0020550E,0,1,1,4294967295,0,0
oInvCollPH,1824,336,001360D3,0,1,1,4294967295,0,0
oInvCollPH,1824,352,00131E9E,0,1,1,4294967295,0,0
oInvCollPH,1840,352,00077309,0,1,1,4294967295,0,0
oInvCollPH,1856,352,00307304,0,1,1,4294967295,0,0
oInvCollPH,1872,352,002C04D7,0,1,1,4294967295,0,0
oInvCollPH,1872,336,0017BD80,0,1,1,4294967295,0,0
oInvCollPH,1872,320,00327EED,0,1,1,4294967295,0,0
oInvCollPH,1872,304,0014D7D4,0,1,1,4294967295,0,0
oInvCollPH,1872,288,00002ECF,0,1,1,4294967295,0,0
oInvCollPH,1872,272,0003C9D2,0,1,1,4294967295,0,0
oInvCollPH,1872,256,00261B70,0,1,1,4294967295,0,0
oInvCollPH,1872,240,001E1933,0,1,1,4294967295,0,0
oInvCollPH,1856,240,00349DA7,0,1,1,4294967295,0,0
oInvCollPH,1936,240,0019FDFC,0,1,1,4294967295,0,0
oInvCollPH,1920,256,00264058,0,1,1,4294967295,0,0
oInvCollPH,1920,272,0023D1FE,0,1,1,4294967295,0,0
oInvCollPH,1920,288,000A8016,0,1,1,4294967295,0,0
oInvCollPH,1920,304,000B9FC1,0,1,1,4294967295,0,0
oInvCollPH,1920,320,0020A912,0,1,1,4294967295,0,0
oInvCollPH,1920,336,00079B41,0,1,1,4294967295,0,0
oInvCollPH,1920,352,000A7146,0,1,1,4294967295,0,0
oInvCollPH,1920,368,000DC475,0,1,1,4294967295,0,0
oInvCollPH,1920,384,000D8B89,0,1,1,4294967295,0,0
oInvCollPH,1920,400,0002DA07,0,1,1,4294967295,0,0
oInvCollPH,1920,416,0021B172,0,1,1,4294967295,0,0
oInvCollPH,1792,64,0000FEB8,0,1,1,4294967295,0,0
oInvCollPH,1808,64,003702CC,0,1,1,4294967295,0,0
oInvCollPH,1824,80,0035C858,0,1,1,4294967295,0,0
oInvCollPH,1824,96,000C3F35,0,1,1,4294967295,0,0
oInvCollPH,1840,96,000E3C6F,0,1,1,4294967295,0,0
oInvCollPH,1856,96,00009D9F,0,1,1,4294967295,0,0
oInvCollPH,1872,96,003F9864,0,1,1,4294967295,0,0
oInvCollPH,1888,96,002CBB51,0,1,1,4294967295,0,0
oInvCollPH,1904,96,0024F4FA,0,1,1,4294967295,0,0
oInvCollPH,1920,96,001F9325,0,1,1,4294967295,0,0
oInvCollPH,1936,96,0001F3C4,0,1,1,4294967295,0,0
oInvCollPH,1824,864,001B9C61,0,1,1,4294967295,0,0
oInvCollPH,1808,864,0035A21C,0,1,1,4294967295,0,0
oInvCollPH,1792,864,002F5A2D,0,1,1,4294967295,0,0
oInvCollPH,1776,864,00038A5A,0,1,1,4294967295,0,0
oInvCollPH,1760,864,0000DCEF,0,1,1,4294967295,0,0
oInvCollPH,1744,864,0022E49B,0,1,1,4294967295,0,0
oInvCollPH,1728,864,002A7724,0,1,1,4294967295,0,0
oInvCollPH,1712,864,00313C7E,0,1,1,4294967295,0,0
oInvCollPH,1696,864,003C2A81,0,1,1,4294967295,0,0
oInvCollPH,1680,864,00241CE1,0,1,1,4294967295,0,0
oInvCollPH,1664,864,00276AFB,0,1,1,4294967295,0,0
oInvCollPH,1648,864,003D4577,0,1,1,4294967295,0,0
oInvCollPH,1840,816,002B3625,0,1,1,4294967295,0,0
oInvCollPH,1840,832,0028F2FF,0,1,1,4294967295,0,0
oInvCollPH,1840,848,003B9D07,0,1,1,4294967295,0,0
oInvCollPH,1792,736,0003662B,0,1,1,4294967295,0,0
oInvCollPH,1792,752,000092DF,0,1,1,4294967295,0,0
oInvCollPH,1792,768,001F139F,0,1,1,4294967295,0,0
oInvCollPH,1792,784,00358797,0,1,1,4294967295,0,0
oInvCollPH,1808,784,000F4E07,0,1,1,4294967295,0,0
oInvCollPH,1824,784,002C2BB1,0,1,1,4294967295,0,0
oInvCollPH,1072,640,003C1D78,0,1,1,4294967295,0,0
oInvCollPH,1072,656,00396DB0,0,1,1,4294967295,0,0
oInvCollPH,1088,656,0002F51F,0,1,1,4294967295,0,0
oInvCollPH,1104,656,002EA34D,0,1,1,4294967295,0,0
oInvCollPH,1120,656,0020153C,0,1,1,4294967295,0,0
oInvCollPH,1136,656,001DBB9C,0,1,1,4294967295,0,0
oInvCollPH,1152,656,0005A88A,0,1,1,4294967295,0,0
oInvCollPH,1168,656,000A2E79,0,1,1,4294967295,0,0
oInvCollPH,1184,656,003F3413,0,1,1,4294967295,0,0
oInvCollPH,1200,656,0020F8CE,0,1,1,4294967295,0,0
oInvCollPH,1216,656,0029209F,0,1,1,4294967295,0,0
oInvCollPH,1232,656,000B2538,0,1,1,4294967295,0,0
oInvCollPH,1296,656,0007E1F8,0,1,1,4294967295,0,0
oInvCollPH,1296,640,001D1AA0,0,1,1,4294967295,0,0
oInvCollPH,1296,624,000A299E,0,1,1,4294967295,0,0
oInvCollPH,1296,608,0038C209,0,1,1,4294967295,0,0
oInvCollPH,1776,704,00180733,0,1,1,4294967295,0,0
oInvCollPH,1760,704,00328A0E,0,1,1,4294967295,0,0
oInvCollPH,1744,704,00015A87,0,1,1,4294967295,0,0
oInvCollPH,1728,704,000DC14C,0,1,1,4294967295,0,0
oInvCollPH,1712,704,00134DC2,0,1,1,4294967295,0,0
oInvCollPH,1696,704,002ECFB7,0,1,1,4294967295,0,0
oInvCollPH,1632,704,00028648,0,1,1,4294967295,0,0
oInvCollPH,1632,688,0029C395,0,1,1,4294967295,0,0
oInvCollPH,1632,672,000E314A,0,1,1,4294967295,0,0
oInvCollPH,1632,656,00088517,0,1,1,4294967295,0,0
oInvCollPH,1632,640,002253BE,0,1,1,4294967295,0,0
oInvCollPH,1632,624,00340101,0,1,1,4294967295,0,0
oInvCollPH,1792,320,0002AEB1,0,1,1,4294967295,0,0
oInvCollPH,1808,320,00160885,0,1,1,4294967295,0,0
oInvCollPH,1760,320,0001EB44,0,1,1,4294967295,0,0
oInvCollPH,1776,320,00063591,0,1,1,4294967295,0,0
oInvCollPH,1744,320,001CB460,0,1,1,4294967295,0,0
oInvCollPH,1728,336,003512E0,0,1,1,4294967295,0,0
oInvCollPH,1728,352,00372B72,0,1,1,4294967295,0,0
oInvCollPH,1728,368,003A6E52,0,1,1,4294967295,0,0
oInvCollPH,1728,384,00377B8E,0,1,1,4294967295,0,0
oInvCollPH,1728,400,002CBBD7,0,1,1,4294967295,0,0
oInvCollPH,1728,416,000E1B56,0,1,1,4294967295,0,0
oInvCollPH,1744,432,000866BC,0,1,1,4294967295,0,0
oInvCollPH,1760,432,0038A8E3,0,1,1,4294967295,0,0
oInvCollPH,1776,432,001FA03A,0,1,1,4294967295,0,0
oInvCollPH,1792,432,00201102,0,1,1,4294967295,0,0
oInvCollPH,1808,432,003A2378,0,1,1,4294967295,0,0
oInvCollPH,1824,432,0002C85F,0,1,1,4294967295,0,0
oInvCollPH,1840,432,00343737,0,1,1,4294967295,0,0
oInvCollPH,1856,432,0038EBB8,0,1,1,4294967295,0,0
oInvCollPH,1872,432,003A892D,0,1,1,4294967295,0,0
oInvCollPH,1888,432,000B4FAD,0,1,1,4294967295,0,0
oInvCollPH,1904,432,002B237B,0,1,1,4294967295,0,0
oInvCollPH,1312,592,0025DD82,0,1,1,4294967295,0,0
oInvCollPH,1328,592,00291C7F,0,1,1,4294967295,0,0
oInvCollPH,1600,592,002C7826,0,1,1,4294967295,0,0
oInvCollPH,1616,592,002BEE83,0,1,1,4294967295,0,0
oInvCollPH,768,576,000CFFE1,0,1,1,4294967295,0,0
oInvCollPH,784,576,00192A03,0,1,1,4294967295,0,0
oInvCollPH,784,560,0021C4B5,0,1,1,4294967295,0,0
oInvCollPH,544,480,001C3358,0,1,1,4294967295,0,0
oInvCollPH,560,480,00005D46,0,1,1,4294967295,0,0
oInvCollPH,560,464,003F8846,0,1,1,4294967295,0,0
oInvCollPH,608,480,00287FCE,0,1,1,4294967295,0,0
oInvCollPH,624,480,002B3131,0,1,1,4294967295,0,0
oInvCollPH,624,464,0010D929,0,1,1,4294967295,0,0
oInvCollPH,544,448,001BC739,0,1,1,4294967295,0,0
oInvCollPH,576,448,000D480F,0,1,1,4294967295,0,0
oInvCollPH,592,448,0005EF1D,0,1,1,4294967295,0,0
oInvCollPH,560,432,003334F4,0,1,1,4294967295,0,0
oInvCollPH,576,432,003FDB62,0,1,1,4294967295,0,0
oInvCollPH,592,432,00056DA9,0,1,1,4294967295,0,0
oInvCollPH,608,432,003EE41B,0,1,1,4294967295,0,0
oInvCollPH,624,432,001A58F0,0,1,1,4294967295,0,0
oInvCollPH,624,448,001DE9DD,0,1,1,4294967295,0,0
oInvCollPH,528,496,003BACD0,0,1,1,4294967295,0,0
oInvCollPH,512,496,0039CC9B,0,1,1,4294967295,0,0
oInvCollPH,496,496,003B391E,0,1,1,4294967295,0,0
oInvCollPH,480,512,002471C2,0,1,1,4294967295,0,0
oInvCollPH,496,512,000C5E5A,0,1,1,4294967295,0,0
oInvCollPH,512,512,000AF80C,0,1,1,4294967295,0,0
oInvCollPH,528,512,00392602,0,1,1,4294967295,0,0
oInvCollPH,544,512,002EEDC7,0,1,1,4294967295,0,0
oInvCollPH,560,512,003FCED6,0,1,1,4294967295,0,0
oInvCollPH,560,496,003A4BD4,0,1,1,4294967295,0,0
oInvCollPH,608,512,0013801E,0,1,1,4294967295,0,0
oInvCollPH,624,512,00308193,0,1,1,4294967295,0,0
oInvCollPH,640,512,00149C93,0,1,1,4294967295,0,0
oInvCollPH,656,512,0031DAA4,0,1,1,4294967295,0,0
oInvCollPH,672,512,00337A48,0,1,1,4294967295,0,0
oInvCollPH,688,512,00044389,0,1,1,4294967295,0,0
oInvCollPH,688,496,0011576D,0,1,1,4294967295,0,0
oInvCollPH,672,496,00347C00,0,1,1,4294967295,0,0
oInvCollPH,656,496,000C94A2,0,1,1,4294967295,0,0
oInvCollPH,640,496,002417B9,0,1,1,4294967295,0,0
oInvCollPH,208,432,000C99D6,0,1,1,4294967295,0,0
oInvCollPH,224,432,003C0007,0,1,1,4294967295,0,0
oInvCollPH,240,432,001825A0,0,1,1,4294967295,0,0
oInvCollPH,272,416,003F55B9,0,1,1,4294967295,0,0
oInvCollPH,256,432,003AFFDF,0,1,1,4294967295,0,0
oInvCollPH,272,432,00372F25,0,1,1,4294967295,0,0
oInvCollPH,288,432,0015EAC3,0,1,1,4294967295,0,0
oInvCollPH,304,432,00369219,0,1,1,4294967295,0,0
oInvCollPH,304,416,00075CB5,0,1,1,4294967295,0,0
oInvCollPH,304,400,0023D006,0,1,1,4294967295,0,0
oInvCollPH,304,384,0001B46E,0,1,1,4294967295,0,0
oInvCollPH,288,400,00148C31,0,1,1,4294967295,0,0
oInvCollPH,208,560,0005A5E6,0,1,1,4294967295,0,0
oInvCollPH,224,560,00234D97,0,1,1,4294967295,0,0
oInvCollPH,240,560,002FEFB3,0,1,1,4294967295,0,0
oInvCollPH,256,576,0017BB85,0,1,1,4294967295,0,0
oInvCollPH,240,592,0039C517,0,1,1,4294967295,0,0
oInvCollPH,224,592,0039C2CE,0,1,1,4294967295,0,0
oInvCollPH,208,592,00177F96,0,1,1,4294967295,0,0
oInvCollPH,192,592,0034BB0C,0,1,1,4294967295,0,0
oInvCollPH,160,528,0036B306,0,1,1,4294967295,0,0
oInvCollPH,176,528,00350F77,0,1,1,4294967295,0,0
oInvCollPH,176,544,000F87C5,0,1,1,4294967295,0,0
oInvCollPH,176,592,001E7D52,0,1,1,4294967295,0,0
oInvCollPH,160,592,003484A7,0,1,1,4294967295,0,0
oInvCollPH,144,592,00319F48,0,1,1,4294967295,0,0
oInvCollPH,128,592,002F2A1A,0,1,1,4294967295,0,0
oInvCollPH,112,608,0028437B,0,1,1,4294967295,0,0
oInvCollPH,112,624,0020464C,0,1,1,4294967295,0,0
oInvCollPH,112,640,000A4C26,0,1,1,4294967295,0,0
oInvCollPH,96,640,000BCC53,0,1,1,4294967295,0,0
oInvCollPH,80,640,00393CF6,0,1,1,4294967295,0,0
oInvCollPH,64,640,00107492,0,1,1,4294967295,0,0
oInvCollPH,48,640,00392BDB,0,1,1,4294967295,0,0
oInvCollPH,32,640,0025CDC8,0,1,1,4294967295,0,0
oInvCollPH,160,320,00208021,0,1,1,4294967295,0,0
oInvCollPH,176,320,0012CB60,0,1,1,4294967295,0,0
oInvCollPH,176,336,0037E384,0,1,1,4294967295,0,0
oInvCollPH,176,352,001D3631,0,1,1,4294967295,0,0
oInvCollPH,160,352,002313B1,0,1,1,4294967295,0,0
oInvCollPH,144,352,001B49FA,0,1,1,4294967295,0,0
oInvCollPH,128,352,0008D107,0,1,1,4294967295,0,0
oInvCollPH,112,352,0024923C,0,1,1,4294967295,0,0
oInvCollPH,96,352,002D4339,0,1,1,4294967295,0,0
oInvCollPH,80,352,002B85DC,0,1,1,4294967295,0,0
oInvCollPH,64,352,0016A9F9,0,1,1,4294967295,0,0
oInvCollPH,48,272,002AD3C4,0,1,1,4294967295,0,0
oInvCollPH,48,352,0025060B,0,1,1,4294967295,0,0
oInvCollPH,32,352,0018A0FE,0,1,1,4294967295,0,0
oInvCollPH,176,144,002E6A57,0,1,1,4294967295,0,0
oInvCollPH,192,144,000EEA58,0,1,1,4294967295,0,0
oInvCollPH,208,144,00271E63,0,1,1,4294967295,0,0
oInvCollPH,224,144,00283FE2,0,1,1,4294967295,0,0
oInvCollPH,240,144,00297546,0,1,1,4294967295,0,0
oInvCollPH,256,144,003B5FC7,0,1,1,4294967295,0,0
oInvCollPH,272,144,00093809,0,1,1,4294967295,0,0
oInvCollPH,288,144,0008BA5E,0,1,1,4294967295,0,0
oInvCollPH,304,144,002889CD,0,1,1,4294967295,0,0
oInvCollPH,304,128,001618C3,0,1,1,4294967295,0,0
oInvCollPH,288,128,000E2C55,0,1,1,4294967295,0,0
oInvCollPH,272,128,00401BE7,0,1,1,4294967295,0,0
oInvCollPH,256,128,0012355D,0,1,1,4294967295,0,0
oInvCollPH,240,128,0009A947,0,1,1,4294967295,0,0
oInvCollPH,480,144,0004517E,0,1,1,4294967295,0,0
oInvCollPH,496,144,0032668C,0,1,1,4294967295,0,0
oInvCollPH,512,144,0019BD48,0,1,1,4294967295,0,0
oInvCollPH,528,144,002F7653,0,1,1,4294967295,0,0
oInvCollPH,544,144,001C8570,0,1,1,4294967295,0,0
oInvCollPH,560,144,003E752D,0,1,1,4294967295,0,0
oInvCollPH,560,128,001F0F3C,0,1,1,4294967295,0,0
oInvCollPH,544,128,003ED21B,0,1,1,4294967295,0,0
oInvCollPH,528,128,001126BD,0,1,1,4294967295,0,0
oInvCollPH,512,128,002FD675,0,1,1,4294967295,0,0
oInvCollPH,496,128,000D1D82,0,1,1,4294967295,0,0
oInvCollPH,384,208,002F702A,0,1,1,4294967295,0,0
oInvCollPH,400,208,000BCFD7,0,1,1,4294967295,0,0
oInvCollPH,400,192,002372D7,0,1,1,4294967295,0,0
oInvCollPH,576,160,002879A4,0,1,1,4294967295,0,0
oInvCollPH,592,160,000C825C,0,1,1,4294967295,0,0
oInvCollPH,592,144,00012AF4,0,1,1,4294967295,0,0
oInvCollPH,320,16,0001AE48,0,1,1,4294967295,0,0
oInvCollPH,336,16,000FCA75,0,1,1,4294967295,0,0
oInvCollPH,352,16,0008AE1C,0,1,1,4294967295,0,0
oInvCollPH,368,16,0010B7E1,0,1,1,4294967295,0,0
oInvCollPH,384,16,0007C86B,0,1,1,4294967295,0,0
oInvCollPH,400,16,00051E52,0,1,1,4294967295,0,0
oInvCollPH,416,16,003125A0,0,1,1,4294967295,0,0
oInvCollPH,432,16,00016472,0,1,1,4294967295,0,0
oInvCollPH,448,16,0024FDF6,0,1,1,4294967295,0,0
oInvCollPH,464,16,00086549,0,1,1,4294967295,0,0
oInvCollPH,896,256,00047AC6,0,1,1,4294967295,0,0
oInvCollPH,912,256,0011D1A6,0,1,1,4294967295,0,0
oInvCollPH,912,240,00199805,0,1,1,4294967295,0,0
oInvCollPH,928,128,001234BC,0,1,1,4294967295,0,0
oInvCollPH,944,128,002B900F,0,1,1,4294967295,0,0
oInvCollPH,944,112,002587FE,0,1,1,4294967295,0,0
oInvCollPH,992,224,001E7E91,0,1,1,4294967295,0,0
oInvCollPH,1008,224,001B9112,0,1,1,4294967295,0,0
oInvCollPH,1008,208,001EA997,0,1,1,4294967295,0,0
oInvCollPH,928,224,000BAAD9,0,1,1,4294967295,0,0
oInvCollPH,944,208,002C9557,0,1,1,4294967295,0,0
oInvCollPH,960,208,0033EA40,0,1,1,4294967295,0,0
oInvCollPH,976,208,001B51A7,0,1,1,4294967295,0,0
oInvCollPH,928,256,0019111A,0,1,1,4294967295,0,0
oInvCollPH,944,256,00142785,0,1,1,4294967295,0,0
oInvCollPH,960,256,00375D4E,0,1,1,4294967295,0,0
oInvCollPH,976,256,00007020,0,1,1,4294967295,0,0
oInvCollPH,976,240,0035D57E,0,1,1,4294967295,0,0
oInvCollPH,1088,128,0006B53D,0,1,1,4294967295,0,0
oInvCollPH,1088,144,000FC8E7,0,1,1,4294967295,0,0
oInvCollPH,1088,160,001BDE46,0,1,1,4294967295,0,0
oInvCollPH,1088,176,001166F2,0,1,1,4294967295,0,0
oInvCollPH,1088,192,00288AE0,0,1,1,4294967295,0,0
oInvCollPH,1088,208,003FA134,0,1,1,4294967295,0,0
oInvCollPH,1088,224,0011B2C1,0,1,1,4294967295,0,0
oInvCollPH,1088,240,0037D67B,0,1,1,4294967295,0,0
oInvCollPH,1088,256,00208501,0,1,1,4294967295,0,0
oInvCollPH,1104,256,001FD7CE,0,1,1,4294967295,0,0
oInvCollPH,1104,240,003DCB89,0,1,1,4294967295,0,0
oInvCollPH,1104,224,00297743,0,1,1,4294967295,0,0
oInvCollPH,1104,208,00305A56,0,1,1,4294967295,0,0
oInvCollPH,1104,192,000BB9E7,0,1,1,4294967295,0,0
oInvCollPH,1104,176,0020683C,0,1,1,4294967295,0,0
oInvCollPH,1104,160,001333CD,0,1,1,4294967295,0,0
oInvCollPH,1104,144,00073BB2,0,1,1,4294967295,0,0
oInvCollPH,1104,128,000C689C,0,1,1,4294967295,0,0
oInvCollPH,1104,112,003C4656,0,1,1,4294967295,0,0
oInvCollPH,1072,272,0002CB19,0,1,1,4294967295,0,0
oInvCollPH,1056,288,000622E0,0,1,1,4294967295,0,0
oInvCollPH,1104,288,0011A292,0,1,1,4294967295,0,0
oInvCollPH,1104,272,0021F02E,0,1,1,4294967295,0,0
oInvCollPH,1040,304,002AD894,0,1,1,4294967295,0,0
oInvCollPH,1024,320,001577B8,0,1,1,4294967295,0,0
oInvCollPH,1024,352,003A30E3,0,1,1,4294967295,0,0
oInvCollPH,1040,352,003FAE92,0,1,1,4294967295,0,0
oInvCollPH,1056,352,00068929,0,1,1,4294967295,0,0
oInvCollPH,1072,352,000171B0,0,1,1,4294967295,0,0
oInvCollPH,1088,352,001C2F88,0,1,1,4294967295,0,0
oInvCollPH,1104,352,002FB65A,0,1,1,4294967295,0,0
oInvCollPH,1104,336,001CAF0D,0,1,1,4294967295,0,0
oInvCollPH,1104,320,001E8640,0,1,1,4294967295,0,0
oInvCollPH,1104,304,00151724,0,1,1,4294967295,0,0
oInvCollPH,976,336,000E853C,0,1,1,4294967295,0,0
oInvCollPH,992,336,002207FE,0,1,1,4294967295,0,0
oInvCollPH,1008,336,0029EF48,0,1,1,4294967295,0,0
oInvCollPH,1008,352,000D3F06,0,1,1,4294967295,0,0
oInvCollPH,992,352,001EEA38,0,1,1,4294967295,0,0
oInvCollPH,960,352,002CBF2F,0,1,1,4294967295,0,0
oInvCollPH,976,368,0031849E,0,1,1,4294967295,0,0
oInvCollPH,976,384,0016C161,0,1,1,4294967295,0,0
oInvCollPH,976,400,002C54BE,0,1,1,4294967295,0,0
oInvCollPH,976,416,001EC161,0,1,1,4294967295,0,0
oInvCollPH,976,432,001616F2,0,1,1,4294967295,0,0
oInvCollPH,976,448,00179E8B,0,1,1,4294967295,0,0
oInvCollPH,976,464,002C1786,0,1,1,4294967295,0,0
oInvCollPH,976,480,0004F20F,0,1,1,4294967295,0,0
oInvCollPH,976,496,0011FCDB,0,1,1,4294967295,0,0
oInvCollPH,976,512,0003D0BD,0,1,1,4294967295,0,0
oInvCollPH,960,512,002A7266,0,1,1,4294967295,0,0
oInvCollPH,960,496,0034E796,0,1,1,4294967295,0,0
oInvCollPH,960,480,00388A7E,0,1,1,4294967295,0,0
oInvCollPH,960,464,0039D64D,0,1,1,4294967295,0,0
oInvCollPH,960,448,00231550,0,1,1,4294967295,0,0
oInvCollPH,960,432,0002E62D,0,1,1,4294967295,0,0
oInvCollPH,960,416,0036E218,0,1,1,4294967295,0,0
oInvCollPH,960,400,003498B0,0,1,1,4294967295,0,0
oInvCollPH,960,384,00009BD5,0,1,1,4294967295,0,0
oInvCollPH,880,240,002E0E39,0,1,1,4294967295,0,0
oInvCollPH,880,272,000D52BF,0,1,1,4294967295,0,0
oInvCollPH,864,272,002CCB6D,0,1,1,4294967295,0,0
oInvCollPH,832,240,00373120,0,1,1,4294967295,0,0
oInvCollPH,848,240,000A7CD5,0,1,1,4294967295,0,0
oInvCollPH,848,288,000333B1,0,1,1,4294967295,0,0
oInvCollPH,832,288,003EDD0A,0,1,1,4294967295,0,0
oInvCollPH,816,288,002E2BDD,0,1,1,4294967295,0,0
oInvCollPH,800,288,0012E5A0,0,1,1,4294967295,0,0
oInvCollPH,784,288,002B52A0,0,1,1,4294967295,0,0
oInvCollPH,768,288,003F722C,0,1,1,4294967295,0,0
oInvCollPH,752,288,00196AE0,0,1,1,4294967295,0,0
oInvCollPH,736,288,0032D6B5,0,1,1,4294967295,0,0
oInvCollPH,720,288,001E910D,0,1,1,4294967295,0,0
oInvCollPH,704,288,0018A4F7,0,1,1,4294967295,0,0
oInvCollPH,688,288,0015C720,0,1,1,4294967295,0,0
oInvCollPH,672,288,001A3EBF,0,1,1,4294967295,0,0
oInvCollPH,656,288,0021FFD3,0,1,1,4294967295,0,0
oInvCollPH,640,288,003389B9,0,1,1,4294967295,0,0
oInvCollPH,624,144,00326920,0,1,1,4294967295,0,0
oInvCollPH,608,176,0018D8B0,0,1,1,4294967295,0,0
oInvCollPH,608,192,0005EFE6,0,1,1,4294967295,0,0
oInvCollPH,608,208,002452E8,0,1,1,4294967295,0,0
oInvCollPH,608,224,00107884,0,1,1,4294967295,0,0
oInvCollPH,608,240,0029A209,0,1,1,4294967295,0,0
oInvCollPH,608,256,00018A3E,0,1,1,4294967295,0,0
oInvCollPH,608,272,003D417F,0,1,1,4294967295,0,0
oInvCollPH,608,288,00368194,0,1,1,4294967295,0,0
oInvCollPH,624,288,0038BFCD,0,1,1,4294967295,0,0
oInvCollPH,32,32,002A2A6F,0,1,1,4294967295,0,0
oInvCollPH,48,32,0030DDE7,0,1,1,4294967295,0,0
oInvCollPH,80,32,003D2716,0,1,1,4294967295,0,0
oInvCollPH,96,32,00393DBF,0,1,1,4294967295,0,0
oInvCollPH,112,32,003B633D,0,1,1,4294967295,0,0
oInvCollPH,128,32,000859C0,0,1,1,4294967295,0,0
oInvCollPH,144,32,00171B0E,0,1,1,4294967295,0,0
oInvCollPH,160,32,0031D3A5,0,1,1,4294967295,0,0
oInvCollPH,176,32,00333FDC,0,1,1,4294967295,0,0
oInvCollPH,192,32,0039875F,0,1,1,4294967295,0,0
oInvCollPH,208,32,003AA813,0,1,1,4294967295,0,0
oInvCollPH,224,32,0037A66B,0,1,1,4294967295,0,0
oInvCollPH,240,32,0013E15E,0,1,1,4294967295,0,0
oInvCollPH,256,32,003AB2B1,0,1,1,4294967295,0,0
oInvCollPH,272,32,0007125E,0,1,1,4294967295,0,0
oInvCollPH,288,32,001DC558,0,1,1,4294967295,0,0
oInvCollPH,304,32,002F05F1,0,1,1,4294967295,0,0
oInvCollPH,928,48,000852D5,0,1,1,4294967295,0,0
oInvCollPH,928,64,001729E2,0,1,1,4294967295,0,0
oInvCollPH,928,80,0031E38C,0,1,1,4294967295,0,0
oInvCollPH,928,96,002C7585,0,1,1,4294967295,0,0
oInvCollPH,960,96,001688EB,0,1,1,4294967295,0,0
oInvCollPH,976,96,0032CA1D,0,1,1,4294967295,0,0
oInvCollPH,992,96,002A1D25,0,1,1,4294967295,0,0
oInvCollPH,1008,96,0011FB33,0,1,1,4294967295,0,0
oInvCollPH,1024,96,003E0C53,0,1,1,4294967295,0,0
oInvCollPH,1040,96,003272EC,0,1,1,4294967295,0,0
oInvCollPH,1056,96,003F390D,0,1,1,4294967295,0,0
oInvCollPH,1072,96,001C5CB5,0,1,1,4294967295,0,0
oInvCollPH,1120,96,002BE54D,0,1,1,4294967295,0,0
oInvCollPH,1136,96,0035AC83,0,1,1,4294967295,0,0
oInvCollPH,1152,96,000D0683,0,1,1,4294967295,0,0
oInvCollPH,1168,96,003AD345,0,1,1,4294967295,0,0
oInvCollPH,1184,96,0012F437,0,1,1,4294967295,0,0
oInvCollPH,1200,96,0030AD83,0,1,1,4294967295,0,0
oInvCollPH,1216,96,0021E33F,0,1,1,4294967295,0,0
oInvCollPH,1232,96,00071BF9,0,1,1,4294967295,0,0
oInvCollPH,1248,96,000AEA60,0,1,1,4294967295,0,0
oInvCollPH,1264,96,0032DBC1,0,1,1,4294967295,0,0
oInvCollPH,1280,96,00367619,0,1,1,4294967295,0,0
oInvCollPH,1296,96,002F489E,0,1,1,4294967295,0,0
oInvCollPH,1312,96,00322AD8,0,1,1,4294967295,0,0
oInvCollPH,1328,96,00056BF8,0,1,1,4294967295,0,0
oInvCollPH,1344,96,0024A9CD,0,1,1,4294967295,0,0
oInvCollPH,1360,96,003B8996,0,1,1,4294967295,0,0
oInvCollPH,1376,96,00032AAB,0,1,1,4294967295,0,0
oInvCollPH,1392,96,000D6CC3,0,1,1,4294967295,0,0
oInvCollPH,1408,96,0006CD34,0,1,1,4294967295,0,0
oInvCollPH,1424,96,000E4167,0,1,1,4294967295,0,0
oInvCollPH,1440,96,00390852,0,1,1,4294967295,0,0
oInvCollPH,1456,96,0022E283,0,1,1,4294967295,0,0
oInvCollPH,1472,96,000D673F,0,1,1,4294967295,0,0
oInvCollPH,1488,96,001E54CA,0,1,1,4294967295,0,0
oInvCollPH,1504,96,002AE412,0,1,1,4294967295,0,0
oInvCollPH,1520,96,0014D19C,0,1,1,4294967295,0,0
oInvCollPH,1536,96,002C2D5D,0,1,1,4294967295,0,0
oInvCollPH,1552,96,00244FBD,0,1,1,4294967295,0,0
oInvCollPH,1568,96,0033A9BD,0,1,1,4294967295,0,0
oInvCollPH,1584,96,000F3736,0,1,1,4294967295,0,0
oInvCollPH,1600,96,0031C0F2,0,1,1,4294967295,0,0
oInvCollPH,1616,96,001DB5BA,0,1,1,4294967295,0,0
oInvCollPH,1632,96,00375550,0,1,1,4294967295,0,0
oInvCollPH,1648,96,0029212D,0,1,1,4294967295,0,0
oInvCollPH,1664,96,002D136A,0,1,1,4294967295,0,0
oInvCollPH,1680,96,00117E54,0,1,1,4294967295,0,0
oInvCollPH,1696,96,0037536B,0,1,1,4294967295,0,0
oInvCollPH,1712,96,00331DCF,0,1,1,4294967295,0,0
oInvCollPH,1728,96,00124399,0,1,1,4294967295,0,0
oInvCollPH,1744,96,00166B4C,0,1,1,4294967295,0,0
oInvCollPH,1760,96,002DE380,0,1,1,4294967295,0,0
oInvCollPH,1776,96,002D76B5,0,1,1,4294967295,0,0
oInvCollPH,1776,80,0023A5DB,0,1,1,4294967295,0,0
oInvCollPH,480,32,0029B97B,0,1,1,4294967295,0,0
oInvCollPH,496,32,003CA6BA,0,1,1,4294967295,0,0
oInvCollPH,512,32,002FCEC6,0,1,1,4294967295,0,0
oInvCollPH,528,32,0035970C,0,1,1,4294967295,0,0
oInvCollPH,544,32,00081380,0,1,1,4294967295,0,0
oInvCollPH,560,32,003E0E29,0,1,1,4294967295,0,0
oInvCollPH,576,32,000A4CCD,0,1,1,4294967295,0,0
oInvCollPH,592,32,00364BE8,0,1,1,4294967295,0,0
oInvCollPH,608,32,002E1236,0,1,1,4294967295,0,0
oInvCollPH,624,32,00047388,0,1,1,4294967295,0,0
oInvCollPH,912,32,0030E383,0,1,1,4294967295,0,0
oInvCollPH,896,32,003CCB95,0,1,1,4294967295,0,0
oInvCollPH,880,32,000C4CED,0,1,1,4294967295,0,0
oInvCollPH,864,32,001D7F05,0,1,1,4294967295,0,0
oInvCollPH,848,32,001D79A0,0,1,1,4294967295,0,0
oInvCollPH,832,32,002A7BEC,0,1,1,4294967295,0,0
oInvCollPH,816,32,00219226,0,1,1,4294967295,0,0
oInvCollPH,800,32,001E6591,0,1,1,4294967295,0,0
oInvCollPH,784,32,002BA9B4,0,1,1,4294967295,0,0
oInvCollPH,768,32,001970EF,0,1,1,4294967295,0,0
oInvCollPH,752,32,002FBBB7,0,1,1,4294967295,0,0
oInvCollPH,736,32,00103EFF,0,1,1,4294967295,0,0
oInvCollPH,720,32,002DB3D5,0,1,1,4294967295,0,0
oInvCollPH,704,32,003B4EF4,0,1,1,4294967295,0,0
oInvCollPH,688,32,00301A4C,0,1,1,4294967295,0,0
oInvCollPH,672,32,0032C4F3,0,1,1,4294967295,0,0
oInvCollPH,656,32,000C8727,0,1,1,4294967295,0,0
oInvCollPH,640,32,0027CA05,0,1,1,4294967295,0,0
oInvCollPH,16,48,00023F80,0,1,1,4294967295,0,0
oInvCollPH,16,64,0016A42B,0,1,1,4294967295,0,0
oInvCollPH,16,80,000B46FB,0,1,1,4294967295,0,0
oInvCollPH,16,96,003EC33A,0,1,1,4294967295,0,0
oInvCollPH,16,112,000A159A,0,1,1,4294967295,0,0
oInvCollPH,16,128,003CAE81,0,1,1,4294967295,0,0
oInvCollPH,16,144,0025855D,0,1,1,4294967295,0,0
oInvCollPH,16,160,003D5EFF,0,1,1,4294967295,0,0
oInvCollPH,16,176,000BF0F4,0,1,1,4294967295,0,0
oInvCollPH,16,192,00023D15,0,1,1,4294967295,0,0
oInvCollPH,16,208,0004B659,0,1,1,4294967295,0,0
oInvCollPH,16,224,00065F82,0,1,1,4294967295,0,0
oInvCollPH,16,240,003F293C,0,1,1,4294967295,0,0
oInvCollPH,16,256,0016F198,0,1,1,4294967295,0,0
oInvCollPH,16,368,000C6A16,0,1,1,4294967295,0,0
oInvCollPH,16,384,0015F0DA,0,1,1,4294967295,0,0
oInvCollPH,16,400,00395BD6,0,1,1,4294967295,0,0
oInvCollPH,16,416,00347DC5,0,1,1,4294967295,0,0
oInvCollPH,16,432,00087313,0,1,1,4294967295,0,0
oInvCollPH,16,448,002A450E,0,1,1,4294967295,0,0
oInvCollPH,64,64,002E57A0,0,1,1,4294967295,0,0
oInvCollPH,272,576,00347C3C,0,1,1,4294967295,0,0
oInvCollPH,272,560,00212588,0,1,1,4294967295,0,0
oInvCollPH,304,560,00005194,0,1,1,4294967295,0,0
oInvCollPH,368,528,0006AFA0,0,1,1,4294967295,0,0
oInvisibleSolid,288,864,002277A1,0,1,1,4294967295,0,1
oInvisibleSolid,64,864,000021F2,0,1,1,4294967295,0,1
oInvisibleSolid,544,832,000D593F,0,1,1,4294967295,0,1
oInvisibleSolid,512,848,002841A8,0,1,1,4294967295,0,1
oInvisibleRupLowSlope,512,832,003E301E,0,1,1,4294967295,0,0
oInvisibleRupLowSlope,480,848,00292499,0,1,1,4294967295,0,0
oInvisibleLupLowSlope,640,832,002DFF78,0,1,1,4294967295,0,0
oInvisibleLupLowSlope,672,848,0013619D,0,1,1,4294967295,0,0
oInvisibleSolid,832,896,00304BAC,0,1,1,4294967295,0,1
oInvisibleRupSlope,1136,816,000FC1D2,0,1,1,4294967295,0,0
oInvisibleRupSlope,992,848,001A247C,0,1,1,4294967295,0,0
oInvisibleRupLowSlope,1008,832,001180BD,0,1,1,4294967295,0,0
oInvisibleSolid,1152,816,00075333,0,1,1,4294967295,0,1
oInvisibleSolid,1040,832,001108E5,0,1,1,4294967295,0,1
oInvisibleSolid,1008,848,0036FAA2,0,1,1,4294967295,0,1
oInvisibleSolid,960,864,0035E7F3,0,1,1,4294967295,0,1
oInvisibleLupLowSlope,1312,720,001CC788,0,1,1,4294967295,0,0
oInvisibleRupLowSlope,1600,720,00382354,0,1,1,4294967295,0,0
oInvisibleSolid,1344,608,002F7055,0,1,1,4294967295,0,1
oInvisibleSolid,1248,672,000B42D9,0,1,1,4294967295,0,1
oInvisibleSolid,1312,736,0015875C,0,1,1,4294967295,0,1
oInvisibleSolid,1584,736,0011B214,0,1,1,4294967295,0,1
oInvisibleSolid,1632,720,00133B35,0,1,1,4294967295,0,1
oInvisibleSolid,1456,896,001645F8,0,1,1,4294967295,0,1
oInvisibleSolid,1488,864,0003E5C2,0,1,1,4294967295,0,1
oInvisibleSolid,768,672,001D88E1,0,1,1,4294967295,0,1
oInvisibleSolid,1792,0,000315AD,0,1,1,4294967295,0,1
oInvisibleSolid,1824,0,001ECC49,0,1,1,4294967295,0,1
oInvisibleSolid,1952,112,003A9AED,0,1,1,4294967295,0,1
oInvisibleSolid,1920,240,00389862,0,1,1,4294967295,0,1
oInvisibleSolid,1824,224,0006FB60,0,1,1,4294967295,0,1
oInvisibleSolid,1824,240,000CE4C0,0,1,1,4294967295,0,1
oInvisibleRupLowSlope,1792,240,0033FE10,0,1,1,4294967295,0,0
oInvisibleRupLowSlope,1760,256,0033D56E,0,1,1,4294967295,0,0
oInvisibleRupLowSlope,1728,272,00399493,0,1,1,4294967295,0,0
oInvisibleRupLowSlope,1696,288,002D45A0,0,1,1,4294967295,0,0
oInvisibleRupLowSlope,1664,304,00144F89,0,1,1,4294967295,0,0
oInvisibleRupLowSlope,1632,320,00026491,0,1,1,4294967295,0,0
oInvisibleRupLowSlope,1056,608,00033295,0,1,1,4294967295,0,0
oInvisibleRupLowSlope,1088,592,0015ED3C,0,1,1,4294967295,0,0
oInvisibleRupLowSlope,1120,576,000B8757,0,1,1,4294967295,0,0
oInvisibleRupLowSlope,1152,560,002DFAA9,0,1,1,4294967295,0,0
oInvisibleRupLowSlope,1184,544,0023D5D1,0,1,1,4294967295,0,0
oInvisibleRupLowSlope,1216,528,000191CF,0,1,1,4294967295,0,0
oInvisibleRupLowSlope,1248,512,0006E016,0,1,1,4294967295,0,0
oInvisibleRupLowSlope,1280,496,003695A9,0,1,1,4294967295,0,0
oInvisibleRupLowSlope,1312,480,001A3CCD,0,1,1,4294967295,0,0
oInvisibleRupLowSlope,1344,464,002CAFB3,0,1,1,4294967295,0,0
oInvisibleRupLowSlope,1376,448,00067F7D,0,1,1,4294967295,0,0
oInvisibleRupLowSlope,1408,432,0032C688,0,1,1,4294967295,0,0
oInvisibleRupLowSlope,1440,416,0033C0C4,0,1,1,4294967295,0,0
oInvisibleRupLowSlope,1472,400,001722D3,0,1,1,4294967295,0,0
oInvisibleRupLowSlope,1504,384,00397C31,0,1,1,4294967295,0,0
oInvisibleRupLowSlope,1536,368,001CED9A,0,1,1,4294967295,0,0
oInvisibleRupLowSlope,1568,352,0013E79B,0,1,1,4294967295,0,0
oInvisibleRupLowSlope,1600,336,0024977B,0,1,1,4294967295,0,0
oInvisibleRupLowSlope,496,640,00028A59,0,1,1,4294967295,0,0
oInvisibleRupLowSlope,528,624,000D6BAC,0,1,1,4294967295,0,0
oInvisibleLupLowSlope,624,624,002C92F8,0,1,1,4294967295,0,0
oInvisibleLupLowSlope,656,640,0034EC20,0,1,1,4294967295,0,0
oInvisibleSolid,560,624,00355D2C,0,1,1,4294967295,0,1
oInvisibleSolid,528,640,000190D6,0,1,1,4294967295,0,1
oInvisibleSolid,400,656,003A3C7E,0,1,1,4294967295,0,1
oInvisibleSolid,400,672,002B6CC4,0,1,1,4294967295,0,1
oInvisibleSolid,176,720,0027DD45,0,1,1,4294967295,0,1
oInvisibleSolid,176,736,0021A34B,0,1,1,4294967295,0,1
oInvisibleSolid,128,784,002B33CA,0,1,1,4294967295,0,1
oInvisibleSolid,0,656,0034BFA9,0,1,1,4294967295,0,1
oInvisibleSolid,0,832,0035E023,0,1,1,4294967295,0,1
oInvisibleSolid,608,640,0032B663,0,1,1,4294967295,0,1
oInvisibleSolid,656,656,002C5891,0,1,1,4294967295,0,1
oInvisibleSolid,896,624,00159B7C,0,1,1,4294967295,0,1
oInvisibleSolid,960,592,0023D232,0,1,1,4294967295,0,1
oInvisibleSolid,1040,624,0011A396,0,1,1,4294967295,0,1
oInvisibleSolid,1072,624,001ED374,0,1,1,4294967295,0,1
oInvisibleSolid,1088,608,002A825D,0,1,1,4294967295,0,1
oInvisibleSolid,1120,592,00397CE1,0,1,1,4294967295,0,1
oInvisibleSolid,1152,576,0029E296,0,1,1,4294967295,0,1
oInvisibleSolid,1184,560,00205DC0,0,1,1,4294967295,0,1
oInvisibleSolid,1216,544,003793D1,0,1,1,4294967295,0,1
oInvisibleSolid,1248,528,0013084D,0,1,1,4294967295,0,1
oInvisibleSolid,1280,512,001B5987,0,1,1,4294967295,0,1
oInvisibleSolid,1312,496,00193FA0,0,1,1,4294967295,0,1
oInvisibleSolid,1344,480,00189085,0,1,1,4294967295,0,1
oInvisibleSolid,1792,256,00064DBB,0,1,1,4294967295,0,1
oInvisibleSolid,1632,608,00335A48,0,1,1,4294967295,0,1
oInvisibleSolid,1792,720,00228B38,0,1,1,4294967295,0,1
oInvisibleSolid,1840,800,0032F493,0,1,1,4294967295,0,1
oInvisibleSolid,1760,272,0005A082,0,1,1,4294967295,0,1
oInvisibleSolid,1728,288,003B7112,0,1,1,4294967295,0,1
oInvisibleSolid,1696,304,00225C67,0,1,1,4294967295,0,1
oInvisibleSolid,1376,464,004008D8,0,1,1,4294967295,0,1
oInvisibleSolid,1408,448,00055646,0,1,1,4294967295,0,1
oInvisibleSolid,1440,432,000F7EE0,0,1,1,4294967295,0,1
oInvisibleSolid,1472,416,000355AA,0,1,1,4294967295,0,1
oInvisibleSolid,1504,400,001E0735,0,1,1,4294967295,0,1
oInvisibleSolid,1536,384,0039327A,0,1,1,4294967295,0,1
oInvisibleSolid,1568,368,002C1B36,0,1,1,4294967295,0,1
oInvisibleSolid,1600,352,0005C99A,0,1,1,4294967295,0,1
oInvisibleSolid,1632,336,00207F35,0,1,1,4294967295,0,1
oInvisibleSolid,1664,320,000F7A5D,0,1,1,4294967295,0,1
oInvisibleSolid,544,464,00360332,0,1,1,4294967295,0,1
oInvisibleSolid,544,432,00388326,0,1,1,4294967295,0,1
oInvisibleSolid,608,464,002A3065,0,1,1,4294967295,0,1
oInvisibleSolid,608,496,00256A23,0,1,1,4294967295,0,1
oInvisibleSolid,768,560,0012B577,0,1,1,4294967295,0,1
oInvisibleSolid,960,368,00396DEC,0,1,1,4294967295,0,1
oInvisibleSolid,960,336,002E456F,0,1,1,4294967295,0,1
oInvisibleSolid,1024,304,00343BC3,0,1,1,4294967295,0,1
oInvisibleSolid,1056,272,0031769F,0,1,1,4294967295,0,1
oInvisibleSolid,1088,112,002E2A71,0,1,1,4294967295,0,1
oInvisibleSolid,928,112,00019B02,0,1,1,4294967295,0,1
oInvisibleSolid,928,0,0015B08E,0,1,1,4294967295,0,1
oInvisibleSolid,992,208,0036D885,0,1,1,4294967295,0,1
oInvisibleSolid,928,208,0030788B,0,1,1,4294967295,0,1
oInvisibleSolid,896,240,003902B1,0,1,1,4294967295,0,1
oInvisibleSolid,864,240,0002CE23,0,1,1,4294967295,0,1
oInvisibleLupLowSlope,640,144,001242CB,0,1,1,4294967295,0,0
oInvisibleLupLowSlope,672,160,003FC647,0,1,1,4294967295,0,0
oInvisibleLupLowSlope,704,176,001B1320,0,1,1,4294967295,0,0
oInvisibleLupLowSlope,736,192,0003C4BB,0,1,1,4294967295,0,0
oInvisibleLupLowSlope,768,208,000CA63C,0,1,1,4294967295,0,0
oInvisibleLupLowSlope,800,224,00162EF1,0,1,1,4294967295,0,0
oInvisibleLupLowSlope,64,272,0008C2AD,0,1,1,4294967295,0,0
oInvisibleLupLowSlope,96,288,0019B4BE,0,1,1,4294967295,0,0
oInvisibleLupLowSlope,128,304,0033C9F9,0,1,1,4294967295,0,0
oInvisibleLupLowSlope,32,464,00113DAB,0,1,1,4294967295,0,0
oInvisibleLupLowSlope,64,480,00384EA8,0,1,1,4294967295,0,0
oInvisibleLupLowSlope,96,496,002A162D,0,1,1,4294967295,0,0
oInvisibleLupLowSlope,128,512,002F3EFF,0,1,1,4294967295,0,0
oInvisibleSolid,224,128,003678EB,0,1,1,4294967295,0,1
oInvisibleSolid,480,128,00147D04,0,1,1,4294967295,0,1
oInvisibleSolid,576,144,000F70C0,0,1,1,4294967295,0,1
oInvisibleSolid,608,144,00010868,0,1,1,4294967295,0,1
oInvisibleSolid,160,144,00152FBE,0,1,1,4294967295,0,1
oInvisibleSolid,288,384,0040447D,0,1,1,4294967295,0,1
oInvisibleSolid,256,416,000A0696,0,1,1,4294967295,0,1
oInvisibleSolid,192,432,000C79AE,0,1,1,4294967295,0,1
oInvisibleSolid,384,192,00051C52,0,1,1,4294967295,0,1
oInvisibleSolid,480,496,001191BE,0,1,1,4294967295,0,1
oInvisibleSolid,640,160,00329678,0,1,1,4294967295,0,1
oInvisibleSolid,672,176,0038D44D,0,1,1,4294967295,0,1
oInvisibleSolid,704,192,0012D504,0,1,1,4294967295,0,1
oInvisibleSolid,736,208,0026B24E,0,1,1,4294967295,0,1
oInvisibleSolid,768,224,003DA209,0,1,1,4294967295,0,1
oInvisibleSolid,800,240,001FBFBE,0,1,1,4294967295,0,1
oInvisibleSolid,480,0,0028FAA0,0,1,1,4294967295,0,1
oInvisibleSolid,320,0,0020E3B0,0,1,1,4294967295,0,1
oInvisibleSolid,0,0,003FC02A,0,1,1,4294967295,0,1
oInvisibleSolid,0,48,00356927,0,1,1,4294967295,0,1
oInvisibleSolid,32,272,003BB5E6,0,1,1,4294967295,0,1
oInvisibleSolid,64,288,002EB38C,0,1,1,4294967295,0,1
oInvisibleSolid,96,304,001F10BA,0,1,1,4294967295,0,1
oInvisibleSolid,128,320,0021092E,0,1,1,4294967295,0,1
oInvisibleSolid,32,480,000AE592,0,1,1,4294967295,0,1
oInvisibleSolid,64,496,00233B1E,0,1,1,4294967295,0,1
oInvisibleSolid,96,512,0008FAE8,0,1,1,4294967295,0,1
oInvisibleSolid,128,528,0034AE0D,0,1,1,4294967295,0,1
oInvisibleSolid,192,560,000DE859,0,1,1,4294967295,0,1
oInvisibleSolid,64,48,0018A373,0,1,1,4294967295,0,1
oInvisibleSolid,288,560,0016D24C,0,1,1,4294967295,0,1
oInvisibleSolid,256,560,00081A7D,0,1,1,4294967295,0,1
oInvisibleSolid,352,528,002A3668,0,1,1,4294967295,0,1
