oPlatRail,528,416,003196CF,0,1,1,4294967295,0,1
oPlatRail,352,480,0017CF20,0,1,1,4294967295,0,1
oPlatRail,304,736,00056631,0,1,1,4294967295,0,1
oPlatRail,528,1280,0023811D,0,1,1,4294967295,0,1
oPlatRail,352,416,000B4590,0,1,1,4294967295,0,1
oPlatRail,96,416,00364A97,0,1,1,4294967295,0,1
oPlatRail,304,624,003D15E3,0,1,1,4294967295,0,1
oPlatRail,96,880,001E1E3D,0,1,1,4294967295,0,1
oPlatRail,272,1712,000E4064,0,1,1,4294967295,0,1
oPlatRail,272,2000,000742F8,0,1,1,4294967295,0,1
oPlatRail,272,2288,00019827,0,1,1,4294967295,0,1
oPlatRail,336,1712,00104C4C,0,1,1,4294967295,0,1
oPlatRail,336,2000,003D5863,0,1,1,4294967295,0,1
oPlatRail,336,2288,0022B37E,0,1,1,4294967295,0,1
oPlatRail,528,2736,0026EE26,0,1,1,4294967295,0,1
oPlatRail,240,416,00220B8F,0,1,1,4294967295,0,1
oPlatRail,528,624,003961AC,0,1,1,4294967295,0,1
oPlatRail,320,880,0014FAC8,0,1,1,4294967295,0,1
oPlatRail,176,1376,002D9CA4,0,1,1,4294967295,0,1
oPlatRail,272,1456,00362A25,0,1,1,4294967295,0,1
oPlatRail,336,1536,00070F8F,0,1,1,4294967295,0,1
oPlatRail,336,1856,001D1FEC,0,1,1,4294967295,0,1
oPlatRail,336,2144,00320029,0,1,1,4294967295,0,1
oPlatRail,528,2432,0023CBFD,0,1,1,4294967295,0,1
oPlatRail,272,2432,00029FBA,0,1,1,4294967295,0,1
oPlatRail,272,2144,002E27EA,0,1,1,4294967295,0,1
oPlatRail,272,1856,000D8998,0,1,1,4294967295,0,1
oPlatRail,272,1536,0023436E,0,1,1,4294967295,0,1
oPlatRail,176,1456,00254243,0,1,1,4294967295,0,1
oPlatRail,96,1376,002127A4,0,1,1,4294967295,0,1
oPlatRail,320,1280,002ED338,0,1,1,4294967295,0,1
oPlatRail,96,736,0035D16D,0,1,1,4294967295,0,1
oPlatRail,240,480,0032ADBB,0,1,1,4294967295,0,1
oSignPost,288,192,002EEB6B,0,1,1,4294967295,0,1
oExit,72,96,00176CDA,0,1,1,4294967295,0,1
oExit,0,2672,001A89B1,0,1,1,4294967295,0,1
oExit,0,2736,001F9E2B,0,1,1,4294967295,0,1
oExit,104,2672,00271452,0,1,1,4294967295,0,1
oMM_Spike,384,160,002E98C9,0,1,1,4294967295,0,1
oMM_Spike,448,560,0039F883,0,1,1,4294967295,0,1
oMM_Spike,400,688,00230343,0,1,1,4294967295,0,1
oMM_Spike,192,576,003277FB,0,1,1,4294967295,0,1
oMM_Spike,272,576,002320E7,0,1,1,4294967295,0,1
oMM_Spike,160,688,0022A191,0,1,1,4294967295,0,1
oMM_Spike,240,304,00284D4F,0,1,1,4294967295,0,1
oMM_Spike,336,304,001D9F3F,0,1,1,4294967295,0,1
oMM_Spike,288,368,000B6DE7,0,1,1,4294967295,0,1
oMM_Spike,272,336,000F6F9E,0,1,1,4294967295,0,1
oMM_Spike,320,336,0020D1D4,0,1,1,4294967295,0,1
oMM_Spike,192,928,00312122,0,1,1,4294967295,0,1
oMM_Spike,144,816,00152674,0,1,1,4294967295,0,1
oMM_Spike,240,816,0035034D,0,1,1,4294967295,0,1
oMM_Spike,176,848,003806C5,0,1,1,4294967295,0,1
oMM_Spike,192,512,000F65AF,0,1,1,4294967295,0,1
oMM_Spike,256,512,001D207D,0,1,1,4294967295,0,1
oMM_Spike,320,512,000B11B6,0,1,1,4294967295,0,1
oMM_Spike,384,512,000B9C99,0,1,1,4294967295,0,1
oMM_Spike,416,480,0014EBBF,0,1,1,4294967295,0,1
oMM_Spike,480,480,00403EB9,0,1,1,4294967295,0,1
oMM_Spike,544,480,00238610,0,1,1,4294967295,0,1
oMM_Spike,448,688,002A0895,0,1,1,4294967295,0,1
oMM_Spike,32,752,003B3E33,0,1,1,4294967295,0,1
oMM_Spike,96,752,000EC830,0,1,1,4294967295,0,1
oMM_Spike,160,752,0036042B,0,1,1,4294967295,0,1
oMM_Spike,224,752,002A1ABF,0,1,1,4294967295,0,1
oMM_Spike,288,752,001270D1,0,1,1,4294967295,0,1
oMM_Spike,256,1248,001BDCEB,0,1,1,4294967295,0,1
oMM_Spike,288,1312,00306C39,0,1,1,4294967295,0,1
oMM_Spike,352,1312,0032CEE9,0,1,1,4294967295,0,1
oMM_Spike,416,1312,003BDBC3,0,1,1,4294967295,0,1
oMM_Spike,480,1312,001F8B38,0,1,1,4294967295,0,1
oMM_Spike,144,1504,000DAC8F,0,1,1,4294967295,0,1
oMM_Spike,192,1504,003BB0CE,0,1,1,4294967295,0,1
oMM_Spike,32,1440,002D5A47,0,1,1,4294967295,0,1
oMM_Spike,96,1440,000ADF4B,0,1,1,4294967295,0,1
oMM_Spike,240,2464,0025B762,0,1,1,4294967295,0,1
oMM_Spike,304,2464,001CE850,0,1,1,4294967295,0,1
oMM_Spike,368,2464,00117D60,0,1,1,4294967295,0,1
oMM_Spike,432,2464,0015AB1D,0,1,1,4294967295,0,1
oMM_Spike,192,2752,00307AE3,0,1,1,4294967295,0,1
oMM_Spike,256,2752,000BB5B0,0,1,1,4294967295,0,1
oMM_Spike,320,2752,002CA5AB,0,1,1,4294967295,0,1
oMM_Spike,384,2752,002B2949,0,1,1,4294967295,0,1
oMM_Spike,448,2752,00292698,0,1,1,4294967295,0,1
oMM_Spike,160,432,000D330E,0,1,1,4294967295,0,1
oMM_Spike,352,752,001903C9,0,1,1,4294967295,0,1
oMM_Spike,480,2464,000663BF,0,1,1,4294967295,0,0
oMM_Spike,544,1312,00377503,0,1,1,4294967295,0,1
oMM_Spike,512,2752,000AACC9,0,1,1,4294967295,0,1
oMarioChainBall,304,320,002CA209,0,1,1,4294967295,0,1
oMarioChainBall,304,320,0029C951,0,1,1,4294967295,0,1
oPlayer1,128,128,0024DFDE,0,1,1,4294967295,0,0
oInvCollPH,16,32,00023017,0,1,1,4294967295,0,0
oInvCollPH,16,48,0018C5A9,0,1,1,4294967295,0,0
oInvCollPH,16,64,00350853,0,1,1,4294967295,0,0
oInvCollPH,16,80,0037B945,0,1,1,4294967295,0,0
oInvCollPH,16,96,002C4D35,0,1,1,4294967295,0,0
oInvCollPH,16,112,0005C061,0,1,1,4294967295,0,0
oInvCollPH,32,16,003A1B81,0,1,1,4294967295,0,0
oInvCollPH,48,16,0008EDFA,0,1,1,4294967295,0,0
oInvCollPH,64,16,00375071,0,1,1,4294967295,0,0
oInvCollPH,80,16,00081A2F,0,1,1,4294967295,0,0
oInvCollPH,96,16,00270038,0,1,1,4294967295,0,0
oInvCollPH,112,16,0016ADF6,0,1,1,4294967295,0,0
oInvCollPH,128,16,003C01A8,0,1,1,4294967295,0,0
oInvCollPH,144,16,00017A61,0,1,1,4294967295,0,0
oInvCollPH,304,16,0014DC45,0,1,1,4294967295,0,0
oInvCollPH,288,16,0021B15E,0,1,1,4294967295,0,0
oInvCollPH,272,16,0004BE39,0,1,1,4294967295,0,0
oInvCollPH,256,16,00160934,0,1,1,4294967295,0,0
oInvCollPH,240,16,00113C41,0,1,1,4294967295,0,0
oInvCollPH,224,16,003B7314,0,1,1,4294967295,0,0
oInvCollPH,208,16,0010624D,0,1,1,4294967295,0,0
oInvCollPH,192,16,0037A90C,0,1,1,4294967295,0,0
oInvCollPH,176,16,0027CB6F,0,1,1,4294967295,0,0
oInvCollPH,160,16,002634F8,0,1,1,4294967295,0,0
oInvCollPH,320,16,00175360,0,1,1,4294967295,0,0
oInvCollPH,336,16,000902CA,0,1,1,4294967295,0,0
oInvCollPH,352,16,0014E6BF,0,1,1,4294967295,0,0
oInvCollPH,368,16,00074E2A,0,1,1,4294967295,0,0
oInvCollPH,384,16,001EE6CB,0,1,1,4294967295,0,0
oInvCollPH,400,16,000E52EA,0,1,1,4294967295,0,0
oInvCollPH,416,16,0028C0B2,0,1,1,4294967295,0,0
oInvCollPH,432,16,0011F10F,0,1,1,4294967295,0,0
oInvCollPH,448,16,000884E7,0,1,1,4294967295,0,0
oInvCollPH,464,16,000C67BD,0,1,1,4294967295,0,0
oInvCollPH,480,16,003F4EB4,0,1,1,4294967295,0,0
oInvCollPH,480,0,002F4FDD,0,1,1,4294967295,0,0
oInvCollPH,576,16,0036C558,0,1,1,4294967295,0,0
oInvCollPH,592,16,002CE13C,0,1,1,4294967295,0,0
oInvCollPH,48,128,003DD468,0,1,1,4294967295,0,0
oInvCollPH,64,128,000DA840,0,1,1,4294967295,0,0
oInvCollPH,80,128,000D850A,0,1,1,4294967295,0,0
oInvCollPH,96,128,002646EE,0,1,1,4294967295,0,0
oInvCollPH,112,128,0006D316,0,1,1,4294967295,0,0
oInvCollPH,128,128,003778AC,0,1,1,4294967295,0,0
oInvCollPH,144,128,0013B13B,0,1,1,4294967295,0,0
oInvCollPH,160,128,001248FA,0,1,1,4294967295,0,0
oInvCollPH,176,128,002371B2,0,1,1,4294967295,0,0
oInvCollPH,192,128,0037FB9E,0,1,1,4294967295,0,0
oInvCollPH,208,128,000A0EFA,0,1,1,4294967295,0,0
oInvCollPH,208,144,000604CB,0,1,1,4294967295,0,0
oInvCollPH,208,160,003B6721,0,1,1,4294967295,0,0
oInvCollPH,208,176,00028DC6,0,1,1,4294967295,0,0
oInvCollPH,240,192,0038A078,0,1,1,4294967295,0,0
oInvCollPH,256,192,00393E00,0,1,1,4294967295,0,0
oInvCollPH,272,192,002960EF,0,1,1,4294967295,0,0
oInvCollPH,288,192,002830B0,0,1,1,4294967295,0,0
oInvCollPH,304,192,001384E9,0,1,1,4294967295,0,0
oInvCollPH,320,192,00113C0D,0,1,1,4294967295,0,0
oInvCollPH,336,192,0032ECA7,0,1,1,4294967295,0,0
oInvCollPH,352,176,0017EE9B,0,1,1,4294967295,0,0
oInvCollPH,368,176,0024CDCA,0,1,1,4294967295,0,0
oInvCollPH,384,192,00359B6D,0,1,1,4294967295,0,0
oInvCollPH,400,192,001FEF84,0,1,1,4294967295,0,0
oInvCollPH,416,176,00076245,0,1,1,4294967295,0,0
oInvCollPH,432,176,002663C4,0,1,1,4294967295,0,0
oInvCollPH,448,192,0025AABA,0,1,1,4294967295,0,0
oInvCollPH,464,192,0030030E,0,1,1,4294967295,0,0
oInvCollPH,464,208,00234698,0,1,1,4294967295,0,0
oInvCollPH,464,224,00168E0D,0,1,1,4294967295,0,0
oInvCollPH,464,240,00273173,0,1,1,4294967295,0,0
oInvCollPH,464,256,00348FB9,0,1,1,4294967295,0,0
oInvCollPH,464,272,0002604F,0,1,1,4294967295,0,0
oInvCollPH,464,288,00156EEF,0,1,1,4294967295,0,0
oInvCollPH,416,160,00255CA0,0,1,1,4294967295,0,0
oInvCollPH,432,160,0023BF45,0,1,1,4294967295,0,0
oInvCollPH,432,144,002FBB59,0,1,1,4294967295,0,0
oInvCollPH,352,160,001744F2,0,1,1,4294967295,0,0
oInvCollPH,368,160,00099EF4,0,1,1,4294967295,0,0
oInvCollPH,368,144,0033CF8C,0,1,1,4294967295,0,0
oInvCollPH,224,288,00138BFD,0,1,1,4294967295,0,0
oInvCollPH,240,288,001D88C6,0,1,1,4294967295,0,0
oInvCollPH,256,288,002EC5E8,0,1,1,4294967295,0,0
oInvCollPH,336,288,00163FFA,0,1,1,4294967295,0,0
oInvCollPH,352,288,0013B018,0,1,1,4294967295,0,0
oInvCollPH,368,288,001507D4,0,1,1,4294967295,0,0
oInvCollPH,384,288,0016210B,0,1,1,4294967295,0,0
oInvCollPH,400,288,0013660A,0,1,1,4294967295,0,0
oInvCollPH,416,288,000FAE82,0,1,1,4294967295,0,0
oInvCollPH,432,288,003CFA22,0,1,1,4294967295,0,0
oInvCollPH,448,288,003322F5,0,1,1,4294967295,0,0
oInvCollPH,272,320,002B305F,0,1,1,4294967295,0,0
oInvCollPH,288,352,0028912D,0,1,1,4294967295,0,0
oInvCollPH,304,352,001A1D74,0,1,1,4294967295,0,0
oInvCollPH,304,336,003912A0,0,1,1,4294967295,0,0
oInvCollPH,320,320,000814AE,0,1,1,4294967295,0,0
oInvCollPH,320,304,002E37F7,0,1,1,4294967295,0,0
oInvCollPH,208,288,000EE73B,0,1,1,4294967295,0,0
oInvCollPH,192,288,001A12C4,0,1,1,4294967295,0,0
oInvCollPH,176,288,003DEEC8,0,1,1,4294967295,0,0
oInvCollPH,160,288,0029EBD0,0,1,1,4294967295,0,0
oInvCollPH,144,288,0007561B,0,1,1,4294967295,0,0
oInvCollPH,128,288,001821B9,0,1,1,4294967295,0,0
oInvCollPH,112,288,003F247C,0,1,1,4294967295,0,0
oInvCollPH,96,288,001F2F4A,0,1,1,4294967295,0,0
oInvCollPH,80,288,001B19C2,0,1,1,4294967295,0,0
oInvCollPH,64,288,0037BACF,0,1,1,4294967295,0,0
oInvCollPH,48,288,001AD230,0,1,1,4294967295,0,0
oInvCollPH,32,288,002501C2,0,1,1,4294967295,0,0
oInvCollPH,208,544,0026E362,0,1,1,4294967295,0,0
oInvCollPH,224,544,000C6BF2,0,1,1,4294967295,0,0
oInvCollPH,240,544,003889C0,0,1,1,4294967295,0,0
oInvCollPH,256,544,003DE9CF,0,1,1,4294967295,0,0
oInvCollPH,272,544,0021D7FD,0,1,1,4294967295,0,0
oInvCollPH,288,544,002FD6E8,0,1,1,4294967295,0,0
oInvCollPH,304,544,001DCEBD,0,1,1,4294967295,0,0
oInvCollPH,320,544,00260493,0,1,1,4294967295,0,0
oInvCollPH,336,544,0000D35B,0,1,1,4294967295,0,0
oInvCollPH,192,560,003C5F5F,0,1,1,4294967295,0,0
oInvCollPH,208,560,001CA196,0,1,1,4294967295,0,0
oInvCollPH,224,560,001F407D,0,1,1,4294967295,0,0
oInvCollPH,240,560,000B79E3,0,1,1,4294967295,0,0
oInvCollPH,256,560,00020259,0,1,1,4294967295,0,0
oInvCollPH,272,560,000F9153,0,1,1,4294967295,0,0
oInvCollPH,288,560,00145CBD,0,1,1,4294967295,0,0
oInvCollPH,304,560,0030228E,0,1,1,4294967295,0,0
oInvCollPH,320,560,001D2920,0,1,1,4294967295,0,0
oInvCollPH,336,560,001A0066,0,1,1,4294967295,0,0
oInvCollPH,352,560,00008DA4,0,1,1,4294967295,0,0
oInvCollPH,368,560,003912EC,0,1,1,4294967295,0,0
oInvCollPH,384,560,0038540D,0,1,1,4294967295,0,0
oInvCollPH,400,560,002155D3,0,1,1,4294967295,0,0
oInvCollPH,416,560,000BD2FE,0,1,1,4294967295,0,0
oInvCollPH,432,560,0032E8B1,0,1,1,4294967295,0,0
oInvCollPH,352,544,00233F72,0,1,1,4294967295,0,0
oInvCollPH,368,544,002DA470,0,1,1,4294967295,0,0
oInvCollPH,384,544,002AA597,0,1,1,4294967295,0,0
oInvCollPH,400,544,0028994A,0,1,1,4294967295,0,0
oInvCollPH,416,528,00073391,0,1,1,4294967295,0,0
oInvCollPH,432,512,00088EAD,0,1,1,4294967295,0,0
oInvCollPH,448,512,002BF616,0,1,1,4294967295,0,0
oInvCollPH,464,512,002AF855,0,1,1,4294967295,0,0
oInvCollPH,480,512,000100D2,0,1,1,4294967295,0,0
oInvCollPH,496,512,001E9AF6,0,1,1,4294967295,0,0
oInvCollPH,512,512,002DBECD,0,1,1,4294967295,0,0
oInvCollPH,528,512,001BC0EE,0,1,1,4294967295,0,0
oInvCollPH,544,512,003FB25C,0,1,1,4294967295,0,0
oInvCollPH,560,512,00253B61,0,1,1,4294967295,0,0
oInvCollPH,576,512,002EE1E4,0,1,1,4294967295,0,0
oInvCollPH,592,512,00005422,0,1,1,4294967295,0,0
oInvCollPH,448,544,002AEF82,0,1,1,4294967295,0,0
oInvCollPH,464,544,003CB3DF,0,1,1,4294967295,0,0
oInvCollPH,480,544,00065840,0,1,1,4294967295,0,0
oInvCollPH,496,544,0032AA09,0,1,1,4294967295,0,0
oInvCollPH,512,544,0016B968,0,1,1,4294967295,0,0
oInvCollPH,528,544,002AEC47,0,1,1,4294967295,0,0
oInvCollPH,544,544,001AAE5A,0,1,1,4294967295,0,0
oInvCollPH,560,544,003EAFB7,0,1,1,4294967295,0,0
oInvCollPH,576,544,00370EAD,0,1,1,4294967295,0,0
oInvCollPH,592,544,002F0E3A,0,1,1,4294967295,0,0
oInvCollPH,176,464,00021A20,0,1,1,4294967295,0,0
oInvCollPH,176,480,0015EDA8,0,1,1,4294967295,0,0
oInvCollPH,176,496,0016B746,0,1,1,4294967295,0,0
oInvCollPH,176,512,0030C5DD,0,1,1,4294967295,0,0
oInvCollPH,176,528,000A43B9,0,1,1,4294967295,0,0
oInvCollPH,160,480,002385BA,0,1,1,4294967295,0,0
oInvCollPH,160,496,001325A5,0,1,1,4294967295,0,0
oInvCollPH,160,512,0017F2E9,0,1,1,4294967295,0,0
oInvCollPH,160,528,003E1A1B,0,1,1,4294967295,0,0
oInvCollPH,160,544,002B41D2,0,1,1,4294967295,0,0
oInvCollPH,160,560,0016518F,0,1,1,4294967295,0,0
oInvCollPH,160,576,00395545,0,1,1,4294967295,0,0
oInvCollPH,160,592,00063D9E,0,1,1,4294967295,0,0
oInvCollPH,160,608,0036D8A7,0,1,1,4294967295,0,0
oInvCollPH,160,624,00098925,0,1,1,4294967295,0,0
oInvCollPH,160,640,0030BE62,0,1,1,4294967295,0,0
oInvCollPH,160,656,0022F68A,0,1,1,4294967295,0,0
oInvCollPH,160,672,002E44A3,0,1,1,4294967295,0,0
oInvCollPH,176,672,003BDA90,0,1,1,4294967295,0,0
oInvCollPH,176,656,00175447,0,1,1,4294967295,0,0
oInvCollPH,176,640,0019C076,0,1,1,4294967295,0,0
oInvCollPH,176,624,00354388,0,1,1,4294967295,0,0
oInvCollPH,176,608,0025A3D1,0,1,1,4294967295,0,0
oInvCollPH,176,592,0016CAA6,0,1,1,4294967295,0,0
oInvCollPH,176,576,0037E2C0,0,1,1,4294967295,0,0
oInvCollPH,176,832,003267CD,0,1,1,4294967295,0,0
oInvCollPH,192,832,0011368F,0,1,1,4294967295,0,0
oInvCollPH,208,832,00218B6E,0,1,1,4294967295,0,0
oInvCollPH,224,832,002A0515,0,1,1,4294967295,0,0
oInvCollPH,224,816,0011FDEF,0,1,1,4294967295,0,0
oInvCollPH,256,1280,0032F615,0,1,1,4294967295,0,0
oInvCollPH,272,1280,001039F7,0,1,1,4294967295,0,0
oInvCollPH,272,1296,000D2038,0,1,1,4294967295,0,0
oInvCollPH,192,1296,0017D7CF,0,1,1,4294967295,0,0
oInvCollPH,208,1296,000C709A,0,1,1,4294967295,0,0
oInvCollPH,272,1312,000FFCC3,0,1,1,4294967295,0,0
oInvCollPH,272,1328,001E591D,0,1,1,4294967295,0,0
oInvCollPH,224,1328,0030CFE1,0,1,1,4294967295,0,0
oInvCollPH,224,1344,001D9FE1,0,1,1,4294967295,0,0
oInvCollPH,224,1360,00279E9D,0,1,1,4294967295,0,0
oInvCollPH,224,1376,001F9695,0,1,1,4294967295,0,0
oInvCollPH,224,1392,003966EF,0,1,1,4294967295,0,0
oInvCollPH,240,1392,003E9D47,0,1,1,4294967295,0,0
oInvCollPH,256,1392,002D3A12,0,1,1,4294967295,0,0
oInvCollPH,272,1392,0000D123,0,1,1,4294967295,0,0
oInvCollPH,304,1344,0014BCB3,0,1,1,4294967295,0,0
oInvCollPH,320,1344,000E785A,0,1,1,4294967295,0,0
oInvCollPH,336,1344,001A5E4A,0,1,1,4294967295,0,0
oInvCollPH,288,1392,001F3C6B,0,1,1,4294967295,0,0
oInvCollPH,304,1392,00339570,0,1,1,4294967295,0,0
oInvCollPH,320,1392,0010A029,0,1,1,4294967295,0,0
oInvCollPH,336,1392,0004DE02,0,1,1,4294967295,0,0
oInvCollPH,160,1104,003C52B6,0,1,1,4294967295,0,0
oInvCollPH,160,1088,0037D43E,0,1,1,4294967295,0,0
oInvCollPH,160,1072,002023CD,0,1,1,4294967295,0,0
oInvCollPH,160,1056,0013AA20,0,1,1,4294967295,0,0
oInvCollPH,160,1040,00231038,0,1,1,4294967295,0,0
oInvCollPH,160,1024,0038735D,0,1,1,4294967295,0,0
oInvCollPH,160,1008,00395E50,0,1,1,4294967295,0,0
oInvCollPH,160,992,003C6BA2,0,1,1,4294967295,0,0
oInvCollPH,160,976,003000EA,0,1,1,4294967295,0,0
oInvCollPH,176,960,00212EAC,0,1,1,4294967295,0,0
oInvCollPH,192,960,0037DCA2,0,1,1,4294967295,0,0
oInvCollPH,208,960,0023E3D1,0,1,1,4294967295,0,0
oInvCollPH,224,960,00378F99,0,1,1,4294967295,0,0
oInvCollPH,240,960,00071798,0,1,1,4294967295,0,0
oInvCollPH,240,976,0010C0CA,0,1,1,4294967295,0,0
oInvCollPH,240,992,003BA1FE,0,1,1,4294967295,0,0
oInvCollPH,240,1008,000AF224,0,1,1,4294967295,0,0
oInvCollPH,240,1024,0033DC1C,0,1,1,4294967295,0,0
oInvCollPH,240,1040,000BCD9F,0,1,1,4294967295,0,0
oInvCollPH,240,1056,002B2DF6,0,1,1,4294967295,0,0
oInvCollPH,240,1072,0022DBA5,0,1,1,4294967295,0,0
oInvCollPH,240,1088,00164979,0,1,1,4294967295,0,0
oInvCollPH,240,1104,0018E8D2,0,1,1,4294967295,0,0
oInvCollPH,240,1120,002F39B2,0,1,1,4294967295,0,0
oInvCollPH,240,1136,002C2395,0,1,1,4294967295,0,0
oInvCollPH,240,1152,0011E7F3,0,1,1,4294967295,0,0
oInvCollPH,240,1168,0019F7EA,0,1,1,4294967295,0,0
oInvCollPH,240,1184,00091648,0,1,1,4294967295,0,0
oInvCollPH,240,1200,00020FFB,0,1,1,4294967295,0,0
oInvCollPH,240,1216,00012489,0,1,1,4294967295,0,0
oInvCollPH,240,1232,001B16EC,0,1,1,4294967295,0,0
oInvCollPH,240,1248,0008F1B1,0,1,1,4294967295,0,0
oInvCollPH,240,1264,0005F026,0,1,1,4294967295,0,0
oInvCollPH,160,1120,00114BB6,0,1,1,4294967295,0,0
oInvCollPH,160,1136,0017D370,0,1,1,4294967295,0,0
oInvCollPH,160,1152,00113AB9,0,1,1,4294967295,0,0
oInvCollPH,160,1168,002E5B31,0,1,1,4294967295,0,0
oInvCollPH,160,1184,003C408C,0,1,1,4294967295,0,0
oInvCollPH,160,1200,0027B893,0,1,1,4294967295,0,0
oInvCollPH,160,1216,0020672D,0,1,1,4294967295,0,0
oInvCollPH,160,1232,00018745,0,1,1,4294967295,0,0
oInvCollPH,160,1248,002BDABC,0,1,1,4294967295,0,0
oInvCollPH,160,1264,0026B45B,0,1,1,4294967295,0,0
oInvCollPH,176,1264,000E8C93,0,1,1,4294967295,0,0
oInvCollPH,48,2560,000A0AFE,0,1,1,4294967295,0,0
oInvCollPH,48,2576,0021ACDE,0,1,1,4294967295,0,0
oInvCollPH,48,2592,0024D985,0,1,1,4294967295,0,0
oInvCollPH,48,2608,000EA3CF,0,1,1,4294967295,0,0
oInvCollPH,48,2624,0023299A,0,1,1,4294967295,0,0
oInvCollPH,32,2624,002B3F1E,0,1,1,4294967295,0,0
oInvCollPH,16,2624,002B5BB1,0,1,1,4294967295,0,0
oInvCollPH,0,2624,00239751,0,1,1,4294967295,0,0
oInvCollPH,16,2704,001F6AF9,0,1,1,4294967295,0,0
oInvCollPH,32,2704,002B1C89,0,1,1,4294967295,0,0
oInvCollPH,48,2704,001AC907,0,1,1,4294967295,0,0
oInvCollPH,64,2704,00025924,0,1,1,4294967295,0,0
oInvCollPH,80,2704,00002096,0,1,1,4294967295,0,0
oInvCollPH,96,2704,00011CB2,0,1,1,4294967295,0,0
oInvCollPH,112,2704,00247E42,0,1,1,4294967295,0,0
oInvCollPH,128,2704,0026F6CD,0,1,1,4294967295,0,0
oInvCollPH,144,2704,0004414C,0,1,1,4294967295,0,0
oInvCollPH,160,2704,0008C5B3,0,1,1,4294967295,0,0
oInvCollPH,176,2704,002FC0BB,0,1,1,4294967295,0,0
oInvCollSM,16,2720,0014C21E,0,1,1,4294967295,0,0
oInvCollSM,32,2720,00250E36,0,1,1,4294967295,0,0
oInvCollSM,48,2720,003BAB4D,0,1,1,4294967295,0,0
oInvCollSM,64,2720,003CCF5A,0,1,1,4294967295,0,0
oInvCollSM,80,2720,003171B5,0,1,1,4294967295,0,0
oInvCollSM,96,2720,0000B021,0,1,1,4294967295,0,0
oInvCollSM,112,2720,00175597,0,1,1,4294967295,0,0
oInvCollSM,128,2720,002BE2A2,0,1,1,4294967295,0,0
oInvCollSM,144,2720,001FB540,0,1,1,4294967295,0,0
oInvCollSM,160,2720,003DD3AA,0,1,1,4294967295,0,0
oInvCollSM,176,2720,001A7B88,0,1,1,4294967295,0,0
oInvCollPH,16,2752,002614AC,0,1,1,4294967295,0,0
oInvCollPH,32,2752,0016F3D8,0,1,1,4294967295,0,0
oInvCollPH,48,2752,003447CA,0,1,1,4294967295,0,0
oInvCollPH,64,2752,000738D1,0,1,1,4294967295,0,0
oInvCollPH,80,2752,000D83B8,0,1,1,4294967295,0,0
oInvCollPH,96,2752,002243B9,0,1,1,4294967295,0,0
oInvCollPH,112,2752,002A8876,0,1,1,4294967295,0,0
oInvCollPH,128,2752,0037C0D2,0,1,1,4294967295,0,0
oInvCollPH,144,2752,003A37D5,0,1,1,4294967295,0,0
oInvCollPH,160,2752,0018C0B6,0,1,1,4294967295,0,0
oInvCollPH,176,2752,002A4BAD,0,1,1,4294967295,0,0
oInvCollPH,176,2768,003613C9,0,1,1,4294967295,0,0
oInvCollPH,208,2784,0012F554,0,1,1,4294967295,0,0
oInvCollPH,224,2784,002E1C77,0,1,1,4294967295,0,0
oInvCollPH,240,2784,000C398B,0,1,1,4294967295,0,0
oInvCollPH,256,2784,0023E735,0,1,1,4294967295,0,0
oInvCollPH,272,2784,002B4C47,0,1,1,4294967295,0,0
oInvCollPH,288,2784,000817E5,0,1,1,4294967295,0,0
oInvCollPH,304,2784,00252878,0,1,1,4294967295,0,0
oInvCollPH,320,2784,0004416C,0,1,1,4294967295,0,0
oInvCollPH,336,2784,00112849,0,1,1,4294967295,0,0
oInvCollPH,560,2784,001C180A,0,1,1,4294967295,0,0
oInvCollPH,544,2784,000D0B03,0,1,1,4294967295,0,0
oInvCollPH,528,2784,00115058,0,1,1,4294967295,0,0
oInvCollPH,512,2784,0016217A,0,1,1,4294967295,0,0
oInvCollPH,496,2784,001E05BB,0,1,1,4294967295,0,0
oInvCollPH,480,2784,000FA618,0,1,1,4294967295,0,0
oInvCollPH,464,2784,001333BE,0,1,1,4294967295,0,0
oInvCollPH,448,2784,001FCCD9,0,1,1,4294967295,0,0
oInvCollPH,432,2784,001C4C58,0,1,1,4294967295,0,0
oInvCollPH,416,2784,00014825,0,1,1,4294967295,0,0
oInvCollPH,352,2784,00273D6F,0,1,1,4294967295,0,0
oInvCollPH,368,2784,00356684,0,1,1,4294967295,0,0
oInvCollPH,384,2784,00240218,0,1,1,4294967295,0,0
oInvCollPH,400,2784,0002CE89,0,1,1,4294967295,0,0
oInvCollPH,256,2496,001822A6,0,1,1,4294967295,0,0
oInvCollPH,272,2496,00216793,0,1,1,4294967295,0,0
oInvCollPH,288,2496,00366456,0,1,1,4294967295,0,0
oInvCollPH,304,2496,0013A5DE,0,1,1,4294967295,0,0
oInvCollPH,320,2496,002A30C9,0,1,1,4294967295,0,0
oInvCollPH,336,2496,00054E6E,0,1,1,4294967295,0,0
oInvCollPH,352,2496,0037417F,0,1,1,4294967295,0,0
oInvCollPH,368,2496,00239967,0,1,1,4294967295,0,0
oInvCollPH,384,2496,0014AD24,0,1,1,4294967295,0,0
oInvCollPH,400,2496,00293A5F,0,1,1,4294967295,0,0
oInvCollPH,416,2496,00276DF8,0,1,1,4294967295,0,0
oInvCollPH,432,2496,001CA034,0,1,1,4294967295,0,0
oInvCollPH,448,2496,000F4800,0,1,1,4294967295,0,0
oInvCollPH,464,2496,001EFB41,0,1,1,4294967295,0,0
oInvCollPH,480,2496,003D7BB8,0,1,1,4294967295,0,0
oInvCollPH,240,2560,00039415,0,1,1,4294967295,0,0
oInvCollPH,240,2576,002F48FC,0,1,1,4294967295,0,0
oInvCollPH,240,2592,0003E6AD,0,1,1,4294967295,0,0
oInvCollPH,240,2608,0025D554,0,1,1,4294967295,0,0
oInvCollPH,240,2624,0017B1BE,0,1,1,4294967295,0,0
oInvCollPH,240,2640,001752E2,0,1,1,4294967295,0,0
oInvCollPH,256,2640,00008C78,0,1,1,4294967295,0,0
oInvCollPH,272,2640,0038A615,0,1,1,4294967295,0,0
oInvCollPH,288,2640,0004D418,0,1,1,4294967295,0,0
oInvCollPH,304,2640,001F5F8B,0,1,1,4294967295,0,0
oInvCollPH,320,2640,001F5AEB,0,1,1,4294967295,0,0
oInvCollPH,336,2640,003FBACB,0,1,1,4294967295,0,0
oInvCollPH,352,2640,001C0FDD,0,1,1,4294967295,0,0
oInvCollPH,368,2640,0023A69A,0,1,1,4294967295,0,0
oInvCollPH,384,2640,00097AE3,0,1,1,4294967295,0,0
oInvCollPH,400,2640,0004E39A,0,1,1,4294967295,0,0
oInvCollPH,416,2640,00232F02,0,1,1,4294967295,0,0
oInvCollPH,432,2640,001549D5,0,1,1,4294967295,0,0
oInvCollPH,448,2640,001BE835,0,1,1,4294967295,0,0
oInvCollPH,464,2640,00154E3B,0,1,1,4294967295,0,0
oInvCollPH,480,2640,0021EFE2,0,1,1,4294967295,0,0
oInvCollPH,480,2624,00380F3F,0,1,1,4294967295,0,0
oInvCollPH,480,2608,0003A28E,0,1,1,4294967295,0,0
oInvCollPH,480,2592,00350010,0,1,1,4294967295,0,0
oInvCollPH,480,2576,00323925,0,1,1,4294967295,0,0
oInvCollPH,480,2560,0035F9C7,0,1,1,4294967295,0,0
oInvCollPH,480,2544,000CFC10,0,1,1,4294967295,0,0
oInvCollPH,480,2528,0006F216,0,1,1,4294967295,0,0
oInvCollPH,480,2512,0004B33C,0,1,1,4294967295,0,0
oInvCollPH,576,2384,00089109,0,1,1,4294967295,0,0
oInvCollPH,576,2400,000A6ABB,0,1,1,4294967295,0,0
oInvCollPH,576,2416,003E177C,0,1,1,4294967295,0,0
oInvCollPH,576,2512,0028C419,0,1,1,4294967295,0,0
oInvCollPH,576,2496,000DB7DA,0,1,1,4294967295,0,0
oInvCollPH,576,2480,0021872C,0,1,1,4294967295,0,0
oInvCollPH,576,2464,001F04A6,0,1,1,4294967295,0,0
oInvCollPH,576,2448,001C0163,0,1,1,4294967295,0,0
oInvCollPH,576,2432,001BDF57,0,1,1,4294967295,0,0
oInvCollPH,576,2592,00127368,0,1,1,4294967295,0,0
oInvCollPH,576,2576,0028D18D,0,1,1,4294967295,0,0
oInvCollPH,576,2560,0035EBD5,0,1,1,4294967295,0,0
oInvCollPH,576,2544,002EBA75,0,1,1,4294967295,0,0
oInvCollPH,576,2528,00209D70,0,1,1,4294967295,0,0
oInvCollPH,576,2672,00159A4B,0,1,1,4294967295,0,0
oInvCollPH,576,2656,001FE10A,0,1,1,4294967295,0,0
oInvCollPH,576,2640,00233528,0,1,1,4294967295,0,0
oInvCollPH,576,2624,00368E46,0,1,1,4294967295,0,0
oInvCollPH,576,2608,000727C6,0,1,1,4294967295,0,0
oInvCollPH,576,2736,00076085,0,1,1,4294967295,0,0
oInvCollPH,576,2720,0026C565,0,1,1,4294967295,0,0
oInvCollPH,576,2704,002FE1C7,0,1,1,4294967295,0,0
oInvCollPH,576,2688,003B4A15,0,1,1,4294967295,0,0
oInvCollPH,576,2752,00104A68,0,1,1,4294967295,0,0
oInvCollPH,576,2768,00385C4C,0,1,1,4294967295,0,0
oInvCollPH,240,784,00355A08,0,1,1,4294967295,0,0
oInvCollPH,256,784,00009C12,0,1,1,4294967295,0,0
oInvCollPH,272,784,0018A036,0,1,1,4294967295,0,0
oInvCollPH,288,784,003B6705,0,1,1,4294967295,0,0
oInvCollPH,304,784,002D51B8,0,1,1,4294967295,0,0
oInvCollPH,320,784,001CBC2F,0,1,1,4294967295,0,0
oInvCollPH,336,784,00186F06,0,1,1,4294967295,0,0
oInvCollPH,352,784,00391C1E,0,1,1,4294967295,0,0
oInvCollPH,368,784,0015B025,0,1,1,4294967295,0,0
oInvCollPH,384,784,003572A8,0,1,1,4294967295,0,0
oInvCollPH,224,784,00176BC1,0,1,1,4294967295,0,0
oInvCollPH,208,784,002B062D,0,1,1,4294967295,0,0
oInvCollPH,192,784,001293EE,0,1,1,4294967295,0,0
oInvCollPH,176,784,0024B45E,0,1,1,4294967295,0,0
oInvCollPH,160,784,002CA9E6,0,1,1,4294967295,0,0
oInvCollPH,144,784,0007515E,0,1,1,4294967295,0,0
oInvCollPH,128,784,002757D7,0,1,1,4294967295,0,0
oInvCollPH,112,784,0018DB44,0,1,1,4294967295,0,0
oInvCollPH,96,784,00112593,0,1,1,4294967295,0,0
oInvCollPH,80,784,0039AA53,0,1,1,4294967295,0,0
oInvCollPH,64,784,001B6F86,0,1,1,4294967295,0,0
oInvCollPH,48,784,0016C65D,0,1,1,4294967295,0,0
oInvCollPH,32,800,0025563D,0,1,1,4294967295,0,0
oInvCollPH,48,800,0038AF30,0,1,1,4294967295,0,0
oInvCollPH,64,800,0026195E,0,1,1,4294967295,0,0
oInvCollPH,80,800,00100572,0,1,1,4294967295,0,0
oInvCollPH,96,800,002A20F0,0,1,1,4294967295,0,0
oInvCollPH,112,800,00279C6B,0,1,1,4294967295,0,0
oInvCollPH,128,800,0038DB10,0,1,1,4294967295,0,0
oInvCollPH,144,800,00379A97,0,1,1,4294967295,0,0
oInvCollPH,160,800,0033D655,0,1,1,4294967295,0,0
oInvCollPH,240,800,000B152C,0,1,1,4294967295,0,0
oInvCollPH,256,800,003817B9,0,1,1,4294967295,0,0
oInvCollPH,272,800,0036CA98,0,1,1,4294967295,0,0
oInvCollPH,288,800,0001F60B,0,1,1,4294967295,0,0
oInvCollPH,304,800,004022FF,0,1,1,4294967295,0,0
oInvCollPH,320,800,0037BA85,0,1,1,4294967295,0,0
oInvCollPH,336,800,003849E6,0,1,1,4294967295,0,0
oInvCollPH,352,800,003EA1EE,0,1,1,4294967295,0,0
oInvCollPH,368,800,002D0B0D,0,1,1,4294967295,0,0
oInvCollPH,384,800,00224A8A,0,1,1,4294967295,0,0
oInvCollPH,400,1152,00089633,0,1,1,4294967295,0,0
oInvCollPH,400,1136,002EA8E9,0,1,1,4294967295,0,0
oInvCollPH,400,1120,003C9EE3,0,1,1,4294967295,0,0
oInvCollPH,400,1104,0002C420,0,1,1,4294967295,0,0
oInvCollPH,400,1088,0022C537,0,1,1,4294967295,0,0
oInvCollPH,400,1072,003A89C6,0,1,1,4294967295,0,0
oInvCollPH,400,1056,00374FC6,0,1,1,4294967295,0,0
oInvCollPH,400,1040,0037688A,0,1,1,4294967295,0,0
oInvCollPH,400,1024,00079DD2,0,1,1,4294967295,0,0
oInvCollPH,400,1008,00354625,0,1,1,4294967295,0,0
oInvCollPH,400,848,002BED45,0,1,1,4294967295,0,0
oInvCollPH,400,864,0022EF98,0,1,1,4294967295,0,0
oInvCollPH,400,880,0018ED2A,0,1,1,4294967295,0,0
oInvCollPH,400,896,0027941C,0,1,1,4294967295,0,0
oInvCollPH,400,912,001ED61B,0,1,1,4294967295,0,0
oInvCollPH,400,928,00085140,0,1,1,4294967295,0,0
oInvCollPH,400,944,00348B8A,0,1,1,4294967295,0,0
oInvCollPH,400,960,002A93A0,0,1,1,4294967295,0,0
oInvCollPH,400,976,000C55D1,0,1,1,4294967295,0,0
oInvCollPH,400,992,000164AB,0,1,1,4294967295,0,0
oInvCollPH,400,736,0027C015,0,1,1,4294967295,0,0
oInvCollPH,400,752,00320183,0,1,1,4294967295,0,0
oInvCollPH,400,768,001905B3,0,1,1,4294967295,0,0
oInvCollPH,400,832,001BD781,0,1,1,4294967295,0,0
oInvCollPH,400,816,001BECF3,0,1,1,4294967295,0,0
oInvCollPH,416,720,00356460,0,1,1,4294967295,0,0
oInvCollPH,432,720,001A427F,0,1,1,4294967295,0,0
oInvCollPH,448,720,0031E91F,0,1,1,4294967295,0,0
oInvCollPH,464,720,002E9E6E,0,1,1,4294967295,0,0
oInvCollPH,480,720,0036A2F5,0,1,1,4294967295,0,0
oInvCollPH,480,736,0033A705,0,1,1,4294967295,0,0
oInvCollPH,480,752,0026A4C0,0,1,1,4294967295,0,0
oInvCollPH,480,768,00391EFA,0,1,1,4294967295,0,0
oInvCollPH,480,784,003514B5,0,1,1,4294967295,0,0
oInvCollPH,480,800,0011CB2B,0,1,1,4294967295,0,0
oInvCollPH,480,816,003C48DD,0,1,1,4294967295,0,0
oInvCollPH,480,832,002C2F4F,0,1,1,4294967295,0,0
oInvCollPH,480,848,00210984,0,1,1,4294967295,0,0
oInvCollPH,480,864,000A356D,0,1,1,4294967295,0,0
oInvCollPH,480,880,0029AC29,0,1,1,4294967295,0,0
oInvCollPH,480,896,000CBE1C,0,1,1,4294967295,0,0
oInvCollPH,480,912,00262990,0,1,1,4294967295,0,0
oInvCollPH,480,928,002DF5DC,0,1,1,4294967295,0,0
oInvCollPH,480,944,0037CF55,0,1,1,4294967295,0,0
oInvCollPH,480,960,003031BC,0,1,1,4294967295,0,0
oInvCollPH,480,976,003982CD,0,1,1,4294967295,0,0
oInvCollPH,480,992,001702C0,0,1,1,4294967295,0,0
oInvCollPH,480,1008,00386546,0,1,1,4294967295,0,0
oInvCollPH,480,1024,00129370,0,1,1,4294967295,0,0
oInvCollPH,480,1040,002B29F8,0,1,1,4294967295,0,0
oInvCollPH,480,1056,002D6F02,0,1,1,4294967295,0,0
oInvCollPH,480,1072,001045E5,0,1,1,4294967295,0,0
oInvCollPH,480,1088,002E5B2D,0,1,1,4294967295,0,0
oInvCollPH,480,1104,00114A8B,0,1,1,4294967295,0,0
oInvCollPH,480,1120,00397BD0,0,1,1,4294967295,0,0
oInvCollPH,480,1136,0021B74B,0,1,1,4294967295,0,0
oInvCollPH,480,1152,00343CA9,0,1,1,4294967295,0,0
oInvCollPH,464,1152,0011AB84,0,1,1,4294967295,0,0
oInvCollPH,448,1152,00287D3C,0,1,1,4294967295,0,0
oInvCollPH,432,1152,0023873B,0,1,1,4294967295,0,0
oInvCollPH,416,1152,0033799F,0,1,1,4294967295,0,0
oInvCollPH,16,304,003C190C,0,1,1,4294967295,0,0
oInvCollPH,16,320,003CA8A7,0,1,1,4294967295,0,0
oInvCollPH,16,336,0011A132,0,1,1,4294967295,0,0
oInvCollPH,16,352,00265B19,0,1,1,4294967295,0,0
oInvCollPH,16,368,003EF12F,0,1,1,4294967295,0,0
oInvCollPH,16,384,0006FBB8,0,1,1,4294967295,0,0
oInvCollPH,16,400,003B088D,0,1,1,4294967295,0,0
oInvCollPH,16,416,001AC4D0,0,1,1,4294967295,0,0
oInvCollPH,16,432,0025D208,0,1,1,4294967295,0,0
oInvCollPH,16,448,001202B5,0,1,1,4294967295,0,0
oInvCollPH,16,464,0011635A,0,1,1,4294967295,0,0
oInvCollPH,16,480,003EFE6D,0,1,1,4294967295,0,0
oInvCollPH,16,496,0004E249,0,1,1,4294967295,0,0
oInvCollPH,16,512,00065DBE,0,1,1,4294967295,0,0
oInvCollPH,16,528,00256C8D,0,1,1,4294967295,0,0
oInvCollPH,16,544,003BD2EF,0,1,1,4294967295,0,0
oInvCollPH,16,560,00245268,0,1,1,4294967295,0,0
oInvCollPH,16,576,0025FA0B,0,1,1,4294967295,0,0
oInvCollPH,16,592,000D5A72,0,1,1,4294967295,0,0
oInvCollPH,16,608,00050AF4,0,1,1,4294967295,0,0
oInvCollPH,16,624,0015AABC,0,1,1,4294967295,0,0
oInvCollPH,16,640,0011FAA9,0,1,1,4294967295,0,0
oInvCollPH,16,656,00072FE2,0,1,1,4294967295,0,0
oInvCollPH,16,672,001E758C,0,1,1,4294967295,0,0
oInvCollPH,16,688,0024F667,0,1,1,4294967295,0,0
oInvCollPH,16,704,000D0AFF,0,1,1,4294967295,0,0
oInvCollPH,16,720,00229FAB,0,1,1,4294967295,0,0
oInvCollPH,16,736,001868A7,0,1,1,4294967295,0,0
oInvCollPH,16,752,0023799D,0,1,1,4294967295,0,0
oInvCollPH,16,768,00114A1E,0,1,1,4294967295,0,0
oInvCollPH,16,816,00201B05,0,1,1,4294967295,0,0
oInvCollPH,16,832,003CBB24,0,1,1,4294967295,0,0
oInvCollPH,16,848,000E63DC,0,1,1,4294967295,0,0
oInvCollPH,16,864,00324455,0,1,1,4294967295,0,0
oInvCollPH,16,880,003C5262,0,1,1,4294967295,0,0
oInvCollPH,16,896,0015FAEF,0,1,1,4294967295,0,0
oInvCollPH,16,912,0028FE41,0,1,1,4294967295,0,0
oInvCollPH,16,928,00276AE9,0,1,1,4294967295,0,0
oInvCollPH,16,944,00305819,0,1,1,4294967295,0,0
oInvCollPH,16,960,00399E65,0,1,1,4294967295,0,0
oInvCollPH,16,976,00357486,0,1,1,4294967295,0,0
oInvCollPH,16,992,00299C34,0,1,1,4294967295,0,0
oInvCollPH,16,1008,0001B741,0,1,1,4294967295,0,0
oInvCollPH,16,1024,002C6C13,0,1,1,4294967295,0,0
oInvCollPH,16,1040,001B0411,0,1,1,4294967295,0,0
oInvCollPH,16,1056,000CE890,0,1,1,4294967295,0,0
oInvCollPH,16,1072,0021204E,0,1,1,4294967295,0,0
oInvCollPH,16,1088,0006184B,0,1,1,4294967295,0,0
oInvCollPH,16,1104,0000E60E,0,1,1,4294967295,0,0
oInvCollPH,16,1120,003A4436,0,1,1,4294967295,0,0
oInvCollPH,16,1136,00029F02,0,1,1,4294967295,0,0
oInvCollPH,16,1152,0011194C,0,1,1,4294967295,0,0
oInvCollPH,16,1168,00184D5B,0,1,1,4294967295,0,0
oInvCollPH,16,1184,000D5FE0,0,1,1,4294967295,0,0
oInvCollPH,16,1200,002A3A82,0,1,1,4294967295,0,0
oInvCollPH,16,1216,001994C4,0,1,1,4294967295,0,0
oInvCollPH,16,1232,003673D2,0,1,1,4294967295,0,0
oInvCollPH,16,1248,0017A98C,0,1,1,4294967295,0,0
oInvCollPH,16,1264,00180B21,0,1,1,4294967295,0,0
oInvCollPH,16,1280,00323E61,0,1,1,4294967295,0,0
oInvCollPH,16,1296,003514E6,0,1,1,4294967295,0,0
oInvCollPH,16,1312,003A79A3,0,1,1,4294967295,0,0
oInvCollPH,16,1328,00039FDB,0,1,1,4294967295,0,0
oInvCollPH,16,1344,002F1636,0,1,1,4294967295,0,0
oInvCollPH,16,1360,0027478F,0,1,1,4294967295,0,0
oInvCollPH,16,1376,002AC0DB,0,1,1,4294967295,0,0
oInvCollPH,16,1392,0016A946,0,1,1,4294967295,0,0
oInvCollPH,16,1408,002BA166,0,1,1,4294967295,0,0
oInvCollPH,16,1424,00014AF1,0,1,1,4294967295,0,0
oInvCollPH,16,1440,0036CFC6,0,1,1,4294967295,0,0
oInvCollPH,16,1456,00314E03,0,1,1,4294967295,0,0
oInvCollPH,32,1472,003D86D9,0,1,1,4294967295,0,0
oInvCollPH,48,1472,0023E0C3,0,1,1,4294967295,0,0
oInvCollPH,64,1472,0036E317,0,1,1,4294967295,0,0
oInvCollPH,80,1472,000EFAD0,0,1,1,4294967295,0,0
oInvCollPH,96,1472,00075870,0,1,1,4294967295,0,0
oInvCollPH,112,1472,00071FD2,0,1,1,4294967295,0,0
oInvCollPH,128,1472,00275A9D,0,1,1,4294967295,0,0
oInvCollPH,128,1488,0033218B,0,1,1,4294967295,0,0
oInvCollPH,128,1504,0030C995,0,1,1,4294967295,0,0
oInvCollPH,128,1520,00196924,0,1,1,4294967295,0,0
oInvCollPH,144,1536,0035221D,0,1,1,4294967295,0,0
oInvCollPH,160,1536,0010F180,0,1,1,4294967295,0,0
oInvCollPH,176,1536,0010F7A1,0,1,1,4294967295,0,0
oInvCollPH,192,1536,002A12F5,0,1,1,4294967295,0,0
oInvCollPH,208,1536,0017228E,0,1,1,4294967295,0,0
oInvCollPH,224,1536,003CA061,0,1,1,4294967295,0,0
oInvCollPH,224,1552,003770B2,0,1,1,4294967295,0,0
oInvCollPH,224,1568,00152738,0,1,1,4294967295,0,0
oInvCollPH,224,1584,0022711F,0,1,1,4294967295,0,0
oInvCollPH,224,1600,0033D849,0,1,1,4294967295,0,0
oInvCollPH,224,1616,003C4632,0,1,1,4294967295,0,0
oInvCollPH,224,1632,002C67BB,0,1,1,4294967295,0,0
oInvCollPH,224,1648,000FBB60,0,1,1,4294967295,0,0
oInvCollPH,224,1664,002DB434,0,1,1,4294967295,0,0
oInvCollPH,224,1680,00236C2B,0,1,1,4294967295,0,0
oInvCollPH,224,1696,002B4231,0,1,1,4294967295,0,0
oInvCollPH,224,1712,0002074B,0,1,1,4294967295,0,0
oInvCollPH,224,1728,0021B13A,0,1,1,4294967295,0,0
oInvCollPH,224,1744,0020993D,0,1,1,4294967295,0,0
oInvCollPH,224,1760,00187AE8,0,1,1,4294967295,0,0
oInvCollPH,224,1776,0025B215,0,1,1,4294967295,0,0
oInvCollPH,224,1792,00111772,0,1,1,4294967295,0,0
oInvCollPH,224,1808,002034D1,0,1,1,4294967295,0,0
oInvCollPH,224,1824,00011EBB,0,1,1,4294967295,0,0
oInvCollPH,224,1840,0013FCB3,0,1,1,4294967295,0,0
oInvCollPH,224,1856,0028460E,0,1,1,4294967295,0,0
oInvCollPH,224,1872,000963C2,0,1,1,4294967295,0,0
oInvCollPH,224,1888,000D6968,0,1,1,4294967295,0,0
oInvCollPH,224,1904,0038A5A9,0,1,1,4294967295,0,0
oInvCollPH,224,1920,001E3765,0,1,1,4294967295,0,0
oInvCollPH,224,1936,003BA774,0,1,1,4294967295,0,0
oInvCollPH,224,1952,003DD9EC,0,1,1,4294967295,0,0
oInvCollPH,224,1968,003F02B6,0,1,1,4294967295,0,0
oInvCollPH,224,1984,000BB7F6,0,1,1,4294967295,0,0
oInvCollPH,224,2000,00189F7A,0,1,1,4294967295,0,0
oInvCollPH,224,2016,002FDF59,0,1,1,4294967295,0,0
oInvCollPH,224,2032,0027E1BB,0,1,1,4294967295,0,0
oInvCollPH,224,2048,003E8B62,0,1,1,4294967295,0,0
oInvCollPH,224,2064,0002F662,0,1,1,4294967295,0,0
oInvCollPH,224,2080,001A718C,0,1,1,4294967295,0,0
oInvCollPH,224,2096,002EE606,0,1,1,4294967295,0,0
oInvCollPH,224,2112,001F991F,0,1,1,4294967295,0,0
oInvCollPH,224,2128,003E233A,0,1,1,4294967295,0,0
oInvCollPH,224,2144,003E800E,0,1,1,4294967295,0,0
oInvCollPH,224,2160,003B3377,0,1,1,4294967295,0,0
oInvCollPH,224,2176,00177FDF,0,1,1,4294967295,0,0
oInvCollPH,224,2192,0035EEDA,0,1,1,4294967295,0,0
oInvCollPH,224,2208,001BAE68,0,1,1,4294967295,0,0
oInvCollPH,224,2224,0027DA49,0,1,1,4294967295,0,0
oInvCollPH,224,2240,00218575,0,1,1,4294967295,0,0
oInvCollPH,224,2256,0002C7F6,0,1,1,4294967295,0,0
oInvCollPH,224,2272,000B4D75,0,1,1,4294967295,0,0
oInvCollPH,224,2288,003E4A9D,0,1,1,4294967295,0,0
oInvCollPH,224,2304,001984B8,0,1,1,4294967295,0,0
oInvCollPH,224,2320,00094A83,0,1,1,4294967295,0,0
oInvCollPH,224,2336,002AE4F1,0,1,1,4294967295,0,0
oInvCollPH,224,2352,000BC282,0,1,1,4294967295,0,0
oInvCollPH,224,2368,0019FD6C,0,1,1,4294967295,0,0
oInvCollPH,224,2384,00299A0D,0,1,1,4294967295,0,0
oInvCollPH,224,2400,001937CB,0,1,1,4294967295,0,0
oInvCollPH,224,2416,0011BB39,0,1,1,4294967295,0,0
oInvCollPH,224,2432,00105318,0,1,1,4294967295,0,0
oInvCollPH,224,2448,00034062,0,1,1,4294967295,0,0
oInvCollPH,224,2464,00156354,0,1,1,4294967295,0,0
oInvCollPH,224,2480,001561D2,0,1,1,4294967295,0,0
oInvCollPH,64,2544,0040267D,0,1,1,4294967295,0,0
oInvCollPH,80,2544,00205E41,0,1,1,4294967295,0,0
oInvCollPH,96,2544,001B507D,0,1,1,4294967295,0,0
oInvCollPH,112,2544,002FF1ED,0,1,1,4294967295,0,0
oInvCollPH,128,2544,003A04B8,0,1,1,4294967295,0,0
oInvCollPH,144,2544,0026DA32,0,1,1,4294967295,0,0
oInvCollPH,160,2544,003007F1,0,1,1,4294967295,0,0
oInvCollPH,176,2544,0005D0AA,0,1,1,4294967295,0,0
oInvCollPH,192,2544,0020B90E,0,1,1,4294967295,0,0
oInvCollPH,208,2544,0009377D,0,1,1,4294967295,0,0
oInvCollPH,224,2544,001AF231,0,1,1,4294967295,0,0
oInvCollPH,384,1488,0023DD41,0,1,1,4294967295,0,0
oInvCollPH,384,1504,001FAA6E,0,1,1,4294967295,0,0
oInvCollPH,384,1520,00359D9F,0,1,1,4294967295,0,0
oInvCollPH,384,1536,001CC297,0,1,1,4294967295,0,0
oInvCollPH,384,1552,0007DA5C,0,1,1,4294967295,0,0
oInvCollPH,384,1568,000B780D,0,1,1,4294967295,0,0
oInvCollPH,384,1584,00154E6C,0,1,1,4294967295,0,0
oInvCollPH,384,1600,00001B5B,0,1,1,4294967295,0,0
oInvCollPH,384,1616,00372D7B,0,1,1,4294967295,0,0
oInvCollPH,384,1632,0034FBBD,0,1,1,4294967295,0,0
oInvCollPH,384,1648,00054BE2,0,1,1,4294967295,0,0
oInvCollPH,384,1664,00370B01,0,1,1,4294967295,0,0
oInvCollPH,384,1680,00059F1A,0,1,1,4294967295,0,0
oInvCollPH,384,1696,0001E018,0,1,1,4294967295,0,0
oInvCollPH,384,1712,0033D72A,0,1,1,4294967295,0,0
oInvCollPH,384,1728,003F0FDB,0,1,1,4294967295,0,0
oInvCollPH,384,1744,00112AC3,0,1,1,4294967295,0,0
oInvCollPH,384,1760,003866FF,0,1,1,4294967295,0,0
oInvCollPH,384,1776,0029FF81,0,1,1,4294967295,0,0
oInvCollPH,384,1792,0021235B,0,1,1,4294967295,0,0
oInvCollPH,384,1808,00338EF7,0,1,1,4294967295,0,0
oInvCollPH,384,1824,002B8951,0,1,1,4294967295,0,0
oInvCollPH,384,1840,0015750D,0,1,1,4294967295,0,0
oInvCollPH,384,1856,0027561A,0,1,1,4294967295,0,0
oInvCollPH,384,1872,000C9261,0,1,1,4294967295,0,0
oInvCollPH,384,1888,0019F2DA,0,1,1,4294967295,0,0
oInvCollPH,384,1904,00319386,0,1,1,4294967295,0,0
oInvCollPH,384,1920,003897B2,0,1,1,4294967295,0,0
oInvCollPH,384,1936,000DA955,0,1,1,4294967295,0,0
oInvCollPH,384,1952,000D272E,0,1,1,4294967295,0,0
oInvCollPH,384,1968,00048BE4,0,1,1,4294967295,0,0
oInvCollPH,384,1984,003EE167,0,1,1,4294967295,0,0
oInvCollPH,384,2000,00254D2E,0,1,1,4294967295,0,0
oInvCollPH,384,2016,0036C51B,0,1,1,4294967295,0,0
oInvCollPH,384,2032,002B8970,0,1,1,4294967295,0,0
oInvCollPH,384,2048,000BC36F,0,1,1,4294967295,0,0
oInvCollPH,384,2064,000611FB,0,1,1,4294967295,0,0
oInvCollPH,384,2080,000FB1CB,0,1,1,4294967295,0,0
oInvCollPH,384,2096,00264774,0,1,1,4294967295,0,0
oInvCollPH,384,2112,003468E7,0,1,1,4294967295,0,0
oInvCollPH,384,2128,002EBFB1,0,1,1,4294967295,0,0
oInvCollPH,384,2144,00059EA6,0,1,1,4294967295,0,0
oInvCollPH,384,2160,0034F00F,0,1,1,4294967295,0,0
oInvCollPH,384,2176,00061D8B,0,1,1,4294967295,0,0
oInvCollPH,384,2192,000EC049,0,1,1,4294967295,0,0
oInvCollPH,384,2208,00090E7A,0,1,1,4294967295,0,0
oInvCollPH,384,2224,003C1508,0,1,1,4294967295,0,0
oInvCollPH,384,2240,002202EA,0,1,1,4294967295,0,0
oInvCollPH,384,2256,00058F85,0,1,1,4294967295,0,0
oInvCollPH,384,2272,0015EF1D,0,1,1,4294967295,0,0
oInvCollPH,384,2288,003A7CF1,0,1,1,4294967295,0,0
oInvCollPH,384,2304,003D3AA2,0,1,1,4294967295,0,0
oInvCollPH,384,2320,001A6055,0,1,1,4294967295,0,0
oInvCollPH,384,2336,00175AA0,0,1,1,4294967295,0,0
oInvCollPH,384,2352,00087C6F,0,1,1,4294967295,0,0
oInvCollPH,400,2352,002AA8E7,0,1,1,4294967295,0,0
oInvCollPH,416,2352,00170AE0,0,1,1,4294967295,0,0
oInvCollPH,432,2352,000FC646,0,1,1,4294967295,0,0
oInvCollPH,448,2352,000931B7,0,1,1,4294967295,0,0
oInvCollPH,464,2352,000C2D4D,0,1,1,4294967295,0,0
oInvCollPH,480,2352,002BB17D,0,1,1,4294967295,0,0
oInvCollPH,496,2352,00008134,0,1,1,4294967295,0,0
oInvCollPH,512,2352,000D5861,0,1,1,4294967295,0,0
oInvCollPH,528,2352,0008828D,0,1,1,4294967295,0,0
oInvCollPH,544,2352,00126FDD,0,1,1,4294967295,0,0
oInvCollPH,560,2352,001DE1F8,0,1,1,4294967295,0,0
oInvCollPH,352,1408,0019BEB2,0,1,1,4294967295,0,0
oInvCollPH,352,1424,0028CB6C,0,1,1,4294967295,0,0
oInvCollPH,352,1440,001EFA4C,0,1,1,4294967295,0,0
oInvCollPH,352,1456,0035AF4D,0,1,1,4294967295,0,0
oInvCollPH,368,1456,0006AE1C,0,1,1,4294967295,0,0
oInvCollPH,368,1344,0033806A,0,1,1,4294967295,0,0
oInvCollPH,384,1344,0020D1F8,0,1,1,4294967295,0,0
oInvCollPH,400,1344,002CEB69,0,1,1,4294967295,0,0
oInvCollPH,416,1344,002EE962,0,1,1,4294967295,0,0
oInvCollPH,432,1344,00403B90,0,1,1,4294967295,0,0
oInvCollPH,448,1344,001FDA40,0,1,1,4294967295,0,0
oInvCollPH,464,1344,0036E05D,0,1,1,4294967295,0,0
oInvCollPH,480,1344,003C60E5,0,1,1,4294967295,0,0
oInvCollPH,496,1344,002950A1,0,1,1,4294967295,0,0
oInvCollPH,512,1344,00333DDD,0,1,1,4294967295,0,0
oInvCollPH,528,1344,0013A756,0,1,1,4294967295,0,0
oInvCollPH,544,1344,00222461,0,1,1,4294967295,0,0
oInvCollPH,560,1344,0014ACC1,0,1,1,4294967295,0,0
oInvCollPH,576,1344,0006488C,0,1,1,4294967295,0,0
oInvCollPH,592,1344,003861F2,0,1,1,4294967295,0,0
oInvCollPH,608,48,001B0C72,0,1,1,4294967295,0,0
oInvCollPH,608,64,0018C7E5,0,1,1,4294967295,0,0
oInvCollPH,608,80,003099E7,0,1,1,4294967295,0,0
oInvCollPH,608,96,000AC0A9,0,1,1,4294967295,0,0
oInvCollPH,608,112,001893B1,0,1,1,4294967295,0,0
oInvCollPH,608,128,0015E099,0,1,1,4294967295,0,0
oInvCollPH,608,144,000EC17C,0,1,1,4294967295,0,0
oInvCollPH,608,160,0036AC53,0,1,1,4294967295,0,0
oInvCollPH,608,176,001E87F8,0,1,1,4294967295,0,0
oInvCollPH,608,192,002AF577,0,1,1,4294967295,0,0
oInvCollPH,608,208,00273D6B,0,1,1,4294967295,0,0
oInvCollPH,608,224,00230EE3,0,1,1,4294967295,0,0
oInvCollPH,608,240,0014F1F7,0,1,1,4294967295,0,0
oInvCollPH,608,256,003BC410,0,1,1,4294967295,0,0
oInvCollPH,608,272,0024DC25,0,1,1,4294967295,0,0
oInvCollPH,608,288,002F8238,0,1,1,4294967295,0,0
oInvCollPH,608,304,002C7022,0,1,1,4294967295,0,0
oInvCollPH,608,320,00108355,0,1,1,4294967295,0,0
oInvCollPH,608,336,00120F12,0,1,1,4294967295,0,0
oInvCollPH,608,352,00204C85,0,1,1,4294967295,0,0
oInvCollPH,608,368,003E3F49,0,1,1,4294967295,0,0
oInvCollPH,608,384,0026732C,0,1,1,4294967295,0,0
oInvCollPH,608,400,0002CD89,0,1,1,4294967295,0,0
oInvCollPH,608,416,003EF124,0,1,1,4294967295,0,0
oInvCollPH,608,432,002528C6,0,1,1,4294967295,0,0
oInvCollPH,608,448,0014C8FD,0,1,1,4294967295,0,0
oInvCollPH,608,464,0038CCDB,0,1,1,4294967295,0,0
oInvCollPH,608,480,001943D3,0,1,1,4294967295,0,0
oInvCollPH,608,496,00031843,0,1,1,4294967295,0,0
oInvCollPH,608,560,00288980,0,1,1,4294967295,0,0
oInvCollPH,608,576,0032A52F,0,1,1,4294967295,0,0
oInvCollPH,608,592,003BECA2,0,1,1,4294967295,0,0
oInvCollPH,608,608,00376453,0,1,1,4294967295,0,0
oInvCollPH,608,624,0038D1ED,0,1,1,4294967295,0,0
oInvCollPH,608,640,00336948,0,1,1,4294967295,0,0
oInvCollPH,608,656,0013C3AA,0,1,1,4294967295,0,0
oInvCollPH,608,672,0010BE60,0,1,1,4294967295,0,0
oInvCollPH,608,688,000DA5C4,0,1,1,4294967295,0,0
oInvCollPH,608,704,002E7AE7,0,1,1,4294967295,0,0
oInvCollPH,608,720,0017FBD6,0,1,1,4294967295,0,0
oInvCollPH,608,736,0002DF89,0,1,1,4294967295,0,0
oInvCollPH,608,752,001DC764,0,1,1,4294967295,0,0
oInvCollPH,608,768,00385278,0,1,1,4294967295,0,0
oInvCollPH,608,784,003846EA,0,1,1,4294967295,0,0
oInvCollPH,608,800,001DF99D,0,1,1,4294967295,0,0
oInvCollPH,608,816,000FEDF4,0,1,1,4294967295,0,0
oInvCollPH,608,832,0034C235,0,1,1,4294967295,0,0
oInvCollPH,608,848,003A37FF,0,1,1,4294967295,0,0
oInvCollPH,608,864,00095B02,0,1,1,4294967295,0,0
oInvCollPH,608,880,000F7C62,0,1,1,4294967295,0,0
oInvCollPH,608,896,00237273,0,1,1,4294967295,0,0
oInvCollPH,608,912,001269F4,0,1,1,4294967295,0,0
oInvCollPH,608,928,000C6530,0,1,1,4294967295,0,0
oInvCollPH,608,944,002EDC93,0,1,1,4294967295,0,0
oInvCollPH,608,960,003B371E,0,1,1,4294967295,0,0
oInvCollPH,608,976,0008BAD2,0,1,1,4294967295,0,0
oInvCollPH,608,992,000DCD64,0,1,1,4294967295,0,0
oInvCollPH,608,1008,00251049,0,1,1,4294967295,0,0
oInvCollPH,608,1024,000A5D40,0,1,1,4294967295,0,0
oInvCollPH,608,1040,003A221A,0,1,1,4294967295,0,0
oInvCollPH,608,1056,002C35C4,0,1,1,4294967295,0,0
oInvCollPH,608,1072,00022567,0,1,1,4294967295,0,0
oInvCollPH,608,1088,0026E409,0,1,1,4294967295,0,0
oInvCollPH,608,1104,001BF782,0,1,1,4294967295,0,0
oInvCollPH,608,1120,00038030,0,1,1,4294967295,0,0
oInvCollPH,608,1136,003EBAEA,0,1,1,4294967295,0,0
oInvCollPH,608,1152,003547F7,0,1,1,4294967295,0,0
oInvCollPH,608,1168,000C314A,0,1,1,4294967295,0,0
oInvCollPH,608,1184,0003854E,0,1,1,4294967295,0,0
oInvCollPH,608,1200,00367857,0,1,1,4294967295,0,0
oInvCollPH,608,1216,000D0E29,0,1,1,4294967295,0,0
oInvCollPH,608,1232,001ECE9E,0,1,1,4294967295,0,0
oInvCollPH,608,1248,00115E14,0,1,1,4294967295,0,0
oInvCollPH,608,1264,0008BC6A,0,1,1,4294967295,0,0
oInvCollPH,608,1280,0024D62D,0,1,1,4294967295,0,0
oInvCollPH,608,1296,001458F7,0,1,1,4294967295,0,0
oInvCollPH,608,1312,00097008,0,1,1,4294967295,0,0
oInvCollPH,608,1328,002F3D05,0,1,1,4294967295,0,0
oInvisibleSolid,32,128,001E397F,0,1,1,4294967295,0,1
oInvisibleSolid,0,0,001B9E57,0,1,1,4294967295,0,1
oInvisibleSolid,576,0,001BADAF,0,1,1,4294967295,0,1
oInvisibleSolid,608,32,0029C868,0,1,1,4294967295,0,1
oInvisibleSolid,0,32,00037198,0,1,1,4294967295,0,1
oInvisibleSolid,224,192,000117A5,0,1,1,4294967295,0,1
oInvisibleSolidMorph,0,2720,00387D7E,0,1,1,4294967295,0,1
oInvisibleSolid,0,2704,000FBBE9,0,1,1,4294967295,0,1
oInvisibleSolid,0,2752,0031D2F3,0,1,1,4294967295,0,1
oInvisibleSolid,192,2784,0010C391,0,1,1,4294967295,0,1
oInvisibleSolid,0,2560,0031391A,0,1,1,4294967295,0,1
oInvisibleSolid,240,2496,001D4B02,0,1,1,4294967295,0,1
oInvisibleSolid,576,2368,00396E6D,0,1,1,4294967295,0,1
oInvisibleSolid,0,1536,00056563,0,1,1,4294967295,0,1
oInvisibleSolid,384,1472,0026D3BB,0,1,1,4294967295,0,1
oInvisibleSolid,352,1344,0005945D,0,1,1,4294967295,0,1
oInvisibleSolid,288,1344,0018A438,0,1,1,4294967295,0,1
oInvisibleSolid,224,1312,0038D75F,0,1,1,4294967295,0,1
oInvisibleSolid,192,1280,0030717D,0,1,1,4294967295,0,1
oInvisibleSolid,0,1472,0022DC1B,0,1,1,4294967295,0,1
oInvisibleSolid,160,960,00026679,0,1,1,4294967295,0,1
oInvisibleSolid,176,816,000ED5DE,0,1,1,4294967295,0,1
oInvisibleSolid,32,784,003608AC,0,1,1,4294967295,0,1
oInvisibleSolid,400,720,00270CB0,0,1,1,4294967295,0,1
oInvisibleSolid,160,464,0033DD07,0,1,1,4294967295,0,1
oInvisibleSolid,192,544,00309BCB,0,1,1,4294967295,0,1
oInvisibleSolid,416,512,000A1974,0,1,1,4294967295,0,1
oInvisibleSolid,272,304,0008C63C,0,1,1,4294967295,0,1
oInvisibleSolid,288,336,002BA88E,0,1,1,4294967295,0,1
oInvisibleSolid,352,144,002EEDD7,0,1,1,4294967295,0,1
oInvisibleSolid,416,144,001DE1DB,0,1,1,4294967295,0,1
oTempTrapSpot,472,256,0030A816,0,1,1,4294967295,0,1
oTempTrapSpot,600,352,002900D0,0,1,1,4294967295,0,1
oTempTrapSpot,24,448,000306C5,0,1,1,4294967295,0,1
oTempTrapSpot,24,640,0038299C,0,1,1,4294967295,0,1
oTempTrapSpot,152,544,003D1719,0,1,1,4294967295,0,1
oTempTrapSpot,488,768,00204D72,0,1,1,4294967295,0,1
oTempTrapSpot,488,896,00278231,0,1,1,4294967295,0,1
oTempTrapSpot,600,1024,002E1B4C,0,1,1,4294967295,0,1
oTempTrapSpot,488,1120,00079822,0,1,1,4294967295,0,1
oTempTrapSpot,248,1136,002CB7A2,0,1,1,4294967295,0,1
oTempTrapSpot,392,1056,00180EF8,0,1,1,4294967295,0,1
oTempTrapSpot,24,1120,00266A41,0,1,1,4294967295,0,1
oTempTrapSpot,152,1024,001FA005,0,1,1,4294967295,0,1
oTempTrapSpot,152,1216,000EFD07,0,1,1,4294967295,0,1
oTempTrapSpot,376,1584,001C5E0E,0,1,1,4294967295,0,1
oTempTrapSpot,232,1776,00015409,0,1,1,4294967295,0,1
oTempTrapSpot,232,2048,004032BA,0,1,1,4294967295,0,1
oTempTrapSpot,376,2176,001F305B,0,1,1,4294967295,0,1
oTempTrapSpot,376,1888,00063A7A,0,1,1,4294967295,0,1
oTempTrapSpot,232,2256,0012EB32,0,1,1,4294967295,0,1
oTempTrapSpot,488,2576,001C2E33,0,1,1,4294967295,0,1
oTempTrapSpot,568,2576,00206D8A,0,1,1,4294967295,0,1
