oExit,0,272,003F3D0B,0,1,1,4294967295,0,1
oExit,1832,320,002211C9,0,1,1,4294967295,0,1
oZeldaBreakPot,1376,288,00341F26,0,1,1,4294967295,0,0
oZeldaBreakPot,320,288,0031E93A,0,1,1,4294967295,0,0
oZeldaBreakPot,848,288,002EA044,0,1,1,4294967295,0,0
oArrowQuiver,1776,208,003961A1,0,1,1,4294967295,0,1
oUseElevator,1840,336,000BFD2D,0,1,1,4294967295,0,0
oDoomknocker,496,304,003A4C3E,0,1,1,4294967295,0,0
oDoomknocker,848,304,00360B85,0,1,1,4294967295,0,0
oDoomknocker,1184,304,003326EF,0,1,1,4294967295,0,0
oSkullBall,1072,224,0018CB83,0,1,1,4294967295,0,0
oSkullBall,592,160,0025F3CD,0,1,1,4294967295,0,0
oSkullBall,1376,160,00026F22,0,1,1,4294967295,0,1
oFirebird,1488,304,00194992,0,1,1,4294967295,0,0
oMyu,1784,224,00004196,0,1,1,4294967295,0,0
oAche,984,120,002BA599,0,1,1,4294967295,0,0
oAche,456,120,002D0D0F,0,1,1,4294967295,0,0
oPlayer1,48,304,003EB525,0,1,1,4294967295,0,0
oInvCollPH,16,304,000581F5,0,1,1,4294967295,0,0
oInvCollPH,32,304,00078861,0,1,1,4294967295,0,0
oInvCollPH,48,304,003AC410,0,1,1,4294967295,0,0
oInvCollPH,0,96,0021BD7F,0,1,1,4294967295,0,0
oInvCollPH,16,96,00062884,0,1,1,4294967295,0,0
oInvCollPH,32,96,002F66BE,0,1,1,4294967295,0,0
oInvCollPH,48,96,00083CE3,0,1,1,4294967295,0,0
oInvCollPH,64,96,001EF6A2,0,1,1,4294967295,0,0
oInvCollPH,80,96,003BE164,0,1,1,4294967295,0,0
oInvCollPH,96,96,00107404,0,1,1,4294967295,0,0
oInvCollPH,112,96,003508B3,0,1,1,4294967295,0,0
oInvCollPH,128,96,002100CA,0,1,1,4294967295,0,0
oInvCollPH,144,96,003D9BC6,0,1,1,4294967295,0,0
oInvCollPH,160,96,00191D34,0,1,1,4294967295,0,0
oInvCollPH,176,96,00332E72,0,1,1,4294967295,0,0
oInvCollPH,192,96,00159E03,0,1,1,4294967295,0,0
oInvCollPH,208,96,00139CD5,0,1,1,4294967295,0,0
oInvCollPH,224,96,00118BB3,0,1,1,4294967295,0,0
oInvCollPH,240,96,00391D2C,0,1,1,4294967295,0,0
oInvCollPH,256,96,0038E906,0,1,1,4294967295,0,0
oInvCollPH,272,96,0039F165,0,1,1,4294967295,0,0
oInvCollPH,288,96,0024F830,0,1,1,4294967295,0,0
oInvCollPH,304,96,001533EE,0,1,1,4294967295,0,0
oInvCollPH,320,96,00186E34,0,1,1,4294967295,0,0
oInvCollPH,336,96,003FE3D5,0,1,1,4294967295,0,0
oInvCollPH,352,96,0001ABD5,0,1,1,4294967295,0,0
oInvCollPH,368,96,003FDA78,0,1,1,4294967295,0,0
oInvCollPH,384,96,00054B56,0,1,1,4294967295,0,0
oInvCollPH,400,96,0007EFD9,0,1,1,4294967295,0,0
oInvCollPH,416,96,000F2529,0,1,1,4294967295,0,0
oInvCollPH,432,96,000D74EE,0,1,1,4294967295,0,0
oInvCollPH,448,96,00330786,0,1,1,4294967295,0,0
oInvCollPH,464,96,00335977,0,1,1,4294967295,0,0
oInvCollPH,480,96,00001AE4,0,1,1,4294967295,0,0
oInvCollPH,496,96,003F4770,0,1,1,4294967295,0,0
oInvCollPH,512,96,0019055B,0,1,1,4294967295,0,0
oInvCollPH,528,96,0016941F,0,1,1,4294967295,0,0
oInvCollPH,544,96,00215C6B,0,1,1,4294967295,0,0
oInvCollPH,560,96,002F659B,0,1,1,4294967295,0,0
oInvCollPH,576,96,003BF412,0,1,1,4294967295,0,0
oInvCollPH,592,96,002D3DFC,0,1,1,4294967295,0,0
oInvCollPH,608,96,000A96F2,0,1,1,4294967295,0,0
oInvCollPH,624,96,003A8A90,0,1,1,4294967295,0,0
oInvCollPH,640,96,000B30F1,0,1,1,4294967295,0,0
oInvCollPH,656,96,000299BB,0,1,1,4294967295,0,0
oInvCollPH,672,96,003222CE,0,1,1,4294967295,0,0
oInvCollPH,688,96,0004611D,0,1,1,4294967295,0,0
oInvCollPH,704,96,001E59F1,0,1,1,4294967295,0,0
oInvCollPH,720,96,00271CE8,0,1,1,4294967295,0,0
oInvCollPH,736,96,0027E525,0,1,1,4294967295,0,0
oInvCollPH,752,96,00159889,0,1,1,4294967295,0,0
oInvCollPH,768,96,001C59EC,0,1,1,4294967295,0,0
oInvCollPH,784,96,0008F7E4,0,1,1,4294967295,0,0
oInvCollPH,800,96,0019AC06,0,1,1,4294967295,0,0
oInvCollPH,64,304,00133E4D,0,1,1,4294967295,0,0
oInvCollPH,80,304,0037C3CC,0,1,1,4294967295,0,0
oInvCollPH,96,304,002809D9,0,1,1,4294967295,0,0
oInvCollPH,112,304,0005C459,0,1,1,4294967295,0,0
oInvCollPH,128,304,002DBE60,0,1,1,4294967295,0,0
oInvCollPH,144,304,002CB5AF,0,1,1,4294967295,0,0
oInvCollPH,160,304,001ABA23,0,1,1,4294967295,0,0
oInvCollPH,176,304,001AAF94,0,1,1,4294967295,0,0
oInvCollPH,192,304,002844F4,0,1,1,4294967295,0,0
oInvCollPH,208,304,00080A0F,0,1,1,4294967295,0,0
oInvCollPH,224,304,003B7649,0,1,1,4294967295,0,0
oInvCollPH,240,304,000C8076,0,1,1,4294967295,0,0
oInvCollPH,256,304,00343A38,0,1,1,4294967295,0,0
oInvCollPH,272,304,0007D79C,0,1,1,4294967295,0,0
oInvCollPH,288,304,0016200C,0,1,1,4294967295,0,0
oInvCollPH,304,304,003E1179,0,1,1,4294967295,0,0
oInvCollPH,320,304,0023F468,0,1,1,4294967295,0,0
oInvCollPH,336,304,0038F66C,0,1,1,4294967295,0,0
oInvCollPH,352,304,000BA04D,0,1,1,4294967295,0,0
oInvCollPH,368,304,0023F326,0,1,1,4294967295,0,0
oInvCollPH,384,304,000F1616,0,1,1,4294967295,0,0
oInvCollPH,400,304,0004C394,0,1,1,4294967295,0,0
oInvCollPH,416,304,0023E545,0,1,1,4294967295,0,0
oInvCollPH,432,304,00230CE2,0,1,1,4294967295,0,0
oInvCollPH,448,304,000CF792,0,1,1,4294967295,0,0
oInvCollPH,464,304,0034F36A,0,1,1,4294967295,0,0
oInvCollPH,480,304,0021D7C0,0,1,1,4294967295,0,0
oInvCollPH,496,304,002E6CE6,0,1,1,4294967295,0,0
oInvCollPH,512,304,003D77BE,0,1,1,4294967295,0,0
oInvCollPH,528,304,003868CA,0,1,1,4294967295,0,0
oInvCollPH,544,304,0037931F,0,1,1,4294967295,0,0
oInvCollPH,560,304,0004B7CC,0,1,1,4294967295,0,0
oInvCollPH,576,304,00261D6A,0,1,1,4294967295,0,0
oInvCollPH,592,304,00169504,0,1,1,4294967295,0,0
oInvCollPH,608,304,000747D2,0,1,1,4294967295,0,0
oInvCollPH,624,304,003748F8,0,1,1,4294967295,0,0
oInvCollPH,640,304,003DB78F,0,1,1,4294967295,0,0
oInvCollPH,656,304,003CC24E,0,1,1,4294967295,0,0
oInvCollPH,672,304,003489E6,0,1,1,4294967295,0,0
oInvCollPH,688,304,0031CB1A,0,1,1,4294967295,0,0
oInvCollPH,704,304,0007373A,0,1,1,4294967295,0,0
oInvCollPH,720,304,00296AD7,0,1,1,4294967295,0,0
oInvCollPH,736,304,000DD490,0,1,1,4294967295,0,0
oInvCollPH,752,304,0014E485,0,1,1,4294967295,0,0
oInvCollPH,768,304,003B1FC9,0,1,1,4294967295,0,0
oInvCollPH,784,304,000D2CCC,0,1,1,4294967295,0,0
oInvCollPH,800,304,00373281,0,1,1,4294967295,0,0
oInvCollPH,816,96,0038158A,0,1,1,4294967295,0,0
oInvCollPH,832,96,003CC82C,0,1,1,4294967295,0,0
oInvCollPH,848,96,003EA102,0,1,1,4294967295,0,0
oInvCollPH,864,96,0039C476,0,1,1,4294967295,0,0
oInvCollPH,880,96,003FEEBC,0,1,1,4294967295,0,0
oInvCollPH,896,96,003CE36B,0,1,1,4294967295,0,0
oInvCollPH,912,96,0035FB9B,0,1,1,4294967295,0,0
oInvCollPH,928,96,000139A6,0,1,1,4294967295,0,0
oInvCollPH,944,96,00061EB9,0,1,1,4294967295,0,0
oInvCollPH,960,96,00278615,0,1,1,4294967295,0,0
oInvCollPH,976,96,0016D62D,0,1,1,4294967295,0,0
oInvCollPH,992,96,0010696B,0,1,1,4294967295,0,0
oInvCollPH,1008,96,001BDEA2,0,1,1,4294967295,0,0
oInvCollPH,1024,96,0019F0A0,0,1,1,4294967295,0,0
oInvCollPH,1040,96,0015E6B5,0,1,1,4294967295,0,0
oInvCollPH,1056,96,000BA181,0,1,1,4294967295,0,0
oInvCollPH,1072,96,003FE5A3,0,1,1,4294967295,0,0
oInvCollPH,1088,96,0024A159,0,1,1,4294967295,0,0
oInvCollPH,1104,96,00204FAC,0,1,1,4294967295,0,0
oInvCollPH,1120,96,000CA02D,0,1,1,4294967295,0,0
oInvCollPH,1136,96,0037D670,0,1,1,4294967295,0,0
oInvCollPH,1152,96,00319EB4,0,1,1,4294967295,0,0
oInvCollPH,1168,96,00380A17,0,1,1,4294967295,0,0
oInvCollPH,1184,96,003A2ECF,0,1,1,4294967295,0,0
oInvCollPH,1200,96,0004C4D8,0,1,1,4294967295,0,0
oInvCollPH,1216,96,003625B8,0,1,1,4294967295,0,0
oInvCollPH,1232,96,0006BECF,0,1,1,4294967295,0,0
oInvCollPH,1248,96,00341BCE,0,1,1,4294967295,0,0
oInvCollPH,1264,96,003EB6D0,0,1,1,4294967295,0,0
oInvCollPH,1280,96,00262304,0,1,1,4294967295,0,0
oInvCollPH,1296,96,003CF123,0,1,1,4294967295,0,0
oInvCollPH,1312,96,0034AC67,0,1,1,4294967295,0,0
oInvCollPH,1328,96,002F725A,0,1,1,4294967295,0,0
oInvCollPH,1344,96,00310DB0,0,1,1,4294967295,0,0
oInvCollPH,1360,96,001A3137,0,1,1,4294967295,0,0
oInvCollPH,1376,96,00123FFB,0,1,1,4294967295,0,0
oInvCollPH,1392,96,001EC898,0,1,1,4294967295,0,0
oInvCollPH,1408,96,001DD74F,0,1,1,4294967295,0,0
oInvCollPH,1424,96,001B5C61,0,1,1,4294967295,0,0
oInvCollPH,1440,96,00249ECF,0,1,1,4294967295,0,0
oInvCollPH,816,304,0002AA2D,0,1,1,4294967295,0,0
oInvCollPH,832,304,002FA209,0,1,1,4294967295,0,0
oInvCollPH,848,304,000702F4,0,1,1,4294967295,0,0
oInvCollPH,864,304,001889FC,0,1,1,4294967295,0,0
oInvCollPH,880,304,00243A55,0,1,1,4294967295,0,0
oInvCollPH,896,304,000646F8,0,1,1,4294967295,0,0
oInvCollPH,912,304,0033B731,0,1,1,4294967295,0,0
oInvCollPH,928,304,001571FC,0,1,1,4294967295,0,0
oInvCollPH,944,304,0010CBA7,0,1,1,4294967295,0,0
oInvCollPH,960,304,0006BF1F,0,1,1,4294967295,0,0
oInvCollPH,976,304,0024B3F3,0,1,1,4294967295,0,0
oInvCollPH,992,304,001FC5D1,0,1,1,4294967295,0,0
oInvCollPH,1008,304,000671A8,0,1,1,4294967295,0,0
oInvCollPH,1024,304,001CA738,0,1,1,4294967295,0,0
oInvCollPH,1040,304,00363D75,0,1,1,4294967295,0,0
oInvCollPH,1056,304,0039A679,0,1,1,4294967295,0,0
oInvCollPH,1072,304,0011CF8C,0,1,1,4294967295,0,0
oInvCollPH,1088,304,00008514,0,1,1,4294967295,0,0
oInvCollPH,1104,304,0015BF41,0,1,1,4294967295,0,0
oInvCollPH,1120,304,000FA91B,0,1,1,4294967295,0,0
oInvCollPH,1136,304,002BD45C,0,1,1,4294967295,0,0
oInvCollPH,1152,304,0038ED61,0,1,1,4294967295,0,0
oInvCollPH,1168,304,001F7526,0,1,1,4294967295,0,0
oInvCollPH,1184,304,0012C06D,0,1,1,4294967295,0,0
oInvCollPH,1200,304,00311C5A,0,1,1,4294967295,0,0
oInvCollPH,1216,304,00195E62,0,1,1,4294967295,0,0
oInvCollPH,1232,304,003E9D41,0,1,1,4294967295,0,0
oInvCollPH,1248,304,002A06FB,0,1,1,4294967295,0,0
oInvCollPH,1264,304,001E6F7C,0,1,1,4294967295,0,0
oInvCollPH,1280,304,001E084F,0,1,1,4294967295,0,0
oInvCollPH,1296,304,000757D8,0,1,1,4294967295,0,0
oInvCollPH,1312,304,00402BDD,0,1,1,4294967295,0,0
oInvCollPH,1328,304,000CC7F8,0,1,1,4294967295,0,0
oInvCollPH,1344,304,0001E1F0,0,1,1,4294967295,0,0
oInvCollPH,1360,304,000D3861,0,1,1,4294967295,0,0
oInvCollPH,1376,304,0038C5D3,0,1,1,4294967295,0,0
oInvCollPH,1392,304,003834F2,0,1,1,4294967295,0,0
oInvCollPH,1408,304,000E6610,0,1,1,4294967295,0,0
oInvCollPH,1424,304,000492AD,0,1,1,4294967295,0,0
oInvCollPH,1440,304,002D8684,0,1,1,4294967295,0,0
oInvCollPH,1456,96,002B98CA,0,1,1,4294967295,0,0
oInvCollPH,1472,96,0025D86B,0,1,1,4294967295,0,0
oInvCollPH,1488,96,0018AB7E,0,1,1,4294967295,0,0
oInvCollPH,1504,96,002163CC,0,1,1,4294967295,0,0
oInvCollPH,1520,96,003FCF64,0,1,1,4294967295,0,0
oInvCollPH,1536,96,00231791,0,1,1,4294967295,0,0
oInvCollPH,1552,96,0023DCAB,0,1,1,4294967295,0,0
oInvCollPH,1568,96,0029D4BA,0,1,1,4294967295,0,0
oInvCollPH,1584,96,00235573,0,1,1,4294967295,0,0
oInvCollPH,1600,96,00347934,0,1,1,4294967295,0,0
oInvCollPH,1616,96,00105401,0,1,1,4294967295,0,0
oInvCollPH,1632,96,001C144B,0,1,1,4294967295,0,0
oInvCollPH,1648,96,003BEDDF,0,1,1,4294967295,0,0
oInvCollPH,1664,96,00278826,0,1,1,4294967295,0,0
oInvCollPH,1680,96,00331BCA,0,1,1,4294967295,0,0
oInvCollPH,1696,96,001EF306,0,1,1,4294967295,0,0
oInvCollPH,1712,96,0036F2B7,0,1,1,4294967295,0,0
oInvCollPH,1728,96,002F78A8,0,1,1,4294967295,0,0
oInvCollPH,1744,96,00029E58,0,1,1,4294967295,0,0
oInvCollPH,1760,96,000DE6FC,0,1,1,4294967295,0,0
oInvCollPH,1776,96,00396347,0,1,1,4294967295,0,0
oInvCollPH,1456,304,003A109E,0,1,1,4294967295,0,0
oInvCollPH,1472,304,00212FC9,0,1,1,4294967295,0,0
oInvCollPH,1488,304,002F25D8,0,1,1,4294967295,0,0
oInvCollPH,1504,304,00259F63,0,1,1,4294967295,0,0
oInvCollPH,1520,304,003CB47B,0,1,1,4294967295,0,0
oInvCollPH,1536,304,00363AB2,0,1,1,4294967295,0,0
oInvCollPH,1552,304,000835F3,0,1,1,4294967295,0,0
oInvCollPH,1568,304,0005385F,0,1,1,4294967295,0,0
oInvCollPH,1584,304,002F2866,0,1,1,4294967295,0,0
oInvCollPH,1600,304,00318BB8,0,1,1,4294967295,0,0
oInvCollPH,1616,304,00356B22,0,1,1,4294967295,0,0
oInvCollPH,1632,304,003047F7,0,1,1,4294967295,0,0
oInvCollPH,1648,304,003B9CD4,0,1,1,4294967295,0,0
oInvCollPH,1664,304,0016495F,0,1,1,4294967295,0,0
oInvCollPH,1680,304,002B6505,0,1,1,4294967295,0,0
oInvCollPH,1696,304,001C16C4,0,1,1,4294967295,0,0
oInvCollPH,1712,304,003A018D,0,1,1,4294967295,0,0
oInvCollPH,1728,304,00027F7E,0,1,1,4294967295,0,0
oInvCollPH,1744,304,002ACB57,0,1,1,4294967295,0,0
oInvCollPH,1760,304,0010CF5B,0,1,1,4294967295,0,0
oInvCollPH,1776,304,001F78FB,0,1,1,4294967295,0,0
oInvCollPH,1792,304,0035F9DC,0,1,1,4294967295,0,0
oInvCollPH,1808,304,002D3A24,0,1,1,4294967295,0,0
oInvCollPH,1856,256,000AD9A6,0,1,1,4294967295,0,0
oInvCollPH,1856,272,00177B2F,0,1,1,4294967295,0,0
oInvCollPH,1856,288,002A649F,0,1,1,4294967295,0,0
oInvCollPH,1856,304,002F435B,0,1,1,4294967295,0,0
oInvCollPH,1856,320,0027BF50,0,1,1,4294967295,0,0
oInvCollPH,1856,336,000D68CF,0,1,1,4294967295,0,0
oInvCollPH,1792,128,00237D95,0,1,1,4294967295,0,0
oInvCollPH,1792,144,00047CBF,0,1,1,4294967295,0,0
oInvCollPH,1792,160,0006B4F2,0,1,1,4294967295,0,0
oInvCollPH,1792,176,003F55CF,0,1,1,4294967295,0,0
oInvCollPH,1792,192,0024AE20,0,1,1,4294967295,0,0
oInvCollPH,1792,208,00364768,0,1,1,4294967295,0,0
oInvCollPH,1792,224,001B1E97,0,1,1,4294967295,0,0
oInvCollPH,1808,224,003E2309,0,1,1,4294967295,0,0
oInvCollPH,1824,224,0013445D,0,1,1,4294967295,0,0
oInvCollPH,1840,224,00382E1E,0,1,1,4294967295,0,0
oInvCollPH,1808,320,0036C9E4,0,1,1,4294967295,0,0
oInvCollPH,1808,336,00160FFB,0,1,1,4294967295,0,0
oInvisibleSolid,0,304,0017421E,0,1,1,4294967295,0,1
oInvisibleSolid,1776,224,0017B5F5,0,1,1,4294967295,0,0
oInvisibleSolid,1856,240,002C4E30,0,1,1,4294967295,0,1
oInvisibleSolid,1792,112,0022E0E4,0,1,1,4294967295,0,1
oInvisibleSolid,0,80,001C826E,0,1,1,4294967295,0,1
