oExit,0,1328,000E11D6,0,1,1,4294967295,0,1
oExit,0,64,0005839D,0,1,1,4294967295,0,1
oExit,416,32,002C589B,0,1,1,4294967295,0,1
oMetroidCheckpoint,128,1328,003AD297,0,1,1,4294967295,0,0
oMetGeemer,96,624,0026701B,0,1,1,4294967295,0,1
oMetGeemer,96,1088,002DE0E4,0,1,1,4294967295,0,1
oMetSkree,192,496,0028DA01,0,1,1,4294967295,0,0
oPlayer1,64,1360,00191B63,0,1,1,4294967295,0,0
oMetroidDoorHolder,16,1328,00135668,0,1,1,4294967295,0,1
oMetroidDoorHolder,16,64,00336318,0,1,1,4294967295,0,1
oMetFireFlea,320,1216,0029510B,0,1,1,4294967295,0,1
oMetFireFlea,320,1264,003BB5C2,0,1,1,4294967295,0,1
oMetFireFlea,256,1088,00230AAB,0,1,1,4294967295,0,1
oMetFireFlea,160,1104,003FEE1E,0,1,1,4294967295,0,1
oMetFireFlea,112,992,00227712,0,1,1,4294967295,0,1
oMetFireFlea,240,964,000F06AC,0,1,1,4294967295,0,1
oMetFireFlea,336,988,00205D86,0,1,1,4294967295,0,1
oMetFireFlea,256,848,000BB9A8,0,1,1,4294967295,0,1
oMetFireFlea,256,736,0029CFE9,0,1,1,4294967295,0,1
oMetFireFlea,368,736,002C0FC5,0,1,1,4294967295,0,1
oMetFireFlea,400,632,0024FDA1,0,1,1,4294967295,0,1
oMetFireFlea,336,704,003B362A,0,1,1,4294967295,0,1
oMetFireFlea,272,632,003F0C4C,0,1,1,4294967295,0,1
oMetFireFlea,304,560,001CE2FA,0,1,1,4294967295,0,1
oMetFireFlea,304,472,001DB939,0,1,1,4294967295,0,1
oMetFireFlea,128,232,000E921B,0,1,1,4294967295,0,1
oMetFireFlea,272,128,0022490A,0,1,1,4294967295,0,1
oMetFireFlea,416,232,002C6D41,0,1,1,4294967295,0,1
oMetLava,0,1408,0035ED41,0,1,1,4294967295,0,1
oInvCollPH,352,1264,0034169E,0,1,1,4294967295,0,0
oInvCollPH,352,1280,00113ECE,0,1,1,4294967295,0,0
oInvCollPH,368,1280,00006921,0,1,1,4294967295,0,0
oInvCollPH,384,1280,001A24A3,0,1,1,4294967295,0,0
oInvCollPH,384,1264,00232F5B,0,1,1,4294967295,0,0
oInvCollPH,384,1248,00096AB4,0,1,1,4294967295,0,0
oInvCollPH,368,1248,003823C6,0,1,1,4294967295,0,0
oInvCollPH,176,304,0014C394,0,1,1,4294967295,0,0
oInvCollPH,192,304,0002B6AD,0,1,1,4294967295,0,0
oInvCollPH,192,288,0029FAD4,0,1,1,4294967295,0,0
oInvCollPH,256,224,000989A9,0,1,1,4294967295,0,0
oInvCollPH,272,224,003AA16F,0,1,1,4294967295,0,0
oInvCollPH,272,208,00353E52,0,1,1,4294967295,0,0
oInvCollPH,176,144,001D2AE0,0,1,1,4294967295,0,0
oInvCollPH,192,144,0035DC11,0,1,1,4294967295,0,0
oInvCollPH,192,128,001DE4BF,0,1,1,4294967295,0,0
oInvCollPH,336,144,001FBF95,0,1,1,4294967295,0,0
oInvCollPH,352,144,000A0DD6,0,1,1,4294967295,0,0
oInvCollPH,352,128,0024F523,0,1,1,4294967295,0,0
oInvCollPH,336,304,00016D55,0,1,1,4294967295,0,0
oInvCollPH,352,304,0019F270,0,1,1,4294967295,0,0
oInvCollPH,352,288,00098A3D,0,1,1,4294967295,0,0
oInvCollPH,0,16,0037C2C7,0,1,1,4294967295,0,0
oInvCollPH,16,16,002ED24C,0,1,1,4294967295,0,0
oInvCollPH,32,16,0003B847,0,1,1,4294967295,0,0
oInvCollPH,48,16,00241FA2,0,1,1,4294967295,0,0
oInvCollPH,64,16,0011F86D,0,1,1,4294967295,0,0
oInvCollPH,80,16,002B0A4A,0,1,1,4294967295,0,0
oInvCollPH,96,16,003DE861,0,1,1,4294967295,0,0
oInvCollPH,112,16,000422DF,0,1,1,4294967295,0,0
oInvCollPH,128,16,0024A61C,0,1,1,4294967295,0,0
oInvCollPH,144,16,00205A1C,0,1,1,4294967295,0,0
oInvCollPH,160,16,001E5D55,0,1,1,4294967295,0,0
oInvCollPH,176,16,001FEDA3,0,1,1,4294967295,0,0
oInvCollPH,192,16,0004CCFF,0,1,1,4294967295,0,0
oInvCollPH,208,16,00139DAA,0,1,1,4294967295,0,0
oInvCollPH,224,16,002D4B71,0,1,1,4294967295,0,0
oInvCollPH,240,16,003A65CD,0,1,1,4294967295,0,0
oInvCollPH,256,16,00042649,0,1,1,4294967295,0,0
oInvCollPH,272,16,00137790,0,1,1,4294967295,0,0
oInvCollPH,288,16,003A03E0,0,1,1,4294967295,0,0
oInvCollPH,304,16,003267BA,0,1,1,4294967295,0,0
oInvCollPH,320,16,001AFB6C,0,1,1,4294967295,0,0
oInvCollPH,336,16,0035DFD2,0,1,1,4294967295,0,0
oInvCollPH,352,16,0018FE72,0,1,1,4294967295,0,0
oInvCollPH,368,16,00336E80,0,1,1,4294967295,0,0
oInvCollPH,384,16,00081639,0,1,1,4294967295,0,0
oInvCollPH,400,16,0017EC53,0,1,1,4294967295,0,0
oInvCollPH,416,16,00136E11,0,1,1,4294967295,0,0
oInvCollPH,448,448,002F65DF,0,1,1,4294967295,0,0
oInvCollPH,448,464,002379CC,0,1,1,4294967295,0,0
oInvCollPH,448,480,002B19C4,0,1,1,4294967295,0,0
oInvCollPH,448,496,002B9113,0,1,1,4294967295,0,0
oInvCollPH,368,576,00322475,0,1,1,4294967295,0,0
oInvCollPH,352,608,0024D85A,0,1,1,4294967295,0,0
oInvCollPH,368,608,003D55BE,0,1,1,4294967295,0,0
oInvCollPH,192,592,000E35C5,0,1,1,4294967295,0,0
oInvCollPH,208,592,0002B6EA,0,1,1,4294967295,0,0
oInvCollPH,224,592,000DF06E,0,1,1,4294967295,0,0
oInvCollPH,240,592,00373755,0,1,1,4294967295,0,0
oInvCollPH,176,608,0012A649,0,1,1,4294967295,0,0
oInvCollPH,192,608,002B5576,0,1,1,4294967295,0,0
oInvCollPH,208,608,0027A871,0,1,1,4294967295,0,0
oInvCollPH,224,608,00067322,0,1,1,4294967295,0,0
oInvCollPH,240,608,00394C10,0,1,1,4294967295,0,0
oInvCollPH,272,560,0026E48B,0,1,1,4294967295,0,0
oInvCollPH,288,560,002A28C7,0,1,1,4294967295,0,0
oInvCollPH,304,560,00014FEC,0,1,1,4294967295,0,0
oInvCollPH,320,560,0008DC9E,0,1,1,4294967295,0,0
oInvCollPH,336,560,000A577F,0,1,1,4294967295,0,0
oInvCollPH,256,576,00212650,0,1,1,4294967295,0,0
oInvCollPH,256,608,0002B775,0,1,1,4294967295,0,0
oInvCollPH,272,608,001D6196,0,1,1,4294967295,0,0
oInvCollPH,288,608,0032CC32,0,1,1,4294967295,0,0
oInvCollPH,304,608,002FF294,0,1,1,4294967295,0,0
oInvCollPH,320,608,000C8A85,0,1,1,4294967295,0,0
oInvCollPH,336,608,0009F6F0,0,1,1,4294967295,0,0
oInvCollPH,224,400,0024D00E,0,1,1,4294967295,0,0
oInvCollPH,240,400,000F8DD7,0,1,1,4294967295,0,0
oInvCollPH,256,400,000C8E05,0,1,1,4294967295,0,0
oInvCollPH,272,400,0030C460,0,1,1,4294967295,0,0
oInvCollPH,288,400,0027C1D2,0,1,1,4294967295,0,0
oInvCollPH,304,400,002BD82A,0,1,1,4294967295,0,0
oInvCollPH,320,400,00348C4C,0,1,1,4294967295,0,0
oInvCollPH,336,400,0033FB52,0,1,1,4294967295,0,0
oInvCollPH,352,416,002E40CB,0,1,1,4294967295,0,0
oInvCollPH,352,432,000E1031,0,1,1,4294967295,0,0
oInvCollPH,336,448,0022B3A2,0,1,1,4294967295,0,0
oInvCollPH,320,448,00018C7D,0,1,1,4294967295,0,0
oInvCollPH,304,448,00375024,0,1,1,4294967295,0,0
oInvCollPH,288,448,001E5B73,0,1,1,4294967295,0,0
oInvCollPH,272,448,002CE6BD,0,1,1,4294967295,0,0
oInvCollPH,256,448,0000B5B1,0,1,1,4294967295,0,0
oInvCollPH,240,448,001CE6CB,0,1,1,4294967295,0,0
oInvCollPH,224,448,0007DE00,0,1,1,4294967295,0,0
oInvCollPH,208,448,0028CFE6,0,1,1,4294967295,0,0
oInvCollPH,16,96,003C3E6D,0,1,1,4294967295,0,0
oInvCollPH,32,96,00185A16,0,1,1,4294967295,0,0
oInvCollPH,48,96,002988BE,0,1,1,4294967295,0,0
oInvCollPH,64,96,0024AE0F,0,1,1,4294967295,0,0
oInvCollPH,80,96,00364195,0,1,1,4294967295,0,0
oInvCollPH,96,96,00117F89,0,1,1,4294967295,0,0
oInvCollPH,96,112,00401F03,0,1,1,4294967295,0,0
oInvCollPH,96,128,000C7E87,0,1,1,4294967295,0,0
oInvCollPH,96,144,002155AF,0,1,1,4294967295,0,0
oInvCollPH,80,144,00223686,0,1,1,4294967295,0,0
oInvCollPH,64,160,0011C8EF,0,1,1,4294967295,0,0
oInvCollPH,64,176,000C89DF,0,1,1,4294967295,0,0
oInvCollPH,64,192,00063462,0,1,1,4294967295,0,0
oInvCollPH,64,208,0002CAAC,0,1,1,4294967295,0,0
oInvCollPH,64,224,002C0A49,0,1,1,4294967295,0,0
oInvCollPH,64,304,000E80F4,0,1,1,4294967295,0,0
oInvCollPH,64,288,0034A35E,0,1,1,4294967295,0,0
oInvCollPH,64,272,00294B4D,0,1,1,4294967295,0,0
oInvCollPH,64,256,0014307C,0,1,1,4294967295,0,0
oInvCollPH,64,240,00020CDE,0,1,1,4294967295,0,0
oInvCollPH,64,384,002DE757,0,1,1,4294967295,0,0
oInvCollPH,64,368,00242968,0,1,1,4294967295,0,0
oInvCollPH,64,352,002EF98D,0,1,1,4294967295,0,0
oInvCollPH,64,336,001B4D40,0,1,1,4294967295,0,0
oInvCollPH,64,320,0021A28C,0,1,1,4294967295,0,0
oInvCollPH,144,400,000EEF08,0,1,1,4294967295,0,0
oInvCollPH,128,400,001E5DD3,0,1,1,4294967295,0,0
oInvCollPH,112,400,001D8731,0,1,1,4294967295,0,0
oInvCollPH,96,400,000907D3,0,1,1,4294967295,0,0
oInvCollPH,80,400,002655D2,0,1,1,4294967295,0,0
oInvCollPH,160,400,003E5E85,0,1,1,4294967295,0,0
oInvCollPH,176,400,0031F2B9,0,1,1,4294967295,0,0
oInvCollPH,192,400,003F837F,0,1,1,4294967295,0,0
oInvCollPH,192,464,0028C130,0,1,1,4294967295,0,0
oInvCollPH,192,480,00393EB4,0,1,1,4294967295,0,0
oInvCollPH,176,480,002D7AB5,0,1,1,4294967295,0,0
oInvCollPH,160,480,0012951F,0,1,1,4294967295,0,0
oInvCollPH,144,480,0013680B,0,1,1,4294967295,0,0
oInvCollPH,128,480,003B9AAE,0,1,1,4294967295,0,0
oInvCollPH,112,496,0012C920,0,1,1,4294967295,0,0
oInvCollPH,112,512,002E2214,0,1,1,4294967295,0,0
oInvCollPH,112,528,00094A6A,0,1,1,4294967295,0,0
oInvCollPH,112,544,0020F1A0,0,1,1,4294967295,0,0
oInvCollPH,112,560,001CDDDE,0,1,1,4294967295,0,0
oInvCollPH,96,560,00207CEA,0,1,1,4294967295,0,0
oInvCollPH,80,576,0016C06B,0,1,1,4294967295,0,0
oInvCollPH,80,592,000B744E,0,1,1,4294967295,0,0
oInvCollPH,80,608,000C7727,0,1,1,4294967295,0,0
oInvCollPH,80,624,003BA4E1,0,1,1,4294967295,0,0
oInvCollPH,80,640,0002792F,0,1,1,4294967295,0,0
oInvCollPH,80,656,0037BD84,0,1,1,4294967295,0,0
oInvCollPH,160,784,00400E6A,0,1,1,4294967295,0,0
oInvCollPH,176,784,003765D2,0,1,1,4294967295,0,0
oInvCollPH,192,784,003E7DBE,0,1,1,4294967295,0,0
oInvCollPH,208,784,0009BC7E,0,1,1,4294967295,0,0
oInvCollPH,224,784,003ECB45,0,1,1,4294967295,0,0
oInvCollSM,304,880,003D621B,0,1,1,4294967295,0,0
oInvCollSM,320,880,001886EF,0,1,1,4294967295,0,0
oInvCollSM,336,880,0036E5F0,0,1,1,4294967295,0,0
oInvCollSM,160,752,001CF407,0,1,1,4294967295,0,0
oInvCollSM,176,752,0022A451,0,1,1,4294967295,0,0
oInvCollSM,192,752,001CD1A4,0,1,1,4294967295,0,0
oInvCollSM,208,752,001004DB,0,1,1,4294967295,0,0
oInvCollSM,288,752,0017B0E7,0,1,1,4294967295,0,0
oInvCollSM,272,752,000149A5,0,1,1,4294967295,0,0
oInvCollSM,256,752,000CD46A,0,1,1,4294967295,0,0
oInvCollSM,240,752,000CF865,0,1,1,4294967295,0,0
oInvCollSM,224,752,001D092F,0,1,1,4294967295,0,0
oInvCollSM,304,752,002F0649,0,1,1,4294967295,0,0
oInvCollSM,320,752,0036E64A,0,1,1,4294967295,0,0
oInvCollSM,336,752,0003F4BD,0,1,1,4294967295,0,0
oInvCollSM,352,752,001F055C,0,1,1,4294967295,0,0
oInvCollSM,368,752,0031A0F1,0,1,1,4294967295,0,0
oInvCollSM,384,752,002E4898,0,1,1,4294967295,0,0
oInvCollSM,400,752,000707D9,0,1,1,4294967295,0,0
oInvCollSM,144,832,00127A55,0,1,1,4294967295,0,0
oInvCollSM,160,832,0020532E,0,1,1,4294967295,0,0
oInvCollSM,176,832,0013078D,0,1,1,4294967295,0,0
oInvCollSM,192,832,0023325D,0,1,1,4294967295,0,0
oInvCollSM,224,864,0000A7C3,0,1,1,4294967295,0,0
oInvCollSM,240,864,001EF930,0,1,1,4294967295,0,0
oInvCollSM,256,864,00233416,0,1,1,4294967295,0,0
oInvCollSM,272,864,000F7976,0,1,1,4294967295,0,0
oInvCollSM,352,864,003A64AD,0,1,1,4294967295,0,0
oInvCollPH,272,800,001AEA83,0,1,1,4294967295,0,0
oInvCollPH,288,784,0038AD75,0,1,1,4294967295,0,0
oInvCollPH,304,784,0010F71A,0,1,1,4294967295,0,0
oInvCollPH,320,784,0013FE06,0,1,1,4294967295,0,0
oInvCollPH,336,784,001EAD0F,0,1,1,4294967295,0,0
oInvCollPH,352,784,001DC6A5,0,1,1,4294967295,0,0
oInvCollPH,352,800,003B677C,0,1,1,4294967295,0,0
oInvCollPH,400,560,003AC011,0,1,1,4294967295,0,0
oInvCollPH,416,560,002C7646,0,1,1,4294967295,0,0
oInvCollPH,384,608,003F63FD,0,1,1,4294967295,0,0
oInvCollPH,400,608,000361A7,0,1,1,4294967295,0,0
oInvCollPH,416,608,001B8F4F,0,1,1,4294967295,0,0
oInvCollPH,432,528,00096B4E,0,1,1,4294967295,0,0
oInvCollPH,432,544,00109648,0,1,1,4294967295,0,0
oInvCollPH,432,608,00176A0E,0,1,1,4294967295,0,0
oInvCollPH,144,672,00247B9D,0,1,1,4294967295,0,0
oInvCollPH,128,672,00360106,0,1,1,4294967295,0,0
oInvCollPH,112,672,000D4FC8,0,1,1,4294967295,0,0
oInvCollPH,96,672,003BE257,0,1,1,4294967295,0,0
oInvCollPH,160,672,001A0D25,0,1,1,4294967295,0,0
oInvCollPH,176,672,000B0A26,0,1,1,4294967295,0,0
oInvCollPH,192,672,00047B2B,0,1,1,4294967295,0,0
oInvCollPH,208,672,003E0B19,0,1,1,4294967295,0,0
oInvCollPH,224,672,0006EEA6,0,1,1,4294967295,0,0
oInvCollPH,224,688,00256558,0,1,1,4294967295,0,0
oInvCollPH,80,720,000B8262,0,1,1,4294967295,0,0
oInvCollPH,96,720,002B56EC,0,1,1,4294967295,0,0
oInvCollPH,112,720,0033265D,0,1,1,4294967295,0,0
oInvCollPH,128,720,0019168A,0,1,1,4294967295,0,0
oInvCollPH,288,704,00161361,0,1,1,4294967295,0,0
oInvCollPH,272,704,001F4899,0,1,1,4294967295,0,0
oInvCollPH,256,704,002E45C0,0,1,1,4294967295,0,0
oInvCollPH,240,704,0037AEFA,0,1,1,4294967295,0,0
oInvCollPH,144,736,002EE580,0,1,1,4294967295,0,0
oInvCollPH,304,704,00062F18,0,1,1,4294967295,0,0
oInvCollPH,320,704,0019A6AE,0,1,1,4294967295,0,0
oInvCollPH,336,704,0026FD69,0,1,1,4294967295,0,0
oInvCollPH,352,704,00057BAD,0,1,1,4294967295,0,0
oInvCollPH,368,704,0034038F,0,1,1,4294967295,0,0
oInvCollPH,384,704,003D1EBD,0,1,1,4294967295,0,0
oInvCollPH,400,704,00386401,0,1,1,4294967295,0,0
oInvCollPH,400,720,0038C82F,0,1,1,4294967295,0,0
oInvCollPH,400,736,001CFB26,0,1,1,4294967295,0,0
oInvCollPH,224,800,0023FD16,0,1,1,4294967295,0,0
oInvCollPH,128,816,00295B06,0,1,1,4294967295,0,0
oInvCollPH,256,896,003A5477,0,1,1,4294967295,0,0
oInvCollPH,240,896,001F1450,0,1,1,4294967295,0,0
oInvCollPH,224,896,000061B9,0,1,1,4294967295,0,0
oInvCollPH,208,896,00399E14,0,1,1,4294967295,0,0
oInvCollPH,336,912,00150F5A,0,1,1,4294967295,0,0
oInvCollPH,320,912,0024B01E,0,1,1,4294967295,0,0
oInvCollPH,304,912,001B37E5,0,1,1,4294967295,0,0
oInvCollPH,288,912,0008EF6C,0,1,1,4294967295,0,0
oInvCollPH,272,912,00241E71,0,1,1,4294967295,0,0
oInvCollPH,192,944,0004AC71,0,1,1,4294967295,0,0
oInvCollPH,208,944,002DE79A,0,1,1,4294967295,0,0
oInvCollPH,224,944,0008CB46,0,1,1,4294967295,0,0
oInvCollPH,240,944,001E404D,0,1,1,4294967295,0,0
oInvCollPH,256,944,000D3DCE,0,1,1,4294967295,0,0
oInvCollPH,272,944,001254E3,0,1,1,4294967295,0,0
oInvCollPH,288,944,0012FBBC,0,1,1,4294967295,0,0
oInvCollPH,304,944,002BC576,0,1,1,4294967295,0,0
oInvCollPH,320,944,0036D9AD,0,1,1,4294967295,0,0
oInvCollPH,336,944,00023172,0,1,1,4294967295,0,0
oInvCollPH,352,944,00118B16,0,1,1,4294967295,0,0
oInvCollPH,368,944,0005A89B,0,1,1,4294967295,0,0
oInvCollPH,368,928,00107F74,0,1,1,4294967295,0,0
oInvCollPH,368,912,00306538,0,1,1,4294967295,0,0
oInvCollPH,352,912,002C3D85,0,1,1,4294967295,0,0
oInvCollSM,368,864,00355633,0,1,1,4294967295,0,0
oInvCollSM,384,864,00051259,0,1,1,4294967295,0,0
oInvCollSM,400,864,0017F3E1,0,1,1,4294967295,0,0
oInvCollPH,208,848,00020ABA,0,1,1,4294967295,0,0
oInvCollPH,240,816,001221A2,0,1,1,4294967295,0,0
oInvCollPH,256,816,00247DAB,0,1,1,4294967295,0,0
oInvCollPH,368,816,002E5C41,0,1,1,4294967295,0,0
oInvCollPH,384,816,00090D62,0,1,1,4294967295,0,0
oInvCollPH,448,640,003807B2,0,1,1,4294967295,0,0
oInvCollPH,448,656,0033D5D3,0,1,1,4294967295,0,0
oInvCollPH,448,672,002DFB49,0,1,1,4294967295,0,0
oInvCollPH,448,688,00367A7B,0,1,1,4294967295,0,0
oInvCollPH,448,704,00306539,0,1,1,4294967295,0,0
oInvCollPH,448,720,00126809,0,1,1,4294967295,0,0
oInvCollPH,448,736,000A3756,0,1,1,4294967295,0,0
oInvCollPH,448,752,002A5913,0,1,1,4294967295,0,0
oInvCollPH,448,768,00298447,0,1,1,4294967295,0,0
oInvCollPH,416,784,00124C19,0,1,1,4294967295,0,0
oInvCollPH,432,784,0024A67A,0,1,1,4294967295,0,0
oInvCollPH,400,800,00189795,0,1,1,4294967295,0,0
oInvCollPH,416,976,00324673,0,1,1,4294967295,0,0
oInvCollPH,416,960,002D88CE,0,1,1,4294967295,0,0
oInvCollPH,416,944,001B8D8F,0,1,1,4294967295,0,0
oInvCollPH,416,928,003D9084,0,1,1,4294967295,0,0
oInvCollPH,416,912,003A36DD,0,1,1,4294967295,0,0
oInvCollPH,416,896,002E7CE7,0,1,1,4294967295,0,0
oInvCollPH,416,880,001254A0,0,1,1,4294967295,0,0
oInvCollPH,176,992,000876E9,0,1,1,4294967295,0,0
oInvCollPH,192,992,00084D91,0,1,1,4294967295,0,0
oInvCollPH,208,992,00064761,0,1,1,4294967295,0,0
oInvCollPH,224,992,00387126,0,1,1,4294967295,0,0
oInvCollPH,240,992,0038A9E4,0,1,1,4294967295,0,0
oInvCollPH,256,992,002E2975,0,1,1,4294967295,0,0
oInvCollPH,160,1008,0033E051,0,1,1,4294967295,0,0
oInvCollPH,176,1008,0004CAA5,0,1,1,4294967295,0,0
oInvCollPH,192,1008,000FF355,0,1,1,4294967295,0,0
oInvCollPH,208,1008,0009B7D9,0,1,1,4294967295,0,0
oInvCollPH,224,1008,00177BCC,0,1,1,4294967295,0,0
oInvCollPH,240,1008,00335E3A,0,1,1,4294967295,0,0
oInvCollPH,256,1008,00182240,0,1,1,4294967295,0,0
oInvCollPH,384,992,00206426,0,1,1,4294967295,0,0
oInvCollPH,368,992,002BCFC6,0,1,1,4294967295,0,0
oInvCollPH,352,992,00001EC6,0,1,1,4294967295,0,0
oInvCollPH,336,992,0032B443,0,1,1,4294967295,0,0
oInvCollPH,320,992,0001DB46,0,1,1,4294967295,0,0
oInvCollPH,304,992,0039ADA0,0,1,1,4294967295,0,0
oInvCollPH,288,992,00224F44,0,1,1,4294967295,0,0
oInvCollPH,400,992,000D7AA8,0,1,1,4294967295,0,0
oInvCollPH,272,1024,001AC325,0,1,1,4294967295,0,0
oInvCollPH,272,1040,0028557B,0,1,1,4294967295,0,0
oInvCollPH,272,1056,00027D72,0,1,1,4294967295,0,0
oInvCollPH,288,1056,001D24D4,0,1,1,4294967295,0,0
oInvCollPH,304,1056,001E344C,0,1,1,4294967295,0,0
oInvCollPH,320,1056,0011C7E2,0,1,1,4294967295,0,0
oInvCollPH,336,1056,000E4143,0,1,1,4294967295,0,0
oInvCollPH,352,1056,000D4533,0,1,1,4294967295,0,0
oInvCollPH,368,1056,000BAD0A,0,1,1,4294967295,0,0
oInvCollPH,384,1056,00169F8C,0,1,1,4294967295,0,0
oInvCollPH,400,1056,0006902D,0,1,1,4294967295,0,0
oInvCollPH,416,1056,002EFD21,0,1,1,4294967295,0,0
oInvCollPH,432,1056,001C5B93,0,1,1,4294967295,0,0
oInvCollPH,256,1168,003CC73E,0,1,1,4294967295,0,0
oInvCollPH,272,1168,000729FB,0,1,1,4294967295,0,0
oInvCollPH,272,1184,0032F455,0,1,1,4294967295,0,0
oInvCollPH,272,1200,0037713C,0,1,1,4294967295,0,0
oInvCollPH,256,1200,0033E253,0,1,1,4294967295,0,0
oInvCollPH,240,1200,00096424,0,1,1,4294967295,0,0
oInvCollPH,448,1216,001714FF,0,1,1,4294967295,0,0
oInvCollPH,448,1200,001DD231,0,1,1,4294967295,0,0
oInvCollPH,448,1184,002BB6DE,0,1,1,4294967295,0,0
oInvCollPH,448,1168,003BF2B6,0,1,1,4294967295,0,0
oInvCollPH,448,1152,0037A1D6,0,1,1,4294967295,0,0
oInvCollPH,448,1136,000BD8E2,0,1,1,4294967295,0,0
oInvCollPH,448,1120,0034C6E2,0,1,1,4294967295,0,0
oInvCollPH,448,1104,00145540,0,1,1,4294967295,0,0
oInvCollPH,448,1088,00061A10,0,1,1,4294967295,0,0
oInvCollPH,448,1344,001E4810,0,1,1,4294967295,0,0
oInvCollPH,448,1328,0038627E,0,1,1,4294967295,0,0
oInvCollPH,448,1312,001558BA,0,1,1,4294967295,0,0
oInvCollPH,448,1296,003E529A,0,1,1,4294967295,0,0
oInvCollPH,448,1280,001B3C6B,0,1,1,4294967295,0,0
oInvCollPH,448,1264,0022C1DD,0,1,1,4294967295,0,0
oInvCollPH,448,1248,000AB5FD,0,1,1,4294967295,0,0
oInvCollPH,448,1232,00336666,0,1,1,4294967295,0,0
oInvCollPH,0,1280,000E9A04,0,1,1,4294967295,0,0
oInvCollPH,16,1280,002A0F72,0,1,1,4294967295,0,0
oInvCollPH,32,1280,0017E6D1,0,1,1,4294967295,0,0
oInvCollPH,32,1264,0032A2BD,0,1,1,4294967295,0,0
oInvCollPH,112,1280,00374661,0,1,1,4294967295,0,0
oInvCollPH,128,1280,002C3E1F,0,1,1,4294967295,0,0
oInvCollPH,144,1280,003C52D2,0,1,1,4294967295,0,0
oInvCollPH,160,1280,0035A5E3,0,1,1,4294967295,0,0
oInvCollPH,160,1264,0013F840,0,1,1,4294967295,0,0
oInvCollPH,16,1360,0030F518,0,1,1,4294967295,0,0
oInvCollPH,32,1360,0005BFF5,0,1,1,4294967295,0,0
oInvCollPH,48,1360,003CA6C9,0,1,1,4294967295,0,0
oInvCollPH,64,1360,0032AB7A,0,1,1,4294967295,0,0
oInvCollPH,80,1360,00287245,0,1,1,4294967295,0,0
oInvCollPH,96,1360,003A0441,0,1,1,4294967295,0,0
oInvCollPH,112,1360,003187C8,0,1,1,4294967295,0,0
oInvCollPH,128,1360,002A5E01,0,1,1,4294967295,0,0
oInvCollPH,144,1360,0013B20A,0,1,1,4294967295,0,0
oInvCollPH,160,1360,0007CABA,0,1,1,4294967295,0,0
oInvCollPH,176,1360,00077CED,0,1,1,4294967295,0,0
oInvCollPH,192,1360,000633E0,0,1,1,4294967295,0,0
oInvCollPH,208,1360,0010477E,0,1,1,4294967295,0,0
oInvCollPH,224,1360,00311240,0,1,1,4294967295,0,0
oInvCollPH,240,1360,001A4931,0,1,1,4294967295,0,0
oInvCollPH,256,1360,002B7940,0,1,1,4294967295,0,0
oInvCollPH,272,1360,0012A9AF,0,1,1,4294967295,0,0
oInvCollPH,288,1360,0018EB66,0,1,1,4294967295,0,0
oInvCollPH,304,1360,001E3213,0,1,1,4294967295,0,0
oInvCollPH,320,1360,0019ECD7,0,1,1,4294967295,0,0
oInvCollPH,336,1360,002AEB44,0,1,1,4294967295,0,0
oInvCollPH,352,1360,000816F5,0,1,1,4294967295,0,0
oInvCollPH,368,1360,000774B8,0,1,1,4294967295,0,0
oInvCollPH,384,1360,003A0271,0,1,1,4294967295,0,0
oInvCollPH,400,1360,003DA63B,0,1,1,4294967295,0,0
oInvCollPH,416,1360,0036198F,0,1,1,4294967295,0,0
oInvCollPH,432,1360,00191974,0,1,1,4294967295,0,0
oInvCollPH,192,1136,0030D48D,0,1,1,4294967295,0,0
oInvCollPH,224,1152,002D34DD,0,1,1,4294967295,0,0
oInvCollPH,176,1200,00019404,0,1,1,4294967295,0,0
oInvCollPH,192,1200,001E291A,0,1,1,4294967295,0,0
oInvCollPH,208,1200,000FD610,0,1,1,4294967295,0,0
oInvCollPH,224,1200,003DFC9D,0,1,1,4294967295,0,0
oInvCollPH,160,1120,0011EAD8,0,1,1,4294967295,0,0
oInvCollPH,160,1216,0022DE7F,0,1,1,4294967295,0,0
oInvCollPH,160,1232,003AA412,0,1,1,4294967295,0,0
oInvCollPH,160,1248,000EF33D,0,1,1,4294967295,0,0
oInvCollPH,64,1104,002125EB,0,1,1,4294967295,0,0
oInvCollPH,80,1104,000DE6EA,0,1,1,4294967295,0,0
oInvCollPH,96,1104,00322C6A,0,1,1,4294967295,0,0
oInvCollPH,112,1104,0015C1C1,0,1,1,4294967295,0,0
oInvCollPH,128,1104,000D8893,0,1,1,4294967295,0,0
oInvCollPH,48,1248,000EE046,0,1,1,4294967295,0,0
oInvCollPH,64,1248,00085B35,0,1,1,4294967295,0,0
oInvCollPH,80,1248,0013566C,0,1,1,4294967295,0,0
oInvCollPH,96,1248,00154B3C,0,1,1,4294967295,0,0
oInvCollPH,48,944,002322C2,0,1,1,4294967295,0,0
oInvCollPH,48,960,000655B3,0,1,1,4294967295,0,0
oInvCollPH,48,976,00121B47,0,1,1,4294967295,0,0
oInvCollPH,48,992,00336C68,0,1,1,4294967295,0,0
oInvCollPH,48,1008,0026136B,0,1,1,4294967295,0,0
oInvCollPH,48,1024,00047460,0,1,1,4294967295,0,0
oInvCollPH,48,1040,00264F11,0,1,1,4294967295,0,0
oInvCollPH,48,1056,002B68B8,0,1,1,4294967295,0,0
oInvCollPH,48,1072,000F197D,0,1,1,4294967295,0,0
oInvCollPH,48,1088,0030F375,0,1,1,4294967295,0,0
oInvCollPH,144,864,0037402C,0,1,1,4294967295,0,0
oInvCollPH,128,864,00020841,0,1,1,4294967295,0,0
oInvCollPH,112,864,0015E684,0,1,1,4294967295,0,0
oInvCollPH,96,864,0024B642,0,1,1,4294967295,0,0
oInvCollPH,80,864,0026FA72,0,1,1,4294967295,0,0
oInvCollPH,160,864,002F8BFB,0,1,1,4294967295,0,0
oInvCollPH,176,864,00097BCB,0,1,1,4294967295,0,0
oInvCollPH,176,880,003B76BE,0,1,1,4294967295,0,0
oInvCollPH,64,928,003A994C,0,1,1,4294967295,0,0
oInvCollPH,80,928,0011FABA,0,1,1,4294967295,0,0
oInvCollPH,96,928,002B4019,0,1,1,4294967295,0,0
oInvCollPH,112,928,00008670,0,1,1,4294967295,0,0
oInvCollPH,128,928,003106BC,0,1,1,4294967295,0,0
oInvCollPH,144,928,0014CB8C,0,1,1,4294967295,0,0
oInvCollPH,160,928,00140A8C,0,1,1,4294967295,0,0
oInvCollPH,176,928,00293919,0,1,1,4294967295,0,0
oInvCollPH,64,736,003462E1,0,1,1,4294967295,0,0
oInvCollPH,64,752,001F77AC,0,1,1,4294967295,0,0
oInvCollPH,64,768,0019D529,0,1,1,4294967295,0,0
oInvCollPH,64,784,00256FA5,0,1,1,4294967295,0,0
oInvCollPH,64,800,003D044D,0,1,1,4294967295,0,0
oInvCollPH,64,816,001BE866,0,1,1,4294967295,0,0
oInvCollPH,64,832,00009523,0,1,1,4294967295,0,0
oInvCollPH,64,848,0017B18B,0,1,1,4294967295,0,0
oInvCollPH,432,176,0031A29E,0,1,1,4294967295,0,0
oInvCollPH,432,160,00151E58,0,1,1,4294967295,0,0
oInvCollPH,432,144,0036E9AF,0,1,1,4294967295,0,0
oInvCollPH,432,128,00057ED7,0,1,1,4294967295,0,0
oInvCollPH,432,112,003B1C13,0,1,1,4294967295,0,0
oInvCollPH,432,96,00039DE0,0,1,1,4294967295,0,0
oInvCollPH,432,80,002D392A,0,1,1,4294967295,0,0
oInvCollPH,448,64,002B035C,0,1,1,4294967295,0,0
oInvCollPH,432,336,003CC780,0,1,1,4294967295,0,0
oInvCollPH,432,320,003549F3,0,1,1,4294967295,0,0
oInvCollPH,432,304,00138C39,0,1,1,4294967295,0,0
oInvCollPH,432,288,003E40BF,0,1,1,4294967295,0,0
oInvCollPH,432,272,003F617B,0,1,1,4294967295,0,0
oInvCollPH,432,256,0003C339,0,1,1,4294967295,0,0
oInvCollPH,432,240,00081383,0,1,1,4294967295,0,0
oInvCollPH,432,224,0008C140,0,1,1,4294967295,0,0
oInvCollPH,432,208,002517A9,0,1,1,4294967295,0,0
oInvCollPH,432,192,00025479,0,1,1,4294967295,0,0
oInvCollPH,432,416,001BAE6B,0,1,1,4294967295,0,0
oInvCollPH,432,400,0010D574,0,1,1,4294967295,0,0
oInvCollPH,432,384,003389A6,0,1,1,4294967295,0,0
oInvCollPH,432,368,0006C470,0,1,1,4294967295,0,0
oInvCollPH,432,352,0014B5C3,0,1,1,4294967295,0,0
oInvCollPH,352,400,00374A20,0,1,1,4294967295,0,0
oInvCollPH,352,448,003CDC14,0,1,1,4294967295,0,0
oInvCollPH,464,64,00175692,0,1,1,4294967295,0,0
oInvCollSM,448,32,00161F0C,0,1,1,4294967295,0,0
oInvCollSM,464,32,003B3246,0,1,1,4294967295,0,0
oInvisibleSolid,352,1248,0011D529,0,1,1,4294967295,0,1
oInvisibleSolid,176,128,00101A63,0,1,1,4294967295,0,1
oInvisibleSolid,256,208,001D4B33,0,1,1,4294967295,0,1
oInvisibleSolid,336,128,0020720A,0,1,1,4294967295,0,1
oInvisibleSolid,336,288,00120F44,0,1,1,4294967295,0,1
oInvisibleSolid,176,288,001A3840,0,1,1,4294967295,0,1
oInvisibleSolid,0,0,00323A07,0,1,1,4294967295,0,1
oInvisibleSolid,432,64,0008D8E3,0,1,1,4294967295,0,1
oInvisibleSolid,448,432,0025E040,0,1,1,4294967295,0,1
oInvisibleSolid,0,96,00252416,0,1,1,4294967295,0,1
oInvisibleSolid,0,160,0014855B,0,1,1,4294967295,0,1
oInvisibleSolid,176,592,00402BBB,0,1,1,4294967295,0,1
oInvisibleSolid,256,560,00197E72,0,1,1,4294967295,0,1
oInvisibleSolid,352,576,0017ECDA,0,1,1,4294967295,0,1
oInvisibleSolid,384,560,00111071,0,1,1,4294967295,0,1
oInvisibleSolid,432,512,00224431,0,1,1,4294967295,0,1
oInvisibleSolid,448,624,00305489,0,1,1,4294967295,0,1
oInvisibleSolid,208,400,0037F96D,0,1,1,4294967295,0,1
oInvisibleSolid,0,400,003CDE1F,0,1,1,4294967295,0,1
oInvisibleSolid,0,496,00316894,0,1,1,4294967295,0,1
oInvisibleSolid,0,576,002024C7,0,1,1,4294967295,0,1
oInvisibleSolid,144,704,002705F9,0,1,1,4294967295,0,1
oInvisibleSolid,0,672,0014C292,0,1,1,4294967295,0,1
oInvisibleSolid,0,736,002DADEE,0,1,1,4294967295,0,1
oInvisibleSolid,0,864,001DC3B6,0,1,1,4294967295,0,1
oInvisibleSolid,0,944,001A49F2,0,1,1,4294967295,0,1
oInvisibleSolid,0,1264,0038483F,0,1,1,4294967295,0,1
oInvisibleSolid,112,1264,000EE1BC,0,1,1,4294967295,0,1
oInvisibleSolid,240,1168,00044559,0,1,1,4294967295,0,1
oInvisibleSolid,208,1152,001E4131,0,1,1,4294967295,0,1
oInvisibleSolid,176,1136,002A3513,0,1,1,4294967295,0,1
oInvisibleSolid,0,1104,002FDD45,0,1,1,4294967295,0,1
oInvisibleSolid,144,1120,0039AB31,0,1,1,4294967295,0,1
oInvisibleSolid,0,1360,0005033C,0,1,1,4294967295,0,1
oInvisibleSolid,448,1072,0026ADCA,0,1,1,4294967295,0,1
oInvisibleSolid,160,992,000D92A2,0,1,1,4294967295,0,1
oInvisibleSolid,272,992,003B8515,0,1,1,4294967295,0,1
oInvisibleSolid,192,896,002A58FC,0,1,1,4294967295,0,1
oInvisibleSolid,192,912,001E39D9,0,1,1,4294967295,0,1
oInvisibleSolid,128,800,0011CF65,0,1,1,4294967295,0,1
oInvisibleSolid,144,784,00186523,0,1,1,4294967295,0,1
oInvisibleSolid,416,864,00052EED,0,1,1,4294967295,0,1
oInvisibleSolid,400,784,00014EB2,0,1,1,4294967295,0,1
oInvisibleSolid,272,784,0025B7F3,0,1,1,4294967295,0,1
oInvisibleSolid,208,816,001FE593,0,1,1,4294967295,0,1
oInvisibleSolidMorph,144,752,0017994A,0,1,1,4294967295,0,1
oInvisibleSolidMorph,128,832,0011F1CE,0,1,1,4294967295,0,1
oInvisibleSolidMorph,208,864,0024AAA6,0,1,1,4294967295,0,1
oInvisibleSolidMorph,288,880,0029C981,0,1,1,4294967295,0,1
oGametSpawner,368,592,00106985,0,1,1,4294967295,0,1
oInvisibleSolidMorph,432,32,000112E5,0,1,1,4294967295,0,1
