oG6WindSpot,256,112,0029BF26,0,1,1,4294967295,0,1
oG6WindSpot,448,112,003465F2,0,1,1,4294967295,0,1
oExit,40,256,0004CBC4,0,1,1,4294967295,0,1
oExit,680,256,00239E42,0,1,1,4294967295,0,1
oZeldaBreakPot,168,272,00101D01,0,1,1,4294967295,0,0
oZeldaBreakPot,552,272,001AE716,0,1,1,4294967295,0,0
oPlayer1,80,288,0038A847,0,1,1,4294967295,0,0
oInvCollPH,16,288,0023C5C9,0,1,1,4294967295,0,0
oInvCollPH,32,288,000CAFE2,0,1,1,4294967295,0,0
oInvCollPH,48,288,001298F1,0,1,1,4294967295,0,0
oInvCollPH,64,288,000F8203,0,1,1,4294967295,0,0
oInvCollPH,80,288,003F1AA1,0,1,1,4294967295,0,0
oInvCollPH,80,0,001C1207,0,1,1,4294967295,0,0
oInvCollPH,80,16,003E5482,0,1,1,4294967295,0,0
oInvCollPH,80,32,00299257,0,1,1,4294967295,0,0
oInvCollPH,80,48,003D3B54,0,1,1,4294967295,0,0
oInvCollPH,80,64,0028AA70,0,1,1,4294967295,0,0
oInvCollPH,80,80,0031F8A4,0,1,1,4294967295,0,0
oInvCollPH,80,96,001B62A9,0,1,1,4294967295,0,0
oInvCollPH,80,112,0023B049,0,1,1,4294967295,0,0
oInvCollPH,80,128,000C45A9,0,1,1,4294967295,0,0
oInvCollPH,80,144,0017A416,0,1,1,4294967295,0,0
oInvCollPH,80,160,002F80EE,0,1,1,4294967295,0,0
oInvCollPH,80,176,0030A0DC,0,1,1,4294967295,0,0
oInvCollPH,80,192,00225FF1,0,1,1,4294967295,0,0
oInvCollPH,80,208,00235BEC,0,1,1,4294967295,0,0
oInvCollPH,64,208,00367B9B,0,1,1,4294967295,0,0
oInvCollPH,48,208,002C9C13,0,1,1,4294967295,0,0
oInvCollPH,32,208,000F7F8B,0,1,1,4294967295,0,0
oInvCollPH,16,208,001A17B5,0,1,1,4294967295,0,0
oInvCollPH,0,208,003987E4,0,1,1,4294967295,0,0
oInvCollPH,144,288,0020BEC2,0,1,1,4294967295,0,0
oInvCollPH,128,288,00399F88,0,1,1,4294967295,0,0
oInvCollPH,112,288,00006739,0,1,1,4294967295,0,0
oInvCollPH,96,288,002B98BA,0,1,1,4294967295,0,0
oInvCollPH,640,16,0009887E,0,1,1,4294967295,0,0
oInvCollPH,640,32,00324217,0,1,1,4294967295,0,0
oInvCollPH,640,48,00119BA3,0,1,1,4294967295,0,0
oInvCollPH,640,64,000981A2,0,1,1,4294967295,0,0
oInvCollPH,640,80,00333D9F,0,1,1,4294967295,0,0
oInvCollPH,640,96,002FFC8F,0,1,1,4294967295,0,0
oInvCollPH,640,112,0032AD20,0,1,1,4294967295,0,0
oInvCollPH,640,128,0027DC96,0,1,1,4294967295,0,0
oInvCollPH,640,144,00387FCE,0,1,1,4294967295,0,0
oInvCollPH,640,160,002546D0,0,1,1,4294967295,0,0
oInvCollPH,640,176,003C1596,0,1,1,4294967295,0,0
oInvCollPH,640,192,00329D60,0,1,1,4294967295,0,0
oInvCollPH,640,208,0035B6CC,0,1,1,4294967295,0,0
oInvCollPH,656,208,000D7EE4,0,1,1,4294967295,0,0
oInvCollPH,672,208,0002D348,0,1,1,4294967295,0,0
oInvCollPH,688,208,0030A1A6,0,1,1,4294967295,0,0
oInvCollPH,704,208,003C2C18,0,1,1,4294967295,0,0
oInvCollPH,720,208,002BFBB9,0,1,1,4294967295,0,0
oInvCollPH,720,288,00314307,0,1,1,4294967295,0,0
oInvCollPH,704,288,00253DB9,0,1,1,4294967295,0,0
oInvCollPH,688,288,0018B155,0,1,1,4294967295,0,0
oInvCollPH,672,288,004006B7,0,1,1,4294967295,0,0
oInvCollPH,656,288,002C5BCC,0,1,1,4294967295,0,0
oInvCollPH,640,288,00039299,0,1,1,4294967295,0,0
oInvCollPH,624,288,000E6A2A,0,1,1,4294967295,0,0
oInvCollPH,608,288,00163E73,0,1,1,4294967295,0,0
oInvCollPH,592,288,001D8F3E,0,1,1,4294967295,0,0
oInvCollPH,576,288,00178212,0,1,1,4294967295,0,0
oInvCollPH,160,288,003963B7,0,1,1,4294967295,0,0
oInvCollPH,176,288,001596F1,0,1,1,4294967295,0,0
oInvCollPH,192,288,003BECC5,0,1,1,4294967295,0,0
oInvCollPH,208,288,00326E22,0,1,1,4294967295,0,0
oInvCollPH,224,288,001E6E81,0,1,1,4294967295,0,0
oInvCollPH,240,288,002BD964,0,1,1,4294967295,0,0
oInvCollPH,256,288,003BFFC7,0,1,1,4294967295,0,0
oInvCollPH,272,288,001A2FB8,0,1,1,4294967295,0,0
oInvCollPH,288,288,000102BE,0,1,1,4294967295,0,0
oInvCollPH,304,288,000FF11F,0,1,1,4294967295,0,0
oInvCollPH,320,304,0026CE76,0,1,1,4294967295,0,0
oInvCollPH,320,320,00342078,0,1,1,4294967295,0,0
oInvCollPH,320,336,0021DFAA,0,1,1,4294967295,0,0
oInvCollPH,400,336,001C3202,0,1,1,4294967295,0,0
oInvCollPH,400,320,00243CFD,0,1,1,4294967295,0,0
oInvCollPH,400,304,0034BE97,0,1,1,4294967295,0,0
oInvCollPH,432,288,001FE106,0,1,1,4294967295,0,0
oInvCollPH,448,288,0010991B,0,1,1,4294967295,0,0
oInvCollPH,464,288,0018CEF3,0,1,1,4294967295,0,0
oInvCollPH,480,288,0033CBCF,0,1,1,4294967295,0,0
oInvCollPH,496,288,0003C0B5,0,1,1,4294967295,0,0
oInvCollPH,512,288,0024F167,0,1,1,4294967295,0,0
oInvCollPH,528,288,0006D2BA,0,1,1,4294967295,0,0
oInvCollPH,544,288,000B54D8,0,1,1,4294967295,0,0
oInvCollPH,560,288,000A81F8,0,1,1,4294967295,0,0
oInvCollPH,176,192,0030D6EB,0,1,1,4294967295,0,0
oInvCollPH,304,112,00403FC3,0,1,1,4294967295,0,0
oInvCollPH,432,112,00168912,0,1,1,4294967295,0,0
oInvCollPH,560,192,000A3E2D,0,1,1,4294967295,0,0
oInvCollPH,320,288,000B5BE2,0,1,1,4294967295,0,0
oInvCollPH,416,288,003AAAD9,0,1,1,4294967295,0,0
oInvisibleSolid,0,288,0040034F,0,1,1,4294967295,0,1
oInvisibleSolid,0,0,001DEB26,0,1,1,4294967295,0,1
oInvisibleSolid,640,0,00215F20,0,1,1,4294967295,0,1
oInvisibleSolid,400,288,00303A69,0,1,1,4294967295,0,1
oInvisibleSolid,160,192,0008DA7A,0,1,1,4294967295,0,1
oInvisibleSolid,288,112,00254A25,0,1,1,4294967295,0,1
oInvisibleSolid,416,112,00131DE9,0,1,1,4294967295,0,1
oInvisibleSolid,544,192,0023F61D,0,1,1,4294967295,0,1
