oExit,0,272,003EE9C2,0,1,1,4294967295,0,1
oWeaponLevelUpgrade,600,208,000B8992,0,1,1,4294967295,0,1
oMarioSpikeCeiling,112,144,001DE89B,0,1,1,4294967295,0,0
oMarioSpikeCeiling,128,144,001012EC,0,1,1,4294967295,0,0
oMarioSpikeCeiling,144,144,003BD189,0,1,1,4294967295,0,0
oMarioSpikeCeiling,224,144,00106BC4,0,1,1,4294967295,0,0
oMarioSpikeCeiling,240,144,001BFD40,0,1,1,4294967295,0,0
oMarioSpikeCeiling,256,144,00058C57,0,1,1,4294967295,0,0
oMarioSpikeCeiling,336,144,000D87E1,0,1,1,4294967295,0,0
oMarioSpikeCeiling,352,144,00002C56,0,1,1,4294967295,0,0
oMarioSpikeCeiling,368,144,000BBCDF,0,1,1,4294967295,0,0
oSpikePlatformA,136,144,000F658D,0,1,1,4294967295,0,1
oSpikePlatformA,248,144,00383A0A,0,1,1,4294967295,0,1
oSpikePlatformA,360,144,00381080,0,1,1,4294967295,0,1
oCV_PeepingEye,608,160,002402A6,0,1,1,4294967295,0,0
oCV_SwordKnight,416,304,002E312A,0,1,1,4294967295,0,0
oPlayer1,48,304,001B7B02,0,1,1,4294967295,0,0
oInvCollPH,0,224,001BE390,0,1,1,4294967295,0,0
oInvCollPH,16,224,001A6729,0,1,1,4294967295,0,0
oInvCollPH,32,224,001CF811,0,1,1,4294967295,0,0
oInvCollPH,32,208,00353026,0,1,1,4294967295,0,0
oInvCollPH,32,192,00365909,0,1,1,4294967295,0,0
oInvCollPH,608,224,00064C9A,0,1,1,4294967295,0,0
oInvCollPH,672,128,0038865A,0,1,1,4294967295,0,0
oInvCollPH,672,144,000AB3B5,0,1,1,4294967295,0,0
oInvCollPH,672,160,002C162B,0,1,1,4294967295,0,0
oInvCollPH,672,176,00374F73,0,1,1,4294967295,0,0
oInvCollPH,672,192,002B0ABB,0,1,1,4294967295,0,0
oInvCollPH,672,208,0038A878,0,1,1,4294967295,0,0
oInvCollPH,672,224,001CDED7,0,1,1,4294967295,0,0
oInvCollPH,160,160,001E3E40,0,1,1,4294967295,0,0
oInvCollPH,160,176,00270100,0,1,1,4294967295,0,0
oInvCollPH,176,176,000FE3D5,0,1,1,4294967295,0,0
oInvCollPH,192,176,003C0092,0,1,1,4294967295,0,0
oInvCollPH,208,176,002CFC0E,0,1,1,4294967295,0,0
oInvCollPH,208,160,0001D9B7,0,1,1,4294967295,0,0
oInvCollPH,208,144,00213886,0,1,1,4294967295,0,0
oInvCollPH,272,160,000D94AE,0,1,1,4294967295,0,0
oInvCollPH,272,176,001982FA,0,1,1,4294967295,0,0
oInvCollPH,288,176,00167A14,0,1,1,4294967295,0,0
oInvCollPH,304,176,00320CF3,0,1,1,4294967295,0,0
oInvCollPH,320,176,000D2AC8,0,1,1,4294967295,0,0
oInvCollPH,320,160,0031C655,0,1,1,4294967295,0,0
oInvCollPH,320,144,000E3FCF,0,1,1,4294967295,0,0
oInvCollPH,384,160,002FE029,0,1,1,4294967295,0,0
oInvCollPH,384,176,001ED235,0,1,1,4294967295,0,0
oInvCollPH,400,176,001BC63B,0,1,1,4294967295,0,0
oInvCollPH,416,176,0010B96D,0,1,1,4294967295,0,0
oInvCollPH,432,176,0014B37E,0,1,1,4294967295,0,0
oInvCollPH,432,160,001E165E,0,1,1,4294967295,0,0
oInvCollPH,432,144,00322810,0,1,1,4294967295,0,0
oInvCollPH,16,304,001FD68D,0,1,1,4294967295,0,0
oInvCollPH,32,304,0013BF63,0,1,1,4294967295,0,0
oInvCollPH,48,304,0008BD65,0,1,1,4294967295,0,0
oInvCollPH,64,304,0013662B,0,1,1,4294967295,0,0
oInvCollPH,80,304,0017DEE0,0,1,1,4294967295,0,0
oInvCollPH,96,304,0034D634,0,1,1,4294967295,0,0
oInvCollPH,112,304,00160110,0,1,1,4294967295,0,0
oInvCollPH,128,304,0013069E,0,1,1,4294967295,0,0
oInvCollPH,144,304,0009DE00,0,1,1,4294967295,0,0
oInvCollPH,432,336,00326149,0,1,1,4294967295,0,0
oInvCollPH,432,320,00188D92,0,1,1,4294967295,0,0
oInvCollPH,432,304,0021CE27,0,1,1,4294967295,0,0
oInvCollPH,416,304,0036B4EF,0,1,1,4294967295,0,0
oInvCollPH,400,304,003DAEE2,0,1,1,4294967295,0,0
oInvCollPH,384,304,001C70AA,0,1,1,4294967295,0,0
oInvCollPH,368,304,001C52D1,0,1,1,4294967295,0,0
oInvCollPH,352,304,000113F3,0,1,1,4294967295,0,0
oInvCollPH,336,304,0019B580,0,1,1,4294967295,0,0
oInvCollPH,320,304,003DBA84,0,1,1,4294967295,0,0
oInvCollPH,304,304,0039823B,0,1,1,4294967295,0,0
oInvCollPH,288,304,0002037F,0,1,1,4294967295,0,0
oInvCollPH,160,304,00133BA5,0,1,1,4294967295,0,0
oInvCollPH,176,304,000728C9,0,1,1,4294967295,0,0
oInvCollPH,192,304,002279AA,0,1,1,4294967295,0,0
oInvCollPH,208,304,002F1ACD,0,1,1,4294967295,0,0
oInvCollPH,224,304,002545F5,0,1,1,4294967295,0,0
oInvCollPH,240,304,003B1335,0,1,1,4294967295,0,0
oInvCollPH,256,304,00127224,0,1,1,4294967295,0,0
oInvCollPH,272,304,0020248D,0,1,1,4294967295,0,0
oInvCollPH,512,256,0030077E,0,1,1,4294967295,0,0
oInvCollPH,512,272,002DF710,0,1,1,4294967295,0,0
oInvCollPH,512,288,002575B9,0,1,1,4294967295,0,0
oInvCollPH,512,304,00099D3E,0,1,1,4294967295,0,0
oInvCollPH,512,320,003426CA,0,1,1,4294967295,0,0
oInvCollPH,512,336,003C4492,0,1,1,4294967295,0,0
oInvCollPH,528,240,00135D8E,0,1,1,4294967295,0,0
oInvCollPH,544,240,00106A0E,0,1,1,4294967295,0,0
oInvCollPH,560,240,0014CBD3,0,1,1,4294967295,0,0
oInvCollPH,640,240,00202283,0,1,1,4294967295,0,0
oInvCollPH,656,240,0022FC09,0,1,1,4294967295,0,0
oInvCollPH,48,176,0030434E,0,1,1,4294967295,0,0
oInvCollPH,64,176,0034F270,0,1,1,4294967295,0,0
oInvCollPH,80,176,000DDA72,0,1,1,4294967295,0,0
oInvCollPH,96,176,002CED78,0,1,1,4294967295,0,0
oInvCollPH,96,160,003B4AFD,0,1,1,4294967295,0,0
oInvCollPH,96,144,000FCC46,0,1,1,4294967295,0,0
oInvCollPH,112,128,0000D009,0,1,1,4294967295,0,0
oInvCollPH,128,128,001CE33E,0,1,1,4294967295,0,0
oInvCollPH,144,128,0009E92A,0,1,1,4294967295,0,0
oInvCollPH,224,128,0005051C,0,1,1,4294967295,0,0
oInvCollPH,240,128,003B5EAA,0,1,1,4294967295,0,0
oInvCollPH,256,128,002A6E31,0,1,1,4294967295,0,0
oInvCollPH,336,128,000219D9,0,1,1,4294967295,0,0
oInvCollPH,352,128,0014ECAD,0,1,1,4294967295,0,0
oInvCollPH,368,128,000551D4,0,1,1,4294967295,0,0
oInvCollPH,432,128,00137D4C,0,1,1,4294967295,0,0
oInvCollPH,432,112,002B2C88,0,1,1,4294967295,0,0
oInvCollPH,448,96,0024A5B6,0,1,1,4294967295,0,0
oInvCollPH,464,96,000DFC8D,0,1,1,4294967295,0,0
oInvCollPH,480,96,0036C3A8,0,1,1,4294967295,0,0
oInvCollPH,496,96,0017825E,0,1,1,4294967295,0,0
oInvCollPH,512,96,002B8B97,0,1,1,4294967295,0,0
oInvCollPH,528,96,00179F06,0,1,1,4294967295,0,0
oInvCollPH,544,96,00342B67,0,1,1,4294967295,0,0
oInvCollPH,560,96,003BF421,0,1,1,4294967295,0,0
oInvCollPH,576,96,003CBFF9,0,1,1,4294967295,0,0
oInvCollPH,592,96,00345714,0,1,1,4294967295,0,0
oInvCollPH,608,96,0013E9CB,0,1,1,4294967295,0,0
oInvCollPH,624,96,0016B99B,0,1,1,4294967295,0,0
oInvCollPH,640,96,002F9C29,0,1,1,4294967295,0,0
oInvCollPH,656,96,003B0D74,0,1,1,4294967295,0,0
oInvisibleSolid,0,304,00249F92,0,1,1,4294967295,0,1
oInvisibleSolid,0,192,003B81DE,0,1,1,4294967295,0,1
oInvisibleSolid,0,144,00085E46,0,1,1,4294967295,0,1
oInvisibleSolid,592,224,00085D4E,0,1,1,4294967295,0,1
oInvisibleSolid,512,240,00232D8C,0,1,1,4294967295,0,1
oInvisibleSolid,672,112,002765BC,0,1,1,4294967295,0,1
oInvisibleSolid,160,144,0023ADFF,0,1,1,4294967295,0,1
oInvisibleSolid,272,144,000A0A7A,0,1,1,4294967295,0,1
oInvisibleSolid,384,144,003E1D02,0,1,1,4294967295,0,1
oInvisibleSolid,0,112,0003614A,0,1,1,4294967295,0,1
oInvisibleSolid,0,0,003F2E56,0,1,1,4294967295,0,1
oInvisibleRupSlope,576,224,003EC8DF,0,1,1,4294967295,0,0
oInvisibleLupSlope,624,224,00096C48,0,1,1,4294967295,0,0
