tileMagicalCastle,0,1056,112,464,32,32,0,1,1,4294967295
tileMagicalCastle,32,1056,112,464,32,32,0,1,1,4294967295
tileMagicalCastle,64,1056,112,464,32,32,0,1,1,4294967295
tileMagicalCastle,96,1056,112,464,32,32,0,1,1,4294967295
tileMagicalCastle,128,1056,112,464,32,32,0,1,1,4294967295
tileMagicalCastle,160,1056,112,464,32,32,0,1,1,4294967295
tileMagicalCastle,192,1056,112,464,32,32,0,1,1,4294967295
tileMagicalCastle,224,1056,112,464,32,32,0,1,1,4294967295
tileMagicalCastle,256,1056,112,464,32,32,0,1,1,4294967295
tileMagicalCastle,288,1056,112,464,32,32,0,1,1,4294967295
tileMagicalCastle,320,1056,112,464,32,32,0,1,1,4294967295
tileMagicalCastle,352,1056,112,464,32,32,0,1,1,4294967295
tileMagicalCastle,384,1056,112,464,32,32,0,1,1,4294967295
tileMagicalCastle,416,1056,112,464,32,32,0,1,1,4294967295
tileMagicalCastle,448,1056,112,464,32,32,0,1,1,4294967295
tileMagicalCastle,448,1024,112,464,32,32,0,1,1,4294967295
tileMagicalCastle,416,1024,112,464,32,32,0,1,1,4294967295
tileMagicalCastle,384,1024,112,464,32,32,0,1,1,4294967295
tileMagicalCastle,352,1024,112,464,32,32,0,1,1,4294967295
tileMagicalCastle,320,1024,112,464,32,32,0,1,1,4294967295
tileMagicalCastle,288,1024,112,464,32,32,0,1,1,4294967295
tileMagicalCastle,256,1024,112,464,32,32,0,1,1,4294967295
tileMagicalCastle,224,1024,112,464,32,32,0,1,1,4294967295
tileMagicalCastle,192,1024,112,464,32,32,0,1,1,4294967295
tileMagicalCastle,160,1024,112,464,32,32,0,1,1,4294967295
tileMagicalCastle,128,1024,112,464,32,32,0,1,1,4294967295
tileMagicalCastle,96,1024,112,464,32,32,0,1,1,4294967295
tileMagicalCastle,64,1024,112,464,32,32,0,1,1,4294967295
tileMagicalCastle,32,1024,112,464,32,32,0,1,1,4294967295
tileMagicalCastle,0,1024,112,464,32,32,0,1,1,4294967295
tileMagicalCastle,0,928,112,464,32,32,0,1,1,4294967295
tileMagicalCastle,32,928,112,464,32,32,0,1,1,4294967295
tileMagicalCastle,64,928,112,464,32,32,0,1,1,4294967295
tileMagicalCastle,96,896,128,448,32,64,0,1,1,4294967295
tileMagicalCastle,352,896,96,448,32,64,0,1,1,4294967295
tileMagicalCastle,0,896,112,464,32,32,0,1,1,4294967295
tileMagicalCastle,32,896,112,464,32,32,0,1,1,4294967295
tileMagicalCastle,64,896,112,464,32,32,0,1,1,4294967295
tileMagicalCastle,0,864,112,464,32,32,0,1,1,4294967295
tileMagicalCastle,32,864,112,464,32,32,0,1,1,4294967295
tileMagicalCastle,64,864,112,464,32,32,0,1,1,4294967295
tileMagicalCastle,64,832,112,464,32,32,0,1,1,4294967295
tileMagicalCastle,64,800,112,464,32,32,0,1,1,4294967295
tileMagicalCastle,64,768,112,464,32,32,0,1,1,4294967295
tileMagicalCastle,64,736,112,464,32,32,0,1,1,4294967295
tileMagicalCastle,64,704,112,464,32,32,0,1,1,4294967295
tileMagicalCastle,64,672,112,464,32,32,0,1,1,4294967295
tileMagicalCastle,64,640,112,464,32,32,0,1,1,4294967295
tileMagicalCastle,64,608,112,464,32,32,0,1,1,4294967295
tileMagicalCastle,64,576,112,464,32,32,0,1,1,4294967295
tileMagicalCastle,64,544,112,464,32,32,0,1,1,4294967295
tileMagicalCastle,64,512,112,464,32,32,0,1,1,4294967295
tileMagicalCastle,32,512,112,464,32,32,0,1,1,4294967295
tileMagicalCastle,0,512,112,464,32,32,0,1,1,4294967295
tileMagicalCastle,0,544,112,464,32,32,0,1,1,4294967295
tileMagicalCastle,0,576,112,464,32,32,0,1,1,4294967295
tileMagicalCastle,0,608,112,464,32,32,0,1,1,4294967295
tileMagicalCastle,0,640,112,464,32,32,0,1,1,4294967295
tileMagicalCastle,0,672,112,464,32,32,0,1,1,4294967295
tileMagicalCastle,0,704,112,464,32,32,0,1,1,4294967295
tileMagicalCastle,0,736,112,464,32,32,0,1,1,4294967295
tileMagicalCastle,0,768,112,464,32,32,0,1,1,4294967295
tileMagicalCastle,0,800,112,464,32,32,0,1,1,4294967295
tileMagicalCastle,0,832,112,464,32,32,0,1,1,4294967295
tileMagicalCastle,32,832,112,464,32,32,0,1,1,4294967295
tileMagicalCastle,32,800,112,464,32,32,0,1,1,4294967295
tileMagicalCastle,32,768,112,464,32,32,0,1,1,4294967295
tileMagicalCastle,32,736,112,464,32,32,0,1,1,4294967295
tileMagicalCastle,32,704,112,464,32,32,0,1,1,4294967295
tileMagicalCastle,32,672,112,464,32,32,0,1,1,4294967295
tileMagicalCastle,32,640,112,464,32,32,0,1,1,4294967295
tileMagicalCastle,32,608,112,464,32,32,0,1,1,4294967295
tileMagicalCastle,32,576,112,464,32,32,0,1,1,4294967295
tileMagicalCastle,32,544,112,464,32,32,0,1,1,4294967295
tileMagicalCastle,352,960,96,448,32,64,0,1,1,4294967295
tileMagicalCastle,384,992,112,464,32,32,0,1,1,4294967295
tileMagicalCastle,416,992,112,464,32,32,0,1,1,4294967295
tileMagicalCastle,448,992,112,464,32,32,0,1,1,4294967295
tileMagicalCastle,448,960,112,464,32,32,0,1,1,4294967295
tileMagicalCastle,416,960,112,464,32,32,0,1,1,4294967295
tileMagicalCastle,384,960,112,464,32,32,0,1,1,4294967295
tileMagicalCastle,384,928,112,464,32,32,0,1,1,4294967295
tileMagicalCastle,416,928,112,464,32,32,0,1,1,4294967295
tileMagicalCastle,448,928,112,464,32,32,0,1,1,4294967295
tileMagicalCastle,448,896,112,464,32,32,0,1,1,4294967295
tileMagicalCastle,416,896,112,464,32,32,0,1,1,4294967295
tileMagicalCastle,384,896,112,464,32,32,0,1,1,4294967295
tileMagicalCastle,384,864,112,464,32,32,0,1,1,4294967295
tileMagicalCastle,384,832,112,464,32,32,0,1,1,4294967295
tileMagicalCastle,384,800,112,464,32,32,0,1,1,4294967295
tileMagicalCastle,384,768,112,464,32,32,0,1,1,4294967295
tileMagicalCastle,384,736,112,464,32,32,0,1,1,4294967295
tileMagicalCastle,384,704,112,464,32,32,0,1,1,4294967295
tileMagicalCastle,384,672,112,464,32,32,0,1,1,4294967295
tileMagicalCastle,384,640,112,464,32,32,0,1,1,4294967295
tileMagicalCastle,384,608,112,464,32,32,0,1,1,4294967295
tileMagicalCastle,384,576,112,464,32,32,0,1,1,4294967295
tileMagicalCastle,384,544,112,464,32,32,0,1,1,4294967295
tileMagicalCastle,384,512,112,464,32,32,0,1,1,4294967295
tileMagicalCastle,384,480,112,464,32,32,0,1,1,4294967295
tileMagicalCastle,416,480,112,464,32,32,0,1,1,4294967295
tileMagicalCastle,416,512,112,464,32,32,0,1,1,4294967295
tileMagicalCastle,416,544,112,464,32,32,0,1,1,4294967295
tileMagicalCastle,416,576,112,464,32,32,0,1,1,4294967295
tileMagicalCastle,416,608,112,464,32,32,0,1,1,4294967295
tileMagicalCastle,416,640,112,464,32,32,0,1,1,4294967295
tileMagicalCastle,416,672,112,464,32,32,0,1,1,4294967295
tileMagicalCastle,416,704,112,464,32,32,0,1,1,4294967295
tileMagicalCastle,416,736,112,464,32,32,0,1,1,4294967295
tileMagicalCastle,416,768,112,464,32,32,0,1,1,4294967295
tileMagicalCastle,416,800,112,464,32,32,0,1,1,4294967295
tileMagicalCastle,416,832,112,464,32,32,0,1,1,4294967295
tileMagicalCastle,416,864,112,464,32,32,0,1,1,4294967295
tileMagicalCastle,448,864,112,464,32,32,0,1,1,4294967295
tileMagicalCastle,448,832,112,464,32,32,0,1,1,4294967295
tileMagicalCastle,448,800,112,464,32,32,0,1,1,4294967295
tileMagicalCastle,448,768,112,464,32,32,0,1,1,4294967295
tileMagicalCastle,448,736,112,464,32,32,0,1,1,4294967295
tileMagicalCastle,448,704,112,464,32,32,0,1,1,4294967295
tileMagicalCastle,448,672,112,464,32,32,0,1,1,4294967295
tileMagicalCastle,448,640,112,464,32,32,0,1,1,4294967295
tileMagicalCastle,448,608,112,464,32,32,0,1,1,4294967295
tileMagicalCastle,448,576,112,464,32,32,0,1,1,4294967295
tileMagicalCastle,448,544,112,464,32,32,0,1,1,4294967295
tileMagicalCastle,448,512,112,464,32,32,0,1,1,4294967295
tileMagicalCastle,448,480,112,464,32,32,0,1,1,4294967295
tileMagicalCastle,384,448,112,464,32,32,0,1,1,4294967295
tileMagicalCastle,416,448,112,464,32,32,0,1,1,4294967295
tileMagicalCastle,448,448,112,464,32,32,0,1,1,4294967295
tileMagicalCastle,64,448,112,464,32,32,0,1,1,4294967295
tileMagicalCastle,64,480,112,464,32,32,0,1,1,4294967295
tileMagicalCastle,32,480,112,464,32,32,0,1,1,4294967295
tileMagicalCastle,32,448,112,464,32,32,0,1,1,4294967295
tileMagicalCastle,0,448,112,464,32,32,0,1,1,4294967295
tileMagicalCastle,0,480,112,464,32,32,0,1,1,4294967295
tileMagicalCastle,352,832,96,448,32,64,0,1,1,4294967295
tileMagicalCastle,352,768,96,448,32,64,0,1,1,4294967295
tileMagicalCastle,352,704,96,448,32,64,0,1,1,4294967295
tileMagicalCastle,352,640,96,448,32,64,0,1,1,4294967295
tileMagicalCastle,352,576,96,448,32,64,0,1,1,4294967295
tileMagicalCastle,352,512,96,448,32,64,0,1,1,4294967295
tileMagicalCastle,352,448,96,448,32,64,0,1,1,4294967295
tileMagicalCastle,96,448,128,448,32,64,0,1,1,4294967295
tileMagicalCastle,96,512,128,448,32,64,0,1,1,4294967295
tileMagicalCastle,96,576,128,448,32,64,0,1,1,4294967295
tileMagicalCastle,96,640,128,448,32,64,0,1,1,4294967295
tileMagicalCastle,96,704,128,448,32,64,0,1,1,4294967295
tileMagicalCastle,96,768,128,448,32,64,0,1,1,4294967295
tileMagicalCastle,96,832,128,448,32,64,0,1,1,4294967295
tileMagicalCastle,96,384,128,448,32,64,0,1,1,4294967295
tileMagicalCastle,96,320,128,448,32,64,0,1,1,4294967295
tileMagicalCastle,96,256,128,448,32,64,0,1,1,4294967295
tileMagicalCastle,96,192,128,448,32,64,0,1,1,4294967295
tileMagicalCastle,96,128,128,448,32,64,0,1,1,4294967295
tileMagicalCastle,96,64,128,448,32,64,0,1,1,4294967295
tileMagicalCastle,352,384,96,448,32,64,0,1,1,4294967295
tileMagicalCastle,352,320,96,448,32,64,0,1,1,4294967295
tileMagicalCastle,352,256,96,448,32,64,0,1,1,4294967295
tileMagicalCastle,352,192,96,448,32,64,0,1,1,4294967295
tileMagicalCastle,0,416,112,464,32,32,0,1,1,4294967295
tileMagicalCastle,32,416,112,464,32,32,0,1,1,4294967295
tileMagicalCastle,64,416,112,464,32,32,0,1,1,4294967295
tileMagicalCastle,64,384,112,464,32,32,0,1,1,4294967295
tileMagicalCastle,32,384,112,464,32,32,0,1,1,4294967295
tileMagicalCastle,0,384,112,464,32,32,0,1,1,4294967295
tileMagicalCastle,0,352,112,464,32,32,0,1,1,4294967295
tileMagicalCastle,32,352,112,464,32,32,0,1,1,4294967295
tileMagicalCastle,64,352,112,464,32,32,0,1,1,4294967295
tileMagicalCastle,64,320,112,464,32,32,0,1,1,4294967295
tileMagicalCastle,32,320,112,464,32,32,0,1,1,4294967295
tileMagicalCastle,0,320,112,464,32,32,0,1,1,4294967295
tileMagicalCastle,0,288,112,464,32,32,0,1,1,4294967295
tileMagicalCastle,32,288,112,464,32,32,0,1,1,4294967295
tileMagicalCastle,64,288,112,464,32,32,0,1,1,4294967295
tileMagicalCastle,64,256,112,464,32,32,0,1,1,4294967295
tileMagicalCastle,32,256,112,464,32,32,0,1,1,4294967295
tileMagicalCastle,0,256,112,464,32,32,0,1,1,4294967295
tileMagicalCastle,0,224,112,464,32,32,0,1,1,4294967295
tileMagicalCastle,32,224,112,464,32,32,0,1,1,4294967295
tileMagicalCastle,64,224,112,464,32,32,0,1,1,4294967295
tileMagicalCastle,64,192,112,464,32,32,0,1,1,4294967295
tileMagicalCastle,32,192,112,464,32,32,0,1,1,4294967295
tileMagicalCastle,0,192,112,464,32,32,0,1,1,4294967295
tileMagicalCastle,0,160,112,464,32,32,0,1,1,4294967295
tileMagicalCastle,32,160,112,464,32,32,0,1,1,4294967295
tileMagicalCastle,64,160,112,464,32,32,0,1,1,4294967295
tileMagicalCastle,64,128,112,464,32,32,0,1,1,4294967295
tileMagicalCastle,32,128,112,464,32,32,0,1,1,4294967295
tileMagicalCastle,0,128,112,464,32,32,0,1,1,4294967295
tileMagicalCastle,0,96,112,464,32,32,0,1,1,4294967295
tileMagicalCastle,32,96,112,464,32,32,0,1,1,4294967295
tileMagicalCastle,64,96,112,464,32,32,0,1,1,4294967295
tileMagicalCastle,64,64,112,464,32,32,0,1,1,4294967295
tileMagicalCastle,32,64,112,464,32,32,0,1,1,4294967295
tileMagicalCastle,0,64,112,464,32,32,0,1,1,4294967295
tileMagicalCastle,0,32,112,464,32,32,0,1,1,4294967295
tileMagicalCastle,0,0,112,464,32,32,0,1,1,4294967295
tileMagicalCastle,32,0,112,464,32,32,0,1,1,4294967295
tileMagicalCastle,32,32,112,464,32,32,0,1,1,4294967295
tileMagicalCastle,64,32,112,464,32,32,0,1,1,4294967295
tileMagicalCastle,96,32,112,464,32,32,0,1,1,4294967295
tileMagicalCastle,96,0,112,464,32,32,0,1,1,4294967295
tileMagicalCastle,64,0,112,464,32,32,0,1,1,4294967295
tileMagicalCastle,128,0,112,464,32,32,0,1,1,4294967295
tileMagicalCastle,128,32,112,464,32,32,0,1,1,4294967295
tileMagicalCastle,160,32,112,464,32,32,0,1,1,4294967295
tileMagicalCastle,192,32,112,464,32,32,0,1,1,4294967295
tileMagicalCastle,192,0,112,464,32,32,0,1,1,4294967295
tileMagicalCastle,160,0,112,464,32,32,0,1,1,4294967295
tileMagicalCastle,224,0,112,464,32,32,0,1,1,4294967295
tileMagicalCastle,224,32,112,464,32,32,0,1,1,4294967295
tileMagicalCastle,256,32,112,464,32,32,0,1,1,4294967295
tileMagicalCastle,288,32,112,464,32,32,0,1,1,4294967295
tileMagicalCastle,320,32,112,464,32,32,0,1,1,4294967295
tileMagicalCastle,352,32,112,464,32,32,0,1,1,4294967295
tileMagicalCastle,384,32,112,464,32,32,0,1,1,4294967295
tileMagicalCastle,416,32,112,464,32,32,0,1,1,4294967295
tileMagicalCastle,448,32,112,464,32,32,0,1,1,4294967295
tileMagicalCastle,448,0,112,464,32,32,0,1,1,4294967295
tileMagicalCastle,416,0,112,464,32,32,0,1,1,4294967295
tileMagicalCastle,384,0,112,464,32,32,0,1,1,4294967295
tileMagicalCastle,352,0,112,464,32,32,0,1,1,4294967295
tileMagicalCastle,320,0,112,464,32,32,0,1,1,4294967295
tileMagicalCastle,288,0,112,464,32,32,0,1,1,4294967295
tileMagicalCastle,256,0,112,464,32,32,0,1,1,4294967295
tileMagicalCastle,384,192,112,464,32,32,0,1,1,4294967295
tileMagicalCastle,416,192,112,464,32,32,0,1,1,4294967295
tileMagicalCastle,448,192,112,464,32,32,0,1,1,4294967295
tileMagicalCastle,448,224,112,464,32,32,0,1,1,4294967295
tileMagicalCastle,448,256,112,464,32,32,0,1,1,4294967295
tileMagicalCastle,448,288,112,464,32,32,0,1,1,4294967295
tileMagicalCastle,448,320,112,464,32,32,0,1,1,4294967295
tileMagicalCastle,448,352,112,464,32,32,0,1,1,4294967295
tileMagicalCastle,448,384,112,464,32,32,0,1,1,4294967295
tileMagicalCastle,448,416,112,464,32,32,0,1,1,4294967295
tileMagicalCastle,416,416,112,464,32,32,0,1,1,4294967295
tileMagicalCastle,416,384,112,464,32,32,0,1,1,4294967295
tileMagicalCastle,416,352,112,464,32,32,0,1,1,4294967295
tileMagicalCastle,416,320,112,464,32,32,0,1,1,4294967295
tileMagicalCastle,416,288,112,464,32,32,0,1,1,4294967295
tileMagicalCastle,416,256,112,464,32,32,0,1,1,4294967295
tileMagicalCastle,416,224,112,464,32,32,0,1,1,4294967295
tileMagicalCastle,384,224,112,464,32,32,0,1,1,4294967295
tileMagicalCastle,384,256,112,464,32,32,0,1,1,4294967295
tileMagicalCastle,384,288,112,464,32,32,0,1,1,4294967295
tileMagicalCastle,384,320,112,464,32,32,0,1,1,4294967295
tileMagicalCastle,384,352,112,464,32,32,0,1,1,4294967295
tileMagicalCastle,384,384,112,464,32,32,0,1,1,4294967295
tileMagicalCastle,384,416,112,464,32,32,0,1,1,4294967295
tileMagicalCastle,448,64,112,464,32,32,0,1,1,4294967295
tileMagicalCastle,448,96,112,464,32,32,0,1,1,4294967295
tileMagicalCastle,416,64,96,448,32,64,0,1,1,4294967295
tileMagicalCastle,0,960,144,400,32,16,0,1,1,4294967295
tileMagicalCastle,32,960,144,400,32,16,0,1,1,4294967295
tileMagicalCastle,64,960,144,400,32,16,0,1,1,4294967295
tileMagicalCastle,96,960,144,400,32,16,0,1,1,4294967295
tileMagicalCastle,128,944,144,400,16,32,0,1,1,4294967295
tileMagicalCastle,128,912,144,400,16,32,0,1,1,4294967295
tileMagicalCastle,128,880,144,400,16,32,0,1,1,4294967295
tileMagicalCastle,128,848,144,400,16,32,0,1,1,4294967295
tileMagicalCastle,128,816,144,400,16,32,0,1,1,4294967295
tileMagicalCastle,128,784,144,400,16,32,0,1,1,4294967295
tileMagicalCastle,128,752,144,400,16,32,0,1,1,4294967295
tileMagicalCastle,128,720,144,400,16,32,0,1,1,4294967295
tileMagicalCastle,128,688,144,400,16,32,0,1,1,4294967295
tileMagicalCastle,128,656,144,400,16,32,0,1,1,4294967295
tileMagicalCastle,128,624,144,400,16,32,0,1,1,4294967295
tileMagicalCastle,128,592,144,400,16,32,0,1,1,4294967295
tileMagicalCastle,128,560,144,400,16,32,0,1,1,4294967295
tileMagicalCastle,128,528,144,400,16,32,0,1,1,4294967295
tileMagicalCastle,128,496,144,400,16,32,0,1,1,4294967295
tileMagicalCastle,128,464,144,400,16,32,0,1,1,4294967295
tileMagicalCastle,128,432,144,400,16,32,0,1,1,4294967295
tileMagicalCastle,128,400,144,400,16,32,0,1,1,4294967295
tileMagicalCastle,128,368,144,400,16,32,0,1,1,4294967295
tileMagicalCastle,128,336,144,400,16,32,0,1,1,4294967295
tileMagicalCastle,128,304,144,400,16,32,0,1,1,4294967295
tileMagicalCastle,128,272,144,400,16,32,0,1,1,4294967295
tileMagicalCastle,128,240,144,400,16,32,0,1,1,4294967295
tileMagicalCastle,128,208,144,400,16,32,0,1,1,4294967295
tileMagicalCastle,128,176,144,400,16,32,0,1,1,4294967295
tileMagicalCastle,128,144,144,400,16,32,0,1,1,4294967295
tileMagicalCastle,128,112,144,400,16,32,0,1,1,4294967295
tileMagicalCastle,128,80,144,400,16,32,0,1,1,4294967295
tileMagicalCastle,128,64,144,400,32,16,0,1,1,4294967295
tileMagicalCastle,160,64,144,400,32,16,0,1,1,4294967295
tileMagicalCastle,192,64,144,400,32,16,0,1,1,4294967295
tileMagicalCastle,256,64,144,400,32,16,0,1,1,4294967295
tileMagicalCastle,288,64,144,400,32,16,0,1,1,4294967295
tileMagicalCastle,320,64,144,400,32,16,0,1,1,4294967295
tileMagicalCastle,352,64,144,400,32,16,0,1,1,4294967295
tileMagicalCastle,384,64,144,400,32,16,0,1,1,4294967295
tileMagicalCastle,432,128,144,400,32,16,0,1,1,4294967295
tileMagicalCastle,464,128,144,400,16,16,0,1,1,4294967295
tileMagicalCastle,224,1008,160,688,32,16,0,1,1,4294967295
tileMagicalCastle,224,992,160,688,32,16,0,1,1,4294967295
tileMagicalCastle,224,976,160,688,32,16,0,1,1,4294967295
tileMagicalCastle,224,960,160,688,32,16,0,1,1,4294967295
tileMagicalCastle,224,944,160,688,32,16,0,1,1,4294967295
tileMagicalCastle,224,928,160,688,32,16,0,1,1,4294967295
tileMagicalCastle,224,912,160,688,32,16,0,1,1,4294967295
tileMagicalCastle,224,896,160,688,32,16,0,1,1,4294967295
tileMagicalCastle,224,880,160,688,32,16,0,1,1,4294967295
tileMagicalCastle,224,864,160,688,32,16,0,1,1,4294967295
tileMagicalCastle,224,848,160,688,32,16,0,1,1,4294967295
tileMagicalCastle,224,832,160,688,32,16,0,1,1,4294967295
tileMagicalCastle,224,816,160,688,32,16,0,1,1,4294967295
tileMagicalCastle,224,800,160,688,32,16,0,1,1,4294967295
tileMagicalCastle,224,784,160,688,32,16,0,1,1,4294967295
tileMagicalCastle,224,768,160,688,32,16,0,1,1,4294967295
tileMagicalCastle,224,752,160,688,32,16,0,1,1,4294967295
tileMagicalCastle,224,736,160,688,32,16,0,1,1,4294967295
tileMagicalCastle,224,720,160,688,32,16,0,1,1,4294967295
tileMagicalCastle,224,704,160,688,32,16,0,1,1,4294967295
tileMagicalCastle,224,688,160,688,32,16,0,1,1,4294967295
tileMagicalCastle,224,672,160,688,32,16,0,1,1,4294967295
tileMagicalCastle,224,656,160,688,32,16,0,1,1,4294967295
tileMagicalCastle,224,640,160,688,32,16,0,1,1,4294967295
tileMagicalCastle,224,624,160,688,32,16,0,1,1,4294967295
tileMagicalCastle,224,608,160,688,32,16,0,1,1,4294967295
tileMagicalCastle,224,592,160,688,32,16,0,1,1,4294967295
tileMagicalCastle,224,576,160,688,32,16,0,1,1,4294967295
tileMagicalCastle,224,560,160,688,32,16,0,1,1,4294967295
tileMagicalCastle,224,544,160,688,32,16,0,1,1,4294967295
tileMagicalCastle,224,528,160,688,32,16,0,1,1,4294967295
tileMagicalCastle,224,512,160,688,32,16,0,1,1,4294967295
tileMagicalCastle,224,496,160,688,32,16,0,1,1,4294967295
tileMagicalCastle,224,480,160,688,32,16,0,1,1,4294967295
tileMagicalCastle,224,464,160,688,32,16,0,1,1,4294967295
tileMagicalCastle,224,448,160,688,32,16,0,1,1,4294967295
tileMagicalCastle,224,432,160,688,32,16,0,1,1,4294967295
tileMagicalCastle,224,416,160,688,32,16,0,1,1,4294967295
tileMagicalCastle,224,400,160,688,32,16,0,1,1,4294967295
tileMagicalCastle,224,384,160,688,32,16,0,1,1,4294967295
tileMagicalCastle,224,368,160,688,32,16,0,1,1,4294967295
tileMagicalCastle,224,352,160,688,32,16,0,1,1,4294967295
tileMagicalCastle,224,336,160,688,32,16,0,1,1,4294967295
tileMagicalCastle,224,320,160,688,32,16,0,1,1,4294967295
tileMagicalCastle,224,304,160,688,32,16,0,1,1,4294967295
tileMagicalCastle,224,288,160,688,32,16,0,1,1,4294967295
tileMagicalCastle,224,272,160,688,32,16,0,1,1,4294967295
tileMagicalCastle,224,256,160,688,32,16,0,1,1,4294967295
tileMagicalCastle,224,240,160,688,32,16,0,1,1,4294967295
tileMagicalCastle,224,224,160,688,32,16,0,1,1,4294967295
tileMagicalCastle,224,208,160,688,32,16,0,1,1,4294967295
tileMagicalCastle,224,192,160,688,32,16,0,1,1,4294967295
tileMagicalCastle,224,176,160,688,32,16,0,1,1,4294967295
tileMagicalCastle,224,160,160,688,32,16,0,1,1,4294967295
tileMagicalCastle,224,144,160,688,32,16,0,1,1,4294967295
tileMagicalCastle,224,128,160,688,32,16,0,1,1,4294967295
tileMagicalCastle,224,112,160,688,32,16,0,1,1,4294967295
tileMagicalCastle,224,96,160,688,32,16,0,1,1,4294967295
tileMagicalCastle,224,80,160,688,32,16,0,1,1,4294967295
tileMagicalCastle,224,64,160,688,32,16,0,1,1,4294967295
tileMagicalCastle,256,80,176,544,16,32,0,1,1,4294967295
tileMagicalCastle,256,112,176,544,16,32,0,1,1,4294967295
tileMagicalCastle,256,144,176,544,16,32,0,1,1,4294967295
tileMagicalCastle,256,176,176,544,16,32,0,1,1,4294967295
tileMagicalCastle,256,208,176,544,16,32,0,1,1,4294967295
tileMagicalCastle,256,240,176,544,16,32,0,1,1,4294967295
tileMagicalCastle,256,272,176,544,16,32,0,1,1,4294967295
tileMagicalCastle,256,304,176,544,16,32,0,1,1,4294967295
tileMagicalCastle,256,336,176,544,16,32,0,1,1,4294967295
tileMagicalCastle,256,368,176,544,16,32,0,1,1,4294967295
tileMagicalCastle,256,400,176,544,16,32,0,1,1,4294967295
tileMagicalCastle,256,432,176,544,16,32,0,1,1,4294967295
tileMagicalCastle,256,464,176,544,16,32,0,1,1,4294967295
tileMagicalCastle,256,496,176,544,16,32,0,1,1,4294967295
tileMagicalCastle,256,528,176,544,16,32,0,1,1,4294967295
tileMagicalCastle,256,560,176,544,16,32,0,1,1,4294967295
tileMagicalCastle,256,592,176,544,16,32,0,1,1,4294967295
tileMagicalCastle,256,624,176,544,16,32,0,1,1,4294967295
tileMagicalCastle,256,656,176,544,16,32,0,1,1,4294967295
tileMagicalCastle,256,688,176,544,16,32,0,1,1,4294967295
tileMagicalCastle,256,720,176,544,16,32,0,1,1,4294967295
tileMagicalCastle,256,752,176,544,16,32,0,1,1,4294967295
tileMagicalCastle,256,784,176,544,16,32,0,1,1,4294967295
tileMagicalCastle,256,816,176,544,16,32,0,1,1,4294967295
tileMagicalCastle,256,848,176,544,16,32,0,1,1,4294967295
tileMagicalCastle,256,880,176,544,16,32,0,1,1,4294967295
tileMagicalCastle,256,912,176,544,16,32,0,1,1,4294967295
tileMagicalCastle,256,944,176,544,16,32,0,1,1,4294967295
tileMagicalCastle,256,976,176,544,16,32,0,1,1,4294967295
tileMagicalCastle,256,1008,176,544,16,16,0,1,1,4294967295
