tileMagicalCastle,48,880,128,576,64,64,0,1,1,4294967295
tileMagicalCastle,368,880,128,576,64,64,0,1,1,4294967295
tileMagicalCastle,368,752,128,576,64,64,0,1,1,4294967295
tileMagicalCastle,48,752,128,576,64,64,0,1,1,4294967295
tileMagicalCastle,48,624,128,576,64,64,0,1,1,4294967295
tileMagicalCastle,368,624,128,576,64,64,0,1,1,4294967295
tileMagicalCastle,368,496,128,576,64,64,0,1,1,4294967295
tileMagicalCastle,48,496,128,576,64,64,0,1,1,4294967295
tileMagicalCastle,368,368,128,576,64,64,0,1,1,4294967295
tileMagicalCastle,368,240,128,576,64,64,0,1,1,4294967295
tileMagicalCastle,48,368,128,576,64,64,0,1,1,4294967295
tileMagicalCastle,48,240,128,576,64,64,0,1,1,4294967295
tileMagicalCastle,128,928,160,304,16,16,0,1,1,4294967295
tileMagicalCastle,144,928,160,304,16,16,0,1,1,4294967295
tileMagicalCastle,160,928,160,304,16,16,0,1,1,4294967295
tileMagicalCastle,176,928,160,304,16,16,0,1,1,4294967295
tileMagicalCastle,192,928,160,304,16,16,0,1,1,4294967295
tileMagicalCastle,208,928,160,304,16,16,0,1,1,4294967295
tileMagicalCastle,256,928,160,304,16,16,0,1,1,4294967295
tileMagicalCastle,272,928,160,304,16,16,0,1,1,4294967295
tileMagicalCastle,288,928,160,304,16,16,0,1,1,4294967295
tileMagicalCastle,304,928,160,304,16,16,0,1,1,4294967295
tileMagicalCastle,320,928,160,304,16,16,0,1,1,4294967295
tileMagicalCastle,336,928,160,304,16,16,0,1,1,4294967295
tileMagicalCastle,128,832,160,304,16,16,0,1,1,4294967295
tileMagicalCastle,144,832,160,304,16,16,0,1,1,4294967295
tileMagicalCastle,160,832,160,304,16,16,0,1,1,4294967295
tileMagicalCastle,176,832,160,304,16,16,0,1,1,4294967295
tileMagicalCastle,192,832,160,304,16,16,0,1,1,4294967295
tileMagicalCastle,208,832,160,304,16,16,0,1,1,4294967295
tileMagicalCastle,256,832,160,304,16,16,0,1,1,4294967295
tileMagicalCastle,272,832,160,304,16,16,0,1,1,4294967295
tileMagicalCastle,288,832,160,304,16,16,0,1,1,4294967295
tileMagicalCastle,304,832,160,304,16,16,0,1,1,4294967295
tileMagicalCastle,320,832,160,304,16,16,0,1,1,4294967295
tileMagicalCastle,336,832,160,304,16,16,0,1,1,4294967295
tileMagicalCastle,128,736,160,304,16,16,0,1,1,4294967295
tileMagicalCastle,144,736,160,304,16,16,0,1,1,4294967295
tileMagicalCastle,160,736,160,304,16,16,0,1,1,4294967295
tileMagicalCastle,176,736,160,304,16,16,0,1,1,4294967295
tileMagicalCastle,192,736,160,304,16,16,0,1,1,4294967295
tileMagicalCastle,208,736,160,304,16,16,0,1,1,4294967295
tileMagicalCastle,256,736,160,304,16,16,0,1,1,4294967295
tileMagicalCastle,272,736,160,304,16,16,0,1,1,4294967295
tileMagicalCastle,288,736,160,304,16,16,0,1,1,4294967295
tileMagicalCastle,304,736,160,304,16,16,0,1,1,4294967295
tileMagicalCastle,320,736,160,304,16,16,0,1,1,4294967295
tileMagicalCastle,336,736,160,304,16,16,0,1,1,4294967295
tileMagicalCastle,128,640,160,304,16,16,0,1,1,4294967295
tileMagicalCastle,144,640,160,304,16,16,0,1,1,4294967295
tileMagicalCastle,160,640,160,304,16,16,0,1,1,4294967295
tileMagicalCastle,176,640,160,304,16,16,0,1,1,4294967295
tileMagicalCastle,192,640,160,304,16,16,0,1,1,4294967295
tileMagicalCastle,208,640,160,304,16,16,0,1,1,4294967295
tileMagicalCastle,256,640,160,304,16,16,0,1,1,4294967295
tileMagicalCastle,272,640,160,304,16,16,0,1,1,4294967295
tileMagicalCastle,288,640,160,304,16,16,0,1,1,4294967295
tileMagicalCastle,304,640,160,304,16,16,0,1,1,4294967295
tileMagicalCastle,320,640,160,304,16,16,0,1,1,4294967295
tileMagicalCastle,336,640,160,304,16,16,0,1,1,4294967295
tileMagicalCastle,128,544,160,304,16,16,0,1,1,4294967295
tileMagicalCastle,144,544,160,304,16,16,0,1,1,4294967295
tileMagicalCastle,160,544,160,304,16,16,0,1,1,4294967295
tileMagicalCastle,176,544,160,304,16,16,0,1,1,4294967295
tileMagicalCastle,192,544,160,304,16,16,0,1,1,4294967295
tileMagicalCastle,208,544,160,304,16,16,0,1,1,4294967295
tileMagicalCastle,256,544,160,304,16,16,0,1,1,4294967295
tileMagicalCastle,272,544,160,304,16,16,0,1,1,4294967295
tileMagicalCastle,288,544,160,304,16,16,0,1,1,4294967295
tileMagicalCastle,304,544,160,304,16,16,0,1,1,4294967295
tileMagicalCastle,320,544,160,304,16,16,0,1,1,4294967295
tileMagicalCastle,336,544,160,304,16,16,0,1,1,4294967295
tileMagicalCastle,128,448,160,304,16,16,0,1,1,4294967295
tileMagicalCastle,144,448,160,304,16,16,0,1,1,4294967295
tileMagicalCastle,160,448,160,304,16,16,0,1,1,4294967295
tileMagicalCastle,176,448,160,304,16,16,0,1,1,4294967295
tileMagicalCastle,192,448,160,304,16,16,0,1,1,4294967295
tileMagicalCastle,208,448,160,304,16,16,0,1,1,4294967295
tileMagicalCastle,256,448,160,304,16,16,0,1,1,4294967295
tileMagicalCastle,272,448,160,304,16,16,0,1,1,4294967295
tileMagicalCastle,288,448,160,304,16,16,0,1,1,4294967295
tileMagicalCastle,304,448,160,304,16,16,0,1,1,4294967295
tileMagicalCastle,320,448,160,304,16,16,0,1,1,4294967295
tileMagicalCastle,336,448,160,304,16,16,0,1,1,4294967295
tileMagicalCastle,128,352,160,304,16,16,0,1,1,4294967295
tileMagicalCastle,144,352,160,304,16,16,0,1,1,4294967295
tileMagicalCastle,160,352,160,304,16,16,0,1,1,4294967295
tileMagicalCastle,176,352,160,304,16,16,0,1,1,4294967295
tileMagicalCastle,192,352,160,304,16,16,0,1,1,4294967295
tileMagicalCastle,208,352,160,304,16,16,0,1,1,4294967295
tileMagicalCastle,256,352,160,304,16,16,0,1,1,4294967295
tileMagicalCastle,272,352,160,304,16,16,0,1,1,4294967295
tileMagicalCastle,288,352,160,304,16,16,0,1,1,4294967295
tileMagicalCastle,304,352,160,304,16,16,0,1,1,4294967295
tileMagicalCastle,320,352,160,304,16,16,0,1,1,4294967295
tileMagicalCastle,336,352,160,304,16,16,0,1,1,4294967295
tileMagicalCastle,128,256,160,304,16,16,0,1,1,4294967295
tileMagicalCastle,144,256,160,304,16,16,0,1,1,4294967295
tileMagicalCastle,160,256,160,304,16,16,0,1,1,4294967295
tileMagicalCastle,176,256,160,304,16,16,0,1,1,4294967295
tileMagicalCastle,192,256,160,304,16,16,0,1,1,4294967295
tileMagicalCastle,208,256,160,304,16,16,0,1,1,4294967295
tileMagicalCastle,256,256,160,304,16,16,0,1,1,4294967295
tileMagicalCastle,272,256,160,304,16,16,0,1,1,4294967295
tileMagicalCastle,288,256,160,304,16,16,0,1,1,4294967295
tileMagicalCastle,304,256,160,304,16,16,0,1,1,4294967295
tileMagicalCastle,320,256,160,304,16,16,0,1,1,4294967295
tileMagicalCastle,336,256,160,304,16,16,0,1,1,4294967295
tileMagicalCastle,352,64,176,416,16,48,0,1,1,4294967295
tileMagicalCastle,352,144,176,432,16,48,0,1,1,4294967295
tileMagicalCastle,352,112,176,432,16,32,0,1,1,4294967295
tileMagicalCastle,128,160,160,304,16,16,0,1,1,4294967295
tileMagicalCastle,144,160,160,304,16,16,0,1,1,4294967295
tileMagicalCastle,160,160,160,304,16,16,0,1,1,4294967295
tileMagicalCastle,176,160,160,304,16,16,0,1,1,4294967295
tileMagicalCastle,192,160,160,304,16,16,0,1,1,4294967295
tileMagicalCastle,208,160,160,304,16,16,0,1,1,4294967295
tileMagicalCastle,256,160,160,304,16,16,0,1,1,4294967295
tileMagicalCastle,272,160,160,304,16,16,0,1,1,4294967295
tileMagicalCastle,288,160,160,304,16,16,0,1,1,4294967295
tileMagicalCastle,304,160,160,304,16,16,0,1,1,4294967295
tileMagicalCastle,320,160,160,304,16,16,0,1,1,4294967295
tileMagicalCastle,336,160,160,304,16,16,0,1,1,4294967295
