oDancingFlower,248,397,0012FE2E,0,1,1,4294967295,0,0
oDancingFlower,328,365,003FBB11,0,1,1,4294967295,0,0
oDancingFlower,1096,221,002667E0,0,1,1,4294967295,0,0
oDancingFlower,1125,214,000B656A,0,1,1,4294967295,0,0
oDancingFlower,1368,237,002B1F26,0,1,1,4294967295,0,0
oDancingFlower,1448,205,0025F96E,0,1,1,4294967295,0,0
oDancingFlower,1683,398,00066B9F,0,1,1,4294967295,0,0
oDancingFlower,1724,409,002C1EEA,0,1,1,4294967295,0,0
oDancingFlower,1777,174,0022BE6F,0,1,1,4294967295,0,0
oDancingFlower,1812,161,00105A83,0,1,1,4294967295,0,0
oDancingFlower,1832,189,001DFA18,0,1,1,4294967295,0,0
oDancingFlower,1899,167,00079A62,0,1,1,4294967295,0,0
oDancingFlower,2016,159,003A78F8,0,1,1,4294967295,0,0
oDancingFlower,1874,400,000594CD,0,1,1,4294967295,0,0
oDancingFlower,1935,406,003C7D57,0,1,1,4294967295,0,0
oDancingFlower,2595,241,000CE2E4,0,1,1,4294967295,0,0
oDancingFlower,2647,247,001B36A2,0,1,1,4294967295,0,0
oDancingFlower,2686,233,00157FE6,0,1,1,4294967295,0,0
oExit,128,336,003DFF6F,0,1,1,4294967295,0,1
oSignPost,240,368,000C5CB9,0,1,1,4294967295,0,1
oExit,2664,160,001FE9BE,0,1,1,4294967295,0,1
oEfHeartEmitter,869,267,003EB42E,0,1,1,4294967295,0,1
oMTBird,480,64,0004F460,0,1,1,4294967295,0,0
oMTBird,800,32,003CB208,0,1,1,4294967295,0,0
oMTBird,1040,96,001D6F10,0,1,1,4294967295,0,0
oMTBird,1152,64,0004E35D,0,1,1,4294967295,0,0
oMTBird,1616,32,001E12E0,0,1,1,4294967295,0,0
oMTBird,2464,64,001C6F57,0,1,1,4294967295,0,0
oCityBirdA,264,89,000C5AC0,0,1,1,4294967295,0,0
oDiveBird,752,240,00252A87,0,1,1,4294967295,0,0
oDiveBird,816,240,000C6E74,0,1,1,4294967295,0,0
oDiveBird,1488,160,001D0961,0,1,1,4294967295,0,0
oDiveBird,2800,208,002C0E7D,0,1,1,4294967295,0,0
oDiveBird,1776,112,003E2003,0,1,1,4294967295,0,1
oDiveBird,1840,112,000CC5C1,0,1,1,4294967295,0,1
oDiveBird,1392,144,0003C124,0,1,1,4294967295,0,1
oDiveBird,1424,144,003B5A23,0,1,1,4294967295,0,1
oMTBird,2672,320,002CD3A6,0,1,1,4294967295,0,0
oMTBird,2698,335,0009BEEE,0,1,1,4294967295,0,0
oMTBird,2712,310,00082AF8,0,1,1,4294967295,0,0
oMTBird,2642,304,001421EA,0,1,1,4294967295,0,0
oMTBird,2616,344,002D0076,0,1,1,4294967295,0,0
oMTBird,2656,365,00327688,0,1,1,4294967295,0,0
oMTBird,382,50,0000C013,0,1,1,4294967295,0,0
oMTBird,345,85,00025BD0,0,1,1,4294967295,0,0
oAPBoost,2384,256,0018DCB1,0,1,1,4294967295,0,1
oEventBarrier,2336,224,0039CAA9,0,1,1,4294967295,0,1
oReachRing,1024,288,002D4A9D,0,1,1,4294967295,0,0
oReachRing,1232,272,00183AE5,0,1,1,4294967295,0,0
oReachRing,1360,320,00155E0A,0,1,1,4294967295,0,0
oReachRing,1520,288,000B9456,0,1,1,4294967295,0,0
oReachRing,1696,320,00220F12,0,1,1,4294967295,0,0
oReachRing,1904,320,00387E67,0,1,1,4294967295,0,0
oReachRing,2096,272,00069036,0,1,1,4294967295,0,0
oReachRing,2240,208,000F4F23,0,1,1,4294967295,0,0
oWeaponLevelUpgrade,2712,432,001A961E,0,1,1,4294967295,0,1
oEvCh19Door,752,0,003FFA80,0,1,1,4294967295,0,1
oHexFullCircle,2144,208,0034B8BD,0,1,1,4294967295,0,1
oHexFullCircle,1808,160,002FE83B,0,1,1,4294967295,0,1
oHexFullCircle,1408,32,002E3D25,0,1,1,4294967295,0,1
oHexFullCircle,1520,48,0013BDD7,0,1,1,4294967295,0,1
oHexFullCircle,512,496,003D958A,0,1,1,4294967295,0,1
oHexFullCircle,912,496,0029694D,0,1,1,4294967295,0,1
oLaserBall,880,160,0035EFFB,0,1,1,4294967295,0,0
oSparky,560,256,003AF029,0,1,1,4294967295,0,0
oMetalGuardian,1264,288,001F85DB,0,1,1,4294967295,0,0
oSparky,1808,112,0037B670,0,1,1,4294967295,0,0
oFireBro,1936,112,001E6B9B,0,1,1,4294967295,0,0
oSparky,2384,192,001253BD,0,1,1,4294967295,0,0
oPlayer1,176,368,0010EBF5,0,1,1,4294967295,0,0
oInvCollPH,16,224,00072A75,0,1,1,4294967295,0,0
oInvCollPH,16,240,000D5E92,0,1,1,4294967295,0,0
oInvCollPH,16,256,0023B4E2,0,1,1,4294967295,0,0
oInvCollPH,16,272,0033F727,0,1,1,4294967295,0,0
oInvCollPH,16,288,0010154C,0,1,1,4294967295,0,0
oInvCollPH,16,304,002AD773,0,1,1,4294967295,0,0
oInvCollPH,16,320,0005B123,0,1,1,4294967295,0,0
oInvCollPH,96,368,000082C5,0,1,1,4294967295,0,0
oInvCollPH,112,368,001B912D,0,1,1,4294967295,0,0
oInvCollPH,128,368,00332870,0,1,1,4294967295,0,0
oInvCollPH,144,368,003A5031,0,1,1,4294967295,0,0
oInvCollPH,160,368,003ADEB4,0,1,1,4294967295,0,0
oInvCollPH,176,368,0034DC8B,0,1,1,4294967295,0,0
oInvCollPH,240,368,003C1AD0,0,1,1,4294967295,0,0
oInvCollPH,224,368,003E3D9A,0,1,1,4294967295,0,0
oInvCollPH,208,368,00255F19,0,1,1,4294967295,0,0
oInvCollPH,192,368,0027F027,0,1,1,4294967295,0,0
oInvCollPH,336,336,002928A6,0,1,1,4294967295,0,0
oInvCollPH,320,416,0014E1C4,0,1,1,4294967295,0,0
oInvCollPH,192,0,0005867F,0,1,1,4294967295,0,0
oInvCollPH,192,16,00108DF0,0,1,1,4294967295,0,0
oInvCollPH,192,32,000A883F,0,1,1,4294967295,0,0
oInvCollPH,192,48,0011D81C,0,1,1,4294967295,0,0
oInvCollPH,192,144,002D7E67,0,1,1,4294967295,0,0
oInvCollPH,208,144,000AC57F,0,1,1,4294967295,0,0
oInvCollPH,528,256,001190EF,0,1,1,4294967295,0,0
oInvCollPH,544,256,00190A55,0,1,1,4294967295,0,0
oInvCollPH,560,256,003C0F8C,0,1,1,4294967295,0,0
oInvCollPH,576,256,00369073,0,1,1,4294967295,0,0
oInvCollPH,592,256,001F7F13,0,1,1,4294967295,0,0
oInvCollPH,656,240,00380222,0,1,1,4294967295,0,0
oInvCollPH,672,240,000458E9,0,1,1,4294967295,0,0
oInvCollPH,688,240,0033B49D,0,1,1,4294967295,0,0
oInvCollPH,704,240,00031D7A,0,1,1,4294967295,0,0
oInvCollPH,720,240,000F99D3,0,1,1,4294967295,0,0
oInvCollPH,736,240,000C7221,0,1,1,4294967295,0,0
oInvCollPH,752,240,0029C492,0,1,1,4294967295,0,0
oInvCollPH,768,240,002D362C,0,1,1,4294967295,0,0
oInvCollPH,784,240,001A5341,0,1,1,4294967295,0,0
oInvCollPH,672,272,00105982,0,1,1,4294967295,0,0
oInvCollPH,688,272,003A74AC,0,1,1,4294967295,0,0
oInvCollPH,704,272,0039AF55,0,1,1,4294967295,0,0
oInvCollPH,800,240,001C54B9,0,1,1,4294967295,0,0
oInvCollPH,816,240,0027E2D7,0,1,1,4294967295,0,0
oInvCollPH,832,240,0014643C,0,1,1,4294967295,0,0
oInvCollPH,848,240,001D2AA7,0,1,1,4294967295,0,0
oInvCollPH,864,240,003E2F53,0,1,1,4294967295,0,0
oInvCollPH,880,240,0031C84A,0,1,1,4294967295,0,0
oInvCollPH,544,304,002B0C6E,0,1,1,4294967295,0,0
oInvCollPH,832,320,0001BCFE,0,1,1,4294967295,0,0
oInvCollPH,720,272,0018290D,0,1,1,4294967295,0,0
oInvCollPH,1104,176,003DE7E5,0,1,1,4294967295,0,0
oInvCollPH,1120,176,0021DFBC,0,1,1,4294967295,0,0
oInvCollPH,1136,176,00334779,0,1,1,4294967295,0,0
oInvCollPH,1024,336,000DEB88,0,1,1,4294967295,0,0
oInvCollPH,896,288,003BBFA6,0,1,1,4294967295,0,0
oInvCollPH,912,288,0013EA54,0,1,1,4294967295,0,0
oInvCollPH,1392,256,00094032,0,1,1,4294967295,0,0
oInvCollPH,1488,160,00202DD9,0,1,1,4294967295,0,0
oInvCollPH,1504,160,000560B6,0,1,1,4294967295,0,0
oInvCollPH,1392,144,0025DA70,0,1,1,4294967295,0,0
oInvCollPH,1408,144,0011AC2A,0,1,1,4294967295,0,0
oInvCollPH,1424,144,0033CEDC,0,1,1,4294967295,0,0
oInvCollPH,1232,320,002E4D1E,0,1,1,4294967295,0,0
oInvCollPH,1216,352,002769DE,0,1,1,4294967295,0,0
oInvCollPH,1232,352,0003F49C,0,1,1,4294967295,0,0
oInvCollPH,1472,160,00177672,0,1,1,4294967295,0,0
oInvCollPH,1680,368,00094A44,0,1,1,4294967295,0,0
oInvCollPH,1696,368,001814FE,0,1,1,4294967295,0,0
oInvCollPH,1712,368,00232108,0,1,1,4294967295,0,0
oInvCollPH,1352,368,0023B31B,0,1,1,4294967295,0,0
oInvCollPH,1888,368,00309858,0,1,1,4294967295,0,0
oInvCollPH,1904,368,0037F220,0,1,1,4294967295,0,0
oInvCollPH,1920,368,001DF714,0,1,1,4294967295,0,0
oInvCollPH,2184,128,003702BD,0,1,1,4294967295,0,0
oInvCollPH,2240,256,0023DE8A,0,1,1,4294967295,0,0
oInvCollPH,2224,288,00265776,0,1,1,4294967295,0,0
oInvCollPH,2240,288,001DA2C9,0,1,1,4294967295,0,0
oInvCollPH,1824,224,0024C6F6,0,1,1,4294967295,0,0
oInvCollPH,1952,192,001D2EB8,0,1,1,4294967295,0,0
oInvCollPH,2032,112,002B133C,0,1,1,4294967295,0,0
oInvCollPH,1712,128,003A84F4,0,1,1,4294967295,0,0
oInvCollPH,1776,112,0032877F,0,1,1,4294967295,0,0
oInvCollPH,1792,112,000AC548,0,1,1,4294967295,0,0
oInvCollPH,1808,112,001FD7B9,0,1,1,4294967295,0,0
oInvCollPH,1824,112,00210D5D,0,1,1,4294967295,0,0
oInvCollPH,1840,112,00095045,0,1,1,4294967295,0,0
oInvCollPH,1936,112,001B1285,0,1,1,4294967295,0,0
oInvCollPH,2352,192,0037984F,0,1,1,4294967295,0,0
oInvCollPH,2368,192,0039109C,0,1,1,4294967295,0,0
oInvCollPH,2384,192,002F46DB,0,1,1,4294967295,0,0
oInvCollPH,2400,192,001D0B92,0,1,1,4294967295,0,0
oInvCollPH,2416,192,002EB0AD,0,1,1,4294967295,0,0
oInvCollPH,2416,224,0015547B,0,1,1,4294967295,0,0
oInvCollPH,2416,240,00280A92,0,1,1,4294967295,0,0
oInvCollPH,2416,256,00091617,0,1,1,4294967295,0,0
oInvCollPH,2416,272,00014F3F,0,1,1,4294967295,0,0
oInvCollPH,2352,288,003DA9DC,0,1,1,4294967295,0,0
oInvCollPH,2368,288,000B0098,0,1,1,4294967295,0,0
oInvCollPH,2384,288,0003AE37,0,1,1,4294967295,0,0
oInvCollPH,2400,288,0004C066,0,1,1,4294967295,0,0
oInvCollPH,2416,288,0026936A,0,1,1,4294967295,0,0
oInvCollPH,2336,304,00106AD2,0,1,1,4294967295,0,0
oInvCollPH,2336,320,003D35AA,0,1,1,4294967295,0,0
oInvCollPH,2352,320,00123FB5,0,1,1,4294967295,0,0
oInvCollPH,2368,320,000A0FDD,0,1,1,4294967295,0,0
oInvCollPH,2384,320,002EA0B0,0,1,1,4294967295,0,0
oInvCollPH,2400,320,00214E0C,0,1,1,4294967295,0,0
oInvCollPH,2416,320,0004D34D,0,1,1,4294967295,0,0
oInvCollPH,2416,304,00153A5F,0,1,1,4294967295,0,0
oInvCollPH,2592,192,002EDD67,0,1,1,4294967295,0,0
oInvCollPH,2672,192,001C65AD,0,1,1,4294967295,0,0
oInvCollPH,2800,208,00179406,0,1,1,4294967295,0,0
oInvCollPH,2816,320,0039714A,0,1,1,4294967295,0,0
oInvCollPH,2816,336,00309965,0,1,1,4294967295,0,0
oInvCollPH,2816,352,0003D3AC,0,1,1,4294967295,0,0
oInvCollPH,2816,368,00021EA4,0,1,1,4294967295,0,0
oInvCollPH,2816,384,003B9224,0,1,1,4294967295,0,0
oInvCollPH,2816,400,0020C8D4,0,1,1,4294967295,0,0
oInvCollPH,2816,416,000A1B63,0,1,1,4294967295,0,0
oInvCollPH,2816,432,0005BF08,0,1,1,4294967295,0,0
oInvCollPH,2800,448,002C7B09,0,1,1,4294967295,0,0
oInvCollPH,2704,448,003E5655,0,1,1,4294967295,0,0
oInvCollPH,2832,80,002DCD8B,0,1,1,4294967295,0,0
oInvCollPH,2832,96,002620EA,0,1,1,4294967295,0,0
oInvCollPH,2832,112,00046569,0,1,1,4294967295,0,0
oInvCollPH,2832,128,000FF125,0,1,1,4294967295,0,0
oInvCollPH,2832,144,00284800,0,1,1,4294967295,0,0
oInvCollPH,2832,160,001F63C5,0,1,1,4294967295,0,0
oInvCollPH,2832,176,002E1C46,0,1,1,4294967295,0,0
oInvCollPH,2544,208,0006E735,0,1,1,4294967295,0,0
oInvCollPH,2560,208,002FB119,0,1,1,4294967295,0,0
oInvCollPH,2608,208,0038B4BA,0,1,1,4294967295,0,0
oInvCollPH,2200,128,0019CFFB,0,1,1,4294967295,0,0
oInvCollPH,2120,336,000FA256,0,1,1,4294967295,0,0
oInvCollPH,2072,128,002C88E5,0,1,1,4294967295,0,0
oInvCollPH,1960,384,001F46BF,0,1,1,4294967295,0,0
oInvCollPH,1752,384,0008515B,0,1,1,4294967295,0,0
oInvCollPH,1544,352,002C7BDD,0,1,1,4294967295,0,0
oInvCollPH,1544,176,0018D64D,0,1,1,4294967295,0,0
oInvCollPH,1368,368,000D6ABD,0,1,1,4294967295,0,0
oInvCollPH,1064,352,0002F62B,0,1,1,4294967295,0,0
oInvCollPH,952,272,003EB648,0,1,1,4294967295,0,0
oInvCollPH,1176,192,000A455F,0,1,1,4294967295,0,0
oInvCollPH,408,368,000815AA,0,1,1,4294967295,0,0
oInvCollPH,264,96,000FAE34,0,1,1,4294967295,0,0
oInvCollPH,2736,16,0035F935,0,1,1,4294967295,0,0
oInvCollPH,2752,16,003A93B3,0,1,1,4294967295,0,0
oInvCollPH,2752,0,00150BF4,0,1,1,4294967295,0,0
oInvCollPH,2720,448,003AB91A,0,1,1,4294967295,0,0
oInvCollPH,2736,448,002CC81B,0,1,1,4294967295,0,0
oInvCollPH,696,416,00305361,0,1,1,4294967295,0,0
oInvCollPH,1184,352,001738BB,0,1,1,4294967295,0,0
oInvCollPH,1200,352,00209DB8,0,1,1,4294967295,0,0
oInvisibleSolid,64,368,00087E3B,0,1,1,4294967295,0,1
oInvisibleLupLowSlope,64,352,003E99E3,0,1,1,4294967295,0,0
oInvisibleLupLowSlope,32,336,001106CF,0,1,1,4294967295,0,0
oInvisibleSolid,0,224,0035E29E,0,1,1,4294967295,0,1
oInvisibleSolid,0,352,000561D5,0,1,1,4294967295,0,1
oInvisibleRupLowSlope,256,352,0018BCDD,0,1,1,4294967295,0,0
oInvisibleRupLowSlope,288,336,001AF532,0,1,1,4294967295,0,0
oInvisibleLupLowSlope,352,336,001241ED,0,1,1,4294967295,0,0
oInvisibleLupLowSlope,384,352,00238715,0,1,1,4294967295,0,0
oInvisibleLCeilingLowSlope,352,400,00135B21,0,1,1,4294967295,0,0
oInvisibleLCeilingLowSlope,384,384,002D89CC,0,1,1,4294967295,0,0
oInvisibleLCeilingSlope,336,416,00217706,0,1,1,4294967295,0,0
oInvisibleLCeilingSlope,288,464,003D8065,0,1,1,4294967295,0,0
oInvisibleSolid,320,336,00303F71,0,1,1,4294967295,0,1
oInvisibleSolid,384,368,002E1EB4,0,1,1,4294967295,0,1
oInvisibleSolid,288,352,001D469F,0,1,1,4294967295,0,1
oInvisibleSolid,288,432,001F1ECA,0,1,1,4294967295,0,1
oInvisibleSolid,352,352,002BB25B,0,1,1,4294967295,0,1
oInvisibleRCeilingSteepSlope,304,432,003D88E7,0,1,1,4294967295,0,0
oInvisibleRCeilingSteepSlope,16,192,00122C81,0,1,1,4294967295,0,0
oInvisibleRCeilingSteepSlope,64,144,0003B5B4,0,1,1,4294967295,0,0
oInvisibleRCeilingSteepSlope,224,128,000DAF2A,0,1,1,4294967295,0,0
oInvisibleLCeilingSteepSlope,176,128,001642CA,0,1,1,4294967295,0,0
oInvisibleLCeilingLowSlope,112,112,003587DB,0,1,1,4294967295,0,0
oInvisibleLCeilingLowSlope,80,128,003171BD,0,1,1,4294967295,0,0
oInvisibleLCeilingLowSlope,32,176,0010AAC1,0,1,1,4294967295,0,0
oInvisibleLCeilingLowSlope,240,112,001C0A19,0,1,1,4294967295,0,0
oInvisibleRCeilingLowSlope,144,112,0028F3E4,0,1,1,4294967295,0,0
oInvisibleLupLowSlope,240,80,00395989,0,1,1,4294967295,0,0
oInvisibleLupLowSlope,208,64,000113A1,0,1,1,4294967295,0,0
oInvisibleSolid,240,96,0007632B,0,1,1,4294967295,0,1
oInvisibleSolid,192,128,0018820B,0,1,1,4294967295,0,1
oInvisibleSolid,176,80,003597BE,0,1,1,4294967295,0,1
oInvisibleSolid,0,192,000AB9F9,0,1,1,4294967295,0,1
oInvisibleSolid,0,176,00319A35,0,1,1,4294967295,0,1
oInvisibleSolid,0,144,002AE495,0,1,1,4294967295,0,1
oInvisibleSolid,0,128,0028BEC0,0,1,1,4294967295,0,1
oInvisibleSolid,0,112,00340E9B,0,1,1,4294967295,0,1
oInvisibleSolid,0,0,000A2A3A,0,1,1,4294967295,0,1
oInvisibleRCeilingLowSlope,480,288,00108BB0,0,1,1,4294967295,0,0
oInvisibleRCeilingLowSlope,608,288,003810B4,0,1,1,4294967295,0,0
oInvisibleRCeilingLowSlope,736,288,001BFC36,0,1,1,4294967295,0,0
oInvisibleRCeilingLowSlope,768,304,001BAC8B,0,1,1,4294967295,0,0
oInvisibleLCeilingLowSlope,576,288,000E39C7,0,1,1,4294967295,0,0
oInvisibleLCeilingLowSlope,640,288,0005DDC5,0,1,1,4294967295,0,0
oInvisibleLCeilingLowSlope,864,304,001EA0C6,0,1,1,4294967295,0,0
oInvisibleRCeilingSlope,512,304,0006D731,0,1,1,4294967295,0,0
oInvisibleRCeilingSlope,800,320,002A5385,0,1,1,4294967295,0,0
oInvisibleLCeilingSlope,560,304,0006270A,0,1,1,4294967295,0,0
oInvisibleLCeilingSlope,848,320,000FA56D,0,1,1,4294967295,0,0
oInvisibleRupLowSlope,608,240,003B3775,0,1,1,4294967295,0,0
oInvisibleRupLowSlope,480,256,003AFA95,0,1,1,4294967295,0,0
oInvisibleSolid,472,272,002F5FA3,0,1,1,4294967295,0,1
oInvisibleSolid,528,304,00124255,0,1,1,4294967295,0,1
oInvisibleSolid,816,320,00349A55,0,1,1,4294967295,0,1
oInvisibleSolid,800,304,001F284D,0,1,1,4294967295,0,1
oInvisibleSolid,512,288,0002BD00,0,1,1,4294967295,0,1
oInvisibleSolid,512,256,001E185A,0,1,1,4294967295,0,1
oInvisibleSolid,640,240,003DE690,0,1,1,4294967295,0,1
oInvisibleLupLowSlope,896,240,003365D4,0,1,1,4294967295,0,0
oInvisibleLupLowSlope,928,256,0015FD79,0,1,1,4294967295,0,0
oInvisibleLupLowSlope,1040,336,002B6B58,0,1,1,4294967295,0,0
oInvisibleLupLowSlope,1152,176,003451E2,0,1,1,4294967295,0,0
oInvisibleRupLowSlope,1056,176,003D28A8,0,1,1,4294967295,0,0
oInvisibleRupLowSlope,976,336,002365C1,0,1,1,4294967295,0,0
oInvisibleRCeilingLowSlope,976,368,003269D3,0,1,1,4294967295,0,0
oInvisibleRCeilingLowSlope,1056,208,00326964,0,1,1,4294967295,0,0
oInvisibleLCeilingLowSlope,1152,208,001ADBC2,0,1,1,4294967295,0,0
oInvisibleLCeilingLowSlope,1040,368,001805B2,0,1,1,4294967295,0,0
oInvisibleRCeilingSteepSlope,1024,384,001C4592,0,1,1,4294967295,0,0
oInvisibleRCeilingSteepSlope,1136,224,000C1F60,0,1,1,4294967295,0,0
oInvisibleRCeilingSteepSlope,1104,224,000CA3C1,0,1,1,4294967295,0,0
oInvisibleLCeilingSteepSlope,1088,224,002B488F,0,1,1,4294967295,0,0
oInvisibleLCeilingSteepSlope,1120,224,00044C48,0,1,1,4294967295,0,0
oInvisibleLCeilingSteepSlope,1008,384,001E4393,0,1,1,4294967295,0,0
oInvisibleSolid,1008,336,00371EA3,0,1,1,4294967295,0,1
oInvisibleSolid,968,352,0033657F,0,1,1,4294967295,0,1
oInvisibleSolid,1088,176,002B4F0C,0,1,1,4294967295,0,1
oInvisibleSolid,1048,192,002DFC66,0,1,1,4294967295,0,1
oInvisibleLCeilingLowSlope,928,288,00328CEA,0,1,1,4294967295,0,0
oInvisibleSolid,928,272,0010199D,0,1,1,4294967295,0,1
oInvisibleSolid,896,256,0015F5AF,0,1,1,4294967295,0,1
oInvisibleRUpSteepSlope,1248,320,0001FCCD,0,1,1,4294967295,0,0
oInvisibleLUpSteepSlope,1328,160,0032D2BD,0,1,1,4294967295,0,0
oInvisibleLCeilingLowSlope,1520,192,0008A3BF,0,1,1,4294967295,0,0
oInvisibleLCeilingLowSlope,1488,208,002E6F8C,0,1,1,4294967295,0,0
oInvisibleLCeilingLowSlope,1456,224,003ED4F9,0,1,1,4294967295,0,0
oInvisibleLCeilingLowSlope,1424,240,003B5B42,0,1,1,4294967295,0,0
oInvisibleRCeilingSlope,1360,256,002EF8A0,0,1,1,4294967295,0,0
oInvisibleLCeilingSlope,1408,256,0001EC16,0,1,1,4294967295,0,0
oInvisibleLCeilingSlope,1248,352,001D9084,0,1,1,4294967295,0,0
oInvisibleSolid,1216,320,0028FAA7,0,1,1,4294967295,0,1
oInvisibleRupLowSlope,1296,192,002CBCF2,0,1,1,4294967295,0,0
oInvisibleRupLowSlope,1344,144,00109F56,0,1,1,4294967295,0,0
oInvisibleLupLowSlope,1440,144,0030C836,0,1,1,4294967295,0,0
oInvisibleLupLowSlope,1520,160,00285931,0,1,1,4294967295,0,0
oInvisibleRCeilingLowSlope,1296,224,002DCDF4,0,1,1,4294967295,0,0
oInvisibleRCeilingLowSlope,1328,240,002779FA,0,1,1,4294967295,0,0
oInvisibleSolid,1288,208,0027EE54,0,1,1,4294967295,0,1
oInvisibleSolid,1376,256,003E64E7,0,1,1,4294967295,0,1
oInvisibleSolid,1360,240,00284742,0,1,1,4294967295,0,1
oInvisibleSolid,1328,192,0019168F,0,1,1,4294967295,0,1
oInvisibleSolid,1344,160,00256725,0,1,1,4294967295,0,1
oInvisibleSolid,1376,144,001B262F,0,1,1,4294967295,0,1
oInvisibleSolid,1456,160,0017E810,0,1,1,4294967295,0,1
oInvisibleSolid,1520,176,0031EA1A,0,1,1,4294967295,0,1
oInvisibleLupLowSlope,1520,336,003C62C8,0,1,1,4294967295,0,0
oInvisibleLupLowSlope,1728,368,003F1E02,0,1,1,4294967295,0,0
oInvisibleLupLowSlope,1936,368,000E9899,0,1,1,4294967295,0,0
oInvisibleLupLowSlope,2096,320,00039E66,0,1,1,4294967295,0,0
oInvisibleLupLowSlope,1856,112,00053D02,0,1,1,4294967295,0,0
oInvisibleLupLowSlope,1952,112,000D012C,0,1,1,4294967295,0,0
oInvisibleLupLowSlope,2048,112,000670CC,0,1,1,4294967295,0,0
oInvisibleRupLowSlope,1888,112,003A448B,0,1,1,4294967295,0,0
oInvisibleRupLowSlope,1984,112,0000BE28,0,1,1,4294967295,0,0
oInvisibleRupLowSlope,2064,320,00287962,0,1,1,4294967295,0,0
oInvisibleRupLowSlope,1840,368,0002B134,0,1,1,4294967295,0,0
oInvisibleRupLowSlope,1632,368,001C558B,0,1,1,4294967295,0,0
oInvisibleRupLowSlope,1728,112,00045B61,0,1,1,4294967295,0,0
oInvisibleRupLowSlope,1664,128,00156694,0,1,1,4294967295,0,0
oInvisibleRupLowSlope,1488,336,0019B2EC,0,1,1,4294967295,0,0
oInvisibleSolid,1336,368,000902F7,0,1,1,4294967295,0,1
oInvisibleRCeilingLowSlope,1488,368,00282783,0,1,1,4294967295,0,0
oInvisibleRCeilingLowSlope,1632,400,003E6426,0,1,1,4294967295,0,0
oInvisibleRCeilingLowSlope,1664,416,0028082E,0,1,1,4294967295,0,0
oInvisibleRCeilingLowSlope,1840,400,0011649A,0,1,1,4294967295,0,0
oInvisibleRCeilingLowSlope,1904,400,00248283,0,1,1,4294967295,0,0
oInvisibleRCeilingLowSlope,2064,352,000DB53B,0,1,1,4294967295,0,0
oInvisibleRCeilingLowSlope,1664,160,003446EE,0,1,1,4294967295,0,0
oInvisibleRCeilingLowSlope,1696,176,00363047,0,1,1,4294967295,0,0
oInvisibleRCeilingLowSlope,1728,192,000CA6F6,0,1,1,4294967295,0,0
oInvisibleRCeilingLowSlope,1760,208,0021D038,0,1,1,4294967295,0,0
oInvisibleLCeilingLowSlope,2048,144,00398218,0,1,1,4294967295,0,0
oInvisibleLCeilingLowSlope,2016,160,000D9612,0,1,1,4294967295,0,0
oInvisibleLCeilingLowSlope,1984,176,002E05AB,0,1,1,4294967295,0,0
oInvisibleLCeilingLowSlope,1888,192,00373A1D,0,1,1,4294967295,0,0
oInvisibleLCeilingLowSlope,1856,208,000008CC,0,1,1,4294967295,0,0
oInvisibleLCeilingLowSlope,1696,416,002D6B3D,0,1,1,4294967295,0,0
oInvisibleLCeilingLowSlope,1728,400,00364590,0,1,1,4294967295,0,0
oInvisibleLCeilingLowSlope,1872,400,003874C0,0,1,1,4294967295,0,0
oInvisibleLCeilingLowSlope,1936,400,00244686,0,1,1,4294967295,0,0
oInvisibleLCeilingLowSlope,2096,352,00319D64,0,1,1,4294967295,0,0
oInvisibleLCeilingLowSlope,1520,368,003BAD8F,0,1,1,4294967295,0,0
oInvisibleRCeilingSlope,1792,224,002E3C3D,0,1,1,4294967295,0,0
oInvisibleRCeilingSlope,2208,288,0001FBF5,0,1,1,4294967295,0,0
oInvisibleRCeilingSlope,1920,192,000D6189,0,1,1,4294967295,0,0
oInvisibleLCeilingSlope,1840,224,00271033,0,1,1,4294967295,0,0
oInvisibleLCeilingSlope,1968,192,0020431A,0,1,1,4294967295,0,0
oInvisibleLCeilingSlope,2256,288,00174366,0,1,1,4294967295,0,0
oInvisibleSolid,1480,352,00190A84,0,1,1,4294967295,0,1
oInvisibleSolid,1664,368,00151B2A,0,1,1,4294967295,0,1
oInvisibleSolid,1624,384,00058FD3,0,1,1,4294967295,0,1
oInvisibleSolid,1872,368,0030B1FD,0,1,1,4294967295,0,1
oInvisibleSolid,1832,384,0023D65B,0,1,1,4294967295,0,1
oInvisibleSolid,2168,128,00103C18,0,1,1,4294967295,0,1
oInvisibleSolid,2056,336,0033F830,0,1,1,4294967295,0,1
oInvisibleSolid,2224,256,00110DBC,0,1,1,4294967295,0,1
oInvisibleRUpSteepSlope,2256,256,0023992E,0,1,1,4294967295,0,0
oInvisibleLUpSteepSlope,2208,256,00172AE2,0,1,1,4294967295,0,0
oInvisibleSolid,1808,224,000B3411,0,1,1,4294967295,0,1
oInvisibleSolid,1936,192,000CC5E8,0,1,1,4294967295,0,1
oInvisibleSolid,1656,144,0026A47B,0,1,1,4294967295,0,1
oInvisibleSolid,2048,128,0032D521,0,1,1,4294967295,0,1
oInvisibleSolid,2016,112,003079E5,0,1,1,4294967295,0,1
oInvisibleSolid,1696,128,00228BF8,0,1,1,4294967295,0,1
oInvisibleSolid,1728,128,003FB7C3,0,1,1,4294967295,0,1
oInvisibleSolid,1792,208,002E30A0,0,1,1,4294967295,0,1
oInvisibleSolid,1760,192,003089E3,0,1,1,4294967295,0,1
oInvisibleSolid,1760,112,002EF829,0,1,1,4294967295,0,1
oInvisibleSolid,1920,112,0032BAA5,0,1,1,4294967295,0,1
oInvisibleSolid,1984,128,00143AE5,0,1,1,4294967295,0,1
oInvisibleSolid,2336,208,00009A51,0,1,1,4294967295,0,0
oInvisibleSolid,2336,192,00250381,0,1,1,4294967295,0,1
oInvisibleSolid,2416,208,003AC0BE,0,1,1,4294967295,0,1
oInvisibleSolid,2320,288,0025B0B4,0,1,1,4294967295,0,0
oInvisibleSolid,2336,288,00174251,0,1,1,4294967295,0,1
oInvisibleRupLowSlope,2496,208,000609DD,0,1,1,4294967295,0,0
oInvisibleRupLowSlope,2624,192,000D2694,0,1,1,4294967295,0,0
oInvisibleRupLowSlope,2752,208,0009394D,0,1,1,4294967295,0,0
oInvisibleLupLowSlope,2688,192,002C73F7,0,1,1,4294967295,0,0
oInvisibleLupLowSlope,2720,208,0024EFDB,0,1,1,4294967295,0,0
oInvisibleLCeilingLowSlope,2560,256,001538AB,0,1,1,4294967295,0,0
oInvisibleLCeilingLowSlope,2624,256,000C2F26,0,1,1,4294967295,0,0
oInvisibleLCeilingLowSlope,2688,256,00034C59,0,1,1,4294967295,0,0
oInvisibleLCeilingLowSlope,2720,240,000D94F3,0,1,1,4294967295,0,0
oInvisibleRCeilingLowSlope,2752,240,002A1A56,0,1,1,4294967295,0,0
oInvisibleRCeilingLowSlope,2784,256,0012230D,0,1,1,4294967295,0,0
oInvisibleRCeilingLowSlope,2656,256,002A6914,0,1,1,4294967295,0,0
oInvisibleRCeilingLowSlope,2592,256,00403CFD,0,1,1,4294967295,0,0
oInvisibleRCeilingLowSlope,2528,256,001AC8E4,0,1,1,4294967295,0,0
oInvisibleRCeilingLowSlope,2496,240,002EF537,0,1,1,4294967295,0,0
oInvisibleLCeilingSteepSlope,2816,272,0034A39A,0,1,1,4294967295,0,0
oInvisibleLCeilingSteepSlope,2832,32,0035293B,0,1,1,4294967295,0,0
oInvisibleRCeilingLowSlope,2800,16,000C68F2,0,1,1,4294967295,0,0
oInvisibleSolid,2832,16,0017EF3C,0,1,1,4294967295,0,0
oInvisibleSolid,2792,0,00382C85,0,1,1,4294967295,0,1
oInvisibleSolid,2832,64,003D67BA,0,1,1,4294967295,0,1
oInvisibleSolid,2656,192,000E338D,0,1,1,4294967295,0,1
oInvisibleSolid,2488,224,0002E95F,0,1,1,4294967295,0,1
oInvisibleSolid,2528,208,003A77B6,0,1,1,4294967295,0,1
oInvisibleSolid,2576,192,00205622,0,1,1,4294967295,0,1
oInvisibleSolid,2784,208,00388F49,0,1,1,4294967295,0,1
oInvisibleRupSlope,2816,192,0013B660,0,1,1,4294967295,0,0
oInvisibleSolid,2816,304,003893EE,0,1,1,4294967295,0,1
oInvisibleSolid,2816,256,00355C26,0,1,1,4294967295,0,0
oInvisibleSolid,2848,16,002A8B1C,0,1,1,4294967295,0,1
oInvisibleSolid,2736,0,00357254,0,1,1,4294967295,0,1
oInvisibleLupLowSlope,2752,448,003F8C97,0,1,1,4294967295,0,0
oInvisibleRupLowSlope,2656,448,0036077C,0,1,1,4294967295,0,0
oInvisibleSolid,2688,448,001243D7,0,1,1,4294967295,0,1
oInvisibleSolid,2648,464,003C878D,0,1,1,4294967295,0,1
oInvisibleSolid,2784,448,00115F32,0,1,1,4294967295,0,1
oMapDoor,2792,416,0025D55F,0,1,1,4294967295,0,1
oInvisibleLupLowSlope,672,400,000A118D,0,1,1,4294967295,0,0
oInvisibleRupLowSlope,640,400,00084313,0,1,1,4294967295,0,0
oInvisibleRCeilingLowSlope,640,432,000924D4,0,1,1,4294967295,0,0
oInvisibleLCeilingLowSlope,672,432,002DE10E,0,1,1,4294967295,0,0
oInvisibleSolid,632,416,003FE680,0,1,1,4294967295,0,1
oInvisibleSolid,768,288,001374EC,0,1,1,4294967295,0,1
oAchievement_48,208,0,0025FBCB,0,1,1,4294967295,0,0
oInvisibleRupLowSlope,1184,320,0004206E,0,1,1,4294967295,0,0
oInvisibleSolid,1168,336,0017DB24,0,1,1,4294967295,0,0
oInvisibleRCeilingSlope,1168,352,003095F1,0,1,1,4294967295,0,0
oInvisibleSolid,1184,336,003B082C,0,1,1,4294967295,0,1
