tileMetB,96,64,176,176,16,80,0,1,1,4294967295
tileMetB,256,496,176,176,16,80,0,1,1,4294967295
tileMetB,80,160,144,256,48,16,0,1,1,4294967295
tileMetB,96,144,176,192,16,16,0,1,1,4294967295
tileMetB,336,272,176,176,16,80,0,1,1,4294967295
tileMetB,368,208,176,176,16,80,0,1,1,4294967295
tileMetB,368,288,176,176,16,80,0,1,1,4294967295
tileMetB,368,368,176,176,16,80,0,1,1,4294967295
tileMetB,368,448,176,176,16,80,0,1,1,4294967295
tileMetB,368,528,176,176,16,80,0,1,1,4294967295
tileMetB,368,656,176,176,16,80,0,1,1,4294967295
tileMetB,368,736,176,208,16,48,0,1,1,4294967295
tileMetB,368,608,176,192,16,16,0,1,1,4294967295
tileMetB,352,624,144,256,48,16,0,1,1,4294967295
tileMetB,352,784,144,256,48,16,0,1,1,4294967295
tileMetB,272,720,176,192,16,64,0,1,1,4294967295
tileMetB,256,784,144,256,48,16,0,1,1,4294967295
tileMetB,256,576,176,176,16,80,0,1,1,4294967295
tileMetB,288,272,176,176,16,80,0,1,1,4294967295
tileMetB,288,352,176,176,16,80,0,1,1,4294967295
tileMetB,192,384,176,176,16,80,0,1,1,4294967295
tileMetB,128,320,176,176,16,80,0,1,1,4294967295
tileMetB,128,400,176,176,16,80,0,1,1,4294967295
tileMetB,192,464,176,176,16,80,0,1,1,4294967295
tileMetB,128,480,176,224,16,32,0,1,1,4294967295
tileMetB,336,352,176,208,16,48,0,1,1,4294967295
tileMetB,288,432,176,176,16,32,0,1,1,4294967295
tileMetB,176,576,144,256,48,16,0,1,1,4294967295
tileMetB,240,688,144,256,48,16,0,1,1,4294967295
tileMetB,112,512,144,256,48,16,0,1,1,4294967295
tileMetB,272,464,144,256,48,16,0,1,1,4294967295
tileMetB,320,400,144,256,48,16,0,1,1,4294967295
tileMetB,256,656,176,176,16,32,0,1,1,4294967295
tileMetB,192,544,176,224,16,32,0,1,1,4294967295
tileMetB,176,144,176,176,16,80,0,1,1,4294967295
tileMetB,192,256,176,176,16,80,0,1,1,4294967295
tileMetB,192,336,176,192,16,16,0,1,1,4294967295
tileMetB,176,352,144,256,48,16,0,1,1,4294967295
tileMetB,160,224,144,256,48,16,0,1,1,4294967295
tileMetB,112,192,176,176,16,80,0,1,1,4294967295
tileMetB,144,544,176,176,16,80,0,1,1,4294967295
tileMetB,208,608,176,176,16,80,0,1,1,4294967295
tileMetB,208,688,176,176,16,80,0,1,1,4294967295
tileMetB,144,624,176,176,16,80,0,1,1,4294967295
tileMetB,144,704,176,208,16,48,0,1,1,4294967295
tileMetB,112,272,176,192,16,16,0,1,1,4294967295
tileMetB,208,768,176,192,16,16,0,1,1,4294967295
tileMetB,96,288,144,256,48,16,0,1,1,4294967295
tileMetB,192,784,144,256,48,16,0,1,1,4294967295
tileMetB,128,752,144,256,48,16,0,1,1,4294967295
tileMetB,304,64,176,176,16,80,0,1,1,4294967295
tileMetB,304,144,176,176,16,80,0,1,1,4294967295
tileMetB,304,224,176,192,16,16,0,1,1,4294967295
tileMetB,288,240,144,256,48,16,0,1,1,4294967295
