oExit,0,176,00050DC1,0,1,1,4294967295,0,1
oExit,2176,240,003D45CE,0,1,1,4294967295,0,1
oSignPost,928,160,00317904,0,1,1,4294967295,0,1
oArrowQuiver,1816,32,0001614D,0,1,1,4294967295,0,1
oZeldaBreakPot,960,144,00090FCF,0,1,1,4294967295,0,0
oColorZone,1680,160,0016822A,0,1,1,4294967295,0,1
oColorZone,1776,160,00104C57,0,1,1,4294967295,0,1
oColorZone,1840,160,00137AE6,0,1,1,4294967295,0,1
oColorZone,1936,160,002C5D36,0,1,1,4294967295,0,1
oMarioSpikeFloor,1184,176,003D92D1,0,1,1,4294967295,0,0
oLatchCrystal,432,160,0018413F,0,1,1,4294967295,0,0
oLatchCrystal,592,144,000EBED6,0,1,1,4294967295,0,0
oLatchCrystal,752,128,00283DE2,0,1,1,4294967295,0,0
oUselessData,1248,128,0035BF46,0,1,1,4294967295,0,0
oUselessData,1408,288,0010CD18,0,1,1,4294967295,0,0
oUselessData,928,96,0036F7AF,0,1,1,4294967295,0,0
oPlayer1,48,208,00188A56,0,1,1,4294967295,0,0
oInvCollPH,16,208,0009EB53,0,1,1,4294967295,0,0
oInvCollPH,32,208,002DD1A9,0,1,1,4294967295,0,0
oInvCollPH,48,208,000ED1AB,0,1,1,4294967295,0,0
oInvCollPH,64,208,003B9BEC,0,1,1,4294967295,0,0
oInvCollPH,80,208,00273BC2,0,1,1,4294967295,0,0
oInvCollPH,96,208,00242E6B,0,1,1,4294967295,0,0
oInvCollPH,112,208,003E9875,0,1,1,4294967295,0,0
oInvCollPH,128,208,0014F444,0,1,1,4294967295,0,0
oInvCollPH,144,208,0006B45C,0,1,1,4294967295,0,0
oInvCollPH,160,208,003F06C8,0,1,1,4294967295,0,0
oInvCollPH,176,208,00017AA7,0,1,1,4294967295,0,0
oInvCollPH,192,208,001F3AAF,0,1,1,4294967295,0,0
oInvCollPH,192,224,0000EC8F,0,1,1,4294967295,0,0
oInvCollPH,192,240,00331A03,0,1,1,4294967295,0,0
oInvCollPH,192,256,003E155E,0,1,1,4294967295,0,0
oInvCollPH,192,272,0013577A,0,1,1,4294967295,0,0
oInvCollPH,192,288,0015D63F,0,1,1,4294967295,0,0
oInvCollPH,192,304,001989E1,0,1,1,4294967295,0,0
oInvCollPH,192,320,001F136A,0,1,1,4294967295,0,0
oInvCollPH,192,336,0023EAC2,0,1,1,4294967295,0,0
oInvCollPH,864,176,002B76B7,0,1,1,4294967295,0,0
oInvCollPH,864,192,0033D6BF,0,1,1,4294967295,0,0
oInvCollPH,864,208,0027D7DC,0,1,1,4294967295,0,0
oInvCollPH,864,224,003E9ECC,0,1,1,4294967295,0,0
oInvCollPH,864,240,0034D511,0,1,1,4294967295,0,0
oInvCollPH,864,256,0038E6F6,0,1,1,4294967295,0,0
oInvCollPH,864,272,00334CB3,0,1,1,4294967295,0,0
oInvCollPH,864,288,003D9625,0,1,1,4294967295,0,0
oInvCollPH,864,304,0003D9C9,0,1,1,4294967295,0,0
oInvCollPH,880,160,003C67E6,0,1,1,4294967295,0,0
oInvCollPH,896,160,00309047,0,1,1,4294967295,0,0
oInvCollPH,912,160,003F1462,0,1,1,4294967295,0,0
oInvCollPH,928,160,001A9B27,0,1,1,4294967295,0,0
oInvCollPH,944,160,000C076F,0,1,1,4294967295,0,0
oInvCollPH,960,160,0034B413,0,1,1,4294967295,0,0
oInvCollPH,864,320,00294AA4,0,1,1,4294967295,0,0
oInvCollPH,864,336,001B5217,0,1,1,4294967295,0,0
oInvCollPH,976,160,003516BB,0,1,1,4294967295,0,0
oInvCollPH,976,176,000CBD05,0,1,1,4294967295,0,0
oInvCollPH,976,192,0033575A,0,1,1,4294967295,0,0
oInvCollPH,976,208,000FCA5A,0,1,1,4294967295,0,0
oInvCollPH,976,224,002C8AD8,0,1,1,4294967295,0,0
oInvCollPH,976,240,000CD596,0,1,1,4294967295,0,0
oInvCollPH,976,256,0017D829,0,1,1,4294967295,0,0
oInvCollPH,976,272,000646FA,0,1,1,4294967295,0,0
oInvCollPH,976,288,002FB3D6,0,1,1,4294967295,0,0
oInvCollPH,976,304,002461AB,0,1,1,4294967295,0,0
oInvCollPH,976,320,002BA7CB,0,1,1,4294967295,0,0
oInvCollPH,976,336,00192DDB,0,1,1,4294967295,0,0
oInvCollPH,1184,208,00353D8D,0,1,1,4294967295,0,0
oInvCollPH,1184,224,0015271A,0,1,1,4294967295,0,0
oInvCollPH,1184,240,001B0D07,0,1,1,4294967295,0,0
oInvCollPH,1184,256,000382D0,0,1,1,4294967295,0,0
oInvCollPH,1536,320,002229B0,0,1,1,4294967295,0,0
oInvCollPH,1552,320,0037E3E5,0,1,1,4294967295,0,0
oInvCollPH,1568,320,0029C6A2,0,1,1,4294967295,0,0
oInvCollPH,1584,320,0037612E,0,1,1,4294967295,0,0
oInvCollPH,1600,320,00005BA6,0,1,1,4294967295,0,0
oInvCollPH,1520,336,0006380B,0,1,1,4294967295,0,0
oInvCollPH,1328,16,0017862B,0,1,1,4294967295,0,0
oInvCollPH,1328,32,0034B482,0,1,1,4294967295,0,0
oInvCollPH,1328,48,00057F39,0,1,1,4294967295,0,0
oInvCollPH,1328,64,003B6007,0,1,1,4294967295,0,0
oInvCollPH,1328,80,0024D9F8,0,1,1,4294967295,0,0
oInvCollPH,1328,96,0008DD80,0,1,1,4294967295,0,0
oInvCollPH,1328,112,001D58E2,0,1,1,4294967295,0,0
oInvCollPH,1328,128,003B1323,0,1,1,4294967295,0,0
oInvCollPH,1328,144,002B4F1E,0,1,1,4294967295,0,0
oInvCollPH,1328,160,001902C4,0,1,1,4294967295,0,0
oInvCollPH,1328,176,001155E4,0,1,1,4294967295,0,0
oInvCollPH,1328,192,002770EB,0,1,1,4294967295,0,0
oInvCollPH,1328,208,002DF6C0,0,1,1,4294967295,0,0
oInvCollPH,1344,208,0033F7B3,0,1,1,4294967295,0,0
oInvCollPH,1360,208,0035B835,0,1,1,4294967295,0,0
oInvCollPH,1360,192,000B2DF8,0,1,1,4294967295,0,0
oInvCollPH,1360,176,000836CF,0,1,1,4294967295,0,0
oInvCollPH,1360,160,002EBD24,0,1,1,4294967295,0,0
oInvCollPH,1360,144,002D3179,0,1,1,4294967295,0,0
oInvCollPH,1360,128,0038524B,0,1,1,4294967295,0,0
oInvCollPH,1360,112,001C6BCA,0,1,1,4294967295,0,0
oInvCollPH,1360,96,000C55BA,0,1,1,4294967295,0,0
oInvCollPH,1360,80,0038AABA,0,1,1,4294967295,0,0
oInvCollPH,1360,64,003FA118,0,1,1,4294967295,0,0
oInvCollPH,1360,48,003724A1,0,1,1,4294967295,0,0
oInvCollPH,1360,32,000DAF6C,0,1,1,4294967295,0,0
oInvCollPH,1360,16,000EB9CF,0,1,1,4294967295,0,0
oInvCollPH,1360,0,00260269,0,1,1,4294967295,0,0
oInvCollPH,1616,288,001C573F,0,1,1,4294967295,0,0
oInvCollPH,1616,304,0012BED6,0,1,1,4294967295,0,0
oInvCollPH,1632,272,00032992,0,1,1,4294967295,0,0
oInvCollPH,1648,272,002F7B00,0,1,1,4294967295,0,0
oInvCollPH,1664,272,001BEA97,0,1,1,4294967295,0,0
oInvCollPH,1680,272,003A3664,0,1,1,4294967295,0,0
oInvCollPH,1696,272,000F0728,0,1,1,4294967295,0,0
oInvCollPH,1712,272,0000DA4E,0,1,1,4294967295,0,0
oInvCollPH,1184,272,002DA85B,0,1,1,4294967295,0,0
oInvCollPH,1184,288,00400F08,0,1,1,4294967295,0,0
oInvCollPH,1184,304,0035316F,0,1,1,4294967295,0,0
oInvCollPH,1184,320,0036824A,0,1,1,4294967295,0,0
oInvCollPH,1184,336,0037A659,0,1,1,4294967295,0,0
oInvCollPH,2112,272,002E1ADD,0,1,1,4294967295,0,0
oInvCollPH,2128,272,003E32D1,0,1,1,4294967295,0,0
oInvCollPH,2144,272,001519F3,0,1,1,4294967295,0,0
oInvCollPH,2160,272,0029C09C,0,1,1,4294967295,0,0
oInvCollPH,2176,272,003E0B4D,0,1,1,4294967295,0,0
oInvCollPH,2096,288,003C3F3C,0,1,1,4294967295,0,0
oInvCollPH,2096,304,001017D5,0,1,1,4294967295,0,0
oInvCollPH,2080,320,00306DD1,0,1,1,4294967295,0,0
oInvCollPH,1696,16,0024C203,0,1,1,4294967295,0,0
oInvCollPH,1696,32,00209D86,0,1,1,4294967295,0,0
oInvCollPH,1760,16,001294DB,0,1,1,4294967295,0,0
oInvCollPH,1760,32,0019D385,0,1,1,4294967295,0,0
oInvCollPH,1760,48,002A7D54,0,1,1,4294967295,0,0
oInvCollPH,1760,64,00039995,0,1,1,4294967295,0,0
oInvCollPH,1760,80,00386014,0,1,1,4294967295,0,0
oInvCollPH,1872,16,000E3ADE,0,1,1,4294967295,0,0
oInvCollPH,1872,32,001BED19,0,1,1,4294967295,0,0
oInvCollPH,1872,48,002BDB95,0,1,1,4294967295,0,0
oInvCollPH,1872,64,002DD714,0,1,1,4294967295,0,0
oInvCollPH,1872,80,001E48B3,0,1,1,4294967295,0,0
oInvCollPH,1936,16,0030C6D6,0,1,1,4294967295,0,0
oInvCollPH,1936,32,00153107,0,1,1,4294967295,0,0
oInvCollPH,2016,16,00143FA3,0,1,1,4294967295,0,0
oInvCollPH,2016,32,001F9D17,0,1,1,4294967295,0,0
oInvCollPH,2016,48,0036BB23,0,1,1,4294967295,0,0
oInvCollPH,2016,64,0019D60B,0,1,1,4294967295,0,0
oInvCollPH,2016,80,000264A6,0,1,1,4294967295,0,0
oInvCollPH,2016,96,001F29E3,0,1,1,4294967295,0,0
oInvCollPH,2016,112,00274FC8,0,1,1,4294967295,0,0
oInvCollPH,2016,128,002702C0,0,1,1,4294967295,0,0
oInvCollPH,1616,16,000E9C51,0,1,1,4294967295,0,0
oInvCollPH,1616,32,003EF37C,0,1,1,4294967295,0,0
oInvCollPH,1616,48,00195288,0,1,1,4294967295,0,0
oInvCollPH,1616,64,0000C5E9,0,1,1,4294967295,0,0
oInvCollPH,1616,80,001C5AEB,0,1,1,4294967295,0,0
oInvCollPH,1616,96,002667A3,0,1,1,4294967295,0,0
oInvCollPH,1616,112,00117745,0,1,1,4294967295,0,0
oInvCollPH,1616,128,00231F01,0,1,1,4294967295,0,0
oInvCollPH,2064,304,00393583,0,1,1,4294967295,0,0
oInvCollPH,2016,304,003EC54F,0,1,1,4294967295,0,0
oInvCollPH,2016,288,00057E83,0,1,1,4294967295,0,0
oInvCollPH,2016,272,001BD664,0,1,1,4294967295,0,0
oInvCollPH,2000,272,0022C4C6,0,1,1,4294967295,0,0
oInvCollPH,1984,272,003D9317,0,1,1,4294967295,0,0
oInvCollPH,1968,272,00350B7D,0,1,1,4294967295,0,0
oInvCollPH,1952,272,00127176,0,1,1,4294967295,0,0
oInvCollPH,1936,272,0022D58E,0,1,1,4294967295,0,0
oInvCollPH,1920,272,0019D7B2,0,1,1,4294967295,0,0
oInvCollPH,1904,272,0009256A,0,1,1,4294967295,0,0
oInvCollPH,1888,272,00376019,0,1,1,4294967295,0,0
oInvCollPH,1872,272,00398556,0,1,1,4294967295,0,0
oInvCollPH,1728,272,000F548A,0,1,1,4294967295,0,0
oInvCollPH,1744,272,000271A3,0,1,1,4294967295,0,0
oInvCollPH,1760,272,002BB1DB,0,1,1,4294967295,0,0
oInvCollPH,1808,272,002323CB,0,1,1,4294967295,0,0
oInvCollPH,1824,272,002747C5,0,1,1,4294967295,0,0
oInvCollPH,1776,272,0001AC7E,0,1,1,4294967295,0,0
oInvCollPH,1792,272,000223A2,0,1,1,4294967295,0,0
oInvCollPH,1840,272,0014B004,0,1,1,4294967295,0,0
oInvCollPH,1856,272,000E949A,0,1,1,4294967295,0,0
oInvCollPH,144,16,00144074,0,1,1,4294967295,0,0
oInvCollPH,144,32,00055E40,0,1,1,4294967295,0,0
oInvCollPH,192,0,00179C55,0,1,1,4294967295,0,0
oInvCollPH,192,16,001142CA,0,1,1,4294967295,0,0
oInvCollPH,192,32,00340177,0,1,1,4294967295,0,0
oInvisibleSolid,0,208,00033BE6,0,1,1,4294967295,0,1
oInvisibleSolid,864,160,000210AE,0,1,1,4294967295,0,1
oInvisibleSolid,1184,192,001EDD01,0,1,1,4294967295,0,1
oInvisibleSolid,1520,320,003E7636,0,1,1,4294967295,0,1
oInvisibleSolid,1616,272,002E62BF,0,1,1,4294967295,0,1
oInvisibleSolid,1328,0,0016B7D3,0,1,1,4294967295,0,1
oInvisibleSolid,2096,272,001247F4,0,1,1,4294967295,0,1
oInvisibleSolid,2016,0,0036C4A8,0,1,1,4294967295,0,1
oInvisibleSolid,1936,0,00316BCD,0,1,1,4294967295,0,1
oInvisibleSolid,1872,0,0024B07C,0,1,1,4294967295,0,1
oInvisibleSolid,1760,0,0002B3A7,0,1,1,4294967295,0,1
oInvisibleSolid,1696,0,003491EE,0,1,1,4294967295,0,1
oInvisibleSolid,1616,0,0026B648,0,1,1,4294967295,0,1
oIVaultHoriz,1696,208,0015E716,0,1,1,4294967295,0,0
oIVaultHoriz,1936,208,00343139,0,1,1,4294967295,0,0
oIVaultHoriz,1792,208,00330EBE,0,1,1,4294967295,0,1
oIVaultC1,1680,48,00304279,0,1,1,4294967295,0,0
oIVaultC1,1744,96,0024DCBA,0,1,1,4294967295,0,0
oIVaultC1,1856,96,000E41E1,0,1,1,4294967295,0,0
oIVaultC1,1920,48,00037B58,0,1,1,4294967295,0,0
oIVaultC2,1712,48,00000B4D,0,1,1,4294967295,0,0
oIVaultC2,1776,96,000410A4,0,1,1,4294967295,0,0
oIVaultC2,1888,96,0013CFF5,0,1,1,4294967295,0,0
oIVaultC2,1952,48,00370F63,0,1,1,4294967295,0,0
oIVaultHoriz,1808,48,0031F721,0,1,1,4294967295,0,1
oInvisibleSolid,144,0,0015869F,0,1,1,4294967295,0,1
oInvisibleSolid,144,48,001C0A57,0,1,1,4294967295,0,0
oInvisibleSolid,192,48,001EF1E3,0,1,1,4294967295,0,0
oInvisibleSolid,2048,304,00206B54,0,1,1,4294967295,0,1
oInvisibleSolid,2032,320,00184883,0,1,1,4294967295,0,1
oMapDoor,2056,272,002A3C2A,0,1,1,4294967295,0,1
