oExit,0,416,002E4AEC,0,1,1,4294967295,0,1
oExit,2528,160,003C1CBF,0,1,1,4294967295,0,1
oExit,2528,512,0011B486,0,1,1,4294967295,0,1
oGamePower,400,256,003E689F,0,1,1,4294967295,0,1
oMoneyChest,48,128,0017E702,0,1,1,4294967295,0,1
oBustBlock,512,256,002E0498,0,1,1,4294967295,0,0
oBustBlock,512,224,0020EAC5,0,1,1,4294967295,0,0
oBustBlock,512,192,00273AA1,0,1,1,4294967295,0,0
oBustBlock,1584,384,0028302F,0,1,1,4294967295,0,0
oBustBlock,1584,416,00109A47,0,1,1,4294967295,0,0
oBustBlock,2048,464,000A4310,0,1,1,4294967295,0,0
oBustBlock,1104,416,001432BF,0,1,1,4294967295,0,0
oBustBlock,1104,384,001ABFA1,0,1,1,4294967295,0,0
oBustBlock,1136,416,00116E0C,0,1,1,4294967295,0,0
oBustBlock,2208,160,0001AD13,0,1,1,4294967295,0,0
oBustBlock,1888,160,000D880B,0,1,1,4294967295,0,0
oInstakillZone,464,480,001F4A58,0,1,1,4294967295,0,1
oPT_Slime,336,448,001A9269,0,1,1,4294967295,0,1
oPT_Slime,1280,448,003993DC,0,1,1,4294967295,0,1
oPT_Slime,1408,448,001B0D5E,0,1,1,4294967295,0,1
oPT_Slime,1856,192,000C90EE,0,1,1,4294967295,0,1
oPT_Slime,2032,144,003EB135,0,1,1,4294967295,0,1
oPlayer1,48,448,001DD75B,0,1,1,4294967295,0,0
oInvCollPH,640,272,001940CE,0,1,1,4294967295,0,0
oInvCollPH,16,128,001847B3,0,1,1,4294967295,0,0
oInvCollPH,32,128,003802B5,0,1,1,4294967295,0,0
oInvCollPH,48,128,002F81ED,0,1,1,4294967295,0,0
oInvCollPH,64,128,0005D003,0,1,1,4294967295,0,0
oInvCollPH,80,128,000F22AD,0,1,1,4294967295,0,0
oInvCollPH,80,144,0031C54A,0,1,1,4294967295,0,0
oInvCollPH,80,160,000985A2,0,1,1,4294967295,0,0
oInvCollPH,80,176,002E8B95,0,1,1,4294967295,0,0
oInvCollPH,64,176,003B91EA,0,1,1,4294967295,0,0
oInvCollPH,48,176,0009D957,0,1,1,4294967295,0,0
oInvCollPH,32,176,000061DC,0,1,1,4294967295,0,0
oInvCollPH,16,176,0031F53F,0,1,1,4294967295,0,0
oInvCollPH,0,176,00004DE6,0,1,1,4294967295,0,0
oInvCollPH,608,288,001AB121,0,1,1,4294967295,0,0
oInvCollPH,592,304,000A7C73,0,1,1,4294967295,0,0
oInvCollPH,608,304,00125E1A,0,1,1,4294967295,0,0
oInvCollPH,624,304,00266237,0,1,1,4294967295,0,0
oInvCollPH,640,304,0033F1A8,0,1,1,4294967295,0,0
oInvCollPH,640,288,000C8416,0,1,1,4294967295,0,0
oInvCollPH,448,288,00163B03,0,1,1,4294967295,0,0
oInvCollPH,464,288,000F27FD,0,1,1,4294967295,0,0
oInvCollPH,480,288,003538D2,0,1,1,4294967295,0,0
oInvCollPH,496,288,0006CF35,0,1,1,4294967295,0,0
oInvCollPH,512,288,0016CB0C,0,1,1,4294967295,0,0
oInvCollPH,528,288,0020D0A6,0,1,1,4294967295,0,0
oInvCollPH,544,288,000C8BE4,0,1,1,4294967295,0,0
oInvCollPH,560,288,0006B752,0,1,1,4294967295,0,0
oInvCollPH,576,288,0008725F,0,1,1,4294967295,0,0
oInvCollPH,400,288,000B2442,0,1,1,4294967295,0,0
oInvCollPH,416,288,002CAE7F,0,1,1,4294967295,0,0
oInvCollPH,416,304,003FD426,0,1,1,4294967295,0,0
oInvCollPH,400,304,003495BF,0,1,1,4294967295,0,0
oInvCollPH,384,304,0014FC6D,0,1,1,4294967295,0,0
oInvCollPH,368,208,0023B287,0,1,1,4294967295,0,0
oInvCollPH,368,224,000F911F,0,1,1,4294967295,0,0
oInvCollPH,368,240,000BB4E0,0,1,1,4294967295,0,0
oInvCollPH,368,256,00284B34,0,1,1,4294967295,0,0
oInvCollPH,368,272,003A3A3F,0,1,1,4294967295,0,0
oInvCollPH,336,224,001ECCE1,0,1,1,4294967295,0,0
oInvCollPH,336,240,003FFE01,0,1,1,4294967295,0,0
oInvCollPH,336,256,0037B368,0,1,1,4294967295,0,0
oInvCollPH,336,272,0007A58D,0,1,1,4294967295,0,0
oInvCollPH,336,288,00181B05,0,1,1,4294967295,0,0
oInvCollPH,336,304,001A5F54,0,1,1,4294967295,0,0
oInvCollPH,352,304,0022A07A,0,1,1,4294967295,0,0
oInvCollPH,368,304,0004E634,0,1,1,4294967295,0,0
oInvCollPH,336,128,000AAEF0,0,1,1,4294967295,0,0
oInvCollPH,336,144,002055E3,0,1,1,4294967295,0,0
oInvCollPH,336,160,000FF29B,0,1,1,4294967295,0,0
oInvCollPH,336,176,002A57E2,0,1,1,4294967295,0,0
oInvCollPH,336,192,0012E945,0,1,1,4294967295,0,0
oInvCollPH,352,112,001A64C7,0,1,1,4294967295,0,0
oInvCollPH,368,112,0004E084,0,1,1,4294967295,0,0
oInvCollPH,384,112,000085E2,0,1,1,4294967295,0,0
oInvCollPH,400,112,0039B283,0,1,1,4294967295,0,0
oInvCollPH,416,112,00108F0F,0,1,1,4294967295,0,0
oInvCollPH,432,112,00091238,0,1,1,4294967295,0,0
oInvCollPH,448,112,0005DBB8,0,1,1,4294967295,0,0
oInvCollPH,464,112,00326B9F,0,1,1,4294967295,0,0
oInvCollPH,480,112,001D9F5E,0,1,1,4294967295,0,0
oInvCollPH,496,112,002798D6,0,1,1,4294967295,0,0
oInvCollPH,496,128,000776DD,0,1,1,4294967295,0,0
oInvCollPH,496,144,003286EA,0,1,1,4294967295,0,0
oInvCollPH,496,160,003E8A10,0,1,1,4294967295,0,0
oInvCollPH,496,176,00130659,0,1,1,4294967295,0,0
oInvCollPH,496,192,00077DE6,0,1,1,4294967295,0,0
oInvCollPH,480,192,0033CF0C,0,1,1,4294967295,0,0
oInvCollPH,464,192,000F1905,0,1,1,4294967295,0,0
oInvCollPH,448,192,0032586C,0,1,1,4294967295,0,0
oInvCollPH,432,192,00116FB1,0,1,1,4294967295,0,0
oInvCollPH,416,192,00150527,0,1,1,4294967295,0,0
oInvCollPH,400,192,0016BE61,0,1,1,4294967295,0,0
oInvCollPH,384,192,003548E8,0,1,1,4294967295,0,0
oInvCollPH,16,448,000A8B44,0,1,1,4294967295,0,0
oInvCollPH,32,448,000A1F77,0,1,1,4294967295,0,0
oInvCollPH,48,448,00248CF5,0,1,1,4294967295,0,0
oInvCollPH,64,448,00174DAB,0,1,1,4294967295,0,0
oInvCollPH,80,448,0037C029,0,1,1,4294967295,0,0
oInvCollPH,96,448,00228883,0,1,1,4294967295,0,0
oInvCollPH,112,448,000DEFF8,0,1,1,4294967295,0,0
oInvCollPH,128,448,00210936,0,1,1,4294967295,0,0
oInvCollPH,144,448,003FBE42,0,1,1,4294967295,0,0
oInvCollPH,160,448,0004A9C9,0,1,1,4294967295,0,0
oInvCollPH,176,448,00367573,0,1,1,4294967295,0,0
oInvCollPH,192,448,001760AE,0,1,1,4294967295,0,0
oInvCollPH,208,448,00374206,0,1,1,4294967295,0,0
oInvCollPH,224,448,0011A712,0,1,1,4294967295,0,0
oInvCollPH,240,448,001A0306,0,1,1,4294967295,0,0
oInvCollPH,256,448,00148482,0,1,1,4294967295,0,0
oInvCollPH,272,448,00281DD1,0,1,1,4294967295,0,0
oInvCollPH,288,448,003D15E7,0,1,1,4294967295,0,0
oInvCollPH,304,448,0025D720,0,1,1,4294967295,0,0
oInvCollPH,320,448,000D6DDA,0,1,1,4294967295,0,0
oInvCollPH,336,448,002A7F23,0,1,1,4294967295,0,0
oInvCollPH,352,448,003E916B,0,1,1,4294967295,0,0
oInvCollPH,368,448,0021865C,0,1,1,4294967295,0,0
oInvCollPH,384,448,000677FF,0,1,1,4294967295,0,0
oInvCollPH,400,448,003D6218,0,1,1,4294967295,0,0
oInvCollPH,416,448,00070EC8,0,1,1,4294967295,0,0
oInvCollPH,432,448,00400DBF,0,1,1,4294967295,0,0
oInvCollPH,448,448,002E3FFB,0,1,1,4294967295,0,0
oInvCollPH,448,464,002B2C7C,0,1,1,4294967295,0,0
oInvCollPH,448,480,003431AC,0,1,1,4294967295,0,0
oInvCollPFH,1840,128,0008A5F1,0,1,1,4294967295,0,0
oInvCollPFH,2288,128,0002D6E6,0,1,1,4294967295,0,0
oInvCollPFH,1008,288,0038F03A,0,1,1,4294967295,0,0
oInvCollPFH,1024,288,003B4230,0,1,1,4294967295,0,0
oInvCollPFH,1040,288,0023C0D1,0,1,1,4294967295,0,0
oInvCollPFH,1184,256,00346F7E,0,1,1,4294967295,0,0
oInvCollPFH,1200,256,003994EB,0,1,1,4294967295,0,0
oInvCollPFH,1216,256,000B2420,0,1,1,4294967295,0,0
oInvCollPFH,1440,256,0001733A,0,1,1,4294967295,0,0
oInvCollPFH,1456,256,000D1C53,0,1,1,4294967295,0,0
oInvCollPFH,1472,256,000B1F58,0,1,1,4294967295,0,0
oInvCollPFH,1312,320,0020B159,0,1,1,4294967295,0,0
oInvCollPFH,1328,320,003299E7,0,1,1,4294967295,0,0
oInvCollPFH,1344,320,000BB7B0,0,1,1,4294967295,0,0
oInvCollPFH,1232,384,001A54F0,0,1,1,4294967295,0,0
oInvCollPFH,1200,384,0010EB23,0,1,1,4294967295,0,0
oInvCollPFH,1216,384,0029DE3F,0,1,1,4294967295,0,0
oInvCollPFH,1440,384,000813E9,0,1,1,4294967295,0,0
oInvCollPFH,1456,384,0004CFA3,0,1,1,4294967295,0,0
oInvCollPFH,1424,384,00208083,0,1,1,4294967295,0,0
oInvCollPH,2416,464,00148ADC,0,1,1,4294967295,0,0
oInvCollPH,2432,464,00078B69,0,1,1,4294967295,0,0
oInvCollPH,2448,464,0008C715,0,1,1,4294967295,0,0
oInvCollPH,2464,464,002579E6,0,1,1,4294967295,0,0
oInvCollPH,2480,464,00346944,0,1,1,4294967295,0,0
oInvCollPH,2496,464,001DD0EB,0,1,1,4294967295,0,0
oInvCollPH,2512,464,0034E771,0,1,1,4294967295,0,0
oInvCollPH,2528,464,0037B8F8,0,1,1,4294967295,0,0
oInvCollPH,2192,400,0039AFB0,0,1,1,4294967295,0,0
oInvCollPH,2192,416,000DC85C,0,1,1,4294967295,0,0
oInvCollPH,2400,432,001A4967,0,1,1,4294967295,0,0
oInvCollPH,2384,432,0027EACF,0,1,1,4294967295,0,0
oInvCollPH,2368,432,00059110,0,1,1,4294967295,0,0
oInvCollPH,2352,432,002F19DF,0,1,1,4294967295,0,0
oInvCollPH,2336,432,0010BAD3,0,1,1,4294967295,0,0
oInvCollPH,2320,432,000A7DDE,0,1,1,4294967295,0,0
oInvCollPH,2304,432,000A6F4A,0,1,1,4294967295,0,0
oInvCollPH,2288,432,0027A8AA,0,1,1,4294967295,0,0
oInvCollPH,2272,432,0027FFC7,0,1,1,4294967295,0,0
oInvCollPH,2256,432,002FC434,0,1,1,4294967295,0,0
oInvCollPH,2240,432,000F513B,0,1,1,4294967295,0,0
oInvCollPH,2224,432,00211F37,0,1,1,4294967295,0,0
oInvCollPH,1936,144,0038E49D,0,1,1,4294967295,0,0
oInvCollPH,1952,144,0033E2BF,0,1,1,4294967295,0,0
oInvCollPH,1968,144,0031E979,0,1,1,4294967295,0,0
oInvCollPH,1984,144,0028BFA1,0,1,1,4294967295,0,0
oInvCollPH,2192,144,00140113,0,1,1,4294967295,0,0
oInvCollPH,2176,144,0024E442,0,1,1,4294967295,0,0
oInvCollPH,2160,144,000996DA,0,1,1,4294967295,0,0
oInvCollPH,2144,144,003F4861,0,1,1,4294967295,0,0
oInvCollPH,2128,144,001D8514,0,1,1,4294967295,0,0
oInvCollPH,2000,144,0005C902,0,1,1,4294967295,0,0
oInvCollPH,2016,144,00271764,0,1,1,4294967295,0,0
oInvCollPH,2032,144,002AE3EA,0,1,1,4294967295,0,0
oInvCollPH,2048,144,0032AC99,0,1,1,4294967295,0,0
oInvCollPH,2064,144,000C368F,0,1,1,4294967295,0,0
oInvCollPH,2080,144,00318496,0,1,1,4294967295,0,0
oInvCollPH,2096,144,002F6926,0,1,1,4294967295,0,0
oInvCollPH,2112,144,000B6B98,0,1,1,4294967295,0,0
oInvCollPH,1920,160,00020209,0,1,1,4294967295,0,0
oInvCollPH,1920,176,003EFAD0,0,1,1,4294967295,0,0
oInvCollPH,2192,160,001D1162,0,1,1,4294967295,0,0
oInvCollPH,2192,176,0016321B,0,1,1,4294967295,0,0
oInvCollPH,752,368,0009EE4B,0,1,1,4294967295,0,0
oInvCollPH,752,384,003C9296,0,1,1,4294967295,0,0
oInvCollPH,768,352,0002A11F,0,1,1,4294967295,0,0
oInvCollPH,784,352,003EE646,0,1,1,4294967295,0,0
oInvCollPH,800,352,0027386C,0,1,1,4294967295,0,0
oInvCollPH,816,352,00010EF7,0,1,1,4294967295,0,0
oInvCollPH,896,352,000C509A,0,1,1,4294967295,0,0
oInvCollPH,880,352,00233578,0,1,1,4294967295,0,0
oInvCollPH,864,352,00332D7F,0,1,1,4294967295,0,0
oInvCollPH,848,352,003D0F60,0,1,1,4294967295,0,0
oInvCollPH,832,352,00195493,0,1,1,4294967295,0,0
oInvCollPH,912,352,00354EDD,0,1,1,4294967295,0,0
oInvCollPH,928,352,002104E7,0,1,1,4294967295,0,0
oInvCollPH,944,352,003A2E7C,0,1,1,4294967295,0,0
oInvCollPH,960,352,0006C3B5,0,1,1,4294967295,0,0
oInvCollPH,976,352,0022F6C6,0,1,1,4294967295,0,0
oInvCollPH,992,352,0013211E,0,1,1,4294967295,0,0
oInvCollPH,1008,352,003DF284,0,1,1,4294967295,0,0
oInvCollPH,1024,352,00214AEF,0,1,1,4294967295,0,0
oInvCollPH,1040,352,00153C15,0,1,1,4294967295,0,0
oInvCollPH,1056,352,001DDA49,0,1,1,4294967295,0,0
oInvCollPH,1072,352,0004A330,0,1,1,4294967295,0,0
oInvCollPH,1088,352,003C147A,0,1,1,4294967295,0,0
oInvCollPH,720,400,00136008,0,1,1,4294967295,0,0
oInvCollPH,736,400,00153922,0,1,1,4294967295,0,0
oInvCollPH,704,416,0014830B,0,1,1,4294967295,0,0
oInvCollPH,704,432,0005E1C7,0,1,1,4294967295,0,0
oInvCollPH,1088,368,0016933D,0,1,1,4294967295,0,0
oInvCollPH,1088,384,000BC768,0,1,1,4294967295,0,0
oInvCollPH,1088,400,003F7406,0,1,1,4294967295,0,0
oInvCollPH,1088,416,0016C347,0,1,1,4294967295,0,0
oInvCollPH,1088,432,0034DC8D,0,1,1,4294967295,0,0
oInvCollPH,560,464,0003CB08,0,1,1,4294967295,0,0
oInvCollPH,560,480,00276A2C,0,1,1,4294967295,0,0
oInvCollPH,576,448,003D8ED0,0,1,1,4294967295,0,0
oInvCollPH,592,448,00194890,0,1,1,4294967295,0,0
oInvCollPH,608,448,002767B4,0,1,1,4294967295,0,0
oInvCollPH,624,448,0022D967,0,1,1,4294967295,0,0
oInvCollPH,640,448,002DCC95,0,1,1,4294967295,0,0
oInvCollPH,656,448,0012EEE3,0,1,1,4294967295,0,0
oInvCollPH,672,448,00292003,0,1,1,4294967295,0,0
oInvCollPH,688,448,002D860D,0,1,1,4294967295,0,0
oInvCollPH,1104,448,00367DFF,0,1,1,4294967295,0,0
oInvCollPH,1120,448,000DB38F,0,1,1,4294967295,0,0
oInvCollPH,1136,448,00022CB9,0,1,1,4294967295,0,0
oInvCollPH,1152,448,00285B15,0,1,1,4294967295,0,0
oInvCollPH,1168,448,003AC2F3,0,1,1,4294967295,0,0
oInvCollPH,1184,448,001FDBF3,0,1,1,4294967295,0,0
oInvCollPH,1200,448,000F700F,0,1,1,4294967295,0,0
oInvCollPH,1216,448,003B0DDD,0,1,1,4294967295,0,0
oInvCollPH,1232,448,0020A028,0,1,1,4294967295,0,0
oInvCollPH,1248,448,001F8AE9,0,1,1,4294967295,0,0
oInvCollPH,1264,448,00117C97,0,1,1,4294967295,0,0
oInvCollPH,1280,448,000737C4,0,1,1,4294967295,0,0
oInvCollPH,1296,448,0010B6A4,0,1,1,4294967295,0,0
oInvCollPH,1312,448,00180807,0,1,1,4294967295,0,0
oInvCollPH,1328,448,001236AE,0,1,1,4294967295,0,0
oInvCollPH,1344,448,00069A75,0,1,1,4294967295,0,0
oInvCollPH,1360,448,002A8D45,0,1,1,4294967295,0,0
oInvCollPH,1376,448,0022512D,0,1,1,4294967295,0,0
oInvCollPH,1392,448,0015EE43,0,1,1,4294967295,0,0
oInvCollPH,1408,448,000DCEE5,0,1,1,4294967295,0,0
oInvCollPH,1424,448,00008492,0,1,1,4294967295,0,0
oInvCollPH,1440,448,002329DE,0,1,1,4294967295,0,0
oInvCollPH,1456,448,0026235B,0,1,1,4294967295,0,0
oInvCollPH,1472,448,00114F64,0,1,1,4294967295,0,0
oInvCollPH,1488,448,00240E95,0,1,1,4294967295,0,0
oInvCollPH,1504,448,0011731F,0,1,1,4294967295,0,0
oInvCollPH,1520,448,0033A90B,0,1,1,4294967295,0,0
oInvCollPH,1536,448,000D0761,0,1,1,4294967295,0,0
oInvCollPH,1552,448,0015B915,0,1,1,4294967295,0,0
oInvCollPH,1568,448,000DF909,0,1,1,4294967295,0,0
oInvCollPH,1584,448,0019273B,0,1,1,4294967295,0,0
oInvCollPH,1632,448,000CD7E6,0,1,1,4294967295,0,0
oInvCollPH,1648,448,001DA378,0,1,1,4294967295,0,0
oInvCollPH,1600,448,002F3B85,0,1,1,4294967295,0,0
oInvCollPH,1616,448,0023C212,0,1,1,4294967295,0,0
oInvCollPH,1664,448,002BB4D0,0,1,1,4294967295,0,0
oInvCollPH,1680,448,000435AC,0,1,1,4294967295,0,0
oInvCollPH,1696,448,002EBA43,0,1,1,4294967295,0,0
oInvCollPH,1712,448,00181605,0,1,1,4294967295,0,0
oInvCollPH,1728,448,003B9259,0,1,1,4294967295,0,0
oInvCollPH,1744,448,0023BE29,0,1,1,4294967295,0,0
oInvCollPH,1760,448,002E5D5E,0,1,1,4294967295,0,0
oInvCollPH,1776,448,0000D90A,0,1,1,4294967295,0,0
oInvCollPH,1792,448,00253713,0,1,1,4294967295,0,0
oInvCollPH,1808,448,004016EF,0,1,1,4294967295,0,0
oInvCollPH,1824,448,0024D681,0,1,1,4294967295,0,0
oInvCollPH,1840,448,00353930,0,1,1,4294967295,0,0
oInvCollPH,1856,448,003D9D95,0,1,1,4294967295,0,0
oInvCollPH,1872,448,000384EA,0,1,1,4294967295,0,0
oInvCollPH,1888,448,0034AD0C,0,1,1,4294967295,0,0
oInvCollPH,1904,448,003CFC97,0,1,1,4294967295,0,0
oInvCollPH,1920,448,001B8483,0,1,1,4294967295,0,0
oInvCollPH,1936,448,00124E62,0,1,1,4294967295,0,0
oInvCollPH,1952,448,0019C8E6,0,1,1,4294967295,0,0
oInvCollPH,1968,448,0003D2A8,0,1,1,4294967295,0,0
oInvCollPH,1984,448,0023199C,0,1,1,4294967295,0,0
oInvCollPH,2000,448,0010D9B0,0,1,1,4294967295,0,0
oInvCollPH,2016,448,0003653F,0,1,1,4294967295,0,0
oInvCollPH,2032,448,0011E44A,0,1,1,4294967295,0,0
oInvCollPH,2032,464,0007C9A6,0,1,1,4294967295,0,0
oInvCollPH,2032,480,0017E678,0,1,1,4294967295,0,0
oInvCollPH,480,496,001F2E7F,0,1,1,4294967295,0,0
oInvCollPH,496,496,001A3D36,0,1,1,4294967295,0,0
oInvCollPH,512,496,00271C26,0,1,1,4294967295,0,0
oInvCollPH,528,496,0032A93C,0,1,1,4294967295,0,0
oInvCollPH,544,496,0006BFB8,0,1,1,4294967295,0,0
oInvCollPH,2048,496,002A60DC,0,1,1,4294967295,0,0
oInvCollPH,2064,496,003B3B52,0,1,1,4294967295,0,0
oInvCollPH,2080,496,000908E4,0,1,1,4294967295,0,0
oInvCollPH,2096,496,00133018,0,1,1,4294967295,0,0
oInvCollPH,2112,496,0010AD42,0,1,1,4294967295,0,0
oInvCollPH,2128,496,001DC683,0,1,1,4294967295,0,0
oInvCollPH,2144,496,001C8482,0,1,1,4294967295,0,0
oInvCollPH,2160,496,000F0943,0,1,1,4294967295,0,0
oInvCollPH,2160,512,0011D554,0,1,1,4294967295,0,0
oInvCollPH,2160,528,001DD175,0,1,1,4294967295,0,0
oInvCollPH,2224,544,0001FA52,0,1,1,4294967295,0,0
oInvCollPH,2208,544,000F6B5B,0,1,1,4294967295,0,0
oInvCollPH,2192,544,001ABAA0,0,1,1,4294967295,0,0
oInvCollPH,2320,544,001F0AEE,0,1,1,4294967295,0,0
oInvCollPH,2304,544,002BDDBF,0,1,1,4294967295,0,0
oInvCollPH,2288,544,0038DE00,0,1,1,4294967295,0,0
oInvCollPH,2272,544,00263DDD,0,1,1,4294967295,0,0
oInvCollPH,2256,544,00111CE2,0,1,1,4294967295,0,0
oInvCollPH,2240,544,0011F1F7,0,1,1,4294967295,0,0
oInvCollPH,2336,544,002A1896,0,1,1,4294967295,0,0
oInvCollPH,2352,544,000C778C,0,1,1,4294967295,0,0
oInvCollPH,2368,544,00153136,0,1,1,4294967295,0,0
oInvCollPH,2384,544,0009A790,0,1,1,4294967295,0,0
oInvCollPH,2400,544,003A83E6,0,1,1,4294967295,0,0
oInvCollPH,2416,544,003FB7B3,0,1,1,4294967295,0,0
oInvCollPH,2432,544,00009F2D,0,1,1,4294967295,0,0
oInvCollPH,2448,544,001EF16F,0,1,1,4294967295,0,0
oInvCollPH,2464,544,0022D430,0,1,1,4294967295,0,0
oInvCollPH,2480,544,00281316,0,1,1,4294967295,0,0
oInvCollPH,2496,544,0021E235,0,1,1,4294967295,0,0
oInvCollPH,2512,544,0031618E,0,1,1,4294967295,0,0
oInvCollPH,2528,544,0003C8A7,0,1,1,4294967295,0,0
oInvCollPH,1584,368,00233394,0,1,1,4294967295,0,0
oInvCollPH,1600,368,001E07FA,0,1,1,4294967295,0,0
oInvCollPH,1616,368,000BD821,0,1,1,4294967295,0,0
oInvCollPH,1632,368,001473F7,0,1,1,4294967295,0,0
oInvCollPH,1648,368,002FBDE6,0,1,1,4294967295,0,0
oInvCollPH,1664,368,003D0BE9,0,1,1,4294967295,0,0
oInvCollPH,1680,368,000D32B6,0,1,1,4294967295,0,0
oInvCollPH,1696,368,003581FD,0,1,1,4294967295,0,0
oInvCollPH,1712,368,000C2F07,0,1,1,4294967295,0,0
oInvCollPH,1728,368,002E1E18,0,1,1,4294967295,0,0
oInvCollPH,1744,368,001F67CD,0,1,1,4294967295,0,0
oInvCollPH,1760,368,0016B096,0,1,1,4294967295,0,0
oInvCollPH,2176,368,0005755B,0,1,1,4294967295,0,0
oInvCollPH,2160,368,00036E7D,0,1,1,4294967295,0,0
oInvCollPH,2144,368,003DD3F3,0,1,1,4294967295,0,0
oInvCollPH,2128,368,001B9053,0,1,1,4294967295,0,0
oInvCollPH,2112,368,0026FE78,0,1,1,4294967295,0,0
oInvCollPH,2096,368,0003E8B3,0,1,1,4294967295,0,0
oInvCollPH,2080,368,000A0E2B,0,1,1,4294967295,0,0
oInvCollPH,2064,368,00004768,0,1,1,4294967295,0,0
oInvCollPH,2048,368,0024F068,0,1,1,4294967295,0,0
oInvCollPH,2032,368,002F79C8,0,1,1,4294967295,0,0
oInvCollPH,2016,368,002A8DAA,0,1,1,4294967295,0,0
oInvCollPH,2000,368,0030D1CC,0,1,1,4294967295,0,0
oInvCollPH,1984,368,002D4AED,0,1,1,4294967295,0,0
oInvCollPH,1968,368,000FF845,0,1,1,4294967295,0,0
oInvCollPH,1584,208,003D74EC,0,1,1,4294967295,0,0
oInvCollPH,1584,224,000B4507,0,1,1,4294967295,0,0
oInvCollPH,1584,240,0027D187,0,1,1,4294967295,0,0
oInvCollPH,1584,256,0022E4C5,0,1,1,4294967295,0,0
oInvCollPH,1584,272,002F81A4,0,1,1,4294967295,0,0
oInvCollPH,1584,288,000C884F,0,1,1,4294967295,0,0
oInvCollPH,1584,304,003FABEE,0,1,1,4294967295,0,0
oInvCollPH,1584,320,0020A15D,0,1,1,4294967295,0,0
oInvCollPH,1584,336,0035B4AF,0,1,1,4294967295,0,0
oInvCollPH,1840,336,002AE991,0,1,1,4294967295,0,0
oInvCollPH,1856,336,001C9F64,0,1,1,4294967295,0,0
oInvCollPH,1872,336,003C494D,0,1,1,4294967295,0,0
oInvCollPH,1888,336,0010BEC0,0,1,1,4294967295,0,0
oInvCollPH,1600,192,00269E8C,0,1,1,4294967295,0,0
oInvCollPH,1616,192,00093902,0,1,1,4294967295,0,0
oInvCollPH,1632,192,001BFD9C,0,1,1,4294967295,0,0
oInvCollPH,1648,192,0010C8A9,0,1,1,4294967295,0,0
oInvCollPH,1664,192,0035896E,0,1,1,4294967295,0,0
oInvCollPH,1680,192,000EE36C,0,1,1,4294967295,0,0
oInvCollPH,1696,192,00329FA1,0,1,1,4294967295,0,0
oInvCollPH,1712,192,003C7AC5,0,1,1,4294967295,0,0
oInvCollPH,1728,192,00291DE8,0,1,1,4294967295,0,0
oInvCollPH,1744,192,00175190,0,1,1,4294967295,0,0
oInvCollPH,1760,192,000DFC01,0,1,1,4294967295,0,0
oInvCollPH,1776,192,0019E21D,0,1,1,4294967295,0,0
oInvCollPH,1792,192,002D9B38,0,1,1,4294967295,0,0
oInvCollPH,1808,192,0021E43F,0,1,1,4294967295,0,0
oInvCollPH,1824,192,000AEDDB,0,1,1,4294967295,0,0
oInvCollPH,1840,192,00056386,0,1,1,4294967295,0,0
oInvCollPH,1856,192,00035B5A,0,1,1,4294967295,0,0
oInvCollPH,1872,192,00291624,0,1,1,4294967295,0,0
oInvCollPH,1888,192,0012ABE2,0,1,1,4294967295,0,0
oInvCollPH,1904,192,0015A4DD,0,1,1,4294967295,0,0
oInvCollPH,2208,192,0033A26B,0,1,1,4294967295,0,0
oInvCollPH,2224,192,003FEF9B,0,1,1,4294967295,0,0
oInvCollPH,2240,192,003A1912,0,1,1,4294967295,0,0
oInvCollPH,2256,192,0030BFAA,0,1,1,4294967295,0,0
oInvCollPH,2272,192,00240046,0,1,1,4294967295,0,0
oInvCollPH,2288,192,001922E2,0,1,1,4294967295,0,0
oInvCollPH,2304,192,003354D0,0,1,1,4294967295,0,0
oInvCollPH,2320,192,000321F5,0,1,1,4294967295,0,0
oInvCollPH,2336,192,0017236E,0,1,1,4294967295,0,0
oInvCollPH,2352,192,001D354C,0,1,1,4294967295,0,0
oInvCollPH,2368,192,0003445F,0,1,1,4294967295,0,0
oInvCollPH,2384,192,00046C33,0,1,1,4294967295,0,0
oInvCollPH,2400,192,002A5FD1,0,1,1,4294967295,0,0
oInvCollPH,2416,192,003E73A5,0,1,1,4294967295,0,0
oInvCollPH,2432,192,00381EBA,0,1,1,4294967295,0,0
oInvCollPH,2448,192,00015B13,0,1,1,4294967295,0,0
oInvCollPH,2464,192,003B4850,0,1,1,4294967295,0,0
oInvCollPH,2480,192,0011A0B7,0,1,1,4294967295,0,0
oInvCollPH,2496,192,002E5D71,0,1,1,4294967295,0,0
oInvCollPH,2512,192,003B633F,0,1,1,4294967295,0,0
oInvCollPH,2528,192,002BC1AF,0,1,1,4294967295,0,0
oInvisibleSolid,0,128,003E7340,0,1,1,4294967295,0,1
oInvisibleRCeilingLowSlope,560,304,00095E74,0,1,1,4294967295,0,0
oInvisibleLCeilingLowSlope,432,304,0033838F,0,1,1,4294967295,0,0
oInvisibleSolid,0,448,000B0752,0,1,1,4294967295,0,1
oInvisibleSolid,464,496,00252916,0,1,1,4294967295,0,1
oInvisibleSolid,336,112,0007A388,0,1,1,4294967295,0,1
oInvisibleSolid,336,208,0010CFE2,0,1,1,4294967295,0,1
oInvisibleSolid,384,288,003ABB93,0,1,1,4294967295,0,1
oInvisibleSolid,432,288,0035A657,0,1,1,4294967295,0,1
oInvisibleSolid,592,288,00350A89,0,1,1,4294967295,0,1
oInvisibleSolid,624,272,0018A4AE,0,1,1,4294967295,0,1
oInvisiblePlatform,1824,128,003156DB,0,1,1,4294967295,0,1
oInvisiblePlatform,2272,128,00097FE2,0,1,1,4294967295,0,1
oInvisiblePlatform,992,288,00058560,0,1,1,4294967295,0,1
oInvisiblePlatform,1168,256,0032D6C9,0,1,1,4294967295,0,1
oInvisiblePlatform,1184,384,003276D7,0,1,1,4294967295,0,1
oInvisiblePlatform,1296,320,00158B82,0,1,1,4294967295,0,1
oInvisiblePlatform,1424,256,0019B99D,0,1,1,4294967295,0,1
oInvisiblePlatform,1408,384,0029121A,0,1,1,4294967295,0,1
oInvisibleSolid,560,448,0016DF78,0,1,1,4294967295,0,1
oInvisibleSolid,704,400,00257C14,0,1,1,4294967295,0,1
oInvisibleSolid,752,352,00145E94,0,1,1,4294967295,0,1
oInvisibleSolid,2176,544,0008C9B4,0,1,1,4294967295,0,1
oInvisibleRCeilingLowSlope,1904,352,00045D78,0,1,1,4294967295,0,0
oInvisibleRCeilingLowSlope,1936,368,00212F8A,0,1,1,4294967295,0,0
oInvisibleRCeilingLowSlope,2192,432,000861BB,0,1,1,4294967295,0,0
oInvisibleLCeilingLowSlope,1808,352,00075790,0,1,1,4294967295,0,0
oInvisibleLCeilingLowSlope,1776,368,00339E41,0,1,1,4294967295,0,0
oInvisibleSolid,1920,144,001D1518,0,1,1,4294967295,0,1
oInvisibleSolid,1584,192,00204071,0,1,1,4294967295,0,1
oInvisibleSolid,1776,352,001903A4,0,1,1,4294967295,0,1
oInvisibleSolid,1584,352,003ABEB7,0,1,1,4294967295,0,1
oInvisibleSolid,1936,352,0022247E,0,1,1,4294967295,0,1
oInvisibleSolid,1968,352,00055E3D,0,1,1,4294967295,0,1
oInvisibleSolid,2416,448,0002C349,0,1,1,4294967295,0,1
oInvisibleSolid,2224,384,001ABB9D,0,1,1,4294967295,0,1
oInvisibleSolid,2192,384,00161BAE,0,1,1,4294967295,0,1
