tileDesertedTower,32,112,0,0,32,48,0,1,1,4294967295
tileDesertedTower,0,0,0,16,32,32,0,1,1,4294967295
tileDesertedTower,32,0,0,16,32,32,0,1,1,4294967295
tileDesertedTower,64,0,0,16,32,32,0,1,1,4294967295
tileDesertedTower,96,0,0,16,32,32,0,1,1,4294967295
tileDesertedTower,128,0,0,16,32,32,0,1,1,4294967295
tileDesertedTower,160,0,0,16,32,32,0,1,1,4294967295
tileDesertedTower,192,0,0,16,32,32,0,1,1,4294967295
tileDesertedTower,272,0,0,16,32,32,0,1,1,4294967295
tileDesertedTower,0,32,0,16,32,32,0,1,1,4294967295
tileDesertedTower,0,64,0,16,32,32,0,1,1,4294967295
tileDesertedTower,0,96,0,16,32,32,0,1,1,4294967295
tileDesertedTower,0,128,0,16,32,32,0,1,1,4294967295
tileDesertedTower,0,160,0,16,32,32,0,1,1,4294967295
tileDesertedTower,0,192,0,16,32,32,0,1,1,4294967295
tileDesertedTower,0,224,0,16,32,32,0,1,1,4294967295
tileDesertedTower,0,256,0,16,32,32,0,1,1,4294967295
tileDesertedTower,0,288,0,16,32,32,0,1,1,4294967295
tileDesertedTower,0,320,0,16,32,32,0,1,1,4294967295
tileDesertedTower,64,112,0,0,32,48,0,1,1,4294967295
tileDesertedTower,96,112,0,0,32,48,0,1,1,4294967295
tileDesertedTower,128,112,0,0,32,48,0,1,1,4294967295
tileDesertedTower,32,160,0,16,32,32,0,1,1,4294967295
tileDesertedTower,32,192,0,16,32,32,0,1,1,4294967295
tileDesertedTower,32,224,0,16,32,32,0,1,1,4294967295
tileDesertedTower,32,256,0,16,32,32,0,1,1,4294967295
tileDesertedTower,32,288,0,16,32,32,0,1,1,4294967295
tileDesertedTower,32,320,0,16,32,32,0,1,1,4294967295
tileDesertedTower,64,160,0,16,32,32,0,1,1,4294967295
tileDesertedTower,64,192,0,16,32,32,0,1,1,4294967295
tileDesertedTower,64,224,0,16,32,32,0,1,1,4294967295
tileDesertedTower,64,256,0,16,32,32,0,1,1,4294967295
tileDesertedTower,64,288,0,16,32,32,0,1,1,4294967295
tileDesertedTower,64,320,0,16,32,32,0,1,1,4294967295
tileDesertedTower,96,160,0,16,32,32,0,1,1,4294967295
tileDesertedTower,96,192,0,16,32,32,0,1,1,4294967295
tileDesertedTower,96,224,0,16,32,32,0,1,1,4294967295
tileDesertedTower,96,256,0,16,32,32,0,1,1,4294967295
tileDesertedTower,96,288,0,16,32,32,0,1,1,4294967295
tileDesertedTower,96,320,0,16,32,32,0,1,1,4294967295
tileDesertedTower,128,192,0,16,32,32,0,1,1,4294967295
tileDesertedTower,128,224,0,16,32,32,0,1,1,4294967295
tileDesertedTower,128,256,0,16,32,32,0,1,1,4294967295
tileDesertedTower,128,288,0,16,32,32,0,1,1,4294967295
tileDesertedTower,128,320,0,16,32,32,0,1,1,4294967295
tileDesertedTower,224,144,32,48,32,16,0,1,1,4294967295
tileDesertedTower,256,144,32,48,32,16,0,1,1,4294967295
tileDesertedTower,288,224,32,48,32,16,0,1,1,4294967295
tileDesertedTower,320,224,32,48,32,16,0,1,1,4294967295
tileDesertedTower,416,224,32,48,32,16,0,1,1,4294967295
tileDesertedTower,448,224,32,48,32,16,0,1,1,4294967295
tileDesertedTower,480,144,32,48,32,16,0,1,1,4294967295
tileDesertedTower,512,144,32,48,32,16,0,1,1,4294967295
tileDesertedTower,160,304,0,0,32,48,0,1,1,4294967295
tileDesertedTower,192,304,0,0,32,48,0,1,1,4294967295
tileDesertedTower,224,304,0,0,32,48,0,1,1,4294967295
tileDesertedTower,256,304,0,0,32,48,0,1,1,4294967295
tileDesertedTower,288,304,0,0,32,48,0,1,1,4294967295
tileDesertedTower,320,304,0,0,32,48,0,1,1,4294967295
tileDesertedTower,352,304,0,0,32,48,0,1,1,4294967295
tileDesertedTower,384,304,0,0,32,48,0,1,1,4294967295
tileDesertedTower,416,304,0,0,32,48,0,1,1,4294967295
tileDesertedTower,448,304,0,0,32,48,0,1,1,4294967295
tileDesertedTower,480,304,0,0,32,48,0,1,1,4294967295
tileDesertedTower,512,304,0,0,32,48,0,1,1,4294967295
tileDesertedTower,544,304,0,0,32,48,0,1,1,4294967295
tileDesertedTower,576,304,0,0,32,48,0,1,1,4294967295
tileDesertedTower,608,304,0,0,32,48,0,1,1,4294967295
tileDesertedTower,640,304,0,0,32,48,0,1,1,4294967295
tileDesertedTower,672,304,0,0,32,48,0,1,1,4294967295
tileDesertedTower,704,304,0,0,32,48,0,1,1,4294967295
tileDesertedTower,736,304,0,0,32,48,0,1,1,4294967295
tileDesertedTower,768,304,0,0,32,48,0,1,1,4294967295
tileDesertedTower,800,304,0,0,32,48,0,1,1,4294967295
tileDesertedTower,832,304,0,0,32,48,0,1,1,4294967295
tileDesertedTower,864,304,0,0,32,48,0,1,1,4294967295
tileDesertedTower,896,304,0,0,32,48,0,1,1,4294967295
tileDesertedTower,928,304,0,0,32,48,0,1,1,4294967295
tileDesertedTower,960,304,0,0,32,48,0,1,1,4294967295
tileDesertedTower,992,304,0,0,32,48,0,1,1,4294967295
tileDesertedTower,1024,304,0,0,32,48,0,1,1,4294967295
tileDesertedTower,1056,304,0,0,32,48,0,1,1,4294967295
tileDesertedTower,1088,304,0,0,32,48,0,1,1,4294967295
tileDesertedTower,1120,304,0,0,32,48,0,1,1,4294967295
tileDesertedTower,1152,304,0,0,32,48,0,1,1,4294967295
tileDesertedTower,1184,304,0,0,32,48,0,1,1,4294967295
tileDesertedTower,1216,304,0,0,32,48,0,1,1,4294967295
tileDesertedTower,1248,304,0,0,32,48,0,1,1,4294967295
tileDesertedTower,1280,304,0,0,32,48,0,1,1,4294967295
tileDesertedTower,1312,304,0,0,32,48,0,1,1,4294967295
tileDesertedTower,1344,240,0,0,32,48,0,1,1,4294967295
tileDesertedTower,1376,304,0,0,32,48,0,1,1,4294967295
tileDesertedTower,1408,304,0,0,32,48,0,1,1,4294967295
tileDesertedTower,1440,304,0,0,32,48,0,1,1,4294967295
tileDesertedTower,1472,304,0,0,32,48,0,1,1,4294967295
tileDesertedTower,1504,304,0,0,32,48,0,1,1,4294967295
tileDesertedTower,1536,304,0,0,32,48,0,1,1,4294967295
tileDesertedTower,1568,304,0,0,32,48,0,1,1,4294967295
tileDesertedTower,1600,304,0,0,32,48,0,1,1,4294967295
tileDesertedTower,1632,304,0,0,32,48,0,1,1,4294967295
tileDesertedTower,1664,304,0,0,32,48,0,1,1,4294967295
tileDesertedTower,1696,304,0,0,32,48,0,1,1,4294967295
tileDesertedTower,1728,304,0,0,32,48,0,1,1,4294967295
tileDesertedTower,1760,304,0,0,32,48,0,1,1,4294967295
tileDesertedTower,1792,304,0,0,32,48,0,1,1,4294967295
tileDesertedTower,1824,304,0,0,32,48,0,1,1,4294967295
tileDesertedTower,1856,304,0,0,32,48,0,1,1,4294967295
tileDesertedTower,1920,240,0,0,32,48,0,1,1,4294967295
tileDesertedTower,1888,304,0,0,32,48,0,1,1,4294967295
tileDesertedTower,1952,304,0,0,32,48,0,1,1,4294967295
tileDesertedTower,1984,304,0,0,32,48,0,1,1,4294967295
tileDesertedTower,2016,304,0,0,32,48,0,1,1,4294967295
tileDesertedTower,352,0,0,16,32,32,0,1,1,4294967295
tileDesertedTower,384,0,0,16,32,32,0,1,1,4294967295
tileDesertedTower,304,0,0,16,32,32,0,1,1,4294967295
tileDesertedTower,528,0,0,16,32,32,0,1,1,4294967295
tileDesertedTower,560,0,0,16,32,32,0,1,1,4294967295
tileDesertedTower,592,0,0,16,32,32,0,1,1,4294967295
tileDesertedTower,624,0,0,16,32,32,0,1,1,4294967295
tileDesertedTower,656,0,0,16,32,32,0,1,1,4294967295
tileDesertedTower,736,0,0,16,32,32,0,1,1,4294967295
tileDesertedTower,768,0,0,16,32,32,0,1,1,4294967295
tileDesertedTower,800,0,0,16,32,32,0,1,1,4294967295
tileDesertedTower,864,0,0,16,32,32,0,1,1,4294967295
tileDesertedTower,896,0,0,16,32,32,0,1,1,4294967295
tileDesertedTower,928,0,0,16,32,32,0,1,1,4294967295
tileDesertedTower,960,0,0,16,32,32,0,1,1,4294967295
tileDesertedTower,992,0,0,16,32,32,0,1,1,4294967295
tileDesertedTower,1024,0,0,16,32,32,0,1,1,4294967295
tileDesertedTower,1056,0,0,16,32,32,0,1,1,4294967295
tileDesertedTower,1088,0,0,16,32,32,0,1,1,4294967295
tileDesertedTower,1120,0,0,16,32,32,0,1,1,4294967295
tileDesertedTower,1152,0,0,16,32,32,0,1,1,4294967295
tileDesertedTower,1184,0,0,16,32,32,0,1,1,4294967295
tileDesertedTower,1280,0,0,16,32,32,0,1,1,4294967295
tileDesertedTower,1312,0,0,16,32,32,0,1,1,4294967295
tileDesertedTower,1344,0,0,16,32,32,0,1,1,4294967295
tileDesertedTower,1376,0,0,16,32,32,0,1,1,4294967295
tileDesertedTower,1408,0,0,16,32,32,0,1,1,4294967295
tileDesertedTower,1440,0,0,16,32,32,0,1,1,4294967295
tileDesertedTower,1504,0,0,16,32,32,0,1,1,4294967295
tileDesertedTower,1536,0,0,16,32,32,0,1,1,4294967295
tileDesertedTower,1600,0,0,16,32,32,0,1,1,4294967295
tileDesertedTower,1632,0,0,16,32,32,0,1,1,4294967295
tileDesertedTower,1664,0,0,16,32,32,0,1,1,4294967295
tileDesertedTower,1712,0,0,16,32,32,0,1,1,4294967295
tileDesertedTower,1792,0,0,16,32,32,0,1,1,4294967295
tileDesertedTower,1824,0,0,16,32,32,0,1,1,4294967295
tileDesertedTower,1856,0,0,16,32,32,0,1,1,4294967295
tileDesertedTower,1888,0,0,16,32,32,0,1,1,4294967295
tileDesertedTower,1920,0,0,16,32,32,0,1,1,4294967295
tileDesertedTower,1984,0,0,16,32,32,0,1,1,4294967295
tileDesertedTower,2016,0,0,16,32,32,0,1,1,4294967295
tileDesertedTower,32,32,32,32,16,16,0,1,1,4294967295
tileDesertedTower,32,48,32,32,16,16,0,1,1,4294967295
tileDesertedTower,32,64,32,32,16,16,0,1,1,4294967295
tileDesertedTower,32,80,32,32,16,16,0,1,1,4294967295
tileDesertedTower,32,96,32,32,16,16,0,1,1,4294967295
tileDesertedTower,48,96,32,32,16,16,0,1,1,4294967295
tileDesertedTower,48,80,32,32,16,16,0,1,1,4294967295
tileDesertedTower,48,64,32,32,16,16,0,1,1,4294967295
tileDesertedTower,48,48,32,32,16,16,0,1,1,4294967295
tileDesertedTower,48,32,32,32,16,16,0,1,1,4294967295
tileDesertedTower,64,32,32,32,16,16,0,1,1,4294967295
tileDesertedTower,64,48,32,32,16,16,0,1,1,4294967295
tileDesertedTower,80,32,32,32,16,16,0,1,1,4294967295
tileDesertedTower,80,48,32,32,16,16,0,1,1,4294967295
tileDesertedTower,96,32,32,32,16,16,0,1,1,4294967295
tileDesertedTower,96,48,32,32,16,16,0,1,1,4294967295
tileDesertedTower,96,64,32,32,16,16,0,1,1,4294967295
tileDesertedTower,96,80,32,32,16,16,0,1,1,4294967295
tileDesertedTower,96,96,32,32,16,16,0,1,1,4294967295
tileDesertedTower,112,96,32,32,16,16,0,1,1,4294967295
tileDesertedTower,112,80,32,32,16,16,0,1,1,4294967295
tileDesertedTower,112,64,32,32,16,16,0,1,1,4294967295
tileDesertedTower,112,48,32,32,16,16,0,1,1,4294967295
tileDesertedTower,112,32,32,32,16,16,0,1,1,4294967295
tileDesertedTower,768,32,0,16,32,32,0,1,1,4294967295
tileDesertedTower,768,64,0,16,32,32,0,1,1,4294967295
tileDesertedTower,736,96,0,16,32,32,0,1,1,4294967295
tileDesertedTower,736,128,0,16,32,32,0,1,1,4294967295
tileDesertedTower,736,160,0,16,32,32,0,1,1,4294967295
tileDesertedTower,736,192,0,16,32,32,0,1,1,4294967295
tileDesertedTower,736,224,0,16,32,32,0,1,1,4294967295
tileDesertedTower,768,224,0,16,32,32,0,1,1,4294967295
tileDesertedTower,800,224,0,16,32,32,0,1,1,4294967295
tileDesertedTower,768,192,0,16,32,32,0,1,1,4294967295
tileDesertedTower,800,192,0,16,32,32,0,1,1,4294967295
tileDesertedTower,768,160,0,16,32,32,0,1,1,4294967295
tileDesertedTower,800,160,0,16,32,32,0,1,1,4294967295
tileDesertedTower,736,64,0,16,32,32,0,1,1,4294967295
tileDesertedTower,736,32,0,16,32,32,0,1,1,4294967295
tileDesertedTower,768,96,0,16,32,32,0,1,1,4294967295
tileDesertedTower,768,128,0,16,32,32,0,1,1,4294967295
tileDesertedTower,800,32,0,16,32,32,0,1,1,4294967295
tileDesertedTower,800,64,0,16,32,32,0,1,1,4294967295
tileDesertedTower,800,96,0,16,32,32,0,1,1,4294967295
tileDesertedTower,800,128,0,16,32,32,0,1,1,4294967295
tileDesertedTower,240,0,96,0,16,32,0,1,1,4294967295
tileDesertedTower,256,0,96,0,16,32,0,1,1,4294967295
tileDesertedTower,496,0,96,0,16,32,0,1,1,4294967295
tileDesertedTower,512,0,96,0,16,32,0,1,1,4294967295
tileDesertedTower,336,0,96,0,16,32,0,1,1,4294967295
tileDesertedTower,416,0,96,0,16,32,0,1,1,4294967295
tileDesertedTower,224,0,0,16,16,32,0,1,1,4294967295
tileDesertedTower,432,0,0,16,32,32,0,1,1,4294967295
tileDesertedTower,464,0,0,16,32,32,0,1,1,4294967295
tileDesertedTower,128,160,0,16,32,32,0,1,1,4294967295
tileDesertedTower,720,0,96,0,16,32,0,1,1,4294967295
tileDesertedTower,832,0,96,0,16,32,0,1,1,4294967295
tileDesertedTower,688,0,0,16,32,32,0,1,1,4294967295
tileDesertedTower,848,0,96,0,16,32,0,1,1,4294967295
tileDesertedTower,864,128,0,16,32,32,0,1,1,4294967295
tileDesertedTower,864,96,0,16,32,32,0,1,1,4294967295
tileDesertedTower,864,64,0,16,32,32,0,1,1,4294967295
tileDesertedTower,864,32,0,16,32,32,0,1,1,4294967295
tileDesertedTower,896,128,0,16,32,32,0,1,1,4294967295
tileDesertedTower,928,128,0,16,32,32,0,1,1,4294967295
tileDesertedTower,960,128,0,16,32,32,0,1,1,4294967295
tileDesertedTower,960,32,0,16,32,32,0,1,1,4294967295
tileDesertedTower,960,64,0,16,32,32,0,1,1,4294967295
tileDesertedTower,960,96,0,16,32,32,0,1,1,4294967295
tileDesertedTower,928,32,0,16,32,32,0,1,1,4294967295
tileDesertedTower,928,64,0,16,32,32,0,1,1,4294967295
tileDesertedTower,928,96,0,16,32,32,0,1,1,4294967295
tileDesertedTower,896,32,0,16,32,32,0,1,1,4294967295
tileDesertedTower,896,64,0,16,32,32,0,1,1,4294967295
tileDesertedTower,896,96,0,16,32,32,0,1,1,4294967295
tileDesertedTower,1056,192,0,16,32,32,0,1,1,4294967295
tileDesertedTower,1088,224,0,16,32,32,0,1,1,4294967295
tileDesertedTower,1088,192,0,16,32,32,0,1,1,4294967295
tileDesertedTower,1088,160,0,16,32,32,0,1,1,4294967295
tileDesertedTower,1088,128,0,16,32,32,0,1,1,4294967295
tileDesertedTower,1088,96,0,16,32,32,0,1,1,4294967295
tileDesertedTower,1088,64,0,16,32,32,0,1,1,4294967295
tileDesertedTower,864,224,0,0,32,16,0,1,1,4294967295
tileDesertedTower,896,224,0,0,32,16,0,1,1,4294967295
tileDesertedTower,928,224,0,0,32,16,0,1,1,4294967295
tileDesertedTower,960,224,0,0,32,16,0,1,1,4294967295
tileDesertedTower,992,224,0,0,32,16,0,1,1,4294967295
tileDesertedTower,1024,224,0,0,32,16,0,1,1,4294967295
tileDesertedTower,864,240,0,32,32,16,0,1,1,4294967295
tileDesertedTower,896,240,0,32,32,16,0,1,1,4294967295
tileDesertedTower,928,240,0,32,32,16,0,1,1,4294967295
tileDesertedTower,960,240,0,32,32,16,0,1,1,4294967295
tileDesertedTower,992,240,0,32,32,16,0,1,1,4294967295
tileDesertedTower,1024,240,0,32,32,16,0,1,1,4294967295
tileDesertedTower,1056,160,0,0,32,16,0,1,1,4294967295
tileDesertedTower,1056,176,0,32,32,16,0,1,1,4294967295
tileDesertedTower,1056,224,0,16,32,32,0,1,1,4294967295
tileDesertedTower,1088,32,0,16,32,32,0,1,1,4294967295
tileDesertedTower,992,128,0,0,32,16,0,1,1,4294967295
tileDesertedTower,992,144,0,32,32,16,0,1,1,4294967295
tileDesertedTower,1344,32,0,16,32,32,0,1,1,4294967295
tileDesertedTower,1344,64,0,16,32,32,0,1,1,4294967295
tileDesertedTower,1344,96,0,16,32,32,0,1,1,4294967295
tileDesertedTower,1344,128,0,16,32,32,0,1,1,4294967295
tileDesertedTower,1344,288,0,16,32,32,0,1,1,4294967295
tileDesertedTower,1344,320,0,16,32,32,0,1,1,4294967295
tileDesertedTower,1120,208,32,48,32,16,0,1,1,4294967295
tileDesertedTower,1184,144,32,48,32,16,0,1,1,4294967295
tileDesertedTower,1280,128,32,48,32,16,0,1,1,4294967295
tileDesertedTower,1472,208,32,48,32,16,0,1,1,4294967295
tileDesertedTower,1568,176,32,48,32,16,0,1,1,4294967295
tileDesertedTower,1696,176,32,48,32,16,0,1,1,4294967295
tileDesertedTower,1728,176,32,48,32,16,0,1,1,4294967295
tileDesertedTower,1760,176,32,48,32,16,0,1,1,4294967295
tileDesertedTower,1712,192,32,48,32,16,0,1,1,4294967295
tileDesertedTower,1744,192,32,48,32,16,0,1,1,4294967295
tileDesertedTower,2048,304,0,0,32,48,0,1,1,4294967295
tileDesertedTower,2080,304,0,0,32,48,0,1,1,4294967295
tileDesertedTower,2112,304,0,0,32,48,0,1,1,4294967295
tileDesertedTower,2144,304,0,0,32,48,0,1,1,4294967295
tileDesertedTower,2176,304,0,0,32,48,0,1,1,4294967295
tileDesertedTower,2208,304,0,0,32,48,0,1,1,4294967295
tileDesertedTower,2240,304,0,0,32,48,0,1,1,4294967295
tileDesertedTower,2272,304,0,0,32,48,0,1,1,4294967295
tileDesertedTower,2304,304,0,0,32,48,0,1,1,4294967295
tileDesertedTower,2336,304,0,0,32,48,0,1,1,4294967295
tileDesertedTower,2368,304,0,0,32,48,0,1,1,4294967295
tileDesertedTower,2400,304,0,0,32,48,0,1,1,4294967295
tileDesertedTower,2432,304,0,0,32,48,0,1,1,4294967295
tileDesertedTower,2464,304,0,0,32,48,0,1,1,4294967295
tileDesertedTower,2496,304,0,0,32,48,0,1,1,4294967295
tileDesertedTower,2528,304,0,0,32,48,0,1,1,4294967295
tileDesertedTower,2560,304,0,0,32,48,0,1,1,4294967295
tileDesertedTower,2592,304,0,0,32,48,0,1,1,4294967295
tileDesertedTower,2624,304,0,0,32,48,0,1,1,4294967295
tileDesertedTower,2656,304,0,0,32,48,0,1,1,4294967295
tileDesertedTower,2688,304,0,0,32,48,0,1,1,4294967295
tileDesertedTower,2720,304,0,0,32,48,0,1,1,4294967295
tileDesertedTower,2752,304,0,0,32,48,0,1,1,4294967295
tileDesertedTower,2784,304,0,0,32,48,0,1,1,4294967295
tileDesertedTower,2816,304,0,0,32,48,0,1,1,4294967295
tileDesertedTower,2848,304,0,0,32,48,0,1,1,4294967295
tileDesertedTower,2880,304,0,0,32,48,0,1,1,4294967295
tileDesertedTower,2912,304,0,0,32,48,0,1,1,4294967295
tileDesertedTower,2944,304,0,0,32,48,0,1,1,4294967295
tileDesertedTower,2976,304,0,0,32,48,0,1,1,4294967295
tileDesertedTower,3008,304,0,0,32,48,0,1,1,4294967295
tileDesertedTower,3040,304,0,0,32,48,0,1,1,4294967295
tileDesertedTower,3072,304,0,0,32,48,0,1,1,4294967295
tileDesertedTower,3104,304,0,0,32,48,0,1,1,4294967295
tileDesertedTower,3136,304,0,0,32,48,0,1,1,4294967295
tileDesertedTower,3168,304,0,0,32,48,0,1,1,4294967295
tileDesertedTower,2048,0,0,16,32,32,0,1,1,4294967295
tileDesertedTower,2112,0,0,16,32,32,0,1,1,4294967295
tileDesertedTower,2144,0,0,16,32,32,0,1,1,4294967295
tileDesertedTower,2176,0,0,16,32,32,0,1,1,4294967295
tileDesertedTower,2208,0,0,16,32,32,0,1,1,4294967295
tileDesertedTower,2240,0,0,16,32,32,0,1,1,4294967295
tileDesertedTower,2272,0,0,16,32,32,0,1,1,4294967295
tileDesertedTower,2304,0,0,16,32,32,0,1,1,4294967295
tileDesertedTower,2336,0,0,16,32,32,0,1,1,4294967295
tileDesertedTower,2368,0,0,16,32,32,0,1,1,4294967295
tileDesertedTower,2400,0,0,16,32,32,0,1,1,4294967295
tileDesertedTower,2432,0,0,16,32,32,0,1,1,4294967295
tileDesertedTower,2464,0,0,16,32,32,0,1,1,4294967295
tileDesertedTower,2592,0,0,16,32,32,0,1,1,4294967295
tileDesertedTower,2624,0,0,16,32,32,0,1,1,4294967295
tileDesertedTower,2656,0,0,16,32,32,0,1,1,4294967295
tileDesertedTower,2688,0,0,16,32,32,0,1,1,4294967295
tileDesertedTower,2720,0,0,16,32,32,0,1,1,4294967295
tileDesertedTower,2752,0,0,16,32,32,0,1,1,4294967295
tileDesertedTower,2784,0,0,16,32,32,0,1,1,4294967295
tileDesertedTower,2816,0,0,16,32,32,0,1,1,4294967295
tileDesertedTower,2848,0,0,16,32,32,0,1,1,4294967295
tileDesertedTower,2880,0,0,16,32,32,0,1,1,4294967295
tileDesertedTower,2912,0,0,16,32,32,0,1,1,4294967295
tileDesertedTower,2944,0,0,16,32,32,0,1,1,4294967295
tileDesertedTower,2976,0,0,16,32,32,0,1,1,4294967295
tileDesertedTower,3008,0,0,16,32,32,0,1,1,4294967295
tileDesertedTower,3040,0,0,16,32,32,0,1,1,4294967295
tileDesertedTower,3072,0,0,16,32,32,0,1,1,4294967295
tileDesertedTower,3104,0,0,16,32,32,0,1,1,4294967295
tileDesertedTower,3136,0,0,16,32,32,0,1,1,4294967295
tileDesertedTower,3168,0,0,16,32,32,0,1,1,4294967295
tileDesertedTower,2720,32,0,16,32,32,0,1,1,4294967295
tileDesertedTower,2720,64,0,16,32,32,0,1,1,4294967295
tileDesertedTower,2720,96,0,16,32,32,0,1,1,4294967295
tileDesertedTower,2720,128,0,16,32,32,0,1,1,4294967295
tileDesertedTower,2720,160,0,16,32,32,0,1,1,4294967295
tileDesertedTower,2720,192,0,16,32,32,0,1,1,4294967295
tileDesertedTower,2752,32,0,16,32,32,0,1,1,4294967295
tileDesertedTower,2752,64,0,16,32,32,0,1,1,4294967295
tileDesertedTower,2752,96,0,16,32,32,0,1,1,4294967295
tileDesertedTower,2752,128,0,16,32,32,0,1,1,4294967295
tileDesertedTower,2752,160,0,16,32,32,0,1,1,4294967295
tileDesertedTower,2752,192,0,16,32,32,0,1,1,4294967295
tileDesertedTower,2784,32,0,16,32,32,0,1,1,4294967295
tileDesertedTower,2784,64,0,16,32,32,0,1,1,4294967295
tileDesertedTower,2784,96,0,16,32,32,0,1,1,4294967295
tileDesertedTower,2784,128,0,16,32,32,0,1,1,4294967295
tileDesertedTower,2784,160,0,16,32,32,0,1,1,4294967295
tileDesertedTower,2784,192,0,16,32,32,0,1,1,4294967295
tileDesertedTower,2720,224,0,16,32,32,0,1,1,4294967295
tileDesertedTower,2752,224,0,16,32,32,0,1,1,4294967295
tileDesertedTower,2784,224,0,16,32,32,0,1,1,4294967295
tileDesertedTower,1888,176,32,48,32,16,0,1,1,4294967295
tileDesertedTower,2016,176,32,48,32,16,0,1,1,4294967295
tileDesertedTower,2144,176,32,48,32,16,0,1,1,4294967295
tileDesertedTower,1920,320,0,16,32,32,0,1,1,4294967295
tileDesertedTower,1920,288,0,16,32,32,0,1,1,4294967295
tileDesertedTower,2176,176,32,48,32,16,0,1,1,4294967295
tileDesertedTower,2208,176,32,48,32,16,0,1,1,4294967295
tileDesertedTower,2240,176,32,48,32,16,0,1,1,4294967295
tileDesertedTower,2272,176,32,48,32,16,0,1,1,4294967295
tileDesertedTower,2304,32,0,16,32,32,0,1,1,4294967295
tileDesertedTower,2304,64,0,16,32,32,0,1,1,4294967295
tileDesertedTower,2304,96,0,16,32,32,0,1,1,4294967295
tileDesertedTower,2304,128,0,16,32,32,0,1,1,4294967295
tileDesertedTower,2304,160,0,16,32,32,0,1,1,4294967295
tileDesertedTower,3296,304,0,0,32,48,0,1,1,4294967295
tileDesertedTower,3328,304,0,0,32,48,0,1,1,4294967295
tileDesertedTower,3360,304,0,0,32,48,0,1,1,4294967295
tileDesertedTower,3392,304,0,0,32,48,0,1,1,4294967295
tileDesertedTower,3424,304,0,0,32,48,0,1,1,4294967295
tileDesertedTower,3456,304,0,0,32,48,0,1,1,4294967295
tileDesertedTower,3488,304,0,0,32,48,0,1,1,4294967295
tileDesertedTower,3520,304,0,0,32,48,0,1,1,4294967295
tileDesertedTower,3552,304,0,0,32,48,0,1,1,4294967295
tileDesertedTower,3584,304,0,0,32,48,0,1,1,4294967295
tileDesertedTower,3616,304,0,0,32,48,0,1,1,4294967295
tileDesertedTower,3648,304,0,0,32,48,0,1,1,4294967295
tileDesertedTower,3680,304,0,0,32,48,0,1,1,4294967295
tileDesertedTower,3712,304,0,0,32,48,0,1,1,4294967295
tileDesertedTower,3744,304,0,0,32,48,0,1,1,4294967295
tileDesertedTower,3776,304,0,0,32,48,0,1,1,4294967295
tileDesertedTower,3808,304,0,0,32,48,0,1,1,4294967295
tileDesertedTower,3840,304,0,0,32,48,0,1,1,4294967295
tileDesertedTower,3872,240,0,0,32,48,0,1,1,4294967295
tileDesertedTower,3904,240,0,0,32,48,0,1,1,4294967295
tileDesertedTower,3936,240,0,0,32,48,0,1,1,4294967295
tileDesertedTower,3968,240,0,0,32,48,0,1,1,4294967295
tileDesertedTower,3872,288,0,16,32,32,0,1,1,4294967295
tileDesertedTower,3872,320,0,16,32,32,0,1,1,4294967295
tileDesertedTower,3904,288,0,16,32,32,0,1,1,4294967295
tileDesertedTower,3936,288,0,16,32,32,0,1,1,4294967295
tileDesertedTower,3968,288,0,16,32,32,0,1,1,4294967295
tileDesertedTower,3904,320,0,16,32,32,0,1,1,4294967295
tileDesertedTower,3936,320,0,16,32,32,0,1,1,4294967295
tileDesertedTower,3968,320,0,16,32,32,0,1,1,4294967295
tileDesertedTower,1952,0,96,0,16,32,0,1,1,4294967295
tileDesertedTower,1968,0,96,0,16,32,0,1,1,4294967295
tileDesertedTower,2080,0,96,0,16,32,0,1,1,4294967295
tileDesertedTower,2096,0,96,0,16,32,0,1,1,4294967295
tileDesertedTower,1696,0,96,0,16,32,0,1,1,4294967295
tileDesertedTower,1776,0,96,0,16,32,0,1,1,4294967295
tileDesertedTower,1744,0,0,16,32,32,0,1,1,4294967295
tileDesertedTower,1488,0,96,0,16,32,0,1,1,4294967295
tileDesertedTower,1568,0,96,0,16,32,0,1,1,4294967295
tileDesertedTower,1472,0,0,16,16,32,0,1,1,4294967295
tileDesertedTower,1584,0,16,16,16,32,0,1,1,4294967295
tileDesertedTower,2336,32,0,16,32,32,0,1,1,4294967295
tileDesertedTower,2336,64,0,16,32,32,0,1,1,4294967295
tileDesertedTower,2336,96,0,16,32,32,0,1,1,4294967295
tileDesertedTower,2336,128,0,16,32,32,0,1,1,4294967295
tileDesertedTower,2336,160,0,16,32,32,0,1,1,4294967295
tileDesertedTower,3648,224,32,48,32,16,0,1,1,4294967295
tileDesertedTower,3200,0,0,16,32,32,0,1,1,4294967295
tileDesertedTower,3232,0,0,16,32,32,0,1,1,4294967295
tileDesertedTower,3264,0,0,16,32,32,0,1,1,4294967295
tileDesertedTower,3296,0,0,16,32,32,0,1,1,4294967295
tileDesertedTower,3328,0,0,16,32,32,0,1,1,4294967295
tileDesertedTower,3360,0,0,16,32,32,0,1,1,4294967295
tileDesertedTower,3392,0,0,16,32,32,0,1,1,4294967295
tileDesertedTower,3424,0,0,16,32,32,0,1,1,4294967295
tileDesertedTower,3456,0,0,16,32,32,0,1,1,4294967295
tileDesertedTower,3488,0,0,16,32,32,0,1,1,4294967295
tileDesertedTower,3520,0,0,16,32,32,0,1,1,4294967295
tileDesertedTower,3552,0,0,16,32,32,0,1,1,4294967295
tileDesertedTower,3584,0,0,16,32,32,0,1,1,4294967295
tileDesertedTower,3616,0,0,16,32,32,0,1,1,4294967295
tileDesertedTower,3648,0,0,16,32,32,0,1,1,4294967295
tileDesertedTower,3680,0,0,16,32,32,0,1,1,4294967295
tileDesertedTower,3712,0,0,16,32,32,0,1,1,4294967295
tileDesertedTower,3744,0,0,16,32,32,0,1,1,4294967295
tileDesertedTower,3776,0,0,16,32,32,0,1,1,4294967295
tileDesertedTower,3808,0,0,16,32,32,0,1,1,4294967295
tileDesertedTower,3840,0,0,16,32,32,0,1,1,4294967295
tileDesertedTower,3872,0,0,16,32,32,0,1,1,4294967295
tileDesertedTower,3904,0,0,16,32,32,0,1,1,4294967295
tileDesertedTower,3936,0,0,16,32,32,0,1,1,4294967295
tileDesertedTower,3968,0,0,16,32,32,0,1,1,4294967295
tileDesertedTower,2560,208,32,48,32,16,0,1,1,4294967295
tileDesertedTower,2528,208,32,48,32,16,0,1,1,4294967295
tileDesertedTower,2496,208,32,48,32,16,0,1,1,4294967295
tileDesertedTower,1232,0,96,0,16,32,0,1,1,4294967295
tileDesertedTower,1248,0,96,0,16,32,0,1,1,4294967295
tileDesertedTower,1216,0,0,16,16,32,0,1,1,4294967295
tileDesertedTower,1264,0,16,16,16,32,0,1,1,4294967295
tileDesertedTower,4000,240,0,0,32,48,0,1,1,4294967295
tileDesertedTower,4032,240,0,0,32,48,0,1,1,4294967295
tileDesertedTower,4064,240,0,0,32,48,0,1,1,4294967295
tileDesertedTower,4096,240,0,0,32,48,0,1,1,4294967295
tileDesertedTower,4000,288,0,16,32,32,0,1,1,4294967295
tileDesertedTower,4032,288,0,16,32,32,0,1,1,4294967295
tileDesertedTower,4064,288,0,16,32,32,0,1,1,4294967295
tileDesertedTower,4096,288,0,16,32,32,0,1,1,4294967295
tileDesertedTower,4000,320,0,16,32,32,0,1,1,4294967295
tileDesertedTower,4032,320,0,16,32,32,0,1,1,4294967295
tileDesertedTower,4064,320,0,16,32,32,0,1,1,4294967295
tileDesertedTower,4096,320,0,16,32,32,0,1,1,4294967295
tileDesertedTower,4000,0,0,16,32,32,0,1,1,4294967295
tileDesertedTower,4032,0,0,16,32,32,0,1,1,4294967295
tileDesertedTower,4064,0,0,16,32,32,0,1,1,4294967295
tileDesertedTower,4096,0,0,16,32,32,0,1,1,4294967295
tileDesertedTower,4128,0,0,16,32,32,0,1,1,4294967295
tileDesertedTower,4160,0,0,16,32,32,0,1,1,4294967295
tileDesertedTower,4192,0,0,16,32,32,0,1,1,4294967295
tileDesertedTower,4224,0,0,16,32,32,0,1,1,4294967295
tileDesertedTower,4128,240,0,0,32,48,0,1,1,4294967295
tileDesertedTower,4160,240,0,0,32,48,0,1,1,4294967295
tileDesertedTower,4192,240,0,0,32,48,0,1,1,4294967295
tileDesertedTower,4224,240,0,0,32,48,0,1,1,4294967295
tileDesertedTower,4128,288,0,16,32,32,0,1,1,4294967295
tileDesertedTower,4160,288,0,16,32,32,0,1,1,4294967295
tileDesertedTower,4192,288,0,16,32,32,0,1,1,4294967295
tileDesertedTower,4224,288,0,16,32,32,0,1,1,4294967295
tileDesertedTower,4128,320,0,16,32,32,0,1,1,4294967295
tileDesertedTower,4160,320,0,16,32,32,0,1,1,4294967295
tileDesertedTower,4192,320,0,16,32,32,0,1,1,4294967295
tileDesertedTower,4224,320,0,16,32,32,0,1,1,4294967295
tileDesertedTower,4256,272,0,0,32,48,0,1,1,4294967295
tileDesertedTower,4288,304,0,0,32,48,0,1,1,4294967295
tileDesertedTower,4320,304,0,0,32,48,0,1,1,4294967295
tileDesertedTower,4352,304,0,0,32,48,0,1,1,4294967295
tileDesertedTower,4384,304,0,0,32,48,0,1,1,4294967295
tileDesertedTower,4416,304,0,0,32,48,0,1,1,4294967295
tileDesertedTower,4448,304,0,0,32,48,0,1,1,4294967295
tileDesertedTower,4480,304,0,0,32,48,0,1,1,4294967295
tileDesertedTower,4512,304,0,0,32,48,0,1,1,4294967295
tileDesertedTower,4544,304,0,0,32,48,0,1,1,4294967295
tileDesertedTower,4576,304,0,0,32,48,0,1,1,4294967295
tileDesertedTower,4256,320,0,16,32,32,0,1,1,4294967295
tileDesertedTower,4256,0,0,16,32,32,0,1,1,4294967295
tileDesertedTower,4288,0,0,16,32,32,0,1,1,4294967295
tileDesertedTower,4320,0,0,16,32,32,0,1,1,4294967295
tileDesertedTower,4352,0,0,16,32,32,0,1,1,4294967295
tileDesertedTower,4384,0,0,16,32,32,0,1,1,4294967295
tileDesertedTower,4416,0,0,16,32,32,0,1,1,4294967295
tileDesertedTower,4448,0,0,16,32,32,0,1,1,4294967295
tileDesertedTower,4480,0,0,16,32,32,0,1,1,4294967295
tileDesertedTower,4512,0,0,16,32,32,0,1,1,4294967295
tileDesertedTower,4544,0,0,16,32,32,0,1,1,4294967295
tileDesertedTower,4576,0,0,16,32,32,0,1,1,4294967295
tileDesertedTower,4672,304,0,0,32,48,0,1,1,4294967295
tileDesertedTower,4704,304,0,0,32,48,0,1,1,4294967295
tileDesertedTower,4736,304,0,0,32,48,0,1,1,4294967295
tileDesertedTower,4864,304,0,0,32,48,0,1,1,4294967295
tileDesertedTower,4896,304,0,0,32,48,0,1,1,4294967295
tileDesertedTower,4928,304,0,0,32,48,0,1,1,4294967295
tileDesertedTower,5056,304,0,0,32,48,0,1,1,4294967295
tileDesertedTower,5088,304,0,0,32,48,0,1,1,4294967295
tileDesertedTower,5120,304,0,0,32,48,0,1,1,4294967295
tileDesertedTower,5248,304,0,0,32,48,0,1,1,4294967295
tileDesertedTower,5280,304,0,0,32,48,0,1,1,4294967295
tileDesertedTower,5312,304,0,0,32,48,0,1,1,4294967295
tileDesertedTower,5344,304,0,0,32,48,0,1,1,4294967295
tileDesertedTower,5376,304,0,0,32,48,0,1,1,4294967295
tileDesertedTower,5408,304,0,0,32,48,0,1,1,4294967295
tileDesertedTower,5440,304,0,0,32,48,0,1,1,4294967295
tileDesertedTower,5472,304,0,0,32,48,0,1,1,4294967295
tileDesertedTower,5504,304,0,0,32,48,0,1,1,4294967295
tileDesertedTower,5536,304,0,0,32,48,0,1,1,4294967295
tileDesertedTower,5568,304,0,0,32,48,0,1,1,4294967295
tileDesertedTower,5600,304,0,0,32,48,0,1,1,4294967295
tileDesertedTower,5632,304,0,0,32,48,0,1,1,4294967295
tileDesertedTower,5664,304,0,0,32,48,0,1,1,4294967295
tileDesertedTower,5696,240,0,0,32,48,0,1,1,4294967295
tileDesertedTower,5728,240,0,0,32,48,0,1,1,4294967295
tileDesertedTower,5760,208,0,0,32,48,0,1,1,4294967295
tileDesertedTower,5792,208,0,0,32,48,0,1,1,4294967295
tileDesertedTower,5824,176,0,0,32,48,0,1,1,4294967295
tileDesertedTower,5856,176,0,0,32,48,0,1,1,4294967295
tileDesertedTower,5888,176,0,0,32,48,0,1,1,4294967295
tileDesertedTower,5920,176,0,0,32,48,0,1,1,4294967295
tileDesertedTower,5952,176,0,0,32,48,0,1,1,4294967295
tileDesertedTower,5984,176,0,0,32,48,0,1,1,4294967295
tileDesertedTower,6016,144,0,0,32,48,0,1,1,4294967295
tileDesertedTower,6048,144,0,0,32,48,0,1,1,4294967295
tileDesertedTower,6080,144,0,0,32,48,0,1,1,4294967295
tileDesertedTower,5696,320,0,16,32,32,0,1,1,4294967295
tileDesertedTower,5728,320,0,16,32,32,0,1,1,4294967295
tileDesertedTower,5760,320,0,16,32,32,0,1,1,4294967295
tileDesertedTower,5792,320,0,16,32,32,0,1,1,4294967295
tileDesertedTower,5824,320,0,16,32,32,0,1,1,4294967295
tileDesertedTower,5856,320,0,16,32,32,0,1,1,4294967295
tileDesertedTower,5888,320,0,16,32,32,0,1,1,4294967295
tileDesertedTower,5920,320,0,16,32,32,0,1,1,4294967295
tileDesertedTower,5952,320,0,16,32,32,0,1,1,4294967295
tileDesertedTower,5984,320,0,16,32,32,0,1,1,4294967295
tileDesertedTower,6016,320,0,16,32,32,0,1,1,4294967295
tileDesertedTower,6048,320,0,16,32,32,0,1,1,4294967295
tileDesertedTower,6080,320,0,16,32,32,0,1,1,4294967295
tileDesertedTower,6112,288,0,16,32,32,0,1,1,4294967295
tileDesertedTower,6112,320,0,16,32,32,0,1,1,4294967295
tileDesertedTower,6112,224,0,16,32,32,0,1,1,4294967295
tileDesertedTower,6112,256,0,16,32,32,0,1,1,4294967295
tileDesertedTower,6112,192,0,16,32,32,0,1,1,4294967295
tileDesertedTower,6112,160,0,16,32,32,0,1,1,4294967295
tileDesertedTower,6112,0,0,16,32,32,0,1,1,4294967295
tileDesertedTower,6112,32,0,16,32,32,0,1,1,4294967295
tileDesertedTower,6112,64,0,16,32,32,0,1,1,4294967295
tileDesertedTower,6112,96,0,16,32,32,0,1,1,4294967295
tileDesertedTower,6112,128,0,16,32,32,0,1,1,4294967295
tileDesertedTower,6016,192,0,16,32,32,0,1,1,4294967295
tileDesertedTower,6048,192,0,16,32,32,0,1,1,4294967295
tileDesertedTower,6080,192,0,16,32,32,0,1,1,4294967295
tileDesertedTower,6080,224,0,16,32,32,0,1,1,4294967295
tileDesertedTower,6080,256,0,16,32,32,0,1,1,4294967295
tileDesertedTower,6080,288,0,16,32,32,0,1,1,4294967295
tileDesertedTower,6048,224,0,16,32,32,0,1,1,4294967295
tileDesertedTower,6048,256,0,16,32,32,0,1,1,4294967295
tileDesertedTower,6048,288,0,16,32,32,0,1,1,4294967295
tileDesertedTower,6016,224,0,16,32,32,0,1,1,4294967295
tileDesertedTower,6016,256,0,16,32,32,0,1,1,4294967295
tileDesertedTower,6016,288,0,16,32,32,0,1,1,4294967295
tileDesertedTower,5696,288,0,16,32,32,0,1,1,4294967295
tileDesertedTower,5728,288,0,16,32,32,0,1,1,4294967295
tileDesertedTower,5760,256,0,16,32,32,0,1,1,4294967295
tileDesertedTower,5760,288,0,16,32,32,0,1,1,4294967295
tileDesertedTower,5792,256,0,16,32,32,0,1,1,4294967295
tileDesertedTower,5792,288,0,16,32,32,0,1,1,4294967295
tileDesertedTower,5824,224,0,16,32,32,0,1,1,4294967295
tileDesertedTower,5824,256,0,16,32,32,0,1,1,4294967295
tileDesertedTower,5824,288,0,16,32,32,0,1,1,4294967295
tileDesertedTower,5888,224,0,16,32,32,0,1,1,4294967295
tileDesertedTower,5888,256,0,16,32,32,0,1,1,4294967295
tileDesertedTower,5888,288,0,16,32,32,0,1,1,4294967295
tileDesertedTower,5856,256,0,16,32,32,0,1,1,4294967295
tileDesertedTower,5920,256,0,16,32,32,0,1,1,4294967295
tileDesertedTower,5952,256,0,16,32,32,0,1,1,4294967295
tileDesertedTower,5984,256,0,16,32,32,0,1,1,4294967295
tileDesertedTower,5952,224,0,16,32,32,0,1,1,4294967295
tileDesertedTower,5952,288,0,16,32,32,0,1,1,4294967295
tileDesertedTower,5856,224,0,16,32,32,0,1,1,4294967295
tileDesertedTower,5856,288,0,16,32,32,0,1,1,4294967295
tileDesertedTower,5920,224,0,16,32,32,0,1,1,4294967295
tileDesertedTower,5920,288,0,16,32,32,0,1,1,4294967295
tileDesertedTower,5984,224,0,16,32,32,0,1,1,4294967295
tileDesertedTower,5984,288,0,16,32,32,0,1,1,4294967295
tileDesertedTower,6080,0,0,16,32,32,0,1,1,4294967295
tileDesertedTower,6048,0,0,16,32,32,0,1,1,4294967295
tileDesertedTower,6016,0,0,16,32,32,0,1,1,4294967295
tileDesertedTower,5984,0,0,16,32,32,0,1,1,4294967295
tileDesertedTower,4640,0,0,16,32,32,0,1,1,4294967295
tileDesertedTower,4672,0,0,16,32,32,0,1,1,4294967295
tileDesertedTower,4704,0,0,16,32,32,0,1,1,4294967295
tileDesertedTower,4736,0,0,16,32,32,0,1,1,4294967295
tileDesertedTower,4864,0,0,16,32,32,0,1,1,4294967295
tileDesertedTower,4928,0,0,16,32,32,0,1,1,4294967295
tileDesertedTower,5056,0,0,16,32,32,0,1,1,4294967295
tileDesertedTower,5088,0,0,16,32,32,0,1,1,4294967295
tileDesertedTower,5152,0,0,16,32,32,0,1,1,4294967295
tileDesertedTower,5184,0,0,16,32,32,0,1,1,4294967295
tileDesertedTower,5248,0,0,16,32,32,0,1,1,4294967295
tileDesertedTower,5280,0,0,16,32,32,0,1,1,4294967295
tileDesertedTower,5312,0,0,16,32,32,0,1,1,4294967295
tileDesertedTower,5568,0,0,16,32,32,0,1,1,4294967295
tileDesertedTower,5600,0,0,16,32,32,0,1,1,4294967295
tileDesertedTower,5632,0,0,16,32,32,0,1,1,4294967295
tileDesertedTower,5664,0,0,16,32,32,0,1,1,4294967295
tileDesertedTower,5696,0,0,16,32,32,0,1,1,4294967295
tileDesertedTower,5728,0,0,16,32,32,0,1,1,4294967295
tileDesertedTower,5760,0,0,16,32,32,0,1,1,4294967295
tileDesertedTower,5792,0,0,16,32,32,0,1,1,4294967295
tileDesertedTower,5824,0,0,16,32,32,0,1,1,4294967295
tileDesertedTower,5856,0,0,16,32,32,0,1,1,4294967295
tileDesertedTower,5888,0,0,16,32,32,0,1,1,4294967295
tileDesertedTower,5920,0,0,16,32,32,0,1,1,4294967295
tileDesertedTower,5952,0,0,16,32,32,0,1,1,4294967295
tileDesertedTower,2880,32,32,0,32,32,0,1,1,4294967295
tileDesertedTower,2880,64,32,0,32,32,0,1,1,4294967295
tileDesertedTower,2880,96,32,0,32,32,0,1,1,4294967295
tileDesertedTower,2880,128,32,0,32,32,0,1,1,4294967295
tileDesertedTower,2880,160,32,0,32,32,0,1,1,4294967295
tileDesertedTower,2880,192,32,0,32,32,0,1,1,4294967295
tileDesertedTower,2880,224,32,0,32,32,0,1,1,4294967295
tileDesertedTower,2880,256,32,0,32,32,0,1,1,4294967295
tileDesertedTower,2944,32,32,0,32,32,0,1,1,4294967295
tileDesertedTower,2944,64,32,0,32,32,0,1,1,4294967295
tileDesertedTower,2944,96,32,0,32,32,0,1,1,4294967295
tileDesertedTower,2944,128,32,0,32,32,0,1,1,4294967295
tileDesertedTower,2944,160,32,0,32,32,0,1,1,4294967295
tileDesertedTower,2944,192,32,0,32,32,0,1,1,4294967295
tileDesertedTower,2944,224,32,0,32,32,0,1,1,4294967295
tileDesertedTower,2944,256,32,0,32,32,0,1,1,4294967295
tileDesertedTower,3008,32,32,0,32,32,0,1,1,4294967295
tileDesertedTower,3008,64,32,0,32,32,0,1,1,4294967295
tileDesertedTower,3008,96,32,0,32,32,0,1,1,4294967295
tileDesertedTower,3008,128,32,0,32,32,0,1,1,4294967295
tileDesertedTower,3008,160,32,0,32,32,0,1,1,4294967295
tileDesertedTower,3008,192,32,0,32,32,0,1,1,4294967295
tileDesertedTower,3008,224,32,0,32,32,0,1,1,4294967295
tileDesertedTower,3008,256,32,0,32,32,0,1,1,4294967295
tileDesertedTower,3072,32,32,0,32,32,0,1,1,4294967295
tileDesertedTower,3072,64,32,0,32,32,0,1,1,4294967295
tileDesertedTower,3072,96,32,0,32,32,0,1,1,4294967295
tileDesertedTower,3072,128,32,0,32,32,0,1,1,4294967295
tileDesertedTower,3072,160,32,0,32,32,0,1,1,4294967295
tileDesertedTower,3072,192,32,0,32,32,0,1,1,4294967295
tileDesertedTower,3072,224,32,0,32,32,0,1,1,4294967295
tileDesertedTower,3072,256,32,0,32,32,0,1,1,4294967295
tileDesertedTower,3136,32,32,0,32,32,0,1,1,4294967295
tileDesertedTower,3136,64,32,0,32,32,0,1,1,4294967295
tileDesertedTower,3136,96,32,0,32,32,0,1,1,4294967295
tileDesertedTower,3136,128,32,0,32,32,0,1,1,4294967295
tileDesertedTower,3136,160,32,0,32,32,0,1,1,4294967295
tileDesertedTower,3136,192,32,0,32,32,0,1,1,4294967295
tileDesertedTower,3136,224,32,0,32,32,0,1,1,4294967295
tileDesertedTower,3136,256,32,0,32,32,0,1,1,4294967295
tileDesertedTower,2880,288,32,0,32,16,0,1,1,4294967295
tileDesertedTower,2944,288,32,0,32,16,0,1,1,4294967295
tileDesertedTower,3008,288,32,0,32,16,0,1,1,4294967295
tileDesertedTower,3072,288,32,0,32,16,0,1,1,4294967295
tileDesertedTower,3136,288,32,0,32,16,0,1,1,4294967295
tileDesertedTower,3360,32,32,0,32,32,0,1,1,4294967295
tileDesertedTower,3424,32,32,0,32,32,0,1,1,4294967295
tileDesertedTower,3488,32,32,0,32,32,0,1,1,4294967295
tileDesertedTower,3552,32,32,0,32,32,0,1,1,4294967295
tileDesertedTower,3360,64,32,0,32,32,0,1,1,4294967295
tileDesertedTower,3360,96,32,0,32,32,0,1,1,4294967295
tileDesertedTower,3360,128,32,0,32,32,0,1,1,4294967295
tileDesertedTower,3424,64,32,0,32,32,0,1,1,4294967295
tileDesertedTower,3424,96,32,0,32,32,0,1,1,4294967295
tileDesertedTower,3424,128,32,0,32,32,0,1,1,4294967295
tileDesertedTower,3488,64,32,0,32,32,0,1,1,4294967295
tileDesertedTower,3488,96,32,0,32,32,0,1,1,4294967295
tileDesertedTower,3488,128,32,0,32,32,0,1,1,4294967295
tileDesertedTower,3552,64,32,0,32,32,0,1,1,4294967295
tileDesertedTower,3552,96,32,0,32,32,0,1,1,4294967295
tileDesertedTower,3552,128,32,0,32,32,0,1,1,4294967295
tileDesertedTower,3360,160,32,0,32,32,0,1,1,4294967295
tileDesertedTower,3360,192,32,0,32,32,0,1,1,4294967295
tileDesertedTower,3360,224,32,0,32,32,0,1,1,4294967295
tileDesertedTower,3424,160,32,0,32,32,0,1,1,4294967295
tileDesertedTower,3424,192,32,0,32,32,0,1,1,4294967295
tileDesertedTower,3424,224,32,0,32,32,0,1,1,4294967295
tileDesertedTower,3424,256,32,0,32,32,0,1,1,4294967295
tileDesertedTower,3360,256,32,0,32,32,0,1,1,4294967295
tileDesertedTower,3488,160,32,0,32,32,0,1,1,4294967295
tileDesertedTower,3488,192,32,0,32,32,0,1,1,4294967295
tileDesertedTower,3488,224,32,0,32,32,0,1,1,4294967295
tileDesertedTower,3488,256,32,0,32,32,0,1,1,4294967295
tileDesertedTower,3552,160,32,0,32,32,0,1,1,4294967295
tileDesertedTower,3552,192,32,0,32,32,0,1,1,4294967295
tileDesertedTower,3552,224,32,0,32,32,0,1,1,4294967295
tileDesertedTower,3552,256,32,0,32,32,0,1,1,4294967295
tileDesertedTower,3360,288,32,0,32,16,0,1,1,4294967295
tileDesertedTower,3424,288,32,0,32,16,0,1,1,4294967295
tileDesertedTower,3488,288,32,0,32,16,0,1,1,4294967295
tileDesertedTower,3552,288,32,0,32,16,0,1,1,4294967295
tileMarioWorldA,6080,112,0,112,32,32,0,1,1,4294967295
tileMarioWorldA,128,32,32,112,32,32,0,1,1,4294967295
tileDesertedTower,2496,0,96,0,16,32,0,1,1,4294967295
tileDesertedTower,2512,0,96,0,16,32,0,1,1,4294967295
tileDesertedTower,2528,0,96,0,16,32,0,1,1,4294967295
tileDesertedTower,2544,0,96,0,16,32,0,1,1,4294967295
tileDesertedTower,2560,0,96,0,16,32,0,1,1,4294967295
tileDesertedTower,2576,0,96,0,16,32,0,1,1,4294967295
tileDesertedTower,4768,0,96,0,16,32,0,1,1,4294967295
tileDesertedTower,4784,0,96,0,16,32,0,1,1,4294967295
tileDesertedTower,4800,0,96,0,16,32,0,1,1,4294967295
tileDesertedTower,4816,0,96,0,16,32,0,1,1,4294967295
tileDesertedTower,4832,0,96,0,16,32,0,1,1,4294967295
tileDesertedTower,4848,0,96,0,16,32,0,1,1,4294967295
tileDesertedTower,4960,0,96,0,16,32,0,1,1,4294967295
tileDesertedTower,4976,0,96,0,16,32,0,1,1,4294967295
tileDesertedTower,4992,0,96,0,16,32,0,1,1,4294967295
tileDesertedTower,5008,0,96,0,16,32,0,1,1,4294967295
tileDesertedTower,5024,0,96,0,16,32,0,1,1,4294967295
tileDesertedTower,5040,0,96,0,16,32,0,1,1,4294967295
tileDesertedTower,4896,0,96,0,16,32,0,1,1,4294967295
tileDesertedTower,4912,0,96,0,16,32,0,1,1,4294967295
tileDesertedTower,4608,0,96,0,16,32,0,1,1,4294967295
tileDesertedTower,4624,0,96,0,16,32,0,1,1,4294967295
tileDesertedTower,5216,0,96,0,16,32,0,1,1,4294967295
tileDesertedTower,5232,0,96,0,16,32,0,1,1,4294967295
tileDesertedTower,5120,0,96,0,16,32,0,1,1,4294967295
tileDesertedTower,5136,0,96,0,16,32,0,1,1,4294967295
tileDesertedTower,5344,0,96,0,16,32,0,1,1,4294967295
tileDesertedTower,5360,0,96,0,16,32,0,1,1,4294967295
tileDesertedTower,5376,0,96,0,16,32,0,1,1,4294967295
tileDesertedTower,5392,0,96,0,16,32,0,1,1,4294967295
tileDesertedTower,5408,0,96,0,16,32,0,1,1,4294967295
tileDesertedTower,5424,0,96,0,16,32,0,1,1,4294967295
tileDesertedTower,5472,0,96,0,16,32,0,1,1,4294967295
tileDesertedTower,5488,0,96,0,16,32,0,1,1,4294967295
tileDesertedTower,5504,0,96,0,16,32,0,1,1,4294967295
tileDesertedTower,5520,0,96,0,16,32,0,1,1,4294967295
tileDesertedTower,5536,0,96,0,16,32,0,1,1,4294967295
tileDesertedTower,5552,0,96,0,16,32,0,1,1,4294967295
tileDesertedTower,5440,0,0,16,32,32,0,1,1,4294967295
