oExit,0,224,0007E550,0,1,1,4294967295,0,1
oExit,0,592,0035A725,0,1,1,4294967295,0,1
oExit,184,592,000036BC,0,1,1,4294967295,0,1
oABubblePile,1240,640,003CABFA,0,1,1,4294967295,0,0
oExit,1304,208,0028B42E,0,1,1,4294967295,0,1
oWaterSwitch,944,160,003124EB,0,1,1,4294967295,0,1
oWaterFloatPlatform,296,576,00369E83,0,1,1,4294967295,0,0
oWaterFloatPlatform,320,400,002CF380,0,1,1,4294967295,0,0
oDoorKey,1008,436,002E2F4D,0,1,1,4294967295,0,1
oWaterFloatPlatform,624,464,000BCAFA,0,1,1,4294967295,0,0
oWaterFloatPlatform,768,464,000ACD97,0,1,1,4294967295,0,0
oWaterFloatPlatform,1032,624,002DDB05,0,1,1,4294967295,0,0
oWaterFloatPlatform,1224,272,001AEC5B,0,1,1,4294967295,0,0
oWaterFloatPlatform,952,192,001B831C,0,1,1,4294967295,0,0
oWaterFloatPlatform,144,224,00046912,0,1,1,4294967295,0,0
oLockedDoor,352,560,001B4B68,0,1,1,4294967295,0,1
oWaterFloatPlatform,688,208,00075830,0,1,1,4294967295,0,0
oZeldaBreakPot,416,608,00056BFB,0,1,1,4294967295,0,0
oZeldaBreakPot,464,608,002AA923,0,1,1,4294967295,0,0
oZeldaBreakPot,472,192,00035103,0,1,1,4294967295,0,0
oZeldaBreakPot,1144,640,003BEF0E,0,1,1,4294967295,0,0
oZeldaBreakPot,968,224,002DFAB9,0,1,1,4294967295,0,0
oLargeJumper,780,440,00090144,0,1,1,4294967295,0,0
oLargeJumper,324,376,00092A63,0,1,1,4294967295,0,0
oLargeJumper,596,568,001BF261,0,1,1,4294967295,0,0
oLargeJumper,576,440,003EEC48,0,1,1,4294967295,0,0
sStoryBreakable,448,544,0032C382,0,1,1,4294967295,0,1
oAquaticDemon,704,368,003AD7F5,0,1,1,4294967295,0,0
oAquaticDemon,832,528,00104730,0,1,1,4294967295,0,0
oSkullFish,544,368,002001D6,0,1,1,4294967295,0,0
oCyclopsBat,432,160,003316A2,0,1,1,4294967295,0,0
oCyclopsBat,992,144,0017E3D4,0,1,1,4294967295,0,0
oCyclopsBat,1104,400,0026776F,0,1,1,4294967295,0,0
oPlayer1,48,256,0005C843,0,1,1,4294967295,0,0
oSpikeZone,288,624,0034614F,0,1,1,4294967295,0,0
oSpikeZone,304,624,001AF7BC,0,1,1,4294967295,0,0
oSpikeZone,320,624,0034349A,0,1,1,4294967295,0,0
oSpikeZone,336,624,000DF005,0,1,1,4294967295,0,0
oSpikeZone,384,496,002B3F88,0,1,1,4294967295,0,0
oSpikeZone,400,496,001F8263,0,1,1,4294967295,0,0
oSpikeZone,416,496,0018CBB6,0,1,1,4294967295,0,0
oSpikeZone,432,496,00311441,0,1,1,4294967295,0,0
oSpikeZone,448,496,002C150E,0,1,1,4294967295,0,0
oSpikeZone,464,496,00188257,0,1,1,4294967295,0,0
oSpikeZone,480,496,00077329,0,1,1,4294967295,0,0
oSpikeZone,496,496,00207BA5,0,1,1,4294967295,0,0
oSpikeZone,1200,272,001C3878,0,1,1,4294967295,0,0
oSpikeZone,1280,272,001418FB,0,1,1,4294967295,0,0
oSpikeZone,1200,320,001495D5,0,1,1,4294967295,0,0
oSpikeZone,1200,368,00381D47,0,1,1,4294967295,0,0
oSpikeZone,1280,320,000320BB,0,1,1,4294967295,0,0
oSpikeZone,1280,368,001B85CC,0,1,1,4294967295,0,0
oSpikeZone,1200,416,0012466B,0,1,1,4294967295,0,0
oSpikeZone,1200,464,00383BA8,0,1,1,4294967295,0,0
oSpikeZone,1280,464,000D8BB1,0,1,1,4294967295,0,0
oSpikeZone,1280,416,000EACBA,0,1,1,4294967295,0,0
oSpikeZone,1200,512,00174103,0,1,1,4294967295,0,0
oSpikeZone,1280,512,0012604E,0,1,1,4294967295,0,0
oSpikeZone,640,240,00257D18,0,1,1,4294967295,0,0
oSpikeZone,640,256,002AEB86,0,1,1,4294967295,0,0
oSpikeZone,672,272,0019B534,0,1,1,4294967295,0,0
oSpikeZone,688,272,001DBD2F,0,1,1,4294967295,0,0
oSpikeZone,704,240,00132646,0,1,1,4294967295,0,0
oSpikeZone,704,256,0039FF8A,0,1,1,4294967295,0,0
oSpikeZone,1024,656,001A8153,0,1,1,4294967295,0,0
oSpikeZone,1040,656,00194888,0,1,1,4294967295,0,0
oSpikeZone,1056,656,0029B9E6,0,1,1,4294967295,0,0
oSpikeZone,1072,656,003B2156,0,1,1,4294967295,0,0
oSpikeZone,656,272,002B13FA,0,1,1,4294967295,0,0
oWaterVolume,0,368,00362D06,0,1,1,4294967295,0,1
oInvCollPH,0,144,0010742E,0,1,1,4294967295,0,0
oInvCollPH,16,144,0022ABEE,0,1,1,4294967295,0,0
oInvCollPH,32,144,000FC165,0,1,1,4294967295,0,0
oInvCollPH,48,144,0020EABD,0,1,1,4294967295,0,0
oInvCollPH,48,128,0019D3A2,0,1,1,4294967295,0,0
oInvCollPH,48,112,0039C81F,0,1,1,4294967295,0,0
oInvCollPH,48,96,00102229,0,1,1,4294967295,0,0
oInvCollPH,48,80,002DA6B8,0,1,1,4294967295,0,0
oInvCollPH,48,64,002571B6,0,1,1,4294967295,0,0
oInvCollPH,48,48,001F4D62,0,1,1,4294967295,0,0
oInvCollPH,256,512,00120419,0,1,1,4294967295,0,0
oInvCollPH,256,528,0028E9E9,0,1,1,4294967295,0,0
oInvCollPH,256,544,0032A951,0,1,1,4294967295,0,0
oInvCollPH,272,544,0030D5AB,0,1,1,4294967295,0,0
oInvCollPH,288,544,002F66A4,0,1,1,4294967295,0,0
oInvCollPH,304,544,002F8CBB,0,1,1,4294967295,0,0
oInvCollPH,320,544,00095109,0,1,1,4294967295,0,0
oInvCollPH,336,544,0020E0B2,0,1,1,4294967295,0,0
oInvCollPH,352,544,000A2B98,0,1,1,4294967295,0,0
oInvCollPH,368,544,0020B2F4,0,1,1,4294967295,0,0
oInvCollPH,368,528,00333F50,0,1,1,4294967295,0,0
oInvCollPH,368,512,001CD1A5,0,1,1,4294967295,0,0
oInvCollPH,368,496,002A5662,0,1,1,4294967295,0,0
oInvCollPH,304,640,00135DCB,0,1,1,4294967295,0,0
oInvCollPH,320,640,0033A274,0,1,1,4294967295,0,0
oInvCollPH,336,640,002B4A31,0,1,1,4294967295,0,0
oInvCollPH,16,624,002A3699,0,1,1,4294967295,0,0
oInvCollPH,32,624,0009138F,0,1,1,4294967295,0,0
oInvCollPH,48,624,002C2DC5,0,1,1,4294967295,0,0
oInvCollPH,64,624,002CE13D,0,1,1,4294967295,0,0
oInvCollPH,80,624,002E14D1,0,1,1,4294967295,0,0
oInvCollPH,96,624,002C5A28,0,1,1,4294967295,0,0
oInvCollPH,112,624,00200127,0,1,1,4294967295,0,0
oInvCollPH,128,624,000E2B21,0,1,1,4294967295,0,0
oInvCollPH,144,624,0016AC3A,0,1,1,4294967295,0,0
oInvCollPH,272,624,0018D3F3,0,1,1,4294967295,0,0
oInvCollPH,256,624,0022395F,0,1,1,4294967295,0,0
oInvCollPH,240,624,00402737,0,1,1,4294967295,0,0
oInvCollPH,224,624,001D8FA8,0,1,1,4294967295,0,0
oInvCollPH,208,624,003F9829,0,1,1,4294967295,0,0
oInvCollPH,192,624,002FBC81,0,1,1,4294967295,0,0
oInvCollPH,176,624,00143E6C,0,1,1,4294967295,0,0
oInvCollPH,160,624,0035969E,0,1,1,4294967295,0,0
oInvCollPH,368,624,0006B608,0,1,1,4294967295,0,0
oInvCollPH,384,624,00030FA6,0,1,1,4294967295,0,0
oInvCollPH,400,624,003F3348,0,1,1,4294967295,0,0
oInvCollPH,416,624,00179A81,0,1,1,4294967295,0,0
oInvCollPH,432,624,00071FDD,0,1,1,4294967295,0,0
oInvCollPH,448,624,002AA452,0,1,1,4294967295,0,0
oInvCollPH,464,624,001B867F,0,1,1,4294967295,0,0
oInvCollPH,480,624,002AB89F,0,1,1,4294967295,0,0
oInvCollPH,496,624,000AA8C8,0,1,1,4294967295,0,0
oInvCollPH,240,480,0033F482,0,1,1,4294967295,0,0
oInvCollPH,224,480,002A0447,0,1,1,4294967295,0,0
oInvCollPH,208,480,000373F8,0,1,1,4294967295,0,0
oInvCollPH,192,480,000D2E88,0,1,1,4294967295,0,0
oInvCollPH,176,480,001951A8,0,1,1,4294967295,0,0
oInvCollPH,160,480,0008921A,0,1,1,4294967295,0,0
oInvCollPH,144,480,000EF0B2,0,1,1,4294967295,0,0
oInvCollPH,128,480,00240A5B,0,1,1,4294967295,0,0
oInvCollPH,16,256,003B8FCC,0,1,1,4294967295,0,0
oInvCollPH,32,256,0002241C,0,1,1,4294967295,0,0
oInvCollPH,48,256,001EDB7B,0,1,1,4294967295,0,0
oInvCollPH,64,256,000AC5B7,0,1,1,4294967295,0,0
oInvCollPH,96,240,002444DD,0,1,1,4294967295,0,0
oInvCollPH,112,224,00029EAA,0,1,1,4294967295,0,0
oInvCollPH,128,208,0028A276,0,1,1,4294967295,0,0
oInvCollPH,144,256,002642AA,0,1,1,4294967295,0,0
oInvCollPH,160,256,00204179,0,1,1,4294967295,0,0
oInvCollPH,176,256,0002E470,0,1,1,4294967295,0,0
oInvCollPH,304,256,00357C60,0,1,1,4294967295,0,0
oInvCollPH,304,272,001E54E7,0,1,1,4294967295,0,0
oInvCollPH,304,288,000C082E,0,1,1,4294967295,0,0
oInvCollPH,304,304,0024797E,0,1,1,4294967295,0,0
oInvCollPH,304,320,00366DEF,0,1,1,4294967295,0,0
oInvCollPH,304,336,000BAF10,0,1,1,4294967295,0,0
oInvCollPH,304,352,00028677,0,1,1,4294967295,0,0
oInvCollPH,304,368,003C874E,0,1,1,4294967295,0,0
oInvCollPH,304,384,0012959E,0,1,1,4294967295,0,0
oInvCollPH,304,400,00110701,0,1,1,4294967295,0,0
oInvCollPH,192,240,0038DF5A,0,1,1,4294967295,0,0
oInvCollPH,192,224,002BFE0A,0,1,1,4294967295,0,0
oInvCollPH,192,192,00045C1A,0,1,1,4294967295,0,0
oInvCollPH,192,160,0029C13A,0,1,1,4294967295,0,0
oInvCollPH,256,176,000911D4,0,1,1,4294967295,0,0
oInvCollPH,272,176,001123C8,0,1,1,4294967295,0,0
oInvCollPH,272,192,00106242,0,1,1,4294967295,0,0
oInvCollPH,288,208,0016A682,0,1,1,4294967295,0,0
oInvCollPH,304,208,002924D4,0,1,1,4294967295,0,0
oInvCollPH,304,224,00028264,0,1,1,4294967295,0,0
oInvCollPH,304,240,002CC44F,0,1,1,4294967295,0,0
oInvCollPH,0,528,00292209,0,1,1,4294967295,0,0
oInvCollPH,16,528,0028E1BD,0,1,1,4294967295,0,0
oInvCollPH,32,528,000F8CCD,0,1,1,4294967295,0,0
oInvCollPH,48,528,0033E2F2,0,1,1,4294967295,0,0
oInvCollPH,64,528,0026D9C3,0,1,1,4294967295,0,0
oInvCollPH,80,528,0009FEA0,0,1,1,4294967295,0,0
oInvCollPH,96,528,0022DAEC,0,1,1,4294967295,0,0
oInvCollPH,112,528,003AA10B,0,1,1,4294967295,0,0
oInvCollPH,112,512,0025E3A1,0,1,1,4294967295,0,0
oInvCollPH,112,496,0026E7CD,0,1,1,4294967295,0,0
oInvCollPH,336,416,00219156,0,1,1,4294967295,0,0
oInvCollPH,352,416,00009F73,0,1,1,4294967295,0,0
oInvCollPH,368,400,0031E3CE,0,1,1,4294967295,0,0
oInvCollPH,384,384,00256896,0,1,1,4294967295,0,0
oInvCollPH,432,400,0017D930,0,1,1,4294967295,0,0
oInvCollPH,432,384,00350777,0,1,1,4294967295,0,0
oInvCollPH,448,416,001BEFB7,0,1,1,4294967295,0,0
oInvCollPH,464,416,001A8526,0,1,1,4294967295,0,0
oInvCollPH,576,480,0016D13A,0,1,1,4294967295,0,0
oInvCollPH,560,448,00266977,0,1,1,4294967295,0,0
oInvCollPH,560,432,000365A7,0,1,1,4294967295,0,0
oInvCollPH,560,416,002F4FD5,0,1,1,4294967295,0,0
oInvCollPH,544,416,001A97D6,0,1,1,4294967295,0,0
oInvCollPH,528,416,00202313,0,1,1,4294967295,0,0
oInvCollPH,512,416,00278808,0,1,1,4294967295,0,0
oInvCollPH,496,416,00357C5C,0,1,1,4294967295,0,0
oInvCollPH,480,416,001F99CF,0,1,1,4294967295,0,0
oInvCollPH,384,480,002F1288,0,1,1,4294967295,0,0
oInvCollPH,400,480,0010ED1E,0,1,1,4294967295,0,0
oInvCollPH,416,480,0037DBF7,0,1,1,4294967295,0,0
oInvCollPH,432,480,001DD40D,0,1,1,4294967295,0,0
oInvCollPH,448,480,0025FE99,0,1,1,4294967295,0,0
oInvCollPH,464,480,00354224,0,1,1,4294967295,0,0
oInvCollPH,480,480,001FA335,0,1,1,4294967295,0,0
oInvCollPH,496,480,003157C3,0,1,1,4294967295,0,0
oInvCollPH,512,512,0003BB7B,0,1,1,4294967295,0,0
oInvCollPH,512,528,003DDE03,0,1,1,4294967295,0,0
oInvCollPH,512,544,001B57C3,0,1,1,4294967295,0,0
oInvCollPH,512,560,00060C1E,0,1,1,4294967295,0,0
oInvCollPH,512,576,002D6ED0,0,1,1,4294967295,0,0
oInvCollPH,512,592,003722AA,0,1,1,4294967295,0,0
oInvCollPH,512,608,00006AC6,0,1,1,4294967295,0,0
oInvCollPH,576,496,0030A5FE,0,1,1,4294967295,0,0
oInvCollPH,576,512,003E8F9A,0,1,1,4294967295,0,0
oInvCollPH,576,528,0032B374,0,1,1,4294967295,0,0
oInvCollPH,560,544,003558F4,0,1,1,4294967295,0,0
oInvCollPH,560,560,0025EA34,0,1,1,4294967295,0,0
oInvCollPH,560,576,0005A31E,0,1,1,4294967295,0,0
oInvCollPH,560,592,003D9929,0,1,1,4294967295,0,0
oInvCollPH,560,608,003AF3B3,0,1,1,4294967295,0,0
oInvCollPH,432,192,001F610E,0,1,1,4294967295,0,0
oInvCollPH,448,208,000DC948,0,1,1,4294967295,0,0
oInvCollPH,464,208,0018B12E,0,1,1,4294967295,0,0
oInvCollPH,416,384,00059D18,0,1,1,4294967295,0,0
oInvCollPH,496,208,003D0570,0,1,1,4294967295,0,0
oInvCollPH,528,192,00265BEA,0,1,1,4294967295,0,0
oInvCollPH,544,208,003414E7,0,1,1,4294967295,0,0
oInvCollPH,560,208,001CF641,0,1,1,4294967295,0,0
oInvCollPH,416,224,000E774C,0,1,1,4294967295,0,0
oInvCollPH,400,256,003066E0,0,1,1,4294967295,0,0
oInvCollPH,400,272,003856C2,0,1,1,4294967295,0,0
oInvCollPH,416,288,000C7CEA,0,1,1,4294967295,0,0
oInvCollPH,432,288,003C9D58,0,1,1,4294967295,0,0
oInvCollPH,448,288,00016A79,0,1,1,4294967295,0,0
oInvCollPH,464,288,000209BD,0,1,1,4294967295,0,0
oInvCollPH,480,208,00058894,0,1,1,4294967295,0,0
oInvCollPH,400,384,0013BD89,0,1,1,4294967295,0,0
oInvCollPH,480,320,00003D68,0,1,1,4294967295,0,0
oInvCollPH,496,320,003B6BC2,0,1,1,4294967295,0,0
oInvCollPH,512,320,0017669C,0,1,1,4294967295,0,0
oInvCollPH,528,320,000F3AF2,0,1,1,4294967295,0,0
oInvCollPH,544,320,002C7A90,0,1,1,4294967295,0,0
oInvCollPH,560,320,001064E8,0,1,1,4294967295,0,0
oInvCollPH,576,320,003C338B,0,1,1,4294967295,0,0
oInvCollPH,560,288,00038080,0,1,1,4294967295,0,0
oInvCollPH,560,272,00164AD8,0,1,1,4294967295,0,0
oInvCollPH,560,256,0014E256,0,1,1,4294967295,0,0
oInvCollPH,560,240,00041791,0,1,1,4294967295,0,0
oInvCollPH,560,224,00252D79,0,1,1,4294967295,0,0
oInvCollPH,560,624,0019E80E,0,1,1,4294967295,0,0
oInvCollPH,560,640,00313461,0,1,1,4294967295,0,0
oInvCollPH,560,656,003C898D,0,1,1,4294967295,0,0
oInvCollPH,560,672,002F3986,0,1,1,4294967295,0,0
oInvCollPH,560,688,003DCCB0,0,1,1,4294967295,0,0
oInvCollPH,976,560,000BC36E,0,1,1,4294967295,0,0
oInvCollPH,992,560,003780F4,0,1,1,4294967295,0,0
oInvCollPH,1008,560,0002CDFC,0,1,1,4294967295,0,0
oInvCollPH,1040,672,002A6DAE,0,1,1,4294967295,0,0
oInvCollPH,1056,672,002D24AE,0,1,1,4294967295,0,0
oInvCollPH,1072,672,00383516,0,1,1,4294967295,0,0
oInvCollPH,896,672,00260A34,0,1,1,4294967295,0,0
oInvCollPH,896,688,003E818C,0,1,1,4294967295,0,0
oInvCollPH,912,656,00296C34,0,1,1,4294967295,0,0
oInvCollPH,928,656,0006615F,0,1,1,4294967295,0,0
oInvCollPH,944,656,00166B79,0,1,1,4294967295,0,0
oInvCollPH,960,656,000EB6CD,0,1,1,4294967295,0,0
oInvCollPH,976,656,0034DF4B,0,1,1,4294967295,0,0
oInvCollPH,992,656,000A2CF1,0,1,1,4294967295,0,0
oInvCollPH,1008,656,003C5118,0,1,1,4294967295,0,0
oInvCollPH,1104,560,003A71B7,0,1,1,4294967295,0,0
oInvCollPH,1120,560,000C3B7F,0,1,1,4294967295,0,0
oInvCollPH,1136,560,00164C13,0,1,1,4294967295,0,0
oInvCollPH,1152,560,000E4FC7,0,1,1,4294967295,0,0
oInvCollPH,1168,560,00001C39,0,1,1,4294967295,0,0
oInvCollPH,1184,560,00352B00,0,1,1,4294967295,0,0
oInvCollPH,1200,560,0020187F,0,1,1,4294967295,0,0
oInvCollPH,1088,560,0013E6A9,0,1,1,4294967295,0,0
oInvCollPH,1200,528,001EAF6F,0,1,1,4294967295,0,0
oInvCollPH,1200,544,001FCE0A,0,1,1,4294967295,0,0
oInvCollPH,960,464,002D9859,0,1,1,4294967295,0,0
oInvCollPH,960,480,00362540,0,1,1,4294967295,0,0
oInvCollPH,960,496,000B39D8,0,1,1,4294967295,0,0
oInvCollPH,960,512,00100B95,0,1,1,4294967295,0,0
oInvCollPH,960,528,00152164,0,1,1,4294967295,0,0
oInvCollPH,960,544,002BBAF1,0,1,1,4294967295,0,0
oInvCollPH,976,448,00294C43,0,1,1,4294967295,0,0
oInvCollPH,992,448,00364E6F,0,1,1,4294967295,0,0
oInvCollPH,1008,448,003AE76A,0,1,1,4294967295,0,0
oInvCollPH,1024,544,00154C58,0,1,1,4294967295,0,0
oInvCollPH,1040,544,002F71D4,0,1,1,4294967295,0,0
oInvCollPH,1056,544,003A5187,0,1,1,4294967295,0,0
oInvCollPH,1072,544,0003CC4A,0,1,1,4294967295,0,0
oInvCollPH,1184,432,002FD3BF,0,1,1,4294967295,0,0
oInvCollPH,1184,448,0001B6C4,0,1,1,4294967295,0,0
oInvCollPH,1184,464,0007E346,0,1,1,4294967295,0,0
oInvCollPH,1184,480,000F3672,0,1,1,4294967295,0,0
oInvCollPH,1184,496,001491E6,0,1,1,4294967295,0,0
oInvCollPH,1184,512,0011F6C0,0,1,1,4294967295,0,0
oInvCollPH,1024,384,003ACCE8,0,1,1,4294967295,0,0
oInvCollPH,1024,400,0009CE6B,0,1,1,4294967295,0,0
oInvCollPH,1024,416,001063ED,0,1,1,4294967295,0,0
oInvCollPH,1184,368,0027B3CA,0,1,1,4294967295,0,0
oInvCollPH,1184,384,00168D42,0,1,1,4294967295,0,0
oInvCollPH,1184,400,000D01DC,0,1,1,4294967295,0,0
oInvCollPH,1184,416,00248DB3,0,1,1,4294967295,0,0
oInvCollPH,1200,256,0006529F,0,1,1,4294967295,0,0
oInvCollPH,1104,656,0010BD19,0,1,1,4294967295,0,0
oInvCollPH,1120,656,00001D55,0,1,1,4294967295,0,0
oInvCollPH,1136,656,001BC856,0,1,1,4294967295,0,0
oInvCollPH,1152,656,0032CA29,0,1,1,4294967295,0,0
oInvCollPH,1168,656,003360C8,0,1,1,4294967295,0,0
oInvCollPH,1184,656,0009656D,0,1,1,4294967295,0,0
oInvCollPH,1200,656,0029FB4F,0,1,1,4294967295,0,0
oInvCollPH,1216,656,0028C6CA,0,1,1,4294967295,0,0
oInvCollPH,1232,656,003CBABD,0,1,1,4294967295,0,0
oInvCollPH,1248,656,00280FFE,0,1,1,4294967295,0,0
oInvCollPH,1264,656,001B6A93,0,1,1,4294967295,0,0
oInvCollPH,832,256,00292116,0,1,1,4294967295,0,0
oInvCollPH,832,272,002A2553,0,1,1,4294967295,0,0
oInvCollPH,832,288,00236C5B,0,1,1,4294967295,0,0
oInvCollPH,832,304,002DCFAF,0,1,1,4294967295,0,0
oInvCollPH,832,320,000D51A8,0,1,1,4294967295,0,0
oInvCollPH,832,336,002BD42A,0,1,1,4294967295,0,0
oInvCollPH,832,352,000A7C9A,0,1,1,4294967295,0,0
oInvCollPH,848,352,00369DF6,0,1,1,4294967295,0,0
oInvCollPH,864,352,00287F1E,0,1,1,4294967295,0,0
oInvCollPH,880,352,00108DCC,0,1,1,4294967295,0,0
oInvCollPH,896,352,000DA5E0,0,1,1,4294967295,0,0
oInvCollPH,912,352,0010C3E9,0,1,1,4294967295,0,0
oInvCollPH,928,352,000478DC,0,1,1,4294967295,0,0
oInvCollPH,944,352,000A7624,0,1,1,4294967295,0,0
oInvCollPH,960,352,000DDD89,0,1,1,4294967295,0,0
oInvCollPH,976,352,00178B3D,0,1,1,4294967295,0,0
oInvCollPH,992,352,00235F84,0,1,1,4294967295,0,0
oInvCollPH,1008,352,003909DE,0,1,1,4294967295,0,0
oInvCollPH,832,224,000DA229,0,1,1,4294967295,0,0
oInvCollPH,832,208,0031A4BB,0,1,1,4294967295,0,0
oInvCollPH,832,192,0038B005,0,1,1,4294967295,0,0
oInvCollPH,832,176,003D544E,0,1,1,4294967295,0,0
oInvCollPH,832,160,00165E33,0,1,1,4294967295,0,0
oInvCollPH,928,240,0032AD6C,0,1,1,4294967295,0,0
oInvCollPH,944,240,00085919,0,1,1,4294967295,0,0
oInvCollPH,960,240,002D6C02,0,1,1,4294967295,0,0
oInvCollPH,976,240,0003104B,0,1,1,4294967295,0,0
oInvCollPH,992,240,00362180,0,1,1,4294967295,0,0
oInvCollPH,1008,240,0021C927,0,1,1,4294967295,0,0
oInvCollPH,1024,224,0004BDCC,0,1,1,4294967295,0,0
oInvCollPH,1040,208,0025F2AA,0,1,1,4294967295,0,0
oInvCollPH,1056,208,003ABE53,0,1,1,4294967295,0,0
oInvCollPH,1072,208,0032EA72,0,1,1,4294967295,0,0
oInvCollPH,1088,240,0021CC1F,0,1,1,4294967295,0,0
oInvCollPH,1104,240,0016BA35,0,1,1,4294967295,0,0
oInvCollPH,1120,240,00319D59,0,1,1,4294967295,0,0
oInvCollPH,1136,240,003B5AEA,0,1,1,4294967295,0,0
oInvCollPH,1152,240,00233E45,0,1,1,4294967295,0,0
oInvCollPH,1168,240,0005EC51,0,1,1,4294967295,0,0
oInvCollPH,1184,240,0024F255,0,1,1,4294967295,0,0
oInvCollPH,1184,272,0018CA3C,0,1,1,4294967295,0,0
oInvCollPH,1184,288,00259DBC,0,1,1,4294967295,0,0
oInvCollPH,1184,304,0015EBAE,0,1,1,4294967295,0,0
oInvCollPH,1184,320,0014C706,0,1,1,4294967295,0,0
oInvCollPH,1184,336,00241803,0,1,1,4294967295,0,0
oInvCollPH,1184,352,000CB58B,0,1,1,4294967295,0,0
oInvCollPH,1280,256,0039AA24,0,1,1,4294967295,0,0
oInvCollPH,1344,64,002D6ADA,0,1,1,4294967295,0,0
oInvCollPH,1344,80,000B0A9B,0,1,1,4294967295,0,0
oInvCollPH,1344,96,00071FF5,0,1,1,4294967295,0,0
oInvCollPH,1344,112,002F89FC,0,1,1,4294967295,0,0
oInvCollPH,1344,128,000921AD,0,1,1,4294967295,0,0
oInvCollPH,1344,144,002A6010,0,1,1,4294967295,0,0
oInvCollPH,1344,160,000477CD,0,1,1,4294967295,0,0
oInvCollPH,1344,176,004029BB,0,1,1,4294967295,0,0
oInvCollPH,1344,192,00037135,0,1,1,4294967295,0,0
oInvCollPH,1344,208,00316896,0,1,1,4294967295,0,0
oInvCollPH,1344,224,002B772E,0,1,1,4294967295,0,0
oInvCollPH,1280,544,0035436F,0,1,1,4294967295,0,0
oInvCollPH,1280,560,002C17F4,0,1,1,4294967295,0,0
oInvCollPH,1280,576,0033E6F6,0,1,1,4294967295,0,0
oInvCollPH,1280,592,00289CB2,0,1,1,4294967295,0,0
oInvCollPH,1280,608,00139308,0,1,1,4294967295,0,0
oInvCollPH,1280,624,00003132,0,1,1,4294967295,0,0
oInvCollPH,1280,640,0014A8EF,0,1,1,4294967295,0,0
oInvCollPH,1312,240,0003542C,0,1,1,4294967295,0,0
oInvCollPH,1328,240,002C1089,0,1,1,4294967295,0,0
oInvCollPH,64,32,001DDDDD,0,1,1,4294967295,0,0
oInvCollPH,80,32,000AEAF9,0,1,1,4294967295,0,0
oInvCollPH,96,32,00321817,0,1,1,4294967295,0,0
oInvCollPH,112,32,002B1A75,0,1,1,4294967295,0,0
oInvCollPH,128,32,002F04D1,0,1,1,4294967295,0,0
oInvCollPH,144,32,000F130A,0,1,1,4294967295,0,0
oInvCollPH,160,32,0037C10C,0,1,1,4294967295,0,0
oInvCollPH,176,32,001FE295,0,1,1,4294967295,0,0
oInvCollPH,192,32,00261724,0,1,1,4294967295,0,0
oInvCollPH,208,32,000FDADD,0,1,1,4294967295,0,0
oInvCollPH,224,32,0029E416,0,1,1,4294967295,0,0
oInvCollPH,240,32,003F8105,0,1,1,4294967295,0,0
oInvCollPH,256,32,002AAD81,0,1,1,4294967295,0,0
oInvCollPH,272,32,001DFFAC,0,1,1,4294967295,0,0
oInvCollPH,288,32,00058EB8,0,1,1,4294967295,0,0
oInvCollPH,304,32,003B9E60,0,1,1,4294967295,0,0
oInvCollPH,320,32,002A0EDA,0,1,1,4294967295,0,0
oInvCollPH,336,32,000CE6D7,0,1,1,4294967295,0,0
oInvCollPH,352,32,0010FEE2,0,1,1,4294967295,0,0
oInvCollPH,368,32,0015D676,0,1,1,4294967295,0,0
oInvCollPH,384,32,000FC27D,0,1,1,4294967295,0,0
oInvCollPH,400,32,0018F669,0,1,1,4294967295,0,0
oInvCollPH,416,32,0012DE0E,0,1,1,4294967295,0,0
oInvCollPH,432,32,00244466,0,1,1,4294967295,0,0
oInvCollPH,448,32,0038B37D,0,1,1,4294967295,0,0
oInvCollPH,464,32,002FF751,0,1,1,4294967295,0,0
oInvCollPH,480,32,003D3241,0,1,1,4294967295,0,0
oInvCollPH,496,32,000DF828,0,1,1,4294967295,0,0
oInvCollPH,512,32,00018770,0,1,1,4294967295,0,0
oInvCollPH,528,32,000CF375,0,1,1,4294967295,0,0
oInvCollPH,544,32,003301D4,0,1,1,4294967295,0,0
oInvCollPH,560,32,001A1346,0,1,1,4294967295,0,0
oInvCollPH,576,32,00298AC0,0,1,1,4294967295,0,0
oInvCollPH,592,32,00268E84,0,1,1,4294967295,0,0
oInvCollPH,608,32,00281F6F,0,1,1,4294967295,0,0
oInvCollPH,624,32,00336667,0,1,1,4294967295,0,0
oInvCollPH,640,32,00032134,0,1,1,4294967295,0,0
oInvCollPH,656,32,003B465E,0,1,1,4294967295,0,0
oInvCollPH,672,32,0021AF78,0,1,1,4294967295,0,0
oInvCollPH,688,32,001B712E,0,1,1,4294967295,0,0
oInvCollPH,704,32,001092C9,0,1,1,4294967295,0,0
oInvCollPH,720,32,001FC831,0,1,1,4294967295,0,0
oInvCollPH,736,32,003599D9,0,1,1,4294967295,0,0
oInvCollPH,752,32,0012F539,0,1,1,4294967295,0,0
oInvCollPH,1024,32,002528A4,0,1,1,4294967295,0,0
oInvCollPH,1040,32,003B7A5E,0,1,1,4294967295,0,0
oInvCollPH,1056,32,00322265,0,1,1,4294967295,0,0
oInvCollPH,1072,32,000CF888,0,1,1,4294967295,0,0
oInvCollPH,1088,32,000562BC,0,1,1,4294967295,0,0
oInvCollPH,1104,32,00308BE1,0,1,1,4294967295,0,0
oInvCollPH,1120,32,002A506F,0,1,1,4294967295,0,0
oInvCollPH,1136,32,00162FCC,0,1,1,4294967295,0,0
oInvCollPH,1152,32,00067CC4,0,1,1,4294967295,0,0
oInvCollPH,1168,32,00035CCD,0,1,1,4294967295,0,0
oInvCollPH,1184,32,00303C12,0,1,1,4294967295,0,0
oInvCollPH,1200,32,0025D0D0,0,1,1,4294967295,0,0
oInvCollPH,1216,32,003EA970,0,1,1,4294967295,0,0
oInvCollPH,1232,32,001C2F24,0,1,1,4294967295,0,0
oInvCollPH,1248,32,0019366D,0,1,1,4294967295,0,0
oInvCollPH,1264,32,001FABCA,0,1,1,4294967295,0,0
oInvCollPH,1280,32,002B2129,0,1,1,4294967295,0,0
oInvCollPH,1296,32,00120D28,0,1,1,4294967295,0,0
oInvCollPH,1312,32,0037D425,0,1,1,4294967295,0,0
oInvCollPH,1328,32,001EA56F,0,1,1,4294967295,0,0
oInvCollPH,768,32,00005C05,0,1,1,4294967295,0,0
oInvCollPH,784,32,00021735,0,1,1,4294967295,0,0
oInvCollPH,800,32,00037839,0,1,1,4294967295,0,0
oInvCollPH,816,32,002D9EAA,0,1,1,4294967295,0,0
oInvCollPH,832,32,00238EC7,0,1,1,4294967295,0,0
oInvCollPH,848,32,003D874E,0,1,1,4294967295,0,0
oInvCollPH,864,32,003E94AF,0,1,1,4294967295,0,0
oInvCollPH,880,32,002696EE,0,1,1,4294967295,0,0
oInvCollPH,896,32,0021E693,0,1,1,4294967295,0,0
oInvCollPH,912,32,002E6431,0,1,1,4294967295,0,0
oInvCollPH,928,32,002D39E9,0,1,1,4294967295,0,0
oInvCollPH,944,32,003FA070,0,1,1,4294967295,0,0
oInvCollPH,960,32,000BBF2A,0,1,1,4294967295,0,0
oInvCollPH,976,32,00260424,0,1,1,4294967295,0,0
oInvCollPH,992,32,0012585B,0,1,1,4294967295,0,0
oInvCollPH,1008,32,001A3AC4,0,1,1,4294967295,0,0
oInvCollPH,832,144,00224A15,0,1,1,4294967295,0,0
oInvCollPH,848,112,000DA5E4,0,1,1,4294967295,0,0
oInvCollPH,864,112,0024E1E5,0,1,1,4294967295,0,0
oInvCollPH,880,112,00002B35,0,1,1,4294967295,0,0
oInvCollPH,896,112,001C1088,0,1,1,4294967295,0,0
oInvCollPH,912,128,000DCA4C,0,1,1,4294967295,0,0
oInvCollPH,912,144,000C523C,0,1,1,4294967295,0,0
oInvCollPH,912,160,0000061E,0,1,1,4294967295,0,0
oInvCollPH,912,176,0015A2D1,0,1,1,4294967295,0,0
oInvCollPH,912,192,0007CD70,0,1,1,4294967295,0,0
oInvCollPH,912,208,0000DB45,0,1,1,4294967295,0,0
oInvCollPH,912,224,003414F5,0,1,1,4294967295,0,0
oInvCollPH,1072,224,000DF88C,0,1,1,4294967295,0,0
oInvCollPH,592,608,00133156,0,1,1,4294967295,0,0
oInvCollPH,592,624,00367A07,0,1,1,4294967295,0,0
oInvCollPH,592,640,00082DB5,0,1,1,4294967295,0,0
oInvCollPH,592,656,0023F842,0,1,1,4294967295,0,0
oInvCollPH,592,672,003BA362,0,1,1,4294967295,0,0
oInvCollPH,592,688,000F9CA2,0,1,1,4294967295,0,0
oInvCollPH,608,688,002992DF,0,1,1,4294967295,0,0
oInvCollPH,608,672,00167BAF,0,1,1,4294967295,0,0
oInvCollPH,608,656,000F5CA1,0,1,1,4294967295,0,0
oInvCollPH,608,640,0025C1F1,0,1,1,4294967295,0,0
oInvCollPH,608,624,000FFACC,0,1,1,4294967295,0,0
oInvCollPH,608,608,001C2371,0,1,1,4294967295,0,0
oInvCollPH,608,592,001F3D24,0,1,1,4294967295,0,0
oInvCollPH,688,640,003B59C5,0,1,1,4294967295,0,0
oInvCollPH,688,656,0030DAE1,0,1,1,4294967295,0,0
oInvCollPH,688,672,0032C521,0,1,1,4294967295,0,0
oInvCollPH,688,688,0019ADFB,0,1,1,4294967295,0,0
oInvCollPH,736,688,0009A585,0,1,1,4294967295,0,0
oInvCollPH,736,672,002A435C,0,1,1,4294967295,0,0
oInvCollPH,736,656,001BEA6A,0,1,1,4294967295,0,0
oInvCollPH,736,640,0006908F,0,1,1,4294967295,0,0
oInvCollPH,736,624,00227EF4,0,1,1,4294967295,0,0
oInvCollPH,720,624,00144EA6,0,1,1,4294967295,0,0
oInvCollPH,816,672,0009647C,0,1,1,4294967295,0,0
oInvCollPH,816,688,002E41C3,0,1,1,4294967295,0,0
oInvCollPH,832,688,002DFCF3,0,1,1,4294967295,0,0
oInvCollPH,832,672,002AC804,0,1,1,4294967295,0,0
oInvCollPH,832,656,000ACBAF,0,1,1,4294967295,0,0
oInvCollPH,832,128,000B1B4A,0,1,1,4294967295,0,0
oInvCollPH,912,112,00253D8E,0,1,1,4294967295,0,0
oInvCollPH,128,240,001777F8,0,1,1,4294967295,0,0
oInvCollPH,192,144,0021084A,0,1,1,4294967295,0,0
oInvCollPH,208,112,0038DB22,0,1,1,4294967295,0,0
oInvCollPH,224,128,00307B2F,0,1,1,4294967295,0,0
oInvCollPH,240,128,0036B532,0,1,1,4294967295,0,0
oInvCollPH,240,144,0029FED5,0,1,1,4294967295,0,0
oInvCollPH,240,160,0018D130,0,1,1,4294967295,0,0
oInvCollPH,128,224,003813C9,0,1,1,4294967295,0,0
oInvCollPH,1296,272,0027F2BA,0,1,1,4294967295,0,0
oInvCollPH,1296,288,0003B0D1,0,1,1,4294967295,0,0
oInvCollPH,1296,304,002C5C33,0,1,1,4294967295,0,0
oInvCollPH,1296,320,0017C253,0,1,1,4294967295,0,0
oInvCollPH,1296,336,0036DD5F,0,1,1,4294967295,0,0
oInvCollPH,1296,352,001F3315,0,1,1,4294967295,0,0
oInvCollPH,1296,368,003731F3,0,1,1,4294967295,0,0
oInvCollPH,1296,384,0033F8C9,0,1,1,4294967295,0,0
oInvCollPH,1296,400,00129946,0,1,1,4294967295,0,0
oInvCollPH,1296,416,000B3959,0,1,1,4294967295,0,0
oInvCollPH,1296,432,00180FEB,0,1,1,4294967295,0,0
oInvCollPH,1296,448,001503A4,0,1,1,4294967295,0,0
oInvCollPH,1296,464,00231026,0,1,1,4294967295,0,0
oInvCollPH,1296,480,00264622,0,1,1,4294967295,0,0
oInvCollPH,1296,496,0011BA2E,0,1,1,4294967295,0,0
oInvCollPH,1296,512,001391D2,0,1,1,4294967295,0,0
oInvCollPH,672,256,000CF44F,0,1,1,4294967295,0,0
oInvCollPH,688,256,00339A60,0,1,1,4294967295,0,0
oInvCollPH,688,240,0017F682,0,1,1,4294967295,0,0
oInvCollPH,672,240,000DCAAB,0,1,1,4294967295,0,0
oInvCollPH,656,256,001FFC1A,0,1,1,4294967295,0,0
oInvCollPH,704,624,0007242C,0,1,1,4294967295,0,0
oInvCollPH,1024,432,0023D566,0,1,1,4294967295,0,0
oInvisibleSolid,0,48,0037CD77,0,1,1,4294967295,0,1
oInvisibleSolid,0,624,003F9D75,0,1,1,4294967295,0,1
oInvisibleSolid,288,640,0023EE7B,0,1,1,4294967295,0,1
oInvisibleSolid,352,624,0004381F,0,1,1,4294967295,0,1
oInvisibleSolid,256,496,001A394A,0,1,1,4294967295,0,1
oInvisibleSolid,0,256,003DB600,0,1,1,4294967295,0,1
oInvisibleSolid,0,0,00098B70,0,1,1,4294967295,0,1
oInvisibleSolid,192,208,00273C54,0,1,1,4294967295,0,1
oInvisibleSolid,320,416,002AAB96,0,1,1,4294967295,0,1
oInvisibleSolid,512,496,002874F0,0,1,1,4294967295,0,1
oInvisibleSolid,400,240,0005FAF7,0,1,1,4294967295,0,1
oInvisibleSolid,0,496,0023F5AE,0,1,1,4294967295,0,1
oInvisibleSolid,832,240,002EBA8E,0,1,1,4294967295,0,1
oInvisibleSolid,960,448,001E0CA5,0,1,1,4294967295,0,1
oInvisibleSolid,1200,240,0023E876,0,1,1,4294967295,0,1
oInvisibleSolid,1280,240,00252D5E,0,1,1,4294967295,0,1
oInvisibleSolid,1296,240,0036E3FC,0,1,1,4294967295,0,1
oInvisibleSolid,1024,368,00099AD8,0,1,1,4294967295,0,1
oInvisibleSolid,960,560,0028A78C,0,1,1,4294967295,0,1
oInvisibleSolid,1088,528,001A765F,0,1,1,4294967295,0,1
oInvisibleSolid,896,656,0003C7AA,0,1,1,4294967295,0,1
oInvisibleSolid,1024,672,003D578D,0,1,1,4294967295,0,1
oInvisibleSolid,1088,656,00205F67,0,1,1,4294967295,0,1
oInvisibleSolid,1280,528,002E7C61,0,1,1,4294967295,0,1
oInvisibleSolid,832,112,0000353D,0,1,1,4294967295,0,1
oInvisibleSolid,1344,48,0029F99C,0,1,1,4294967295,0,1
oInvisibleSolid,576,464,0005C74F,0,1,1,4294967295,0,1
oInvisibleSolid,1024,208,000ACCE7,0,1,1,4294967295,0,1
oInvisibleSolid,592,592,0002D02C,0,1,1,4294967295,0,1
oInvisibleSolid,688,624,000BB81D,0,1,1,4294967295,0,1
oInvisibleSolid,816,656,00264557,0,1,1,4294967295,0,1
oInvisibleSolid,368,384,00079502,0,1,1,4294967295,0,1
oInvisibleSolid,480,304,0023144E,0,1,1,4294967295,0,1
oInvisibleSolid,112,208,0029E6E2,0,1,1,4294967295,0,1
oInvisibleSolid,192,128,002F1E88,0,1,1,4294967295,0,1
oInvisibleSolid,192,176,002DC131,0,1,1,4294967295,0,1
oInvisibleSolid,80,240,0034E92E,0,1,1,4294967295,0,1
oInvisibleSolid,416,192,001EEC2C,0,1,1,4294967295,0,1
oInvisibleSolid,512,192,00265B7E,0,1,1,4294967295,0,1
oInvisibleSolid,416,208,0009D605,0,1,1,4294967295,0,1
oInvisibleSolid,656,240,00142D45,0,1,1,4294967295,0,1
oInvisibleSolid,576,304,002DD0A3,0,1,1,4294967295,0,1
oInvisibleSolid,192,112,001ACE2D,0,1,1,4294967295,0,1
