oHelmetHeadEX_Catface,59,124,00008FCB,0,1,1,4294967295,0,1
oHelmetHeadEX_Catface,59,156,0037E7F5,0,1,1,4294967295,0,1
oHelmetHeadEX_Catface,59,188,0019D3D1,0,1,1,4294967295,0,1
oHelmetHeadEX_Catface,59,220,00120010,0,1,1,4294967295,0,1
oHelmetHeadEX_Catface,59,252,001B20E8,0,1,1,4294967295,0,1
oHelmetHeadEX_Catface,59,284,001C7CA7,0,1,1,4294967295,0,1
oHelmetHeadEX_Catface,155,124,0008EA9F,0,1,1,4294967295,0,1
oHelmetHeadEX_Catface,187,124,003F819D,0,1,1,4294967295,0,1
oHelmetHeadEX_Catface,283,124,001D1582,0,1,1,4294967295,0,1
oHelmetHeadEX_Catface,315,124,003B14FC,0,1,1,4294967295,0,1
oHelmetHeadEX_Catface,155,220,001F654C,0,1,1,4294967295,0,1
oHelmetHeadEX_Catface,155,252,0015C7D9,0,1,1,4294967295,0,1
oHelmetHeadEX_Catface,187,220,003F3310,0,1,1,4294967295,0,1
oHelmetHeadEX_Catface,187,252,0011DAEC,0,1,1,4294967295,0,1
oHelmetHeadEX_Catface,187,284,003B4FCA,0,1,1,4294967295,0,1
oHelmetHeadEX_Catface,155,284,0013149D,0,1,1,4294967295,0,1
oHelmetHeadEX_Catface,283,220,00274A37,0,1,1,4294967295,0,1
oHelmetHeadEX_Catface,315,220,0008A85A,0,1,1,4294967295,0,1
oHelmetHeadEX_Catface,315,252,001B2B6D,0,1,1,4294967295,0,1
oHelmetHeadEX_Catface,283,252,00021C55,0,1,1,4294967295,0,1
oHelmetHeadEX_Catface,283,284,00113900,0,1,1,4294967295,0,1
oHelmetHeadEX_Catface,315,284,001212B3,0,1,1,4294967295,0,1
oHelmetHeadEX_Catface,411,284,00179CFF,0,1,1,4294967295,0,1
oHelmetHeadEX_Catface,411,252,00139B06,0,1,1,4294967295,0,1
oHelmetHeadEX_Catface,411,220,00340521,0,1,1,4294967295,0,1
oHelmetHeadEX_Catface,411,188,0004B17C,0,1,1,4294967295,0,1
oHelmetHeadEX_Catface,411,156,002AC676,0,1,1,4294967295,0,1
oHelmetHeadEX_Catface,411,124,00038B4F,0,1,1,4294967295,0,1
oLittleBirdStaticA,176,152,002C0BE2,0,1,1,4294967295,0,0
oLittleBirdStaticA,304,152,000DD13E,0,1,1,4294967295,0,1
oPlayer1,176,304,001F200D,0,1,1,4294967295,0,0
oInvisibleSolid,0,0,002BAE2C,0,1,1,4294967295,0,1
oInvisibleSolid,0,304,00379573,0,1,1,4294967295,0,1
oInvisibleSolid,0,80,003962DB,0,1,1,4294967295,0,1
oInvisibleSolid,432,80,00030F9B,0,1,1,4294967295,0,1
