oExit,464,224,003FBCF6,0,1,1,4294967295,0,1
oVaultGate,32,144,002DEACA,0,1,1,4294967295,0,0
oAccessGate,288,64,00198773,0,1,1,4294967295,0,1
oPlayer1,432,256,002E39EB,0,1,1,4294967295,0,0
oInvCollPH,464,128,003BEA16,0,1,1,4294967295,0,0
oInvCollPH,16,112,00255140,0,1,1,4294967295,0,0
oInvCollPH,16,128,0035A49B,0,1,1,4294967295,0,0
oInvCollPH,16,144,00386E09,0,1,1,4294967295,0,0
oInvCollPH,16,160,00329E16,0,1,1,4294967295,0,0
oInvCollPH,16,176,000B597E,0,1,1,4294967295,0,0
oInvCollPH,16,192,001DD6E1,0,1,1,4294967295,0,0
oInvCollPH,352,32,0022E418,0,1,1,4294967295,0,0
oInvCollPH,352,48,0002649E,0,1,1,4294967295,0,0
oInvCollPH,352,64,00312EDF,0,1,1,4294967295,0,0
oInvCollPH,352,80,002B61F0,0,1,1,4294967295,0,0
oInvCollPH,352,96,00324545,0,1,1,4294967295,0,0
oInvCollPH,336,144,0019739F,0,1,1,4294967295,0,0
oInvCollPH,384,112,002292DF,0,1,1,4294967295,0,0
oInvCollPH,400,112,00114BA0,0,1,1,4294967295,0,0
oInvCollPH,96,16,00254F33,0,1,1,4294967295,0,0
oInvCollPH,112,16,0019AE3A,0,1,1,4294967295,0,0
oInvCollPH,128,16,003F48C1,0,1,1,4294967295,0,0
oInvCollPH,144,16,001FF3D2,0,1,1,4294967295,0,0
oInvCollPH,160,16,003CE57C,0,1,1,4294967295,0,0
oInvCollPH,176,16,0028B28A,0,1,1,4294967295,0,0
oInvCollPH,192,16,001E3C15,0,1,1,4294967295,0,0
oInvCollPH,208,16,00087255,0,1,1,4294967295,0,0
oInvCollPH,224,16,000E7C57,0,1,1,4294967295,0,0
oInvCollPH,240,16,003DB9FD,0,1,1,4294967295,0,0
oInvCollPH,336,16,00349B9E,0,1,1,4294967295,0,0
oInvCollPH,320,16,00245366,0,1,1,4294967295,0,0
oInvCollPH,304,16,00217096,0,1,1,4294967295,0,0
oInvCollPH,288,16,001744CD,0,1,1,4294967295,0,0
oInvCollPH,272,16,003CA3F2,0,1,1,4294967295,0,0
oInvCollPH,256,16,001B590E,0,1,1,4294967295,0,0
oInvCollPH,80,32,000FCE3A,0,1,1,4294967295,0,0
oInvCollPH,80,48,00359FFB,0,1,1,4294967295,0,0
oInvCollPH,80,64,00194D18,0,1,1,4294967295,0,0
oInvCollPH,80,80,001DB79B,0,1,1,4294967295,0,0
oInvCollPH,80,96,00157CC3,0,1,1,4294967295,0,0
oInvCollPH,64,96,001BCB87,0,1,1,4294967295,0,0
oInvCollPH,48,96,0016201F,0,1,1,4294967295,0,0
oInvCollPH,32,96,003A585E,0,1,1,4294967295,0,0
oInvCollPH,32,208,001F8C18,0,1,1,4294967295,0,0
oInvCollPH,48,208,000CFF34,0,1,1,4294967295,0,0
oInvCollPH,64,208,0034F570,0,1,1,4294967295,0,0
oInvCollPH,80,208,003BDEF2,0,1,1,4294967295,0,0
oInvCollPH,128,224,00061742,0,1,1,4294967295,0,0
oInvCollPH,144,224,001C51ED,0,1,1,4294967295,0,0
oInvCollPH,192,240,000462BD,0,1,1,4294967295,0,0
oInvCollPH,208,240,000DD570,0,1,1,4294967295,0,0
oInvCollPH,256,256,0034E70D,0,1,1,4294967295,0,0
oInvCollPH,272,256,00280D0D,0,1,1,4294967295,0,0
oInvCollPH,288,256,002A981B,0,1,1,4294967295,0,0
oInvCollPH,304,256,001E8490,0,1,1,4294967295,0,0
oInvCollPH,320,256,003CF049,0,1,1,4294967295,0,0
oInvCollPH,336,256,001561F1,0,1,1,4294967295,0,0
oInvCollPH,352,256,00180DC8,0,1,1,4294967295,0,0
oInvCollPH,368,256,0023CF37,0,1,1,4294967295,0,0
oInvCollPH,384,256,0020EDB7,0,1,1,4294967295,0,0
oInvCollPH,400,256,00248ACE,0,1,1,4294967295,0,0
oInvCollPH,416,256,0038C516,0,1,1,4294967295,0,0
oInvCollPH,432,256,00023F1E,0,1,1,4294967295,0,0
oInvCollPH,448,256,003F7EA6,0,1,1,4294967295,0,0
oInvCollPH,464,256,001EF3A7,0,1,1,4294967295,0,0
oInvCollPH,352,112,0029A7F4,0,1,1,4294967295,0,0
oInvCollPH,368,128,001E3A6A,0,1,1,4294967295,0,0
oInvCollPH,368,144,001207CF,0,1,1,4294967295,0,0
oInvCollPH,352,144,0035954E,0,1,1,4294967295,0,0
oInvCollPH,336,128,00190100,0,1,1,4294967295,0,0
oInvCollPH,320,128,00316198,0,1,1,4294967295,0,0
oInvCollPH,304,128,000C2101,0,1,1,4294967295,0,0
oInvCollPH,288,144,002EBDEF,0,1,1,4294967295,0,0
oInvCollPH,304,144,003B5F67,0,1,1,4294967295,0,0
oInvCollPH,320,144,0012E9F7,0,1,1,4294967295,0,0
oInvisibleLupLowSlope,96,208,002B6185,0,1,1,4294967295,0,1
oInvisibleLupLowSlope,160,224,0019DC91,0,1,1,4294967295,0,1
oInvisibleLupLowSlope,224,240,0015DB36,0,1,1,4294967295,0,1
oInvisibleRCeilingLowSlope,416,128,002B69C4,0,1,1,4294967295,0,0
oInvisibleSolid,96,224,002408E6,0,1,1,4294967295,0,1
oInvisibleSolid,160,240,00098611,0,1,1,4294967295,0,1
oInvisibleSolid,224,256,002F97D3,0,1,1,4294967295,0,1
oInvisibleSolid,448,128,001D743B,0,1,1,4294967295,0,1
oInvisibleSolid,352,0,00205B5F,0,1,1,4294967295,0,1
oInvisibleSolid,288,128,00282F3C,0,1,1,4294967295,0,1
oInvisibleSolid,96,0,0002A71E,0,1,1,4294967295,0,1
oInvisibleSolid,0,0,0002E66D,0,1,1,4294967295,0,1
oInvisibleSolid,0,112,00177C34,0,1,1,4294967295,0,1
oInvisibleSolid,0,208,00095CD9,0,1,1,4294967295,0,1
oVaultFingers,96,112,00243040,0,1,1,4294967295,0,1
oVaultDoorEf,0,80,00255273,0,1,1,4294967295,0,0
