tileDreamWoods,592,176,0,112,64,64,0,1,1,4294967295
tileDreamWoods,592,240,0,144,64,32,0,1,1,4294967295
tileDreamWoods,272,16,32,176,32,48,0,1,1,4294967295
tileDreamWoods,272,0,32,176,32,16,0,1,1,4294967295
tileDreamWoods,240,96,64,192,80,32,0,1,1,4294967295
tileDreamWoods,240,160,64,192,80,32,0,1,1,4294967295
tileDreamWoods,272,64,160,192,32,32,0,1,1,4294967295
tileDreamWoods,272,128,160,192,32,32,0,1,1,4294967295
tileDreamWoods,272,192,160,192,32,32,0,1,1,4294967295
tileDreamWoods,272,224,160,192,32,32,0,1,1,4294967295
tileDreamWoods,272,256,160,192,32,32,0,1,1,4294967295
tileDreamWoods,768,16,32,176,32,48,0,1,1,4294967295
tileDreamWoods,768,0,32,176,32,16,0,1,1,4294967295
tileDreamWoods,736,112,64,192,80,32,0,1,1,4294967295
tileDreamWoods,736,208,64,192,80,32,0,1,1,4294967295
tileDreamWoods,768,64,160,192,32,32,0,1,1,4294967295
tileDreamWoods,768,144,160,192,32,32,0,1,1,4294967295
tileDreamWoods,768,176,160,192,32,32,0,1,1,4294967295
tileDreamWoods,768,240,160,192,32,32,0,1,1,4294967295
tileDreamWoods,768,272,160,192,32,32,0,1,1,4294967295
tileDreamWoods,768,96,160,192,32,16,0,1,1,4294967295
tileDreamWoods,1504,272,0,32,48,80,0,1,1,4294967295
tileDreamWoods,1552,272,16,32,32,80,0,1,1,4294967295
tileDreamWoods,1584,272,16,32,32,80,0,1,1,4294967295
tileDreamWoods,1616,272,16,32,32,80,0,1,1,4294967295
tileDreamWoods,944,0,32,176,32,16,0,1,1,4294967295
tileDreamWoods,1056,0,32,176,32,16,0,1,1,4294967295
tileDreamWoods,944,16,32,176,32,48,0,1,1,4294967295
tileDreamWoods,1056,16,32,176,32,48,0,1,1,4294967295
tileDreamWoods,912,64,64,192,80,32,0,1,1,4294967295
tileDreamWoods,1024,96,64,192,80,32,0,1,1,4294967295
tileDreamWoods,912,160,64,192,80,32,0,1,1,4294967295
tileDreamWoods,1024,128,64,192,80,32,0,1,1,4294967295
tileDreamWoods,944,96,160,192,32,32,0,1,1,4294967295
tileDreamWoods,944,128,160,192,32,32,0,1,1,4294967295
tileDreamWoods,1056,64,160,192,32,32,0,1,1,4294967295
tileDreamWoods,944,192,160,192,32,32,0,1,1,4294967295
tileDreamWoods,944,224,160,192,32,32,0,1,1,4294967295
tileDreamWoods,944,256,160,192,32,32,0,1,1,4294967295
tileDreamWoods,1056,160,160,192,32,32,0,1,1,4294967295
tileDreamWoods,1056,192,160,192,32,32,0,1,1,4294967295
tileDreamWoods,1056,224,160,192,32,32,0,1,1,4294967295
tileDreamWoods,1056,256,160,192,32,32,0,1,1,4294967295
tileDreamWoods,1696,208,0,112,64,64,0,1,1,4294967295
tileDreamWoods,1824,176,0,112,64,64,0,1,1,4294967295
tileDreamWoods,1824,240,0,144,64,32,0,1,1,4294967295
tileDreamWoods,1760,0,32,176,32,16,0,1,1,4294967295
tileDreamWoods,1760,16,32,176,32,48,0,1,1,4294967295
tileDreamWoods,1728,96,64,192,80,32,0,1,1,4294967295
tileDreamWoods,1728,192,64,192,80,32,0,1,1,4294967295
tileDreamWoods,1760,64,160,192,32,32,0,1,1,4294967295
tileDreamWoods,1760,128,160,192,32,32,0,1,1,4294967295
tileDreamWoods,1760,160,160,192,32,32,0,1,1,4294967295
tileDreamWoods,1760,224,160,192,32,32,0,1,1,4294967295
tileDreamWoods,1760,256,160,192,32,32,0,1,1,4294967295
tileDreamWoods,2464,176,0,112,64,64,0,1,1,4294967295
tileDreamWoods,2464,240,0,144,64,32,0,1,1,4294967295
tileDreamWoods,2400,96,0,112,64,64,0,1,1,4294967295
tileDreamWoods,2528,96,0,112,64,64,0,1,1,4294967295
tileDreamWoods,2400,160,0,144,64,32,0,1,1,4294967295
tileDreamWoods,2400,192,0,144,64,32,0,1,1,4294967295
tileDreamWoods,2400,224,0,144,64,32,0,1,1,4294967295
tileDreamWoods,2400,256,0,144,64,32,0,1,1,4294967295
tileDreamWoods,2528,160,0,144,64,32,0,1,1,4294967295
tileDreamWoods,2528,192,0,144,64,32,0,1,1,4294967295
tileDreamWoods,2528,224,0,144,64,32,0,1,1,4294967295
tileDreamWoods,2528,256,0,144,64,32,0,1,1,4294967295
tileDreamWoods,2720,0,32,176,32,16,0,1,1,4294967295
tileDreamWoods,2800,0,32,176,32,16,0,1,1,4294967295
tileDreamWoods,2720,16,32,176,32,48,0,1,1,4294967295
tileDreamWoods,2800,16,32,176,32,48,0,1,1,4294967295
tileDreamWoods,2688,64,64,192,80,32,0,1,1,4294967295
tileDreamWoods,2768,128,64,192,80,32,0,1,1,4294967295
tileDreamWoods,2688,128,64,192,80,32,0,1,1,4294967295
tileDreamWoods,2768,192,64,192,80,32,0,1,1,4294967295
tileDreamWoods,2720,96,160,192,32,32,0,1,1,4294967295
tileDreamWoods,2720,160,160,192,32,32,0,1,1,4294967295
tileDreamWoods,2720,192,160,192,32,32,0,1,1,4294967295
tileDreamWoods,2720,224,160,192,32,32,0,1,1,4294967295
tileDreamWoods,2720,256,160,192,32,32,0,1,1,4294967295
tileDreamWoods,2800,64,160,192,32,32,0,1,1,4294967295
tileDreamWoods,2800,96,160,192,32,32,0,1,1,4294967295
tileDreamWoods,2800,160,160,192,32,32,0,1,1,4294967295
tileDreamWoods,2800,224,160,192,32,32,0,1,1,4294967295
tileDreamWoods,2800,256,160,192,32,32,0,1,1,4294967295
tileDreamWoods,128,176,0,112,64,64,0,1,1,4294967295
tileDreamWoods,128,240,0,144,64,32,0,1,1,4294967295
