oAccessGate,152,208,0018307F,0,1,1,4294967295,0,1
oExit,464,256,0018F963,0,1,1,4294967295,0,1
oMissilePack,80,240,002073AE,0,1,1,4294967295,0,1
oMetroidCheckpoint,352,256,00377C8B,0,1,1,4294967295,0,0
oGateItemTerminal,112,288,00129E44,0,1,1,4294967295,0,1
oPlayer1,256,288,0026A9B1,0,1,1,4294967295,0,0
oMetroidDoorHolder,448,256,0015CE8D,0,1,1,4294967295,0,1
oBreakableMetroidWall,64,240,0024E13D,0,1,1,4294967295,0,1
oInvCollPH,176,272,0004D2D5,0,1,1,4294967295,0,0
oInvCollPH,192,272,003C4AAB,0,1,1,4294967295,0,0
oInvCollPH,384,176,000F714E,0,1,1,4294967295,0,0
oInvCollPH,384,192,0011D515,0,1,1,4294967295,0,0
oInvCollPH,384,208,0011DBEA,0,1,1,4294967295,0,0
oInvCollPH,400,208,00222A4E,0,1,1,4294967295,0,0
oInvCollPH,416,208,000D06B7,0,1,1,4294967295,0,0
oInvCollPH,432,208,00231A0A,0,1,1,4294967295,0,0
oInvCollPH,448,208,0014A55F,0,1,1,4294967295,0,0
oInvCollPH,464,208,00157126,0,1,1,4294967295,0,0
oInvCollPH,64,160,0024444A,0,1,1,4294967295,0,0
oInvCollPH,64,176,000F0A5D,0,1,1,4294967295,0,0
oInvCollPH,64,192,00323DFA,0,1,1,4294967295,0,0
oInvCollPH,64,208,00360A0B,0,1,1,4294967295,0,0
oInvCollPH,64,256,00285846,0,1,1,4294967295,0,0
oInvCollPH,64,272,002D54FF,0,1,1,4294967295,0,0
oInvCollPH,80,144,001EEF0E,0,1,1,4294967295,0,0
oInvCollPH,96,144,003B44BB,0,1,1,4294967295,0,0
oInvCollPH,112,144,00121ABA,0,1,1,4294967295,0,0
oInvCollPH,128,144,0037B7CC,0,1,1,4294967295,0,0
oInvCollPH,144,144,00017CEA,0,1,1,4294967295,0,0
oInvCollPH,176,160,002BF22F,0,1,1,4294967295,0,0
oInvCollPH,192,160,0010AB10,0,1,1,4294967295,0,0
oInvCollPH,208,144,00098C2B,0,1,1,4294967295,0,0
oInvCollPH,240,144,000842A4,0,1,1,4294967295,0,0
oInvCollPH,256,144,0015F2D0,0,1,1,4294967295,0,0
oInvCollPH,272,144,001C5157,0,1,1,4294967295,0,0
oInvCollPH,288,144,002D2BBF,0,1,1,4294967295,0,0
oInvCollPH,304,144,0004A4F4,0,1,1,4294967295,0,0
oInvCollPH,320,144,0025BFB5,0,1,1,4294967295,0,0
oInvCollPH,336,144,0027E058,0,1,1,4294967295,0,0
oInvCollPH,352,144,003BF77B,0,1,1,4294967295,0,0
oInvCollPH,368,144,00312219,0,1,1,4294967295,0,0
oInvCollPH,96,288,000BBD26,0,1,1,4294967295,0,0
oInvCollPH,112,288,001AA9D8,0,1,1,4294967295,0,0
oInvCollPH,128,288,002DB4A9,0,1,1,4294967295,0,0
oInvCollPH,224,288,001193F2,0,1,1,4294967295,0,0
oInvCollPH,240,288,000E8ECD,0,1,1,4294967295,0,0
oInvCollPH,256,288,00396125,0,1,1,4294967295,0,0
oInvCollPH,272,288,0035F9B9,0,1,1,4294967295,0,0
oInvCollPH,288,288,00063371,0,1,1,4294967295,0,0
oInvCollPH,304,288,001C60D1,0,1,1,4294967295,0,0
oInvCollPH,320,288,003F937E,0,1,1,4294967295,0,0
oInvCollPH,336,288,002B4F1C,0,1,1,4294967295,0,0
oInvCollPH,352,288,00103D96,0,1,1,4294967295,0,0
oInvCollPH,368,288,0011FAB2,0,1,1,4294967295,0,0
oInvCollPH,384,288,0006D544,0,1,1,4294967295,0,0
oInvCollPH,400,288,0005B6D1,0,1,1,4294967295,0,0
oInvCollPH,416,288,001DD2B8,0,1,1,4294967295,0,0
oInvCollPH,432,288,003E5F19,0,1,1,4294967295,0,0
oInvCollPH,448,288,0020C99A,0,1,1,4294967295,0,0
oInvCollPH,464,288,003108B3,0,1,1,4294967295,0,0
oInvCollSM,32,224,0027947C,0,1,1,4294967295,0,0
oInvCollSM,48,224,000B33B2,0,1,1,4294967295,0,0
oInvCollSM,64,224,001B6012,0,1,1,4294967295,0,0
oInvisibleSolid,224,160,000B560B,0,1,1,4294967295,0,0
oInvisibleSolid,160,160,002866A0,0,1,1,4294967295,0,1
oInvisibleSolid,160,272,00351604,0,1,1,4294967295,0,1
oInvisibleSolid,80,288,003C09F5,0,1,1,4294967295,0,1
oInvisibleSolid,384,160,0021CB7E,0,1,1,4294967295,0,1
oInvisibleSolid,80,0,000D4BF5,0,1,1,4294967295,0,1
oInvisibleSolid,0,0,003462C3,0,1,1,4294967295,0,1
oInvisibleRupSlope,144,272,00046A3D,0,1,1,4294967295,0,0
oInvisibleLupSlope,208,272,002A21B8,0,1,1,4294967295,0,0
oInvisibleSolid,0,256,002C6A1D,0,1,1,4294967295,0,1
oInvisibleSolidMorph,16,224,000BB4A3,0,1,1,4294967295,0,1
oInvisibleSolid,0,224,001EE1E4,0,1,1,4294967295,0,1
