oExit,0,240,000641F4,0,1,1,4294967295,0,1
oHealingPost,144,272,003F50B1,0,1,1,4294967295,0,0
oNPC_GeneralC,448,272,002C29D4,0,1,1,4294967295,0,1
oPT_Slime,640,272,000F7514,0,1,1,4294967295,0,1
oWHB_NPC,1360,208,0005F4BB,0,1,1,4294967295,0,1
oPlayer1,48,272,001829E4,0,1,1,4294967295,0,0
oWaterVolume,1392,216,0008E54B,0,1,1,4294967295,0,1
oInvCollPH,688,16,0006BDC3,0,1,1,4294967295,0,0
oInvCollPH,688,32,0004B574,0,1,1,4294967295,0,0
oInvCollPH,688,48,002B3843,0,1,1,4294967295,0,0
oInvCollPH,688,64,0005D838,0,1,1,4294967295,0,0
oInvCollPH,688,128,002F2621,0,1,1,4294967295,0,0
oInvCollPH,688,96,0007ABA2,0,1,1,4294967295,0,0
oInvCollPH,688,80,00123E97,0,1,1,4294967295,0,0
oInvCollPH,16,272,0018BB2E,0,1,1,4294967295,0,0
oInvCollPH,32,272,000298DD,0,1,1,4294967295,0,0
oInvCollPH,48,272,0007AC5A,0,1,1,4294967295,0,0
oInvCollPH,64,272,003FDA13,0,1,1,4294967295,0,0
oInvCollPH,80,272,0018EFBD,0,1,1,4294967295,0,0
oInvCollPH,96,272,003898E7,0,1,1,4294967295,0,0
oInvCollPH,112,272,000AE9E7,0,1,1,4294967295,0,0
oInvCollPH,128,272,0009311A,0,1,1,4294967295,0,0
oInvCollPH,144,272,0037611D,0,1,1,4294967295,0,0
oInvCollPH,160,272,0003F4BF,0,1,1,4294967295,0,0
oInvCollPH,176,272,0004B2D5,0,1,1,4294967295,0,0
oInvCollPH,192,272,0014181E,0,1,1,4294967295,0,0
oInvCollPH,208,272,0012A82A,0,1,1,4294967295,0,0
oInvCollPH,224,272,002C122B,0,1,1,4294967295,0,0
oInvCollPH,240,272,001EF6EC,0,1,1,4294967295,0,0
oInvCollPH,256,272,000E84AD,0,1,1,4294967295,0,0
oInvCollPH,272,272,00168E63,0,1,1,4294967295,0,0
oInvCollPH,288,272,000B7B1D,0,1,1,4294967295,0,0
oInvCollPH,304,272,001F1D25,0,1,1,4294967295,0,0
oInvCollPH,320,272,0037D310,0,1,1,4294967295,0,0
oInvCollPH,336,272,001C50A8,0,1,1,4294967295,0,0
oInvCollPH,352,272,0027B907,0,1,1,4294967295,0,0
oInvCollPH,368,272,00035F9F,0,1,1,4294967295,0,0
oInvCollPH,384,272,001C000D,0,1,1,4294967295,0,0
oInvCollPH,400,272,000DF973,0,1,1,4294967295,0,0
oInvCollPH,416,272,0002AF2F,0,1,1,4294967295,0,0
oInvCollPH,432,272,003A96BA,0,1,1,4294967295,0,0
oInvCollPH,448,272,0006C2BB,0,1,1,4294967295,0,0
oInvCollPH,464,272,000508FD,0,1,1,4294967295,0,0
oInvCollPH,480,272,00070FF8,0,1,1,4294967295,0,0
oInvCollPH,496,272,0003E308,0,1,1,4294967295,0,0
oInvCollPH,512,272,00368B8E,0,1,1,4294967295,0,0
oInvCollPH,528,272,002476A2,0,1,1,4294967295,0,0
oInvCollPH,544,272,00145055,0,1,1,4294967295,0,0
oInvCollPH,560,272,001A12BD,0,1,1,4294967295,0,0
oInvCollPH,576,272,002BBD90,0,1,1,4294967295,0,0
oInvCollPH,592,272,003BAEFD,0,1,1,4294967295,0,0
oInvCollPH,608,272,001F2D99,0,1,1,4294967295,0,0
oInvCollPH,624,272,0035D3BE,0,1,1,4294967295,0,0
oInvCollPH,640,272,0028D20E,0,1,1,4294967295,0,0
oInvCollPH,656,272,003FBDAD,0,1,1,4294967295,0,0
oInvCollPH,672,272,003408C7,0,1,1,4294967295,0,0
oInvCollPH,752,96,0012C5C9,0,1,1,4294967295,0,0
oInvCollPH,768,96,0000AEB6,0,1,1,4294967295,0,0
oInvCollPH,768,80,0005564F,0,1,1,4294967295,0,0
oInvCollPH,768,64,00365185,0,1,1,4294967295,0,0
oInvCollPH,768,48,003ADC46,0,1,1,4294967295,0,0
oInvCollPH,768,32,00082DF4,0,1,1,4294967295,0,0
oInvCollPH,768,16,0020349C,0,1,1,4294967295,0,0
oInvCollPH,768,0,0014C366,0,1,1,4294967295,0,0
oInvCollPH,704,128,001441C4,0,1,1,4294967295,0,0
oInvCollPH,720,128,002158FA,0,1,1,4294967295,0,0
oInvCollPH,736,128,000A845C,0,1,1,4294967295,0,0
oInvCollPH,736,112,0035311A,0,1,1,4294967295,0,0
oInvCollPH,1648,16,00085D7E,0,1,1,4294967295,0,0
oInvCollPH,1648,32,002F03A8,0,1,1,4294967295,0,0
oInvCollPH,1648,48,00128EF3,0,1,1,4294967295,0,0
oInvCollPH,1648,64,0028B568,0,1,1,4294967295,0,0
oInvCollPH,1648,144,001A6F54,0,1,1,4294967295,0,0
oInvCollPH,1648,128,0009AB2B,0,1,1,4294967295,0,0
oInvCollPH,1648,112,000DDF30,0,1,1,4294967295,0,0
oInvCollPH,1648,96,001033C1,0,1,1,4294967295,0,0
oInvCollPH,1648,80,00229095,0,1,1,4294967295,0,0
oInvCollPH,1648,160,0021E61C,0,1,1,4294967295,0,0
oInvCollPH,1648,176,002ED679,0,1,1,4294967295,0,0
oInvCollPH,1648,192,001F0F87,0,1,1,4294967295,0,0
oInvCollPH,1568,208,002A6A66,0,1,1,4294967295,0,0
oInvCollPH,1584,208,00084C17,0,1,1,4294967295,0,0
oInvCollPH,1600,208,001F6418,0,1,1,4294967295,0,0
oInvCollPH,1616,208,00011334,0,1,1,4294967295,0,0
oInvCollPH,1632,208,0039DB7D,0,1,1,4294967295,0,0
oInvCollPH,1552,224,002BC276,0,1,1,4294967295,0,0
oInvCollPH,1200,224,001C07DF,0,1,1,4294967295,0,0
oInvCollPH,1200,240,0038DA22,0,1,1,4294967295,0,0
oInvCollPH,1200,256,00333F49,0,1,1,4294967295,0,0
oInvCollPH,1408,256,0021BCDF,0,1,1,4294967295,0,0
oInvCollPH,1424,256,0011ACEB,0,1,1,4294967295,0,0
oInvCollPH,1440,256,0013BB14,0,1,1,4294967295,0,0
oInvCollPH,1456,256,002ED2E2,0,1,1,4294967295,0,0
oInvCollPH,1472,256,002AE9BF,0,1,1,4294967295,0,0
oInvCollPH,1488,256,00191A57,0,1,1,4294967295,0,0
oInvCollPH,1504,256,002F1AE7,0,1,1,4294967295,0,0
oInvCollPH,1520,256,0012D029,0,1,1,4294967295,0,0
oInvCollPH,688,272,0028D43A,0,1,1,4294967295,0,0
oInvCollPH,704,272,0034A03D,0,1,1,4294967295,0,0
oInvCollPH,720,272,000786A3,0,1,1,4294967295,0,0
oInvCollPH,736,272,003945BB,0,1,1,4294967295,0,0
oInvCollPH,752,272,001402E6,0,1,1,4294967295,0,0
oInvCollPH,768,272,0007CE1D,0,1,1,4294967295,0,0
oInvCollPH,784,272,002F4E69,0,1,1,4294967295,0,0
oInvCollPH,800,272,003F7236,0,1,1,4294967295,0,0
oInvCollPH,816,272,000B740E,0,1,1,4294967295,0,0
oInvCollPH,832,272,0011E88C,0,1,1,4294967295,0,0
oInvCollPH,848,272,00056BE7,0,1,1,4294967295,0,0
oInvCollPH,864,272,00325263,0,1,1,4294967295,0,0
oInvCollPH,896,272,0028A7AD,0,1,1,4294967295,0,0
oInvCollPH,912,272,003D754F,0,1,1,4294967295,0,0
oInvCollPH,928,272,002A0247,0,1,1,4294967295,0,0
oInvCollPH,944,272,00133181,0,1,1,4294967295,0,0
oInvCollPH,960,272,0030CC2F,0,1,1,4294967295,0,0
oInvCollPH,976,272,0028D6CD,0,1,1,4294967295,0,0
oInvCollPH,992,272,0003C2CC,0,1,1,4294967295,0,0
oInvCollPH,1008,272,0020D55C,0,1,1,4294967295,0,0
oInvCollPH,1024,272,00153C14,0,1,1,4294967295,0,0
oInvCollPH,1040,272,0036A47A,0,1,1,4294967295,0,0
oInvCollPH,1056,272,003DF4A7,0,1,1,4294967295,0,0
oInvCollPH,1072,272,0018D0EB,0,1,1,4294967295,0,0
oInvCollPH,1088,272,0019D664,0,1,1,4294967295,0,0
oInvCollPH,1104,272,001C9AAF,0,1,1,4294967295,0,0
oInvCollPH,1120,272,003B9106,0,1,1,4294967295,0,0
oInvCollPH,1136,272,000A45DA,0,1,1,4294967295,0,0
oInvCollPH,1152,272,000A60D6,0,1,1,4294967295,0,0
oInvCollPH,1168,272,000A4A4C,0,1,1,4294967295,0,0
oInvCollPH,1184,272,001A502C,0,1,1,4294967295,0,0
oInvCollPH,1264,208,002D626B,0,1,1,4294967295,0,0
oInvCollPH,1248,208,0022B834,0,1,1,4294967295,0,0
oInvCollPH,1232,208,000D60B5,0,1,1,4294967295,0,0
oInvCollPH,1216,208,00007F81,0,1,1,4294967295,0,0
oInvCollPH,1376,208,001A9C91,0,1,1,4294967295,0,0
oInvCollPH,1360,208,00123DAC,0,1,1,4294967295,0,0
oInvCollPH,1344,208,00043BD9,0,1,1,4294967295,0,0
oInvCollPH,1328,208,00263AD5,0,1,1,4294967295,0,0
oInvCollPH,1312,208,00363252,0,1,1,4294967295,0,0
oInvCollPH,1280,208,003AD18C,0,1,1,4294967295,0,0
oInvCollPH,1296,208,002E7E75,0,1,1,4294967295,0,0
oInvCollPH,1376,224,0030736C,0,1,1,4294967295,0,0
oInvCollPH,880,240,00353E33,0,1,1,4294967295,0,0
oInvCollPH,880,256,003CDB70,0,1,1,4294967295,0,0
oInvisibleSolid,0,272,000C10C1,0,1,1,4294967295,0,1
oInvisibleSolid,688,0,001F48C8,0,1,1,4294967295,0,1
oInvisibleSlimVertSolidMask,576,256,003D832A,0,1,1,4294967295,0,0
oInvisibleSolid,688,112,003D6CF5,0,1,1,4294967295,0,1
oInvisibleSolid,1200,208,00129B57,0,1,1,4294967295,0,1
oInvisibleSolid,1392,240,001BAF83,0,1,1,4294967295,0,0
oInvisibleSolid,1536,240,001822DE,0,1,1,4294967295,0,0
oInvisibleSolid,1392,256,00059163,0,1,1,4294967295,0,1
oInvisibleSolid,1552,208,00046001,0,1,1,4294967295,0,1
oInvisibleSolid,1648,0,0036AAE9,0,1,1,4294967295,0,1
oInvisibleSlimVertSolidMask,880,224,0007B811,0,1,1,4294967295,0,1
oInvisibleSlimVertSolidMask,768,256,001AA9CF,0,1,1,4294967295,0,0
