oExit,0,240,001D7AED,0,1,1,4294967295,0,1
oExit,2720,224,00391976,0,1,1,4294967295,0,1
oMetroidCheckpoint,2544,224,0036918B,0,1,1,4294967295,0,0
oWeaponLevelUpgrade,1920,64,002545F6,0,1,1,4294967295,0,1
oMetGeemer,1664,160,001D4D93,0,1,1,4294967295,0,1
oMetGeemer,1424,144,0006AC9D,0,1,1,4294967295,0,1
oMetGeemer,592,160,002F948E,0,1,1,4294967295,0,1
oMetGeemer,2464,224,001C3B33,0,1,1,4294967295,0,1
oMetMultiviola,1080,72,001C67A7,0,1,1,4294967295,0,0
oMetMultiviola,1560,200,0036F247,0,1,1,4294967295,0,0
oMetSkree,1392,48,001E2A60,0,1,1,4294967295,0,0
oMetSkree,928,32,0013B271,0,1,1,4294967295,0,0
oMetSkree,1184,32,0029266A,0,1,1,4294967295,0,0
oMetSkree,2016,96,003B3977,0,1,1,4294967295,0,0
oMetSkree,2464,48,00001343,0,1,1,4294967295,0,0
oMetCacatac,720,192,0004FE0F,0,1,1,4294967295,0,0
oPlayer1,64,272,0028E935,0,1,1,4294967295,0,0
oMetroidDoorHolder,16,240,0020AE15,0,1,1,4294967295,0,1
oMetroidDoorHolder,2704,224,001F9018,0,1,1,4294967295,0,1
oBreakableMetroidWall,1584,64,003BE4ED,0,1,1,4294967295,0,1
oBreakableMetroidWall,1776,64,0005CF7D,0,1,1,4294967295,0,1
oMetLava,0,280,001F9226,0,1,1,4294967295,0,1
oInvCollPH,16,272,003D0655,0,1,1,4294967295,0,0
oInvCollPH,32,272,00363FD3,0,1,1,4294967295,0,0
oInvCollPH,48,272,000F7FC1,0,1,1,4294967295,0,0
oInvCollPH,64,272,002884DB,0,1,1,4294967295,0,0
oInvCollPH,80,272,00309735,0,1,1,4294967295,0,0
oInvCollPH,96,272,00160522,0,1,1,4294967295,0,0
oInvCollPH,96,288,00286782,0,1,1,4294967295,0,0
oInvCollPH,96,304,0037B65A,0,1,1,4294967295,0,0
oInvCollPH,992,112,002493EC,0,1,1,4294967295,0,0
oInvCollPH,1008,112,000FA562,0,1,1,4294967295,0,0
oInvCollPH,1024,112,002D2999,0,1,1,4294967295,0,0
oInvCollPH,1040,112,000373E9,0,1,1,4294967295,0,0
oInvCollPH,1056,112,001B7893,0,1,1,4294967295,0,0
oInvCollPH,1072,112,00163CD3,0,1,1,4294967295,0,0
oInvCollPH,1088,112,000F873F,0,1,1,4294967295,0,0
oInvCollPH,1104,112,002F75A5,0,1,1,4294967295,0,0
oInvCollPH,1120,112,0005D798,0,1,1,4294967295,0,0
oInvCollPH,1120,128,0014F265,0,1,1,4294967295,0,0
oInvCollPH,1120,144,00305F67,0,1,1,4294967295,0,0
oInvCollPH,1120,160,003691A2,0,1,1,4294967295,0,0
oInvCollPH,1120,176,003B0351,0,1,1,4294967295,0,0
oInvCollPH,1120,192,0013CFCD,0,1,1,4294967295,0,0
oInvCollPH,1104,192,0011A539,0,1,1,4294967295,0,0
oInvCollPH,1088,192,0019B390,0,1,1,4294967295,0,0
oInvCollPH,1072,192,003517AF,0,1,1,4294967295,0,0
oInvCollPH,1056,192,0036FFAF,0,1,1,4294967295,0,0
oInvCollPH,1040,192,0010882D,0,1,1,4294967295,0,0
oInvCollPH,1024,192,0024C1CA,0,1,1,4294967295,0,0
oInvCollPH,1008,192,00085FE7,0,1,1,4294967295,0,0
oInvCollPH,992,192,0016E159,0,1,1,4294967295,0,0
oInvCollPH,976,192,001C0FB0,0,1,1,4294967295,0,0
oInvCollPH,976,176,00320203,0,1,1,4294967295,0,0
oInvCollPH,976,160,00141108,0,1,1,4294967295,0,0
oInvCollPH,976,144,0002CFBA,0,1,1,4294967295,0,0
oInvCollPH,976,128,003888BA,0,1,1,4294967295,0,0
oInvCollPH,816,112,0024E93E,0,1,1,4294967295,0,0
oInvCollPH,832,112,00008D91,0,1,1,4294967295,0,0
oInvCollPH,848,112,0008FBA4,0,1,1,4294967295,0,0
oInvCollPH,864,112,0027CEF7,0,1,1,4294967295,0,0
oInvCollPH,880,112,0021B0C8,0,1,1,4294967295,0,0
oInvCollPH,896,112,0031B566,0,1,1,4294967295,0,0
oInvCollPH,896,96,003631ED,0,1,1,4294967295,0,0
oInvCollPH,624,112,0023978E,0,1,1,4294967295,0,0
oInvCollPH,640,112,00183A9F,0,1,1,4294967295,0,0
oInvCollPH,656,112,001A0A8F,0,1,1,4294967295,0,0
oInvCollPH,672,112,000A4ECB,0,1,1,4294967295,0,0
oInvCollPH,688,112,0021EAFD,0,1,1,4294967295,0,0
oInvCollPH,704,112,000AD75D,0,1,1,4294967295,0,0
oInvCollPH,704,96,00393D95,0,1,1,4294967295,0,0
oInvCollPH,624,48,0033CB83,0,1,1,4294967295,0,0
oInvCollPH,624,64,0031A744,0,1,1,4294967295,0,0
oInvCollPH,624,80,0006C4DF,0,1,1,4294967295,0,0
oInvCollPH,720,80,0010888B,0,1,1,4294967295,0,0
oInvCollPH,736,80,002A4133,0,1,1,4294967295,0,0
oInvCollPH,752,80,0007EB1A,0,1,1,4294967295,0,0
oInvCollPH,768,80,0015B51C,0,1,1,4294967295,0,0
oInvCollPH,784,80,0038F5DF,0,1,1,4294967295,0,0
oInvCollPH,800,80,00205325,0,1,1,4294967295,0,0
oInvCollPH,896,80,002C1F8F,0,1,1,4294967295,0,0
oInvCollPH,896,64,003F76FF,0,1,1,4294967295,0,0
oInvCollPH,896,48,0004FF20,0,1,1,4294967295,0,0
oInvCollPH,896,32,0003E080,0,1,1,4294967295,0,0
oInvCollPH,256,64,00389010,0,1,1,4294967295,0,0
oInvCollPH,240,64,000215E2,0,1,1,4294967295,0,0
oInvCollPH,224,80,003B2B19,0,1,1,4294967295,0,0
oInvCollPH,224,96,0020989A,0,1,1,4294967295,0,0
oInvCollPH,224,112,00010E04,0,1,1,4294967295,0,0
oInvCollPH,224,128,003AC1C9,0,1,1,4294967295,0,0
oInvCollPH,224,144,0030B60A,0,1,1,4294967295,0,0
oInvCollPH,224,160,000028FE,0,1,1,4294967295,0,0
oInvCollPH,208,160,0036D289,0,1,1,4294967295,0,0
oInvCollPH,192,160,003E6952,0,1,1,4294967295,0,0
oInvCollPH,176,160,003375C4,0,1,1,4294967295,0,0
oInvCollPH,160,160,003C4423,0,1,1,4294967295,0,0
oInvCollPH,0,192,003201B8,0,1,1,4294967295,0,0
oInvCollPH,16,192,00040AEA,0,1,1,4294967295,0,0
oInvCollPH,32,192,002BD650,0,1,1,4294967295,0,0
oInvCollPH,48,192,0039A884,0,1,1,4294967295,0,0
oInvCollPH,64,192,0023E8A6,0,1,1,4294967295,0,0
oInvCollPH,64,176,003FC9FD,0,1,1,4294967295,0,0
oInvCollPH,80,160,00001B9D,0,1,1,4294967295,0,0
oInvCollPH,96,160,00247684,0,1,1,4294967295,0,0
oInvCollPH,112,160,00349BF3,0,1,1,4294967295,0,0
oInvCollPH,128,160,000A07B7,0,1,1,4294967295,0,0
oInvCollPH,144,160,0004D8FE,0,1,1,4294967295,0,0
oInvCollPH,1040,272,002B00A8,0,1,1,4294967295,0,0
oInvCollPH,1056,272,0021ACF9,0,1,1,4294967295,0,0
oInvCollPH,1072,272,000016E6,0,1,1,4294967295,0,0
oInvCollPH,976,288,001FB012,0,1,1,4294967295,0,0
oInvCollPH,992,288,000AB75D,0,1,1,4294967295,0,0
oInvCollPH,1008,288,00160679,0,1,1,4294967295,0,0
oInvCollPH,1088,288,0009766E,0,1,1,4294967295,0,0
oInvCollPH,1104,288,001F7038,0,1,1,4294967295,0,0
oInvCollPH,1120,288,002135D0,0,1,1,4294967295,0,0
oInvCollPH,1136,288,000710C5,0,1,1,4294967295,0,0
oInvCollPH,928,272,003B8607,0,1,1,4294967295,0,0
oInvCollPH,944,272,0017A2A8,0,1,1,4294967295,0,0
oInvCollPH,1168,272,000C8BF2,0,1,1,4294967295,0,0
oInvCollPH,1184,272,002FAB5D,0,1,1,4294967295,0,0
oInvCollPH,464,32,0015A774,0,1,1,4294967295,0,0
oInvCollPH,480,32,003E85DF,0,1,1,4294967295,0,0
oInvCollPH,496,32,001A9694,0,1,1,4294967295,0,0
oInvCollPH,512,32,00004005,0,1,1,4294967295,0,0
oInvCollPH,528,32,0020C0E5,0,1,1,4294967295,0,0
oInvCollPH,544,32,000C9248,0,1,1,4294967295,0,0
oInvCollPH,560,32,0026361A,0,1,1,4294967295,0,0
oInvCollPH,576,32,00256C36,0,1,1,4294967295,0,0
oInvCollPH,592,32,001F3A7D,0,1,1,4294967295,0,0
oInvCollPH,608,32,000485CF,0,1,1,4294967295,0,0
oInvCollPH,272,64,00324650,0,1,1,4294967295,0,0
oInvCollPH,288,64,0034E068,0,1,1,4294967295,0,0
oInvCollPH,304,64,00177A80,0,1,1,4294967295,0,0
oInvCollPH,320,64,002C4EC1,0,1,1,4294967295,0,0
oInvCollPH,336,64,000A4F1D,0,1,1,4294967295,0,0
oInvCollPH,448,64,00006122,0,1,1,4294967295,0,0
oInvCollPH,432,64,000732D0,0,1,1,4294967295,0,0
oInvCollPH,416,64,001B4AAD,0,1,1,4294967295,0,0
oInvCollPH,400,64,000649D8,0,1,1,4294967295,0,0
oInvCollPH,384,64,0010E74C,0,1,1,4294967295,0,0
oInvCollPH,448,48,00249CA9,0,1,1,4294967295,0,0
oInvCollPH,352,64,000C36E2,0,1,1,4294967295,0,0
oInvCollPH,368,64,00194F27,0,1,1,4294967295,0,0
oInvCollPH,144,256,001F9313,0,1,1,4294967295,0,0
oInvCollPH,160,240,001EE5FC,0,1,1,4294967295,0,0
oInvCollPH,176,240,002EBCE8,0,1,1,4294967295,0,0
oInvCollPH,192,240,00298412,0,1,1,4294967295,0,0
oInvCollPH,208,240,0038A76C,0,1,1,4294967295,0,0
oInvCollPH,224,240,0023E84D,0,1,1,4294967295,0,0
oInvCollPH,240,240,0009A17A,0,1,1,4294967295,0,0
oInvCollPH,256,240,003AA46B,0,1,1,4294967295,0,0
oInvCollPH,272,240,003AC16F,0,1,1,4294967295,0,0
oInvCollPH,288,240,003A52C5,0,1,1,4294967295,0,0
oInvCollPH,496,112,000EF64D,0,1,1,4294967295,0,0
oInvCollPH,496,128,0005B98B,0,1,1,4294967295,0,0
oInvCollPH,512,96,003C2056,0,1,1,4294967295,0,0
oInvCollPH,528,96,0015AC1C,0,1,1,4294967295,0,0
oInvCollPH,544,96,000B5A25,0,1,1,4294967295,0,0
oInvCollPH,560,96,002B6AE7,0,1,1,4294967295,0,0
oInvCollPH,576,96,002B21EB,0,1,1,4294967295,0,0
oInvCollPH,576,112,0017F4F1,0,1,1,4294967295,0,0
oInvCollPH,576,128,0035B6DD,0,1,1,4294967295,0,0
oInvCollPH,480,144,003690F2,0,1,1,4294967295,0,0
oInvCollPH,464,144,0000023A,0,1,1,4294967295,0,0
oInvCollPH,448,144,00293C36,0,1,1,4294967295,0,0
oInvCollPH,432,144,00015E70,0,1,1,4294967295,0,0
oInvCollPH,320,144,0037958A,0,1,1,4294967295,0,0
oInvCollPH,336,144,001CF72C,0,1,1,4294967295,0,0
oInvCollPH,352,144,002D7CC2,0,1,1,4294967295,0,0
oInvCollPH,368,144,00133414,0,1,1,4294967295,0,0
oInvCollPH,416,144,00181CE2,0,1,1,4294967295,0,0
oInvCollPH,400,144,00246C0F,0,1,1,4294967295,0,0
oInvCollPH,384,144,00368F87,0,1,1,4294967295,0,0
oInvCollPH,304,224,00212FE9,0,1,1,4294967295,0,0
oInvCollPH,304,208,00237BA8,0,1,1,4294967295,0,0
oInvCollPH,304,192,00233DCE,0,1,1,4294967295,0,0
oInvCollPH,304,176,002020E1,0,1,1,4294967295,0,0
oInvCollPH,304,160,00317D28,0,1,1,4294967295,0,0
oInvCollPH,576,144,000F0055,0,1,1,4294967295,0,0
oInvCollPH,576,160,00081E00,0,1,1,4294967295,0,0
oInvCollPH,576,176,003164A6,0,1,1,4294967295,0,0
oInvCollPH,896,256,0027AE4B,0,1,1,4294967295,0,0
oInvCollPH,896,240,00037F49,0,1,1,4294967295,0,0
oInvCollPH,896,224,001D7DDD,0,1,1,4294967295,0,0
oInvCollPH,896,208,0006CED2,0,1,1,4294967295,0,0
oInvCollPH,896,192,0017C49A,0,1,1,4294967295,0,0
oInvCollPH,880,192,002624E0,0,1,1,4294967295,0,0
oInvCollPH,864,192,00132E7A,0,1,1,4294967295,0,0
oInvCollPH,848,192,0015424F,0,1,1,4294967295,0,0
oInvCollPH,832,192,0009676A,0,1,1,4294967295,0,0
oInvCollPH,816,192,00154A29,0,1,1,4294967295,0,0
oInvCollPH,800,192,000E935F,0,1,1,4294967295,0,0
oInvCollPH,784,192,003F8BAA,0,1,1,4294967295,0,0
oInvCollPH,608,192,00276412,0,1,1,4294967295,0,0
oInvCollPH,624,192,0002260F,0,1,1,4294967295,0,0
oInvCollPH,640,192,00003770,0,1,1,4294967295,0,0
oInvCollPH,656,192,001242DE,0,1,1,4294967295,0,0
oInvCollPH,672,192,00251C8B,0,1,1,4294967295,0,0
oInvCollPH,688,192,001AACE8,0,1,1,4294967295,0,0
oInvCollPH,704,192,0014EE1F,0,1,1,4294967295,0,0
oInvCollPH,720,192,00045FD7,0,1,1,4294967295,0,0
oInvCollPH,736,192,000C9C1E,0,1,1,4294967295,0,0
oInvCollPH,768,176,002322D0,0,1,1,4294967295,0,0
oInvCollPH,912,16,0027830E,0,1,1,4294967295,0,0
oInvCollPH,928,16,0008C317,0,1,1,4294967295,0,0
oInvCollPH,944,16,003A79C9,0,1,1,4294967295,0,0
oInvCollPH,960,16,0009856E,0,1,1,4294967295,0,0
oInvCollPH,976,16,000B2461,0,1,1,4294967295,0,0
oInvCollPH,992,16,002631F7,0,1,1,4294967295,0,0
oInvCollPH,1008,16,000461DE,0,1,1,4294967295,0,0
oInvCollPH,1024,16,0000F8CD,0,1,1,4294967295,0,0
oInvCollPH,1040,16,002200B4,0,1,1,4294967295,0,0
oInvCollPH,1056,16,002DD41F,0,1,1,4294967295,0,0
oInvCollPH,1184,16,00236E23,0,1,1,4294967295,0,0
oInvCollPH,1168,16,0034010B,0,1,1,4294967295,0,0
oInvCollPH,1152,16,000396FC,0,1,1,4294967295,0,0
oInvCollPH,1136,16,001CE3F4,0,1,1,4294967295,0,0
oInvCollPH,1120,16,0014ABF5,0,1,1,4294967295,0,0
oInvCollPH,1104,16,003F6887,0,1,1,4294967295,0,0
oInvCollPH,1088,16,00403131,0,1,1,4294967295,0,0
oInvCollPH,1072,16,0025A2CC,0,1,1,4294967295,0,0
oInvCollPH,1440,128,00355DCE,0,1,1,4294967295,0,0
oInvCollPH,1440,144,0010BAFF,0,1,1,4294967295,0,0
oInvCollPH,1440,160,003E117E,0,1,1,4294967295,0,0
oInvCollPH,1456,160,000869C7,0,1,1,4294967295,0,0
oInvCollPH,1472,160,002E2ECE,0,1,1,4294967295,0,0
oInvCollPH,1488,160,0037CA62,0,1,1,4294967295,0,0
oInvCollPH,1488,144,002B9624,0,1,1,4294967295,0,0
oInvCollPH,1488,128,002E340C,0,1,1,4294967295,0,0
oInvCollPH,1488,112,0032C5A8,0,1,1,4294967295,0,0
oInvCollPH,1472,112,0005B1CB,0,1,1,4294967295,0,0
oInvCollPH,1456,112,00252009,0,1,1,4294967295,0,0
oInvCollPH,1712,176,00294066,0,1,1,4294967295,0,0
oInvCollPH,1712,192,0021A9BB,0,1,1,4294967295,0,0
oInvCollPH,1776,192,0013DA56,0,1,1,4294967295,0,0
oInvCollPH,1776,176,000DCAB4,0,1,1,4294967295,0,0
oInvCollPH,1776,160,001A2398,0,1,1,4294967295,0,0
oInvCollPH,1200,32,00307D93,0,1,1,4294967295,0,0
oInvCollPH,1200,48,0001C1EE,0,1,1,4294967295,0,0
oInvCollPH,1216,48,00138424,0,1,1,4294967295,0,0
oInvCollPH,1232,48,002C4FFC,0,1,1,4294967295,0,0
oInvCollPH,1248,48,0008358D,0,1,1,4294967295,0,0
oInvCollPH,1264,48,0023ADBA,0,1,1,4294967295,0,0
oInvCollPH,1280,48,0023E7AC,0,1,1,4294967295,0,0
oInvCollPH,1296,48,0026D13E,0,1,1,4294967295,0,0
oInvCollPH,1312,48,002C281F,0,1,1,4294967295,0,0
oInvCollPH,1328,48,000E7634,0,1,1,4294967295,0,0
oInvCollPH,1344,48,003EF130,0,1,1,4294967295,0,0
oInvCollPH,1360,32,0024CD29,0,1,1,4294967295,0,0
oInvCollPH,1376,32,001A7602,0,1,1,4294967295,0,0
oInvCollPH,1392,32,000195F2,0,1,1,4294967295,0,0
oInvCollPH,1408,32,002D11AF,0,1,1,4294967295,0,0
oInvCollPH,1424,32,0000E0DD,0,1,1,4294967295,0,0
oInvCollPH,1568,32,00363BDE,0,1,1,4294967295,0,0
oInvCollPH,1552,32,002AA265,0,1,1,4294967295,0,0
oInvCollPH,1536,32,0001374F,0,1,1,4294967295,0,0
oInvCollPH,1520,32,00397275,0,1,1,4294967295,0,0
oInvCollPH,1504,32,000237B2,0,1,1,4294967295,0,0
oInvCollPH,1488,32,000FC013,0,1,1,4294967295,0,0
oInvCollPH,1472,32,001C5848,0,1,1,4294967295,0,0
oInvCollPH,1456,32,001C49A3,0,1,1,4294967295,0,0
oInvCollPH,1440,32,00132398,0,1,1,4294967295,0,0
oInvCollPH,1696,144,003E6E02,0,1,1,4294967295,0,0
oInvCollPH,1680,144,0038F944,0,1,1,4294967295,0,0
oInvCollPH,1664,144,0024260D,0,1,1,4294967295,0,0
oInvCollPH,1648,144,00204C4D,0,1,1,4294967295,0,0
oInvCollPH,1632,144,0022D862,0,1,1,4294967295,0,0
oInvCollPH,1616,144,001895C2,0,1,1,4294967295,0,0
oInvCollPH,1600,144,00320733,0,1,1,4294967295,0,0
oInvCollPH,1584,144,00393981,0,1,1,4294967295,0,0
oInvCollPH,1568,128,000BA2C1,0,1,1,4294967295,0,0
oInvCollPH,1584,112,00382061,0,1,1,4294967295,0,0
oInvCollPH,1584,96,002C710D,0,1,1,4294967295,0,0
oInvCollPH,1776,144,0029DF17,0,1,1,4294967295,0,0
oInvCollPH,1776,128,001D1743,0,1,1,4294967295,0,0
oInvCollPH,1776,112,00400BD4,0,1,1,4294967295,0,0
oInvCollPH,1776,96,0014666F,0,1,1,4294967295,0,0
oInvCollPH,1776,80,002FD642,0,1,1,4294967295,0,0
oInvCollPH,1904,16,00130C5D,0,1,1,4294967295,0,0
oInvCollPH,1920,16,003C7E0E,0,1,1,4294967295,0,0
oInvCollPH,1936,16,0033CFC8,0,1,1,4294967295,0,0
oInvCollSM,1728,208,002C76DF,0,1,1,4294967295,0,0
oInvCollSM,1744,208,003CF8FB,0,1,1,4294967295,0,0
oInvCollSM,1760,208,002FBD10,0,1,1,4294967295,0,0
oInvCollSM,1776,208,0016D93E,0,1,1,4294967295,0,0
oInvCollSM,2352,256,0015E48F,0,1,1,4294967295,0,0
oInvCollSM,2368,256,002B45C4,0,1,1,4294967295,0,0
oInvCollSM,2384,256,00283E80,0,1,1,4294967295,0,0
oInvCollSM,2400,256,00177ECF,0,1,1,4294967295,0,0
oInvCollSM,2416,256,00347228,0,1,1,4294967295,0,0
oInvCollSM,2432,256,001E81A3,0,1,1,4294967295,0,0
oInvCollSM,2352,80,001078F2,0,1,1,4294967295,0,0
oInvCollSM,2368,80,000832A0,0,1,1,4294967295,0,0
oInvCollSM,2384,80,000A17DC,0,1,1,4294967295,0,0
oInvCollSM,2400,80,000DB653,0,1,1,4294967295,0,0
oInvCollSM,2416,80,000055B6,0,1,1,4294967295,0,0
oInvCollSM,2432,80,00265E72,0,1,1,4294967295,0,0
oInvCollSM,2208,48,0017ABA9,0,1,1,4294967295,0,0
oInvCollSM,2224,48,00334076,0,1,1,4294967295,0,0
oInvCollSM,2240,48,00263E46,0,1,1,4294967295,0,0
oInvCollSM,2256,48,0002EEF8,0,1,1,4294967295,0,0
oInvCollSM,2272,48,0037DACD,0,1,1,4294967295,0,0
oInvCollSM,2288,48,0017C951,0,1,1,4294967295,0,0
oInvCollSM,2304,48,002EA93F,0,1,1,4294967295,0,0
oInvCollSM,2320,48,00293E7D,0,1,1,4294967295,0,0
oInvCollSM,1824,128,00251E2E,0,1,1,4294967295,0,0
oInvCollSM,1840,128,002AE982,0,1,1,4294967295,0,0
oInvCollSM,1856,128,00235A5D,0,1,1,4294967295,0,0
oInvCollSM,1872,128,00102C47,0,1,1,4294967295,0,0
oInvCollSM,1888,128,00074733,0,1,1,4294967295,0,0
oInvCollSM,1984,128,003E222A,0,1,1,4294967295,0,0
oInvCollSM,1968,128,000648B8,0,1,1,4294967295,0,0
oInvCollSM,1952,128,0000EE7F,0,1,1,4294967295,0,0
oInvCollSM,1936,128,0036BB00,0,1,1,4294967295,0,0
oInvCollSM,1920,128,0012F663,0,1,1,4294967295,0,0
oInvCollSM,1904,128,00013ADC,0,1,1,4294967295,0,0
oInvCollSM,2112,176,001F008A,0,1,1,4294967295,0,0
oInvCollSM,2128,176,00345AEE,0,1,1,4294967295,0,0
oInvCollSM,2144,176,003529A9,0,1,1,4294967295,0,0
oInvCollSM,2160,176,000FDE00,0,1,1,4294967295,0,0
oInvCollSM,2304,176,00181CCA,0,1,1,4294967295,0,0
oInvCollSM,2288,176,0028CF04,0,1,1,4294967295,0,0
oInvCollSM,2272,176,0028D334,0,1,1,4294967295,0,0
oInvCollSM,2256,176,001C6CF2,0,1,1,4294967295,0,0
oInvCollSM,2240,176,000FE671,0,1,1,4294967295,0,0
oInvCollSM,2224,176,0004BB60,0,1,1,4294967295,0,0
oInvCollSM,2208,176,000E1D1F,0,1,1,4294967295,0,0
oInvCollSM,2192,176,00155F4C,0,1,1,4294967295,0,0
oInvCollSM,2176,176,00275606,0,1,1,4294967295,0,0
oInvCollSM,2112,128,0035488E,0,1,1,4294967295,0,0
oInvCollSM,2128,128,001F6E98,0,1,1,4294967295,0,0
oInvCollSM,2144,128,00133A9E,0,1,1,4294967295,0,0
oInvCollSM,2160,128,00148837,0,1,1,4294967295,0,0
oInvCollPH,2528,272,0027CA5B,0,1,1,4294967295,0,0
oInvCollPH,2544,256,0007390E,0,1,1,4294967295,0,0
oInvCollPH,2560,256,003521E8,0,1,1,4294967295,0,0
oInvCollPH,2576,256,000F58B0,0,1,1,4294967295,0,0
oInvCollPH,2624,288,0031BF0C,0,1,1,4294967295,0,0
oInvCollPH,2624,272,001AB235,0,1,1,4294967295,0,0
oInvCollPH,2448,208,002B194E,0,1,1,4294967295,0,0
oInvCollPH,2464,208,0022821E,0,1,1,4294967295,0,0
oInvCollPH,2480,208,0034BA34,0,1,1,4294967295,0,0
oInvCollPH,2480,192,000F8EAC,0,1,1,4294967295,0,0
oInvCollPH,2464,192,0006A7EC,0,1,1,4294967295,0,0
oInvCollPH,2336,128,00330972,0,1,1,4294967295,0,0
oInvCollPH,2336,144,001D3F92,0,1,1,4294967295,0,0
oInvCollPH,2336,160,0037501B,0,1,1,4294967295,0,0
oInvCollPH,2336,176,003B1260,0,1,1,4294967295,0,0
oInvCollPH,2336,192,0010FD87,0,1,1,4294967295,0,0
oInvCollPH,2336,208,003FEAB7,0,1,1,4294967295,0,0
oInvCollPH,2336,224,0026CF49,0,1,1,4294967295,0,0
oInvCollPH,2336,240,001A5DAC,0,1,1,4294967295,0,0
oInvCollPH,2432,240,00139694,0,1,1,4294967295,0,0
oInvCollPH,2432,224,002AF699,0,1,1,4294967295,0,0
oInvCollPH,2432,176,0005509B,0,1,1,4294967295,0,0
oInvCollPH,2432,160,0006087D,0,1,1,4294967295,0,0
oInvCollPH,2432,144,003978D4,0,1,1,4294967295,0,0
oInvCollPH,2432,128,00064871,0,1,1,4294967295,0,0
oInvCollPH,2432,112,0032462B,0,1,1,4294967295,0,0
oInvCollPH,2416,112,00035AFA,0,1,1,4294967295,0,0
oInvCollPH,2400,112,001F0C86,0,1,1,4294967295,0,0
oInvCollPH,2384,112,001F26F8,0,1,1,4294967295,0,0
oInvCollPH,2368,112,000D5BE2,0,1,1,4294967295,0,0
oInvCollPH,2352,112,00027905,0,1,1,4294967295,0,0
oInvCollPH,2112,160,002D9EF7,0,1,1,4294967295,0,0
oInvCollPH,2128,160,00084BAB,0,1,1,4294967295,0,0
oInvCollPH,2144,160,0009FF42,0,1,1,4294967295,0,0
oInvCollPH,2160,160,0010AD55,0,1,1,4294967295,0,0
oInvCollPH,2176,160,00201A8B,0,1,1,4294967295,0,0
oInvCollPH,2096,112,00378B1E,0,1,1,4294967295,0,0
oInvCollPH,2160,112,0024EE7F,0,1,1,4294967295,0,0
oInvCollPH,2160,96,00087345,0,1,1,4294967295,0,0
oInvCollPH,2192,96,0002122A,0,1,1,4294967295,0,0
oInvCollPH,2192,112,00357A1D,0,1,1,4294967295,0,0
oInvCollPH,2192,128,0008B837,0,1,1,4294967295,0,0
oInvCollPH,2192,144,0023CD0A,0,1,1,4294967295,0,0
oInvCollPH,2208,80,00142170,0,1,1,4294967295,0,0
oInvCollPH,2224,80,001187AB,0,1,1,4294967295,0,0
oInvCollPH,2240,80,00376E70,0,1,1,4294967295,0,0
oInvCollPH,2256,80,00215285,0,1,1,4294967295,0,0
oInvCollPH,2272,80,00152FE2,0,1,1,4294967295,0,0
oInvCollPH,2288,80,000FEC76,0,1,1,4294967295,0,0
oInvCollPH,2304,80,001BF5E6,0,1,1,4294967295,0,0
oInvCollPH,2304,96,0001E577,0,1,1,4294967295,0,0
oInvCollPH,2304,112,0001BED4,0,1,1,4294967295,0,0
oInvCollPH,2304,128,0032BF3C,0,1,1,4294967295,0,0
oInvCollPH,2304,144,0026EDED,0,1,1,4294967295,0,0
oInvCollPH,2304,160,002A586B,0,1,1,4294967295,0,0
oInvCollPH,2560,112,00325F6F,0,1,1,4294967295,0,0
oInvCollPH,2560,128,003C744F,0,1,1,4294967295,0,0
oInvCollPH,2576,128,0034B04F,0,1,1,4294967295,0,0
oInvCollPH,2592,128,0006BEE4,0,1,1,4294967295,0,0
oInvCollPH,2608,128,00133E87,0,1,1,4294967295,0,0
oInvCollPH,2624,128,003E560E,0,1,1,4294967295,0,0
oInvCollPH,2640,128,00168DFD,0,1,1,4294967295,0,0
oInvCollPH,2544,80,001621B8,0,1,1,4294967295,0,0
oInvCollPH,2528,80,002D8E63,0,1,1,4294967295,0,0
oInvCollPH,2512,80,0023E804,0,1,1,4294967295,0,0
oInvCollPH,2496,80,0019ED38,0,1,1,4294967295,0,0
oInvCollPH,2496,64,0008B392,0,1,1,4294967295,0,0
oInvCollPH,2496,48,000FB6AB,0,1,1,4294967295,0,0
oInvCollPH,2448,32,0034D5D1,0,1,1,4294967295,0,0
oInvCollPH,2464,32,0003A281,0,1,1,4294967295,0,0
oInvCollPH,2480,32,00099100,0,1,1,4294967295,0,0
oInvCollPH,2176,16,00182B1B,0,1,1,4294967295,0,0
oInvCollPH,2336,288,001C109B,0,1,1,4294967295,0,0
oInvCollPH,2352,288,00060209,0,1,1,4294967295,0,0
oInvCollPH,2368,288,0002E9FC,0,1,1,4294967295,0,0
oInvCollPH,2384,288,0038F196,0,1,1,4294967295,0,0
oInvCollPH,2400,288,001DABA3,0,1,1,4294967295,0,0
oInvCollPH,2464,288,0012AC67,0,1,1,4294967295,0,0
oInvCollPH,2448,288,00377809,0,1,1,4294967295,0,0
oInvCollPH,2432,288,001FC5E2,0,1,1,4294967295,0,0
oInvCollPH,2416,288,0039B89E,0,1,1,4294967295,0,0
oInvCollPH,2480,288,0019F44D,0,1,1,4294967295,0,0
oInvCollPH,2496,288,0038F112,0,1,1,4294967295,0,0
oInvCollPH,2512,288,003941B3,0,1,1,4294967295,0,0
oInvCollSM,1808,48,00124DC3,0,1,1,4294967295,0,0
oInvCollSM,1824,48,00159984,0,1,1,4294967295,0,0
oInvCollSM,1840,48,001AC885,0,1,1,4294967295,0,0
oInvCollSM,1856,48,0012252A,0,1,1,4294967295,0,0
oInvCollSM,1872,48,00386C0C,0,1,1,4294967295,0,0
oInvCollSM,1888,48,000E0DC4,0,1,1,4294967295,0,0
oInvCollPH,1888,32,0007F3D5,0,1,1,4294967295,0,0
oInvCollPH,2336,64,0034920A,0,1,1,4294967295,0,0
oInvCollPH,2432,64,000D6514,0,1,1,4294967295,0,0
oInvCollPH,2432,48,00194265,0,1,1,4294967295,0,0
oInvCollPH,1200,256,0038EA55,0,1,1,4294967295,0,0
oInvCollPH,1200,240,001FFEC0,0,1,1,4294967295,0,0
oInvCollPH,1200,224,0004723F,0,1,1,4294967295,0,0
oInvCollPH,1200,208,0021C7EF,0,1,1,4294967295,0,0
oInvCollPH,1200,192,00138649,0,1,1,4294967295,0,0
oInvCollPH,1200,176,001B856F,0,1,1,4294967295,0,0
oInvCollPH,1216,160,000E54BF,0,1,1,4294967295,0,0
oInvCollPH,1232,160,0015F1A9,0,1,1,4294967295,0,0
oInvCollPH,1248,160,0013D0FE,0,1,1,4294967295,0,0
oInvCollPH,1264,160,00220749,0,1,1,4294967295,0,0
oInvCollPH,1280,160,00189681,0,1,1,4294967295,0,0
oInvCollPH,1296,160,002DA278,0,1,1,4294967295,0,0
oInvCollPH,1312,160,0021A251,0,1,1,4294967295,0,0
oInvCollPH,1328,160,0003B8F6,0,1,1,4294967295,0,0
oInvCollPH,1344,160,0010908A,0,1,1,4294967295,0,0
oInvCollPH,1344,176,00045B65,0,1,1,4294967295,0,0
oInvCollPH,1344,192,00147EB4,0,1,1,4294967295,0,0
oInvCollPH,1344,208,00236CB3,0,1,1,4294967295,0,0
oInvCollPH,1344,224,002E113A,0,1,1,4294967295,0,0
oInvCollPH,2080,80,001A8859,0,1,1,4294967295,0,0
oInvCollPH,2064,80,002E3AFF,0,1,1,4294967295,0,0
oInvCollPH,2048,80,00037B76,0,1,1,4294967295,0,0
oInvCollPH,2032,80,00170994,0,1,1,4294967295,0,0
oInvCollPH,2016,80,0016BCD8,0,1,1,4294967295,0,0
oInvCollPH,2000,80,0025D602,0,1,1,4294967295,0,0
oInvCollPH,1952,64,002F7E15,0,1,1,4294967295,0,0
oInvCollPH,1952,48,0002C506,0,1,1,4294967295,0,0
oInvCollPH,1952,32,003D15A7,0,1,1,4294967295,0,0
oInvCollPH,2160,80,00315C0F,0,1,1,4294967295,0,0
oInvCollPH,2160,64,00118995,0,1,1,4294967295,0,0
oInvCollPH,2160,48,000B69CD,0,1,1,4294967295,0,0
oInvCollPH,2160,32,001505B3,0,1,1,4294967295,0,0
oInvCollPH,2192,32,000553D4,0,1,1,4294967295,0,0
oInvCollPH,1808,96,002357FD,0,1,1,4294967295,0,0
oInvCollPH,1808,112,00339232,0,1,1,4294967295,0,0
oInvCollPH,1824,80,00130FDD,0,1,1,4294967295,0,0
oInvCollPH,1840,80,00198390,0,1,1,4294967295,0,0
oInvCollPH,1856,80,002915ED,0,1,1,4294967295,0,0
oInvCollPH,1872,80,0031F52E,0,1,1,4294967295,0,0
oInvCollPH,1888,80,00084B69,0,1,1,4294967295,0,0
oInvCollPH,1904,80,000424A6,0,1,1,4294967295,0,0
oInvCollPH,1920,80,0027645D,0,1,1,4294967295,0,0
oInvCollPH,1936,80,002862BE,0,1,1,4294967295,0,0
oInvCollPH,1984,96,003A7D8F,0,1,1,4294967295,0,0
oInvCollPH,1984,112,00318E11,0,1,1,4294967295,0,0
oInvCollPH,2304,272,002FD33F,0,1,1,4294967295,0,0
oInvCollPH,2304,256,000E531C,0,1,1,4294967295,0,0
oInvCollPH,2304,240,00131F0D,0,1,1,4294967295,0,0
oInvCollPH,2304,224,001918F2,0,1,1,4294967295,0,0
oInvCollPH,2304,208,0012D185,0,1,1,4294967295,0,0
oInvCollPH,2288,208,001BCA8A,0,1,1,4294967295,0,0
oInvCollPH,2272,208,002E8424,0,1,1,4294967295,0,0
oInvCollPH,2256,208,002AABAA,0,1,1,4294967295,0,0
oInvCollPH,2240,208,0027AC7F,0,1,1,4294967295,0,0
oInvCollPH,2160,208,00045B8B,0,1,1,4294967295,0,0
oInvCollPH,2176,208,0006197B,0,1,1,4294967295,0,0
oInvCollPH,2192,208,0008571F,0,1,1,4294967295,0,0
oInvCollPH,2208,208,000C7336,0,1,1,4294967295,0,0
oInvCollPH,2224,208,002E1EF2,0,1,1,4294967295,0,0
oInvCollPH,2016,208,00286865,0,1,1,4294967295,0,0
oInvCollPH,2032,208,00124F59,0,1,1,4294967295,0,0
oInvCollPH,2048,208,001E39D3,0,1,1,4294967295,0,0
oInvCollPH,2064,208,003A5B2C,0,1,1,4294967295,0,0
oInvCollPH,2080,208,003674E3,0,1,1,4294967295,0,0
oInvCollPH,2096,208,00228DE0,0,1,1,4294967295,0,0
oInvCollPH,2112,208,00197007,0,1,1,4294967295,0,0
oInvCollPH,2128,208,000A1278,0,1,1,4294967295,0,0
oInvCollPH,2144,208,00309128,0,1,1,4294967295,0,0
oInvCollPH,1808,224,000C1893,0,1,1,4294967295,0,0
oInvCollPH,1808,208,00088BA8,0,1,1,4294967295,0,0
oInvCollPH,1808,192,003E0F74,0,1,1,4294967295,0,0
oInvCollPH,1808,176,003B6196,0,1,1,4294967295,0,0
oInvCollPH,1984,192,000D2A68,0,1,1,4294967295,0,0
oInvCollPH,1984,176,0037691A,0,1,1,4294967295,0,0
oInvCollPH,1984,160,002BE706,0,1,1,4294967295,0,0
oInvCollPH,1968,160,0005863E,0,1,1,4294967295,0,0
oInvCollPH,1952,160,002BF6D6,0,1,1,4294967295,0,0
oInvCollPH,1936,160,00344203,0,1,1,4294967295,0,0
oInvCollPH,1920,160,00206E76,0,1,1,4294967295,0,0
oInvCollPH,1824,160,000EB825,0,1,1,4294967295,0,0
oInvCollPH,1840,160,0026FD87,0,1,1,4294967295,0,0
oInvCollPH,1856,160,00289AA0,0,1,1,4294967295,0,0
oInvCollPH,1872,160,001FE402,0,1,1,4294967295,0,0
oInvCollPH,1888,160,0001CB05,0,1,1,4294967295,0,0
oInvCollPH,1904,160,0023ED51,0,1,1,4294967295,0,0
oInvCollPH,1792,240,003CE0EF,0,1,1,4294967295,0,0
oInvCollPH,1776,240,002ABCF5,0,1,1,4294967295,0,0
oInvCollPH,1760,240,003CD4E9,0,1,1,4294967295,0,0
oInvCollPH,1744,240,0006CC0B,0,1,1,4294967295,0,0
oInvCollPH,1728,240,001715C9,0,1,1,4294967295,0,0
oInvCollPH,1648,240,002934DF,0,1,1,4294967295,0,0
oInvCollPH,1664,240,00027D03,0,1,1,4294967295,0,0
oInvCollPH,1680,240,003267C3,0,1,1,4294967295,0,0
oInvCollPH,1696,240,002882CE,0,1,1,4294967295,0,0
oInvCollPH,1712,240,0017DC50,0,1,1,4294967295,0,0
oInvCollPH,1376,240,000F0CF3,0,1,1,4294967295,0,0
oInvCollPH,1392,240,0001A3F7,0,1,1,4294967295,0,0
oInvCollPH,1408,240,001085C7,0,1,1,4294967295,0,0
oInvCollPH,1424,240,0016774C,0,1,1,4294967295,0,0
oInvCollPH,1504,240,002307DD,0,1,1,4294967295,0,0
oInvCollPH,1488,240,002F1276,0,1,1,4294967295,0,0
oInvCollPH,1472,240,002C5752,0,1,1,4294967295,0,0
oInvCollPH,1456,240,002C20D9,0,1,1,4294967295,0,0
oInvCollPH,1440,240,001F72CF,0,1,1,4294967295,0,0
oInvCollPH,1568,240,002E240C,0,1,1,4294967295,0,0
oInvCollPH,1584,240,0031F249,0,1,1,4294967295,0,0
oInvCollPH,1520,240,00076582,0,1,1,4294967295,0,0
oInvCollPH,1536,240,00246AB4,0,1,1,4294967295,0,0
oInvCollPH,1552,240,0028D10C,0,1,1,4294967295,0,0
oInvCollPH,1632,240,003DB21B,0,1,1,4294967295,0,0
oInvCollPH,1616,240,0028D6EA,0,1,1,4294967295,0,0
oInvCollPH,1600,240,001098F9,0,1,1,4294967295,0,0
oInvCollPH,2656,160,003B6AC4,0,1,1,4294967295,0,0
oInvCollPH,2640,256,000CC301,0,1,1,4294967295,0,0
oInvCollPH,2656,256,0017CA5F,0,1,1,4294967295,0,0
oInvCollPH,2656,176,000D27D9,0,1,1,4294967295,0,0
oInvCollPH,1600,80,00215B12,0,1,1,4294967295,0,0
oInvCollPH,1616,80,0015B7AB,0,1,1,4294967295,0,0
oInvCollPH,1632,80,00280274,0,1,1,4294967295,0,0
oInvCollPH,1648,80,00001A4E,0,1,1,4294967295,0,0
oInvCollPH,1664,80,003DFF53,0,1,1,4294967295,0,0
oInvCollPH,1680,80,0032D9E3,0,1,1,4294967295,0,0
oInvCollPH,1696,80,0027D7C4,0,1,1,4294967295,0,0
oInvCollPH,1712,80,002AE5D2,0,1,1,4294967295,0,0
oInvCollPH,1728,80,00335FEA,0,1,1,4294967295,0,0
oInvCollPH,1744,80,00039AD1,0,1,1,4294967295,0,0
oInvCollPH,1760,80,000D6B80,0,1,1,4294967295,0,0
oInvCollSM,1600,48,003E5B16,0,1,1,4294967295,0,0
oInvCollSM,1616,48,0012D930,0,1,1,4294967295,0,0
oInvCollSM,1632,48,0018747B,0,1,1,4294967295,0,0
oInvCollSM,1648,48,00377FD9,0,1,1,4294967295,0,0
oInvCollSM,1664,48,000D8E8E,0,1,1,4294967295,0,0
oInvCollSM,1680,48,0016C908,0,1,1,4294967295,0,0
oInvCollSM,1696,48,00042905,0,1,1,4294967295,0,0
oInvCollSM,1712,48,00291137,0,1,1,4294967295,0,0
oInvCollSM,1728,48,000B738D,0,1,1,4294967295,0,0
oInvCollSM,1744,48,000F3589,0,1,1,4294967295,0,0
oInvCollSM,1760,48,002F8006,0,1,1,4294967295,0,0
oInvCollSM,1776,48,000B16A0,0,1,1,4294967295,0,0
oInvCollSM,1792,48,0026C3B0,0,1,1,4294967295,0,0
oInvCollPH,1552,144,000796A0,0,1,1,4294967295,0,0
oInvCollPH,1568,144,003FEF9E,0,1,1,4294967295,0,0
oInvCollPH,2672,176,0025CD47,0,1,1,4294967295,0,0
oInvCollPH,2688,176,0017BFFB,0,1,1,4294967295,0,0
oInvCollPH,2704,176,001A303B,0,1,1,4294967295,0,0
oInvCollPH,2720,176,00337C62,0,1,1,4294967295,0,0
oInvCollPH,2672,256,00325C56,0,1,1,4294967295,0,0
oInvCollPH,2688,256,00400D2A,0,1,1,4294967295,0,0
oInvCollPH,2704,256,003CEF14,0,1,1,4294967295,0,0
oInvCollPH,2720,256,0013D431,0,1,1,4294967295,0,0
oInvCollPH,1488,320,000E9910,0,1,1,4294967295,0,0
oInvCollPH,2080,320,0009E913,0,1,1,4294967295,0,0
oInvCollPH,2576,272,001EDD2A,0,1,1,4294967295,0,0
oInvCollPH,2576,288,003AECC1,0,1,1,4294967295,0,0
oInvCollPH,2624,304,0009BEC1,0,1,1,4294967295,0,0
oInvCollPH,2624,320,003BDBCA,0,1,1,4294967295,0,0
oInvCollPH,2608,336,0034FE53,0,1,1,4294967295,0,0
oInvCollPH,2592,336,000CED67,0,1,1,4294967295,0,0
oInvCollPH,2576,336,000092E3,0,1,1,4294967295,0,0
oInvCollPH,2560,336,001C5995,0,1,1,4294967295,0,0
oInvCollPH,2544,336,003EAF87,0,1,1,4294967295,0,0
oInvCollPH,2528,336,0033D2ED,0,1,1,4294967295,0,0
oInvCollPH,2512,336,001E72EA,0,1,1,4294967295,0,0
oInvCollPH,2496,336,000B7C3E,0,1,1,4294967295,0,0
oInvCollPH,2480,336,0034CB73,0,1,1,4294967295,0,0
oInvCollPH,2464,336,0011695D,0,1,1,4294967295,0,0
oInvCollPH,2448,336,0034C0FE,0,1,1,4294967295,0,0
oInvCollPH,2432,336,003A6B32,0,1,1,4294967295,0,0
oInvCollPH,2416,336,0039A967,0,1,1,4294967295,0,0
oInvCollPH,2400,336,00128E6B,0,1,1,4294967295,0,0
oInvCollPH,2384,336,002828C7,0,1,1,4294967295,0,0
oInvCollPH,2368,336,003FADE6,0,1,1,4294967295,0,0
oInvCollPH,2352,336,001EC179,0,1,1,4294967295,0,0
oInvCollPH,2336,336,002761B5,0,1,1,4294967295,0,0
oInvCollPH,2320,336,0001BE9C,0,1,1,4294967295,0,0
oInvCollPH,2304,336,001A1D2F,0,1,1,4294967295,0,0
oInvCollPH,2288,336,0001FC42,0,1,1,4294967295,0,0
oInvCollPH,2272,336,0001BF02,0,1,1,4294967295,0,0
oInvCollPH,2256,336,00310C59,0,1,1,4294967295,0,0
oInvCollPH,2240,336,001A515E,0,1,1,4294967295,0,0
oInvCollPH,2224,336,002CF331,0,1,1,4294967295,0,0
oInvCollPH,2208,336,003399DF,0,1,1,4294967295,0,0
oInvCollPH,2192,336,002AA663,0,1,1,4294967295,0,0
oInvCollPH,2176,336,00131376,0,1,1,4294967295,0,0
oInvCollPH,2160,336,001B37C0,0,1,1,4294967295,0,0
oInvCollPH,2144,336,002B359B,0,1,1,4294967295,0,0
oInvCollPH,2128,336,00140FC3,0,1,1,4294967295,0,0
oInvCollPH,2112,336,0015808B,0,1,1,4294967295,0,0
oInvCollPH,2096,336,0001B2EB,0,1,1,4294967295,0,0
oInvCollPH,2048,336,003DC31E,0,1,1,4294967295,0,0
oInvCollPH,2032,336,00089C76,0,1,1,4294967295,0,0
oInvCollPH,2016,336,001926C3,0,1,1,4294967295,0,0
oInvCollPH,2000,336,00145066,0,1,1,4294967295,0,0
oInvCollPH,1984,336,003227B1,0,1,1,4294967295,0,0
oInvCollPH,1968,336,00339191,0,1,1,4294967295,0,0
oInvCollPH,1952,336,000A240F,0,1,1,4294967295,0,0
oInvCollPH,1936,336,0007BCCA,0,1,1,4294967295,0,0
oInvCollPH,128,336,0039892A,0,1,1,4294967295,0,0
oInvCollPH,144,336,000090C0,0,1,1,4294967295,0,0
oInvCollPH,160,336,000C0FCF,0,1,1,4294967295,0,0
oInvCollPH,176,336,001BA989,0,1,1,4294967295,0,0
oInvCollPH,192,336,0007D2C7,0,1,1,4294967295,0,0
oInvCollPH,208,336,003997B9,0,1,1,4294967295,0,0
oInvCollPH,224,336,000FB34B,0,1,1,4294967295,0,0
oInvCollPH,240,336,00048194,0,1,1,4294967295,0,0
oInvCollPH,256,336,0017B583,0,1,1,4294967295,0,0
oInvCollPH,272,336,002CC4E0,0,1,1,4294967295,0,0
oInvCollPH,288,336,002C2C19,0,1,1,4294967295,0,0
oInvCollPH,304,336,00248186,0,1,1,4294967295,0,0
oInvCollPH,320,336,002BA3F0,0,1,1,4294967295,0,0
oInvCollPH,336,336,00184DA7,0,1,1,4294967295,0,0
oInvCollPH,352,336,0038C938,0,1,1,4294967295,0,0
oInvCollPH,368,336,000993FD,0,1,1,4294967295,0,0
oInvCollPH,384,336,00388F00,0,1,1,4294967295,0,0
oInvCollPH,400,336,0015DD11,0,1,1,4294967295,0,0
oInvCollPH,416,336,003861C1,0,1,1,4294967295,0,0
oInvCollPH,432,336,00016F50,0,1,1,4294967295,0,0
oInvCollPH,448,336,002D6E0A,0,1,1,4294967295,0,0
oInvCollPH,464,336,001D79EE,0,1,1,4294967295,0,0
oInvCollPH,480,336,003399D5,0,1,1,4294967295,0,0
oInvCollPH,496,336,00204807,0,1,1,4294967295,0,0
oInvCollPH,512,336,0001B596,0,1,1,4294967295,0,0
oInvCollPH,528,336,0031D9C8,0,1,1,4294967295,0,0
oInvCollPH,544,336,0033A99A,0,1,1,4294967295,0,0
oInvCollPH,560,336,003700AF,0,1,1,4294967295,0,0
oInvCollPH,576,336,0018EBAA,0,1,1,4294967295,0,0
oInvCollPH,592,336,000FAEAE,0,1,1,4294967295,0,0
oInvCollPH,608,336,003BF019,0,1,1,4294967295,0,0
oInvCollPH,624,336,0032CD82,0,1,1,4294967295,0,0
oInvCollPH,640,336,0013C956,0,1,1,4294967295,0,0
oInvCollPH,656,336,00027C43,0,1,1,4294967295,0,0
oInvCollPH,672,336,002B73B0,0,1,1,4294967295,0,0
oInvCollPH,688,336,0018AC58,0,1,1,4294967295,0,0
oInvCollPH,704,336,0026ACF5,0,1,1,4294967295,0,0
oInvCollPH,720,336,001237F5,0,1,1,4294967295,0,0
oInvCollPH,736,336,002FF65B,0,1,1,4294967295,0,0
oInvCollPH,752,336,00023E4F,0,1,1,4294967295,0,0
oInvCollPH,768,336,00086BE6,0,1,1,4294967295,0,0
oInvCollPH,784,336,0000687C,0,1,1,4294967295,0,0
oInvCollPH,800,336,00117F40,0,1,1,4294967295,0,0
oInvCollPH,816,336,00382969,0,1,1,4294967295,0,0
oInvCollPH,832,336,0028252D,0,1,1,4294967295,0,0
oInvCollPH,848,336,00106F15,0,1,1,4294967295,0,0
oInvCollPH,864,336,00368456,0,1,1,4294967295,0,0
oInvCollPH,880,336,00206ECC,0,1,1,4294967295,0,0
oInvCollPH,896,336,0003B415,0,1,1,4294967295,0,0
oInvCollPH,912,336,001B7AA1,0,1,1,4294967295,0,0
oInvCollPH,928,336,00337C85,0,1,1,4294967295,0,0
oInvCollPH,944,336,0002E4C8,0,1,1,4294967295,0,0
oInvCollPH,960,336,000B80FA,0,1,1,4294967295,0,0
oInvCollPH,976,336,0034B378,0,1,1,4294967295,0,0
oInvCollPH,992,336,00093398,0,1,1,4294967295,0,0
oInvCollPH,1008,336,003B03E4,0,1,1,4294967295,0,0
oInvCollPH,1024,336,002A5CCB,0,1,1,4294967295,0,0
oInvCollPH,1040,336,0014100F,0,1,1,4294967295,0,0
oInvCollPH,1056,336,002A3747,0,1,1,4294967295,0,0
oInvCollPH,1072,336,002DC10A,0,1,1,4294967295,0,0
oInvCollPH,1088,336,0024FA84,0,1,1,4294967295,0,0
oInvCollPH,1104,336,002ED8CC,0,1,1,4294967295,0,0
oInvCollPH,1120,336,0019C476,0,1,1,4294967295,0,0
oInvCollPH,1136,336,0009D477,0,1,1,4294967295,0,0
oInvCollPH,1152,336,001E219E,0,1,1,4294967295,0,0
oInvCollPH,1168,336,0003DD08,0,1,1,4294967295,0,0
oInvCollPH,1184,336,002034EB,0,1,1,4294967295,0,0
oInvCollPH,1200,336,001FA144,0,1,1,4294967295,0,0
oInvCollPH,1216,336,001D55B9,0,1,1,4294967295,0,0
oInvCollPH,1232,336,003DBF4A,0,1,1,4294967295,0,0
oInvCollPH,1248,336,00153CDD,0,1,1,4294967295,0,0
oInvCollPH,1264,336,003669ED,0,1,1,4294967295,0,0
oInvCollPH,1280,336,00088E9C,0,1,1,4294967295,0,0
oInvCollPH,1296,336,000CBBE7,0,1,1,4294967295,0,0
oInvCollPH,1312,336,001C6423,0,1,1,4294967295,0,0
oInvCollPH,1328,336,001329B4,0,1,1,4294967295,0,0
oInvCollPH,1344,336,000FFF66,0,1,1,4294967295,0,0
oInvCollPH,1360,336,003EA747,0,1,1,4294967295,0,0
oInvCollPH,1376,336,003742CB,0,1,1,4294967295,0,0
oInvCollPH,1392,336,0032F77C,0,1,1,4294967295,0,0
oInvCollPH,1408,336,00194FA6,0,1,1,4294967295,0,0
oInvCollPH,1424,336,0012BF1D,0,1,1,4294967295,0,0
oInvCollPH,1440,336,00262522,0,1,1,4294967295,0,0
oInvCollPH,1456,336,0008F2DC,0,1,1,4294967295,0,0
oInvCollPH,1504,336,000B5ED5,0,1,1,4294967295,0,0
oInvCollPH,1520,336,001EAE5F,0,1,1,4294967295,0,0
oInvCollPH,1536,336,0029E2C4,0,1,1,4294967295,0,0
oInvCollPH,1552,336,0028A825,0,1,1,4294967295,0,0
oInvCollPH,1568,336,002B0CD8,0,1,1,4294967295,0,0
oInvCollPH,1584,336,002D0E91,0,1,1,4294967295,0,0
oInvCollPH,1600,336,000F3976,0,1,1,4294967295,0,0
oInvCollPH,1616,336,0035DF15,0,1,1,4294967295,0,0
oInvCollPH,1632,336,00347A95,0,1,1,4294967295,0,0
oInvCollPH,1648,336,0028ED41,0,1,1,4294967295,0,0
oInvCollPH,1664,336,003E4E4B,0,1,1,4294967295,0,0
oInvCollPH,1680,336,003EEA18,0,1,1,4294967295,0,0
oInvCollPH,1696,336,003DD623,0,1,1,4294967295,0,0
oInvCollPH,1712,336,0034FEB9,0,1,1,4294967295,0,0
oInvCollPH,1728,336,001D156A,0,1,1,4294967295,0,0
oInvCollPH,1744,336,001601E0,0,1,1,4294967295,0,0
oInvCollPH,1760,336,0029954B,0,1,1,4294967295,0,0
oInvCollPH,1776,336,000E55FE,0,1,1,4294967295,0,0
oInvCollPH,1792,336,00210212,0,1,1,4294967295,0,0
oInvCollPH,1808,336,003EF6BC,0,1,1,4294967295,0,0
oInvCollPH,1824,336,001CCFF5,0,1,1,4294967295,0,0
oInvCollPH,1840,336,0005A1C2,0,1,1,4294967295,0,0
oInvCollPH,1856,336,0001C733,0,1,1,4294967295,0,0
oInvCollPH,1872,336,0000D84C,0,1,1,4294967295,0,0
oInvCollPH,1888,336,001DDE92,0,1,1,4294967295,0,0
oInvCollPH,1904,336,00054CB8,0,1,1,4294967295,0,0
oInvCollPH,1920,336,003B18A6,0,1,1,4294967295,0,0
oInvCollSM,1456,288,003576E8,0,1,1,4294967295,0,0
oInvCollSM,1472,288,000E2E32,0,1,1,4294967295,0,0
oInvCollSM,1488,288,001F62D9,0,1,1,4294967295,0,0
oInvCollSM,1504,288,0028F2B4,0,1,1,4294967295,0,0
oInvCollSM,1520,288,0029D6F5,0,1,1,4294967295,0,0
oInvCollSM,2048,288,001A68A1,0,1,1,4294967295,0,0
oInvCollSM,2064,288,00277680,0,1,1,4294967295,0,0
oInvCollSM,2080,288,000B64A8,0,1,1,4294967295,0,0
oInvCollSM,2096,288,000A2AC6,0,1,1,4294967295,0,0
oInvCollSM,2112,288,003194FF,0,1,1,4294967295,0,0
oInvCollSM,2144,304,00306B48,0,1,1,4294967295,0,0
oInvCollSM,2160,304,00171A22,0,1,1,4294967295,0,0
oInvCollSM,2176,304,002D5855,0,1,1,4294967295,0,0
oInvCollSM,2192,304,001B38DF,0,1,1,4294967295,0,0
oInvCollSM,2208,304,0010B9D9,0,1,1,4294967295,0,0
oInvCollSM,2224,304,001D9439,0,1,1,4294967295,0,0
oInvCollSM,2240,304,002DE5C3,0,1,1,4294967295,0,0
oInvCollSM,2256,304,00176D23,0,1,1,4294967295,0,0
oInvCollSM,2272,304,0014E317,0,1,1,4294967295,0,0
oInvCollSM,2288,304,003C0FC7,0,1,1,4294967295,0,0
oInvCollSM,2304,304,0025F976,0,1,1,4294967295,0,0
oInvCollSM,2320,304,0002A44C,0,1,1,4294967295,0,0
oInvCollSM,2336,304,00400944,0,1,1,4294967295,0,0
oInvCollSM,2352,304,00366F91,0,1,1,4294967295,0,0
oInvCollSM,2368,304,00211951,0,1,1,4294967295,0,0
oInvCollSM,2384,304,001829B1,0,1,1,4294967295,0,0
oInvCollSM,2400,304,00345E32,0,1,1,4294967295,0,0
oInvCollSM,2416,304,002CFCA4,0,1,1,4294967295,0,0
oInvCollSM,2432,304,002B7967,0,1,1,4294967295,0,0
oInvCollSM,2448,304,002D8850,0,1,1,4294967295,0,0
oInvCollSM,2464,304,0031B5F3,0,1,1,4294967295,0,0
oInvCollSM,2480,304,002A1FD9,0,1,1,4294967295,0,0
oInvCollSM,2496,304,0010DED5,0,1,1,4294967295,0,0
oInvCollSM,2512,304,00264F4E,0,1,1,4294967295,0,0
oInvCollSM,2528,304,00241FC2,0,1,1,4294967295,0,0
oInvCollSM,2544,304,000B6F17,0,1,1,4294967295,0,0
oInvCollSM,2560,304,003A5BD2,0,1,1,4294967295,0,0
oInvCollSM,2576,304,002AC2AC,0,1,1,4294967295,0,0
oInvCollSM,1552,304,0020EC34,0,1,1,4294967295,0,0
oInvCollSM,1568,304,003AEC10,0,1,1,4294967295,0,0
oInvCollSM,1584,304,0006DF0A,0,1,1,4294967295,0,0
oInvCollSM,1600,304,0007037E,0,1,1,4294967295,0,0
oInvCollSM,1616,304,002D28CB,0,1,1,4294967295,0,0
oInvCollSM,1632,304,0027062E,0,1,1,4294967295,0,0
oInvCollSM,1648,304,000C89EA,0,1,1,4294967295,0,0
oInvCollSM,1664,304,0026AE12,0,1,1,4294967295,0,0
oInvCollSM,1680,304,003B5F61,0,1,1,4294967295,0,0
oInvCollSM,1696,304,00401FF5,0,1,1,4294967295,0,0
oInvCollSM,1712,304,000310D1,0,1,1,4294967295,0,0
oInvCollSM,1728,304,002FCE52,0,1,1,4294967295,0,0
oInvCollSM,1744,304,00358CBE,0,1,1,4294967295,0,0
oInvCollSM,1760,304,0033939B,0,1,1,4294967295,0,0
oInvCollSM,1776,304,00272D20,0,1,1,4294967295,0,0
oInvCollSM,1792,304,002F7130,0,1,1,4294967295,0,0
oInvCollSM,1808,304,00233C44,0,1,1,4294967295,0,0
oInvCollSM,1824,304,000C4E98,0,1,1,4294967295,0,0
oInvCollSM,1840,304,001A2FC8,0,1,1,4294967295,0,0
oInvCollSM,1856,304,003A8F74,0,1,1,4294967295,0,0
oInvCollSM,1872,304,003C0E25,0,1,1,4294967295,0,0
oInvCollSM,1888,304,00304603,0,1,1,4294967295,0,0
oInvCollSM,1904,304,001DB1B5,0,1,1,4294967295,0,0
oInvCollSM,1920,304,0001EDCE,0,1,1,4294967295,0,0
oInvCollSM,1936,304,00247C84,0,1,1,4294967295,0,0
oInvCollSM,1952,304,00097F99,0,1,1,4294967295,0,0
oInvCollSM,1968,304,003290DD,0,1,1,4294967295,0,0
oInvCollSM,1984,304,0013E7E8,0,1,1,4294967295,0,0
oInvCollSM,2000,304,00007BFD,0,1,1,4294967295,0,0
oInvCollSM,2016,304,001713A6,0,1,1,4294967295,0,0
oInvCollSM,160,304,003B1CEC,0,1,1,4294967295,0,0
oInvCollSM,176,304,001D009D,0,1,1,4294967295,0,0
oInvCollSM,192,304,0024262D,0,1,1,4294967295,0,0
oInvCollSM,208,304,002C4767,0,1,1,4294967295,0,0
oInvCollSM,224,304,001BB03E,0,1,1,4294967295,0,0
oInvCollSM,240,304,002B0932,0,1,1,4294967295,0,0
oInvCollSM,256,304,0037862A,0,1,1,4294967295,0,0
oInvCollSM,272,304,00048520,0,1,1,4294967295,0,0
oInvCollSM,288,304,000BFE4B,0,1,1,4294967295,0,0
oInvCollSM,304,304,002906E6,0,1,1,4294967295,0,0
oInvCollSM,320,304,0030E11E,0,1,1,4294967295,0,0
oInvCollSM,336,304,0020236D,0,1,1,4294967295,0,0
oInvCollSM,352,304,00090ADB,0,1,1,4294967295,0,0
oInvCollSM,368,304,0033ADD8,0,1,1,4294967295,0,0
oInvCollSM,384,304,00197954,0,1,1,4294967295,0,0
oInvCollSM,400,304,00380088,0,1,1,4294967295,0,0
oInvCollSM,416,304,002F1457,0,1,1,4294967295,0,0
oInvCollSM,432,304,0014B3AC,0,1,1,4294967295,0,0
oInvCollSM,448,304,000C65DD,0,1,1,4294967295,0,0
oInvCollSM,464,304,003BD28D,0,1,1,4294967295,0,0
oInvCollSM,480,304,00294183,0,1,1,4294967295,0,0
oInvCollSM,496,304,0004FEC7,0,1,1,4294967295,0,0
oInvCollSM,512,304,00305083,0,1,1,4294967295,0,0
oInvCollSM,528,304,001424AC,0,1,1,4294967295,0,0
oInvCollSM,544,304,003BF555,0,1,1,4294967295,0,0
oInvCollSM,560,304,00257153,0,1,1,4294967295,0,0
oInvCollSM,576,304,0015EC9F,0,1,1,4294967295,0,0
oInvCollSM,592,304,002AC64B,0,1,1,4294967295,0,0
oInvCollSM,608,304,00069F1F,0,1,1,4294967295,0,0
oInvCollSM,624,304,001A7840,0,1,1,4294967295,0,0
oInvCollSM,640,304,0001617F,0,1,1,4294967295,0,0
oInvCollSM,656,304,003D61E8,0,1,1,4294967295,0,0
oInvCollSM,672,304,0004EB21,0,1,1,4294967295,0,0
oInvCollSM,688,304,0016C3B3,0,1,1,4294967295,0,0
oInvCollSM,704,304,001527B0,0,1,1,4294967295,0,0
oInvCollSM,720,304,002552F0,0,1,1,4294967295,0,0
oInvCollSM,736,304,000BE617,0,1,1,4294967295,0,0
oInvCollSM,752,304,002095D6,0,1,1,4294967295,0,0
oInvCollSM,768,304,002C7A1B,0,1,1,4294967295,0,0
oInvCollSM,784,304,0008E3AF,0,1,1,4294967295,0,0
oInvCollSM,800,304,001C0A7E,0,1,1,4294967295,0,0
oInvCollSM,816,304,00339791,0,1,1,4294967295,0,0
oInvCollSM,832,304,00403180,0,1,1,4294967295,0,0
oInvCollSM,848,304,003D42CB,0,1,1,4294967295,0,0
oInvCollSM,864,304,00277318,0,1,1,4294967295,0,0
oInvCollSM,880,304,002D016A,0,1,1,4294967295,0,0
oInvCollSM,896,304,003FD40B,0,1,1,4294967295,0,0
oInvCollSM,912,304,002F730F,0,1,1,4294967295,0,0
oInvCollSM,928,304,00008AA3,0,1,1,4294967295,0,0
oInvCollSM,944,304,0001A6C9,0,1,1,4294967295,0,0
oInvCollSM,960,304,001AAA72,0,1,1,4294967295,0,0
oInvCollSM,976,304,003F9473,0,1,1,4294967295,0,0
oInvCollSM,992,304,0035131A,0,1,1,4294967295,0,0
oInvCollSM,1008,304,000CACC4,0,1,1,4294967295,0,0
oInvCollSM,1024,304,0003E6F8,0,1,1,4294967295,0,0
oInvCollSM,1040,304,003E7C36,0,1,1,4294967295,0,0
oInvCollSM,1056,304,00246687,0,1,1,4294967295,0,0
oInvCollSM,1072,304,00146100,0,1,1,4294967295,0,0
oInvCollSM,1088,304,000BDDCF,0,1,1,4294967295,0,0
oInvCollSM,1104,304,001ACCE0,0,1,1,4294967295,0,0
oInvCollSM,1120,304,003BA823,0,1,1,4294967295,0,0
oInvCollSM,1136,304,0037C19E,0,1,1,4294967295,0,0
oInvCollSM,1152,304,003A9DBE,0,1,1,4294967295,0,0
oInvCollSM,1168,304,0011937F,0,1,1,4294967295,0,0
oInvCollSM,1184,304,0001998A,0,1,1,4294967295,0,0
oInvCollSM,1200,304,003FC960,0,1,1,4294967295,0,0
oInvCollSM,1216,304,0025C4BC,0,1,1,4294967295,0,0
oInvCollSM,1232,304,00090658,0,1,1,4294967295,0,0
oInvCollSM,1248,304,003E5509,0,1,1,4294967295,0,0
oInvCollSM,1264,304,0026A576,0,1,1,4294967295,0,0
oInvCollSM,1280,304,000EDA48,0,1,1,4294967295,0,0
oInvCollSM,1296,304,000E9880,0,1,1,4294967295,0,0
oInvCollSM,1312,304,0007A5E1,0,1,1,4294967295,0,0
oInvCollSM,1328,304,003201D3,0,1,1,4294967295,0,0
oInvCollSM,1344,304,003D746B,0,1,1,4294967295,0,0
oInvCollSM,1360,304,0021BFA4,0,1,1,4294967295,0,0
oInvCollSM,1376,304,000EC99E,0,1,1,4294967295,0,0
oInvCollSM,1392,304,003E5CCC,0,1,1,4294967295,0,0
oInvCollSM,1408,304,00247723,0,1,1,4294967295,0,0
oInvCollSM,1424,304,001945BE,0,1,1,4294967295,0,0
oInvCollPH,2320,288,0030FE95,0,1,1,4294967295,0,0
oInvCollPH,144,272,000FE851,0,1,1,4294967295,0,0
oInvCollPH,144,288,0025F8BF,0,1,1,4294967295,0,0
oInvisibleSolid,0,272,00008F11,0,1,1,4294967295,0,1
oInvisibleSolid,2448,192,0030E517,0,1,1,4294967295,0,1
oInvisibleSolid,2128,288,000F53B4,0,1,1,4294967295,0,1
oInvisibleSolid,2528,256,00207067,0,1,1,4294967295,0,1
oInvisibleSolid,2560,96,003A6C47,0,1,1,4294967295,0,1
oInvisibleSolid,2192,80,003EF9EB,0,1,1,4294967295,0,1
oInvisibleSolid,2096,160,00102AEF,0,1,1,4294967295,0,1
oInvisibleSolid,1440,112,00331403,0,1,1,4294967295,0,1
oInvisibleSolid,976,112,002A715F,0,1,1,4294967295,0,1
oInvisibleSolid,816,96,0008E023,0,1,1,4294967295,0,1
oInvisibleSolid,912,0,00214ABD,0,1,1,4294967295,0,1
oInvisibleSolid,624,96,0035E64E,0,1,1,4294967295,0,1
oInvisibleSolid,624,0,00089561,0,1,1,4294967295,0,1
oInvisibleSolid,464,0,000FBEE5,0,1,1,4294967295,0,1
oInvisibleSolid,960,288,0007506A,0,1,1,4294967295,0,1
oInvisibleSolid,1024,272,003AF50C,0,1,1,4294967295,0,1
oInvisibleSolid,1152,272,003F3B24,0,1,1,4294967295,0,1
oInvisibleSolid,1200,160,00253B69,0,1,1,4294967295,0,1
oInvisibleSolid,1360,240,000CF7E7,0,1,1,4294967295,0,1
oInvisibleSolid,1808,160,001BFC85,0,1,1,4294967295,0,1
oInvisibleSolid,2000,208,003C8EC2,0,1,1,4294967295,0,1
oInvisibleSolid,2336,112,00058FD4,0,1,1,4294967295,0,1
oInvisibleSolid,2496,0,002D4449,0,1,1,4294967295,0,1
oInvisibleSolid,2336,0,002EA380,0,1,1,4294967295,0,1
oInvisibleSolid,2192,0,00018199,0,1,1,4294967295,0,1
oInvisibleSolid,2176,0,00169B4E,0,1,1,4294967295,0,1
oInvisibleSolid,1808,80,0036CE30,0,1,1,4294967295,0,1
oInvisibleSolid,2096,96,000EE506,0,1,1,4294967295,0,1
oInvisibleSolid,1952,0,0028A0E5,0,1,1,4294967295,0,1
oInvisibleSolid,1904,0,00046087,0,1,1,4294967295,0,1
oInvisibleSolid,1792,0,000E44EB,0,1,1,4294967295,0,1
oInvisibleSolid,1712,160,0007B590,0,1,1,4294967295,0,1
oInvisibleSolid,1584,0,00339027,0,1,1,4294967295,0,1
oInvisibleSolid,1360,0,000B5113,0,1,1,4294967295,0,1
oInvisibleSolid,1200,0,0007185F,0,1,1,4294967295,0,1
oInvisibleSolid,240,0,00275F42,0,1,1,4294967295,0,1
oInvisibleSolid,0,0,00039C22,0,1,1,4294967295,0,1
oInvisibleSolid,144,240,0017ED04,0,1,1,4294967295,0,1
oInvisibleSolid,304,144,0026188F,0,1,1,4294967295,0,1
oInvisibleSolid,496,96,002790A6,0,1,1,4294967295,0,1
oInvisibleSolid,592,192,002D05C5,0,1,1,4294967295,0,1
oInvisibleSolid,912,272,00043143,0,1,1,4294967295,0,1
oInvisibleSolid,752,176,0011C6C9,0,1,1,4294967295,0,1
oInvisibleSolidMorph,1712,208,003CF904,0,1,1,4294967295,0,1
oInvisibleSolidMorph,1808,128,0001F06C,0,1,1,4294967295,0,1
oInvisibleSolidMorph,2096,176,0021708C,0,1,1,4294967295,0,1
oInvisibleSolidMorph,2336,256,004041D0,0,1,1,4294967295,0,1
oInvisibleSolidMorph,2192,48,00392E0A,0,1,1,4294967295,0,1
oInvisibleSolidMorph,2336,80,00329F77,0,1,1,4294967295,0,1
oInvisibleSolidMorph,2096,128,002C8D1B,0,1,1,4294967295,0,1
oInvisibleSolid,2448,0,001A9EC8,0,1,1,4294967295,0,1
oGametSpawner,400,272,003449D8,0,1,1,4294967295,0,1
oGametSpawner,768,192,000AC209,0,1,1,4294967295,0,1
oGametSpawner,1488,336,003A635B,0,1,1,4294967295,0,1
oGametSpawner,2080,336,00296BBE,0,1,1,4294967295,0,1
oInvisibleSolid,1584,80,00269CAA,0,1,1,4294967295,0,1
oInvisibleSolidMorph,1584,48,00277F71,0,1,1,4294967295,0,1
oInvisibleSolid,1552,128,0016BD49,0,1,1,4294967295,0,1
oInvisibleSolid,0,176,000CAEBC,0,1,1,4294967295,0,1
oInvisibleSolid,112,336,001830D7,0,1,1,4294967295,0,1
oInvisibleSolid,1472,320,001D62B2,0,1,1,4294967295,0,1
oInvisibleSolid,2064,320,003C1DCD,0,1,1,4294967295,0,1
oInvisibleSolid,2624,256,002B59F5,0,1,1,4294967295,0,1
oInvisibleSolidMorph,2128,304,001097BF,0,1,1,4294967295,0,1
oInvisibleSolidMorph,2032,288,00259436,0,1,1,4294967295,0,1
oInvisibleSolidMorph,1536,304,00169745,0,1,1,4294967295,0,1
oInvisibleSolidMorph,1440,288,00257310,0,1,1,4294967295,0,1
oInvisibleSolidMorph,144,304,00266A14,0,1,1,4294967295,0,1
oInvisibleSolid,1536,288,0025F052,0,1,1,4294967295,0,1
oInvisibleSolid,2656,144,001FFCF3,0,1,1,4294967295,0,1
oInvisibleSolid,1360,288,0032CD54,0,1,1,4294967295,0,1
