oSwitchPanelColor,2352,576,0019DF93,0,1,1,4294967295,0,1
oSwitchPanelColor,1888,656,00308D02,0,1,1,4294967295,0,1
oSwitchPanelColor,1712,880,002F1B3F,0,1,1,4294967295,0,1
oSwitchPanelCRev,2352,128,0013371D,0,1,1,4294967295,0,1
oSwitchPanelCRev,1696,272,00350249,0,1,1,4294967295,0,1
oSignPost,176,592,002CA16A,0,1,1,4294967295,0,1
oExit,3344,288,0014B670,0,1,1,4294967295,0,1
oRBswitch,1360,112,001EFF10,0,1,1,4294967295,0,0
oRedBlocker,1648,288,001C4CFB,0,1,1,4294967295,0,0
oRedBlocker,1648,272,0036D805,0,1,1,4294967295,0,0
oRedBlocker,1648,256,0034BEE0,0,1,1,4294967295,0,0
oRedBlocker,1648,240,0026A5EB,0,1,1,4294967295,0,0
oRedBlocker,1648,224,00042DB2,0,1,1,4294967295,0,0
oRedBlocker,1664,224,00361E60,0,1,1,4294967295,0,0
oRedBlocker,1680,224,002353D1,0,1,1,4294967295,0,0
oRedBlocker,1696,224,0007700E,0,1,1,4294967295,0,0
oRedBlocker,1712,224,0039A99B,0,1,1,4294967295,0,0
oRedBlocker,1728,224,0037AF2D,0,1,1,4294967295,0,0
oRedBlocker,1744,224,0003C5A2,0,1,1,4294967295,0,0
oRedBlocker,1744,240,0014C8DE,0,1,1,4294967295,0,0
oRedBlocker,1744,256,00145E0D,0,1,1,4294967295,0,0
oRedBlocker,1744,272,002EC17B,0,1,1,4294967295,0,0
oRedBlocker,1744,288,002D5294,0,1,1,4294967295,0,0
oRedBlocker,832,848,00014A66,0,1,1,4294967295,0,0
oRedBlocker,848,848,003F2953,0,1,1,4294967295,0,0
oRedBlocker,864,848,00109D77,0,1,1,4294967295,0,0
oRedBlocker,880,848,003582FC,0,1,1,4294967295,0,0
oRedBlocker,896,848,0014547D,0,1,1,4294967295,0,0
oRedBlocker,912,848,0010A021,0,1,1,4294967295,0,0
oRedBlocker,928,848,00070463,0,1,1,4294967295,0,0
oRedBlocker,944,848,003ABD81,0,1,1,4294967295,0,0
oRedBlocker,960,848,000F7539,0,1,1,4294967295,0,0
oRedBlocker,976,848,0016EFAE,0,1,1,4294967295,0,0
oRedBlocker,992,848,001BE69A,0,1,1,4294967295,0,0
oRedBlocker,1008,848,003D0878,0,1,1,4294967295,0,0
oRedBlocker,1024,848,002BC7D5,0,1,1,4294967295,0,0
oBlueBlocker,1040,880,0039F2C4,0,1,1,4294967295,0,0
oBlueBlocker,1040,896,0001157C,0,1,1,4294967295,0,0
oBlueBlocker,1040,912,003AF92C,0,1,1,4294967295,0,0
oBlueBlocker,1040,928,0024EE6E,0,1,1,4294967295,0,0
oKeyColor,32,288,0023DD79,0,1,1,4294967295,0,1
oLockPanelColor,3184,288,00369EBC,0,1,1,4294967295,0,1
oEventBarrier,3216,256,003718E0,0,1,1,4294967295,0,1
oEventBarrier,112,336,0010DDA9,0,1,1,4294967295,0,1
oLockPanelColor,144,272,00207D30,0,1,1,4294967295,0,1
oEventBarrier,1824,592,003C2B6D,0,1,1,4294967295,0,1
oEventBarrier,352,176,00049A9C,0,1,1,4294967295,0,1
oKeyColor,80,128,001C3C50,0,1,1,4294967295,0,1
oKeyColor,1088,928,00378F70,0,1,1,4294967295,0,1
oKeyColor,3280,928,00378A3A,0,1,1,4294967295,0,1
oLockPanelColor,752,96,000BB528,0,1,1,4294967295,0,1
oLockPanelColor,1936,800,00175E01,0,1,1,4294967295,0,1
oBarrierColor,3216,848,001C1654,0,1,1,4294967295,0,1
oBarrierColor,176,144,003CE575,0,1,1,4294967295,0,1
oBarrierColor,96,336,000143D7,0,1,1,4294967295,0,1
oBarrierCRev,2192,704,001039EB,0,1,1,4294967295,0,1
oBarrierCRev,848,336,0017D627,0,1,1,4294967295,0,1
oBarrierColor,3104,256,003F0482,0,1,1,4294967295,0,1
oLatchCrystal,336,368,0025C949,0,1,1,4294967295,0,0
oLatchCrystal,304,384,00022C4D,0,1,1,4294967295,0,0
oLatchCrystal,368,384,0026DD9A,0,1,1,4294967295,0,0
oLatchCrystal,384,416,00255D29,0,1,1,4294967295,0,0
oLatchCrystal,288,416,00384F22,0,1,1,4294967295,0,0
oLatchCrystal,304,448,000D34F5,0,1,1,4294967295,0,0
oLatchCrystal,368,448,003BD6B8,0,1,1,4294967295,0,0
oLatchCrystal,336,464,000C7C33,0,1,1,4294967295,0,0
oLatchCrystal,336,416,000ACD4A,0,1,1,4294967295,0,0
oLatchCrystal,1200,512,003D864D,0,1,1,4294967295,0,0
oLatchCrystal,1280,480,003B520D,0,1,1,4294967295,0,0
oLatchCrystal,1360,448,000D1576,0,1,1,4294967295,0,0
oLatchCrystal,1440,416,00380BF6,0,1,1,4294967295,0,0
oLatchCrystal,2688,512,0033FEE7,0,1,1,4294967295,0,0
oLatchCrystal,2832,544,0004B426,0,1,1,4294967295,0,0
oLatchCrystal,2976,576,00240460,0,1,1,4294967295,0,0
oLatchCrystal,3088,624,001AE9A7,0,1,1,4294967295,0,0
oLatchCrystal,2992,672,0002D065,0,1,1,4294967295,0,0
oLatchCrystal,2880,704,000BED02,0,1,1,4294967295,0,0
oLatchCrystal,2752,736,003EA9AC,0,1,1,4294967295,0,0
oLatchCrystal,2656,784,0024AC2C,0,1,1,4294967295,0,0
oLatchCrystal,2768,832,0011BFE7,0,1,1,4294967295,0,0
oLatchCrystal,2880,864,00065C6B,0,1,1,4294967295,0,0
oLatchCrystal,720,256,000EB917,0,1,1,4294967295,0,0
oLatchCrystal,496,192,003B29A3,0,1,1,4294967295,0,0
oLatchCrystal,688,128,0028FBA4,0,1,1,4294967295,0,0
oLatchCrystal,608,224,000CE8DE,0,1,1,4294967295,0,0
oLatchCrystal,592,160,0030E7CF,0,1,1,4294967295,0,0
oPT_Slime,1456,928,00039699,0,1,1,4294967295,0,1
oPT_Slime,2752,992,0035A836,0,1,1,4294967295,0,1
oPT_Slime,640,992,00352C30,0,1,1,4294967295,0,1
oPT_Slime,2000,832,001B0BDB,0,1,1,4294967295,0,1
oPT_Skeleton,2000,480,002064F7,0,1,1,4294967295,0,1
oPT_IceSpirit,1520,48,0022EB11,0,1,1,4294967295,0,1
oPT_IceSpirit,592,576,0015A284,0,1,1,4294967295,0,1
oPlayerIdle,80,592,003C8E67,0,1,1,4294967295,0,1
oPlayer1,128,592,002BC7E3,0,1,1,4294967295,0,0
oPT_FireEye,2496,80,0031B074,0,1,1,4294967295,0,1
oPT_FireEye,816,768,002A8F65,0,1,1,4294967295,0,1
oInvCollPH,16,592,002F1C0A,0,1,1,4294967295,0,0
oInvCollPH,32,592,0036C7EF,0,1,1,4294967295,0,0
oInvCollPH,48,592,002E56A8,0,1,1,4294967295,0,0
oInvCollPH,64,592,0039A529,0,1,1,4294967295,0,0
oInvCollPH,80,592,00239812,0,1,1,4294967295,0,0
oInvCollPH,96,592,00031B87,0,1,1,4294967295,0,0
oInvCollPH,112,592,001BD870,0,1,1,4294967295,0,0
oInvCollPH,128,592,001ECCBA,0,1,1,4294967295,0,0
oInvCollPH,144,592,001882A9,0,1,1,4294967295,0,0
oInvCollPH,192,592,0034DEE3,0,1,1,4294967295,0,0
oInvCollPH,192,608,0031B9B3,0,1,1,4294967295,0,0
oInvCollPH,192,624,003E4FEC,0,1,1,4294967295,0,0
oInvCollPH,192,640,003EC03D,0,1,1,4294967295,0,0
oInvCollPH,192,656,0021D5AD,0,1,1,4294967295,0,0
oInvCollPH,192,672,003FD854,0,1,1,4294967295,0,0
oInvCollPH,192,688,0035DEE6,0,1,1,4294967295,0,0
oInvCollPH,160,592,00210F00,0,1,1,4294967295,0,0
oInvCollPH,176,592,003A1DC0,0,1,1,4294967295,0,0
oInvCollPH,176,688,003915CF,0,1,1,4294967295,0,0
oInvCollPH,160,688,000C2DBD,0,1,1,4294967295,0,0
oInvCollPH,144,688,003941D7,0,1,1,4294967295,0,0
oInvCollPH,128,688,000341AD,0,1,1,4294967295,0,0
oInvCollPH,112,688,0031F4B4,0,1,1,4294967295,0,0
oInvCollPH,96,688,0026033F,0,1,1,4294967295,0,0
oInvCollPH,80,688,0001FDF1,0,1,1,4294967295,0,0
oInvCollPH,64,688,0032944F,0,1,1,4294967295,0,0
oInvCollPH,48,688,001BD731,0,1,1,4294967295,0,0
oInvCollPH,32,688,00400970,0,1,1,4294967295,0,0
oInvCollPH,16,688,002D796E,0,1,1,4294967295,0,0
oInvCollPH,0,688,000B3F3B,0,1,1,4294967295,0,0
oInvCollPH,16,400,001F1BC4,0,1,1,4294967295,0,0
oInvCollPH,32,400,000D506E,0,1,1,4294967295,0,0
oInvCollPH,48,400,0024C41E,0,1,1,4294967295,0,0
oInvCollPH,64,400,002BAA6D,0,1,1,4294967295,0,0
oInvCollPH,80,400,0024DA97,0,1,1,4294967295,0,0
oInvCollPH,96,400,0032AE5E,0,1,1,4294967295,0,0
oInvCollPH,112,400,00288078,0,1,1,4294967295,0,0
oInvCollPH,112,416,000809E9,0,1,1,4294967295,0,0
oInvCollPH,112,432,00245597,0,1,1,4294967295,0,0
oInvCollPH,112,448,00202906,0,1,1,4294967295,0,0
oInvCollPH,112,464,0028B862,0,1,1,4294967295,0,0
oInvCollPH,112,480,0031D66C,0,1,1,4294967295,0,0
oInvCollPH,112,496,00031BC1,0,1,1,4294967295,0,0
oInvCollPH,96,496,0019D6BC,0,1,1,4294967295,0,0
oInvCollPH,80,496,000D610F,0,1,1,4294967295,0,0
oInvCollPH,64,496,001A991A,0,1,1,4294967295,0,0
oInvCollPH,48,496,003BAC25,0,1,1,4294967295,0,0
oInvCollPH,32,496,002B6080,0,1,1,4294967295,0,0
oInvCollPH,16,496,00173D62,0,1,1,4294967295,0,0
oInvCollPH,0,496,00211097,0,1,1,4294967295,0,0
oInvCollPH,288,544,00272237,0,1,1,4294967295,0,0
oInvCollPH,304,544,00009FB2,0,1,1,4294967295,0,0
oInvCollPH,320,544,000B3444,0,1,1,4294967295,0,0
oInvCollPH,336,544,00284DCF,0,1,1,4294967295,0,0
oInvCollPH,352,544,001C03AB,0,1,1,4294967295,0,0
oInvCollPH,368,544,001C485C,0,1,1,4294967295,0,0
oInvCollPH,384,544,002BB054,0,1,1,4294967295,0,0
oInvCollPH,384,560,00142024,0,1,1,4294967295,0,0
oInvCollPH,272,560,002744BF,0,1,1,4294967295,0,0
oInvCollPH,272,576,00322124,0,1,1,4294967295,0,0
oInvCollPH,272,592,001A2FDF,0,1,1,4294967295,0,0
oInvCollPH,272,608,00281AA7,0,1,1,4294967295,0,0
oInvCollPH,272,624,000B636B,0,1,1,4294967295,0,0
oInvCollPH,272,640,003BBBBC,0,1,1,4294967295,0,0
oInvCollPH,288,640,0001DB62,0,1,1,4294967295,0,0
oInvCollPH,304,640,0021B8F1,0,1,1,4294967295,0,0
oInvCollPH,320,672,00304C7B,0,1,1,4294967295,0,0
oInvCollPH,320,688,002B7159,0,1,1,4294967295,0,0
oInvCollPH,352,656,00304F97,0,1,1,4294967295,0,0
oInvCollPH,368,640,00098F6B,0,1,1,4294967295,0,0
oInvCollPH,384,640,000EFB8D,0,1,1,4294967295,0,0
oInvCollPH,384,624,001B8646,0,1,1,4294967295,0,0
oInvCollPH,384,608,003B5504,0,1,1,4294967295,0,0
oInvCollPH,416,576,00208D67,0,1,1,4294967295,0,0
oInvCollPH,432,576,00326A22,0,1,1,4294967295,0,0
oInvCollPH,448,576,0013675B,0,1,1,4294967295,0,0
oInvCollPH,448,592,00199409,0,1,1,4294967295,0,0
oInvCollPH,432,592,00006ACA,0,1,1,4294967295,0,0
oInvCollPH,416,592,0038587B,0,1,1,4294967295,0,0
oInvCollPH,400,592,0022D748,0,1,1,4294967295,0,0
oInvCollPH,608,464,0025E38E,0,1,1,4294967295,0,0
oInvCollPH,624,464,0019C937,0,1,1,4294967295,0,0
oInvCollPH,640,464,001D129A,0,1,1,4294967295,0,0
oInvCollPH,592,480,00214581,0,1,1,4294967295,0,0
oInvCollPH,608,480,00183EAF,0,1,1,4294967295,0,0
oInvCollPH,624,480,0000D586,0,1,1,4294967295,0,0
oInvCollPH,640,480,001FF49A,0,1,1,4294967295,0,0
oInvCollPH,656,448,00319026,0,1,1,4294967295,0,0
oInvCollPH,672,432,0012DBCC,0,1,1,4294967295,0,0
oInvCollPH,688,432,0016B939,0,1,1,4294967295,0,0
oInvCollPH,704,432,0024ACAA,0,1,1,4294967295,0,0
oInvCollPH,720,432,0037282E,0,1,1,4294967295,0,0
oInvCollPH,736,432,002A61FB,0,1,1,4294967295,0,0
oInvCollPH,752,432,001FADDE,0,1,1,4294967295,0,0
oInvCollPH,768,432,0005DA2D,0,1,1,4294967295,0,0
oInvCollPH,768,448,003DD419,0,1,1,4294967295,0,0
oInvCollPH,768,464,00262CEA,0,1,1,4294967295,0,0
oInvCollPH,768,480,0032BF6F,0,1,1,4294967295,0,0
oInvCollPH,768,496,001B365B,0,1,1,4294967295,0,0
oInvCollPH,768,512,00212C3D,0,1,1,4294967295,0,0
oInvCollPH,768,528,00043B08,0,1,1,4294967295,0,0
oInvCollPH,752,528,00360059,0,1,1,4294967295,0,0
oInvCollPH,736,528,00041E22,0,1,1,4294967295,0,0
oInvCollPH,720,528,0014A177,0,1,1,4294967295,0,0
oInvCollPH,704,528,001A7DA8,0,1,1,4294967295,0,0
oInvCollPH,688,528,0030BC25,0,1,1,4294967295,0,0
oInvCollPH,672,528,001E672B,0,1,1,4294967295,0,0
oInvCollPH,656,528,00390570,0,1,1,4294967295,0,0
oInvCollPH,656,512,00091472,0,1,1,4294967295,0,0
oInvCollPH,656,496,00164856,0,1,1,4294967295,0,0
oInvCollPH,2992,352,003FB210,0,1,1,4294967295,0,0
oInvCollPH,3008,352,003AA292,0,1,1,4294967295,0,0
oInvCollPH,3024,352,00159A50,0,1,1,4294967295,0,0
oInvCollPH,3040,352,00188231,0,1,1,4294967295,0,0
oInvCollPH,2976,368,002B7FB3,0,1,1,4294967295,0,0
oInvCollPH,2992,368,003D56E0,0,1,1,4294967295,0,0
oInvCollPH,3008,368,003754CD,0,1,1,4294967295,0,0
oInvCollPH,3024,368,0034D23C,0,1,1,4294967295,0,0
oInvCollPH,3040,368,000C27A1,0,1,1,4294967295,0,0
oInvCollPH,3232,112,000C8194,0,1,1,4294967295,0,0
oInvCollPH,3232,128,00060951,0,1,1,4294967295,0,0
oInvCollPH,3248,96,001615C8,0,1,1,4294967295,0,0
oInvCollPH,3264,96,0024ADE6,0,1,1,4294967295,0,0
oInvCollPH,3280,96,003B2128,0,1,1,4294967295,0,0
oInvCollPH,3296,96,0025DFA7,0,1,1,4294967295,0,0
oInvCollPH,3312,96,00042C90,0,1,1,4294967295,0,0
oInvCollPH,3328,96,003A6AF7,0,1,1,4294967295,0,0
oInvCollPH,3344,96,00338C0E,0,1,1,4294967295,0,0
oInvCollPH,3232,192,00283B3A,0,1,1,4294967295,0,0
oInvCollPH,3248,192,002F422F,0,1,1,4294967295,0,0
oInvCollPH,3264,192,001E0373,0,1,1,4294967295,0,0
oInvCollPH,3280,192,001F6BE8,0,1,1,4294967295,0,0
oInvCollPH,3296,192,0036DE72,0,1,1,4294967295,0,0
oInvCollPH,3312,192,0019898D,0,1,1,4294967295,0,0
oInvCollPH,3328,192,000BC297,0,1,1,4294967295,0,0
oInvCollPH,3344,192,000268C4,0,1,1,4294967295,0,0
oInvCollPH,3120,144,00091826,0,1,1,4294967295,0,0
oInvCollPH,3136,144,0004873D,0,1,1,4294967295,0,0
oInvCollPH,3152,144,00116D4D,0,1,1,4294967295,0,0
oInvCollPH,3168,144,00372F8E,0,1,1,4294967295,0,0
oInvCollPH,3184,144,003FAE99,0,1,1,4294967295,0,0
oInvCollPH,3200,144,0010199E,0,1,1,4294967295,0,0
oInvCollPH,3216,144,003A8285,0,1,1,4294967295,0,0
oInvCollPH,3104,160,00062A22,0,1,1,4294967295,0,0
oInvCollPH,3104,176,0007B396,0,1,1,4294967295,0,0
oInvCollPH,3104,192,00119E45,0,1,1,4294967295,0,0
oInvCollPH,3104,208,00104B8A,0,1,1,4294967295,0,0
oInvCollPH,3104,224,0027662F,0,1,1,4294967295,0,0
oInvCollPH,3104,240,00054C44,0,1,1,4294967295,0,0
oInvCollPH,3120,240,00364A11,0,1,1,4294967295,0,0
oInvCollPH,3136,240,000FABE4,0,1,1,4294967295,0,0
oInvCollPH,3152,240,00006CAD,0,1,1,4294967295,0,0
oInvCollPH,3168,240,0001B1B1,0,1,1,4294967295,0,0
oInvCollPH,3184,240,00110E24,0,1,1,4294967295,0,0
oInvCollPH,3200,240,003E4BAF,0,1,1,4294967295,0,0
oInvCollPH,3216,240,0014B543,0,1,1,4294967295,0,0
oInvCollPH,3056,336,003D50F0,0,1,1,4294967295,0,0
oInvCollPH,3072,320,0022DE03,0,1,1,4294967295,0,0
oInvCollPH,3088,320,00190BEF,0,1,1,4294967295,0,0
oInvCollPH,3104,320,0005EE82,0,1,1,4294967295,0,0
oInvCollPH,3120,320,0036EA46,0,1,1,4294967295,0,0
oInvCollPH,3136,320,002F942B,0,1,1,4294967295,0,0
oInvCollPH,3152,320,003D5BCC,0,1,1,4294967295,0,0
oInvCollPH,3168,320,000F0AED,0,1,1,4294967295,0,0
oInvCollPH,3184,320,00155336,0,1,1,4294967295,0,0
oInvCollPH,3200,320,00018C7A,0,1,1,4294967295,0,0
oInvCollPH,3216,320,000A0AEE,0,1,1,4294967295,0,0
oInvCollPH,3232,320,002D0E06,0,1,1,4294967295,0,0
oInvCollPH,3248,320,000683B4,0,1,1,4294967295,0,0
oInvCollPH,3264,320,001EC268,0,1,1,4294967295,0,0
oInvCollPH,3280,320,00053E02,0,1,1,4294967295,0,0
oInvCollPH,3296,320,00092B60,0,1,1,4294967295,0,0
oInvCollPH,3312,320,000EB5F3,0,1,1,4294967295,0,0
oInvCollPH,3328,320,00248D8E,0,1,1,4294967295,0,0
oInvCollPH,3344,320,000599B5,0,1,1,4294967295,0,0
oInvCollPH,3216,224,001A09FB,0,1,1,4294967295,0,0
oInvCollPH,3216,208,0000E1F6,0,1,1,4294967295,0,0
oInvCollPH,3056,384,0016D9DF,0,1,1,4294967295,0,0
oInvCollPH,3056,400,003544F3,0,1,1,4294967295,0,0
oInvCollPH,3056,416,002834BB,0,1,1,4294967295,0,0
oInvCollPH,3072,416,00039A7E,0,1,1,4294967295,0,0
oInvCollPH,3088,416,000A30E7,0,1,1,4294967295,0,0
oInvCollPH,3104,416,00100589,0,1,1,4294967295,0,0
oInvCollPH,3120,448,004003B5,0,1,1,4294967295,0,0
oInvCollPH,3120,464,001D1603,0,1,1,4294967295,0,0
oInvCollPH,3136,464,00396E03,0,1,1,4294967295,0,0
oInvCollPH,3168,416,0035EA8A,0,1,1,4294967295,0,0
oInvCollPH,3184,416,0011B8D8,0,1,1,4294967295,0,0
oInvCollPH,3200,416,001315EB,0,1,1,4294967295,0,0
oInvCollPH,3216,416,0010E448,0,1,1,4294967295,0,0
oInvCollPH,3232,416,003C4FE2,0,1,1,4294967295,0,0
oInvCollPH,3248,416,001680EC,0,1,1,4294967295,0,0
oInvCollPH,3264,448,0032E593,0,1,1,4294967295,0,0
oInvCollPH,3264,464,00331393,0,1,1,4294967295,0,0
oInvCollPH,3264,480,001BFB24,0,1,1,4294967295,0,0
oInvCollPH,3312,416,001349A2,0,1,1,4294967295,0,0
oInvCollPH,3328,416,0034939C,0,1,1,4294967295,0,0
oInvCollPH,3344,416,0004559E,0,1,1,4294967295,0,0
oInvCollPH,464,768,00143017,0,1,1,4294967295,0,0
oInvCollPH,480,768,001256C6,0,1,1,4294967295,0,0
oInvCollPH,496,768,00330AD1,0,1,1,4294967295,0,0
oInvCollPH,512,768,002A866B,0,1,1,4294967295,0,0
oInvCollPH,528,768,000B04F6,0,1,1,4294967295,0,0
oInvCollPH,544,768,0026B937,0,1,1,4294967295,0,0
oInvCollPH,560,768,0021127B,0,1,1,4294967295,0,0
oInvCollPH,576,768,0036F4AB,0,1,1,4294967295,0,0
oInvCollPH,592,768,002BA897,0,1,1,4294967295,0,0
oInvCollPH,608,768,003183E2,0,1,1,4294967295,0,0
oInvCollPH,624,768,0007EC04,0,1,1,4294967295,0,0
oInvCollPH,640,768,00379F6C,0,1,1,4294967295,0,0
oInvCollPH,656,768,000A9C58,0,1,1,4294967295,0,0
oInvCollPH,656,784,0017F328,0,1,1,4294967295,0,0
oInvCollPH,656,800,0000E2C7,0,1,1,4294967295,0,0
oInvCollPH,640,800,00329534,0,1,1,4294967295,0,0
oInvCollPH,624,800,001F17FD,0,1,1,4294967295,0,0
oInvCollPH,608,800,003EFDE4,0,1,1,4294967295,0,0
oInvCollPH,592,800,003244B7,0,1,1,4294967295,0,0
oInvCollPH,576,800,000A6D4D,0,1,1,4294967295,0,0
oInvCollPH,560,800,002ADA44,0,1,1,4294967295,0,0
oInvCollPH,544,800,000E994A,0,1,1,4294967295,0,0
oInvCollPH,528,800,0024EB8A,0,1,1,4294967295,0,0
oInvCollPH,512,800,00037C6A,0,1,1,4294967295,0,0
oInvCollPH,496,800,00212533,0,1,1,4294967295,0,0
oInvCollPH,480,800,00069E9F,0,1,1,4294967295,0,0
oInvCollPH,464,800,0022C76A,0,1,1,4294967295,0,0
oInvCollPH,448,800,003F7A2B,0,1,1,4294967295,0,0
oInvCollPH,448,784,001FEBCC,0,1,1,4294967295,0,0
oInvCollPH,256,912,002A46E1,0,1,1,4294967295,0,0
oInvCollPH,288,928,003D128E,0,1,1,4294967295,0,0
oInvCollPH,304,928,0008EB37,0,1,1,4294967295,0,0
oInvCollPH,320,928,001B6839,0,1,1,4294967295,0,0
oInvCollPH,336,928,00193712,0,1,1,4294967295,0,0
oInvCollPH,352,928,00090434,0,1,1,4294967295,0,0
oInvCollPH,368,928,0007BE79,0,1,1,4294967295,0,0
oInvCollPH,384,928,002DB5B2,0,1,1,4294967295,0,0
oInvCollPH,400,928,0033BD20,0,1,1,4294967295,0,0
oInvCollPH,416,928,002C5DDA,0,1,1,4294967295,0,0
oInvCollPH,432,928,0000E945,0,1,1,4294967295,0,0
oInvCollPH,448,928,001CE384,0,1,1,4294967295,0,0
oInvCollPH,464,928,0026375C,0,1,1,4294967295,0,0
oInvCollPH,480,928,003829B4,0,1,1,4294967295,0,0
oInvCollPH,496,928,00359E11,0,1,1,4294967295,0,0
oInvCollPH,496,912,002C4984,0,1,1,4294967295,0,0
oInvCollPH,496,896,00288FCA,0,1,1,4294967295,0,0
oInvCollPH,480,896,003CF075,0,1,1,4294967295,0,0
oInvCollPH,464,896,000A0A66,0,1,1,4294967295,0,0
oInvCollPH,448,896,0020AA2D,0,1,1,4294967295,0,0
oInvCollPH,432,896,00034B40,0,1,1,4294967295,0,0
oInvCollPH,416,896,00049F62,0,1,1,4294967295,0,0
oInvCollPH,400,896,00399B27,0,1,1,4294967295,0,0
oInvCollPH,384,896,00365016,0,1,1,4294967295,0,0
oInvCollPH,368,896,0005D316,0,1,1,4294967295,0,0
oInvCollPH,352,896,0039E4B7,0,1,1,4294967295,0,0
oInvCollPH,336,896,001E52A5,0,1,1,4294967295,0,0
oInvCollPH,320,896,000FB821,0,1,1,4294967295,0,0
oInvCollPH,304,896,0020BBF0,0,1,1,4294967295,0,0
oInvCollPH,352,672,0009EE8B,0,1,1,4294967295,0,0
oInvCollPH,352,688,003586A6,0,1,1,4294967295,0,0
oInvCollPH,336,688,003CF0F1,0,1,1,4294967295,0,0
oInvCollPH,16,320,002E6DC9,0,1,1,4294967295,0,0
oInvCollPH,32,320,002D806F,0,1,1,4294967295,0,0
oInvCollPH,32,304,00060794,0,1,1,4294967295,0,0
oInvCollPH,192,240,003FDFAF,0,1,1,4294967295,0,0
oInvCollPH,208,240,003FE083,0,1,1,4294967295,0,0
oInvCollPH,224,240,003FFF01,0,1,1,4294967295,0,0
oInvCollPH,240,240,00307CB6,0,1,1,4294967295,0,0
oInvCollPH,256,240,00103BB7,0,1,1,4294967295,0,0
oInvCollPH,272,240,001379FC,0,1,1,4294967295,0,0
oInvCollPH,288,240,003260A1,0,1,1,4294967295,0,0
oInvCollPH,304,240,002F80F9,0,1,1,4294967295,0,0
oInvCollPH,320,240,0024B3D2,0,1,1,4294967295,0,0
oInvCollPH,336,240,002FD064,0,1,1,4294967295,0,0
oInvCollPH,352,240,0026A7AF,0,1,1,4294967295,0,0
oInvCollPH,368,240,002FE091,0,1,1,4294967295,0,0
oInvCollPH,384,240,001C5B21,0,1,1,4294967295,0,0
oInvCollPH,384,256,00244E53,0,1,1,4294967295,0,0
oInvCollPH,384,272,0018740C,0,1,1,4294967295,0,0
oInvCollPH,368,272,002854F5,0,1,1,4294967295,0,0
oInvCollPH,352,288,00380901,0,1,1,4294967295,0,0
oInvCollPH,336,288,000D8AE3,0,1,1,4294967295,0,0
oInvCollPH,304,272,00067453,0,1,1,4294967295,0,0
oInvCollPH,288,272,00343905,0,1,1,4294967295,0,0
oInvCollPH,272,272,00187D12,0,1,1,4294967295,0,0
oInvCollPH,256,272,003EA008,0,1,1,4294967295,0,0
oInvCollPH,240,272,001F2AC6,0,1,1,4294967295,0,0
oInvCollPH,224,272,003E08B2,0,1,1,4294967295,0,0
oInvCollPH,208,272,00123539,0,1,1,4294967295,0,0
oInvCollPH,192,272,000793D8,0,1,1,4294967295,0,0
oInvCollPH,176,272,0002FC77,0,1,1,4294967295,0,0
oInvCollPH,176,256,0019ED98,0,1,1,4294967295,0,0
oInvCollPH,16,144,002C7A10,0,1,1,4294967295,0,0
oInvCollPH,32,144,0024E6F3,0,1,1,4294967295,0,0
oInvCollPH,48,144,0001C67D,0,1,1,4294967295,0,0
oInvCollPH,64,144,003F8D33,0,1,1,4294967295,0,0
oInvCollPH,80,144,003A75E3,0,1,1,4294967295,0,0
oInvCollPH,96,144,002594C6,0,1,1,4294967295,0,0
oInvCollPH,112,144,000227DA,0,1,1,4294967295,0,0
oInvCollPH,144,144,001EBB5B,0,1,1,4294967295,0,0
oInvCollPH,160,144,000831D9,0,1,1,4294967295,0,0
oInvCollPH,160,160,00390DBF,0,1,1,4294967295,0,0
oInvCollPH,160,176,0019FE97,0,1,1,4294967295,0,0
oInvCollPH,160,192,0024DA3B,0,1,1,4294967295,0,0
oInvCollPH,160,208,00271504,0,1,1,4294967295,0,0
oInvCollPH,160,224,00140279,0,1,1,4294967295,0,0
oInvCollPH,160,240,002818A0,0,1,1,4294967295,0,0
oInvCollPH,144,240,0009A3F7,0,1,1,4294967295,0,0
oInvCollPH,128,240,00315FA8,0,1,1,4294967295,0,0
oInvCollPH,112,256,0038E91A,0,1,1,4294967295,0,0
oInvCollPH,96,272,0013EDDC,0,1,1,4294967295,0,0
oInvCollPH,80,240,0019DA7B,0,1,1,4294967295,0,0
oInvCollPH,64,240,0035FBF0,0,1,1,4294967295,0,0
oInvCollPH,48,240,00352D8F,0,1,1,4294967295,0,0
oInvCollPH,32,240,0025C57A,0,1,1,4294967295,0,0
oInvCollPH,16,240,0038FAD7,0,1,1,4294967295,0,0
oInvCollPH,0,240,0001BD25,0,1,1,4294967295,0,0
oInvCollPH,112,272,0000F0DA,0,1,1,4294967295,0,0
oInvCollPH,96,288,0038E366,0,1,1,4294967295,0,0
oInvCollPH,96,304,002CF0B6,0,1,1,4294967295,0,0
oInvCollPH,96,320,00154CF1,0,1,1,4294967295,0,0
oInvCollPH,112,320,00338A99,0,1,1,4294967295,0,0
oInvCollPH,112,304,001D585C,0,1,1,4294967295,0,0
oInvCollPH,112,288,00118615,0,1,1,4294967295,0,0
oInvCollPH,1072,256,001E2241,0,1,1,4294967295,0,0
oInvCollPH,1088,256,0012B5F7,0,1,1,4294967295,0,0
oInvCollPH,1104,256,000B3568,0,1,1,4294967295,0,0
oInvCollPH,1120,256,0021A536,0,1,1,4294967295,0,0
oInvCollPH,1136,256,00234BC0,0,1,1,4294967295,0,0
oInvCollPH,1152,256,001ACB99,0,1,1,4294967295,0,0
oInvCollPH,1168,256,0018F56D,0,1,1,4294967295,0,0
oInvCollPH,1168,240,0015B35E,0,1,1,4294967295,0,0
oInvCollPH,1152,240,001C4589,0,1,1,4294967295,0,0
oInvCollPH,1136,240,001D1F78,0,1,1,4294967295,0,0
oInvCollPH,1120,240,0039CE4C,0,1,1,4294967295,0,0
oInvCollPH,1104,240,003F6BA8,0,1,1,4294967295,0,0
oInvCollPH,1088,240,0033978D,0,1,1,4294967295,0,0
oInvCollPH,1648,320,001627C7,0,1,1,4294967295,0,0
oInvCollPH,1664,320,001C7A28,0,1,1,4294967295,0,0
oInvCollPH,1680,320,0020EA16,0,1,1,4294967295,0,0
oInvCollPH,1696,320,000B78BD,0,1,1,4294967295,0,0
oInvCollPH,1712,320,0022C5DA,0,1,1,4294967295,0,0
oInvCollPH,1728,320,00384CFF,0,1,1,4294967295,0,0
oInvCollPH,1744,320,0010FE5B,0,1,1,4294967295,0,0
oInvCollPH,1744,304,00226F65,0,1,1,4294967295,0,0
oInvCollPH,1728,304,0025649D,0,1,1,4294967295,0,0
oInvCollPH,1712,304,002F3317,0,1,1,4294967295,0,0
oInvCollPH,1696,304,002F7ACF,0,1,1,4294967295,0,0
oInvCollPH,1680,304,002F62D2,0,1,1,4294967295,0,0
oInvCollPH,1664,304,000EC084,0,1,1,4294967295,0,0
oInvCollPH,2304,624,0002AC64,0,1,1,4294967295,0,0
oInvCollPH,2320,624,000CD4EB,0,1,1,4294967295,0,0
oInvCollPH,2336,624,001D1565,0,1,1,4294967295,0,0
oInvCollPH,2352,624,0009E999,0,1,1,4294967295,0,0
oInvCollPH,2368,624,002E6F52,0,1,1,4294967295,0,0
oInvCollPH,2384,624,001E0364,0,1,1,4294967295,0,0
oInvCollPH,2400,624,003FB7F1,0,1,1,4294967295,0,0
oInvCollPH,2400,608,00128FA5,0,1,1,4294967295,0,0
oInvCollPH,2384,608,002FA2A9,0,1,1,4294967295,0,0
oInvCollPH,2368,608,00008064,0,1,1,4294967295,0,0
oInvCollPH,2352,608,00218F7D,0,1,1,4294967295,0,0
oInvCollPH,2336,608,00013C45,0,1,1,4294967295,0,0
oInvCollPH,2320,608,001FEB1B,0,1,1,4294967295,0,0
oInvCollPH,3008,944,003A7613,0,1,1,4294967295,0,0
oInvCollPH,3040,944,002C94DB,0,1,1,4294967295,0,0
oInvCollPH,3056,944,0019D460,0,1,1,4294967295,0,0
oInvCollPH,3072,944,0005898D,0,1,1,4294967295,0,0
oInvCollPH,3088,944,001F71B5,0,1,1,4294967295,0,0
oInvCollPH,3104,944,000E0784,0,1,1,4294967295,0,0
oInvCollPH,3120,944,002311E2,0,1,1,4294967295,0,0
oInvCollPH,3120,928,001D45BB,0,1,1,4294967295,0,0
oInvCollPH,3104,928,00157FA2,0,1,1,4294967295,0,0
oInvCollPH,3088,928,001CF3D1,0,1,1,4294967295,0,0
oInvCollPH,3072,928,000F2EED,0,1,1,4294967295,0,0
oInvCollPH,3056,928,001D82B4,0,1,1,4294967295,0,0
oInvCollPH,3040,928,0027622B,0,1,1,4294967295,0,0
oInvCollPH,2000,256,002B580D,0,1,1,4294967295,0,0
oInvCollPH,2016,256,000C38B4,0,1,1,4294967295,0,0
oInvCollPH,2032,256,0030923D,0,1,1,4294967295,0,0
oInvCollPH,2048,256,002049EF,0,1,1,4294967295,0,0
oInvCollPH,2064,256,00014500,0,1,1,4294967295,0,0
oInvCollPH,2064,240,002DFD26,0,1,1,4294967295,0,0
oInvCollPH,2048,240,003BC9CA,0,1,1,4294967295,0,0
oInvCollPH,2032,240,003A0362,0,1,1,4294967295,0,0
oInvCollPH,2016,240,00268A1C,0,1,1,4294967295,0,0
oInvCollPH,2352,896,000D8D5E,0,1,1,4294967295,0,0
oInvCollPH,2368,896,0039D2EC,0,1,1,4294967295,0,0
oInvCollPH,2384,896,00313D01,0,1,1,4294967295,0,0
oInvCollPH,2400,896,00314D1E,0,1,1,4294967295,0,0
oInvCollPH,2416,896,0009094B,0,1,1,4294967295,0,0
oInvCollPH,2416,880,000E7D04,0,1,1,4294967295,0,0
oInvCollPH,2400,880,0036A331,0,1,1,4294967295,0,0
oInvCollPH,2384,880,0033ED20,0,1,1,4294967295,0,0
oInvCollPH,2368,880,000BBADC,0,1,1,4294967295,0,0
oInvCollPH,2240,976,0032AD64,0,1,1,4294967295,0,0
oInvCollPH,2256,976,000F5BE9,0,1,1,4294967295,0,0
oInvCollPH,2272,976,001A3946,0,1,1,4294967295,0,0
oInvCollPH,2288,976,0028F68F,0,1,1,4294967295,0,0
oInvCollPH,2304,976,003E53B2,0,1,1,4294967295,0,0
oInvCollPH,2304,960,0008AFC0,0,1,1,4294967295,0,0
oInvCollPH,2288,960,0026CF66,0,1,1,4294967295,0,0
oInvCollPH,2272,960,0000E0A8,0,1,1,4294967295,0,0
oInvCollPH,2256,960,003D5C6E,0,1,1,4294967295,0,0
oInvCollPH,2064,992,000A094D,0,1,1,4294967295,0,0
oInvCollPH,2080,992,0006160C,0,1,1,4294967295,0,0
oInvCollPH,2096,992,003B6842,0,1,1,4294967295,0,0
oInvCollPH,2112,992,001AEEB8,0,1,1,4294967295,0,0
oInvCollPH,2128,992,000C94CD,0,1,1,4294967295,0,0
oInvCollPH,2128,976,002B7D3C,0,1,1,4294967295,0,0
oInvCollPH,2112,976,002F18C5,0,1,1,4294967295,0,0
oInvCollPH,2096,976,0036EB6C,0,1,1,4294967295,0,0
oInvCollPH,2080,976,003504D8,0,1,1,4294967295,0,0
oInvCollPH,1888,992,00215E19,0,1,1,4294967295,0,0
oInvCollPH,1904,992,00277014,0,1,1,4294967295,0,0
oInvCollPH,1920,992,0020F1B6,0,1,1,4294967295,0,0
oInvCollPH,1936,992,003D158C,0,1,1,4294967295,0,0
oInvCollPH,1952,992,00097EB2,0,1,1,4294967295,0,0
oInvCollPH,1952,976,0039C3FD,0,1,1,4294967295,0,0
oInvCollPH,1936,976,00150693,0,1,1,4294967295,0,0
oInvCollPH,1920,976,00173E1D,0,1,1,4294967295,0,0
oInvCollPH,1904,976,003787CC,0,1,1,4294967295,0,0
oInvCollPH,336,16,0027A432,0,1,1,4294967295,0,0
oInvCollPH,336,32,00334471,0,1,1,4294967295,0,0
oInvCollPH,336,48,00059559,0,1,1,4294967295,0,0
oInvCollPH,336,64,000DB6FE,0,1,1,4294967295,0,0
oInvCollPH,336,144,00117474,0,1,1,4294967295,0,0
oInvCollPH,336,128,00047086,0,1,1,4294967295,0,0
oInvCollPH,336,112,002EF581,0,1,1,4294967295,0,0
oInvCollPH,336,96,000A16C6,0,1,1,4294967295,0,0
oInvCollPH,336,80,002C8E7B,0,1,1,4294967295,0,0
oInvCollPH,336,160,001F38CB,0,1,1,4294967295,0,0
oInvCollPH,352,160,00307AEB,0,1,1,4294967295,0,0
oInvCollPH,352,144,0033A6D5,0,1,1,4294967295,0,0
oInvCollPH,352,128,00261BA3,0,1,1,4294967295,0,0
oInvCollPH,352,112,0022E1B2,0,1,1,4294967295,0,0
oInvCollPH,352,96,00009E3C,0,1,1,4294967295,0,0
oInvCollPH,352,80,002C6D4E,0,1,1,4294967295,0,0
oInvCollPH,352,64,0037C73C,0,1,1,4294967295,0,0
oInvCollPH,352,48,00017004,0,1,1,4294967295,0,0
oInvCollPH,352,32,0022A321,0,1,1,4294967295,0,0
oInvCollPH,352,16,0000D7C1,0,1,1,4294967295,0,0
oInvCollPH,352,0,003E4740,0,1,1,4294967295,0,0
oInvCollPH,784,864,002318D0,0,1,1,4294967295,0,0
oInvCollPH,816,864,000385D5,0,1,1,4294967295,0,0
oInvCollPH,816,848,0007B3FC,0,1,1,4294967295,0,0
oInvCollPH,992,672,00150FE9,0,1,1,4294967295,0,0
oInvCollPH,992,688,001ADF71,0,1,1,4294967295,0,0
oInvCollPH,992,704,002462DB,0,1,1,4294967295,0,0
oInvCollPH,992,720,000F14DF,0,1,1,4294967295,0,0
oInvCollPH,1008,720,002DD0CB,0,1,1,4294967295,0,0
oInvCollPH,1008,704,001FA10F,0,1,1,4294967295,0,0
oInvCollPH,1008,688,00092BAB,0,1,1,4294967295,0,0
oInvCollPH,1008,672,001E399F,0,1,1,4294967295,0,0
oInvCollPH,1008,656,00101329,0,1,1,4294967295,0,0
oInvCollPH,1696,928,003DA561,0,1,1,4294967295,0,0
oInvCollPH,1712,928,00130AC4,0,1,1,4294967295,0,0
oInvCollPH,1728,928,003AEB5E,0,1,1,4294967295,0,0
oInvCollPH,1744,928,003365C4,0,1,1,4294967295,0,0
oInvCollPH,1744,912,003B06EE,0,1,1,4294967295,0,0
oInvCollPH,1728,912,00116D6E,0,1,1,4294967295,0,0
oInvCollPH,1712,912,00124AEF,0,1,1,4294967295,0,0
oInvCollPH,1600,544,00071576,0,1,1,4294967295,0,0
oInvCollPH,1616,544,0035FA8C,0,1,1,4294967295,0,0
oInvCollPH,1632,544,0033037E,0,1,1,4294967295,0,0
oInvCollPH,1632,528,0035F182,0,1,1,4294967295,0,0
oInvCollPH,1952,592,001B5117,0,1,1,4294967295,0,0
oInvCollPH,1952,608,0011D277,0,1,1,4294967295,0,0
oInvCollPH,1952,624,0027110C,0,1,1,4294967295,0,0
oInvCollPH,1952,640,001D7558,0,1,1,4294967295,0,0
oInvCollPH,1952,656,001C6DCF,0,1,1,4294967295,0,0
oInvCollPH,1936,608,0007E3A1,0,1,1,4294967295,0,0
oInvCollPH,1936,624,000634C5,0,1,1,4294967295,0,0
oInvCollPH,1936,640,003AF393,0,1,1,4294967295,0,0
oInvCollPH,1936,656,001FF5DE,0,1,1,4294967295,0,0
oInvCollPH,1936,672,0028C402,0,1,1,4294967295,0,0
oInvCollPH,1936,720,00000C03,0,1,1,4294967295,0,0
oInvCollPH,1952,720,003F80F2,0,1,1,4294967295,0,0
oInvCollPH,1952,704,002B94F6,0,1,1,4294967295,0,0
oInvCollPH,1952,688,0003B0AE,0,1,1,4294967295,0,0
oInvCollPH,1952,672,002940E1,0,1,1,4294967295,0,0
oInvCollPH,1888,752,001DA9BE,0,1,1,4294967295,0,0
oInvCollPH,1888,768,0026E457,0,1,1,4294967295,0,0
oInvCollPH,1888,784,002528AA,0,1,1,4294967295,0,0
oInvCollPH,1888,800,00078293,0,1,1,4294967295,0,0
oInvCollPH,1888,816,001ACD71,0,1,1,4294967295,0,0
oInvCollPH,1888,832,001932AE,0,1,1,4294967295,0,0
oInvCollPH,1888,848,0006927B,0,1,1,4294967295,0,0
oInvCollPH,1888,864,00195968,0,1,1,4294967295,0,0
oInvCollPH,1904,864,0029006F,0,1,1,4294967295,0,0
oInvCollPH,1904,816,001A7A51,0,1,1,4294967295,0,0
oInvCollPH,1904,800,003605AB,0,1,1,4294967295,0,0
oInvCollPH,1904,784,000B9FD4,0,1,1,4294967295,0,0
oInvCollPH,1904,768,003556BA,0,1,1,4294967295,0,0
oInvCollPH,1904,752,0035222F,0,1,1,4294967295,0,0
oInvCollPH,1904,736,003A7F9A,0,1,1,4294967295,0,0
oInvCollPH,1632,656,00317FC4,0,1,1,4294967295,0,0
oInvCollPH,1648,656,0010CB63,0,1,1,4294967295,0,0
oInvCollPH,1664,656,003438DA,0,1,1,4294967295,0,0
oInvCollPH,1680,656,003F82AA,0,1,1,4294967295,0,0
oInvCollPH,1696,656,003C526E,0,1,1,4294967295,0,0
oInvCollPH,1712,656,000AB5C1,0,1,1,4294967295,0,0
oInvCollPH,1728,656,0020D9E0,0,1,1,4294967295,0,0
oInvCollPH,1744,656,00276D3E,0,1,1,4294967295,0,0
oInvCollPH,1760,656,0005A61F,0,1,1,4294967295,0,0
oInvCollPH,1760,672,0035F4B7,0,1,1,4294967295,0,0
oInvCollPH,1760,688,0024C5AD,0,1,1,4294967295,0,0
oInvCollPH,1744,688,00393C5C,0,1,1,4294967295,0,0
oInvCollPH,1728,688,000661DF,0,1,1,4294967295,0,0
oInvCollPH,1712,688,0006D811,0,1,1,4294967295,0,0
oInvCollPH,1696,688,0026140B,0,1,1,4294967295,0,0
oInvCollPH,1648,688,002D1D64,0,1,1,4294967295,0,0
oInvCollPH,1632,688,0001A92F,0,1,1,4294967295,0,0
oInvCollPH,1616,688,00284D13,0,1,1,4294967295,0,0
oInvCollPH,1616,672,003A8150,0,1,1,4294967295,0,0
oInvCollPH,1792,688,00202B6B,0,1,1,4294967295,0,0
oInvCollPH,1808,688,00207C14,0,1,1,4294967295,0,0
oInvCollPH,1824,688,001915E6,0,1,1,4294967295,0,0
oInvCollPH,1840,688,003C8CC4,0,1,1,4294967295,0,0
oInvCollPH,1856,688,00128717,0,1,1,4294967295,0,0
oInvCollPH,1872,688,00266E4E,0,1,1,4294967295,0,0
oInvCollPH,1888,688,001F4EC9,0,1,1,4294967295,0,0
oInvCollPH,1904,688,0008B45B,0,1,1,4294967295,0,0
oInvCollPH,1920,688,000818DD,0,1,1,4294967295,0,0
oInvCollPH,1776,704,00308C69,0,1,1,4294967295,0,0
oInvCollPH,1776,720,000CC734,0,1,1,4294967295,0,0
oInvCollPH,1792,720,002E7AD2,0,1,1,4294967295,0,0
oInvCollPH,1808,720,000F2507,0,1,1,4294967295,0,0
oInvCollPH,1824,720,0012C1C0,0,1,1,4294967295,0,0
oInvCollPH,1840,720,001F019B,0,1,1,4294967295,0,0
oInvCollPH,1856,720,001C5F2C,0,1,1,4294967295,0,0
oInvCollPH,1872,720,0033FBB3,0,1,1,4294967295,0,0
oInvCollPH,1920,720,001DC043,0,1,1,4294967295,0,0
oInvCollPH,1664,720,0036CEE3,0,1,1,4294967295,0,0
oInvCollPH,1664,736,0033BC52,0,1,1,4294967295,0,0
oInvCollPH,1664,752,0037DA98,0,1,1,4294967295,0,0
oInvCollPH,1664,768,00192791,0,1,1,4294967295,0,0
oInvCollPH,1664,848,002CD7A5,0,1,1,4294967295,0,0
oInvCollPH,1664,832,0017BD24,0,1,1,4294967295,0,0
oInvCollPH,1664,816,00019DAE,0,1,1,4294967295,0,0
oInvCollPH,1664,800,000157AC,0,1,1,4294967295,0,0
oInvCollPH,1664,784,003F1147,0,1,1,4294967295,0,0
oInvCollPH,1664,928,003C000A,0,1,1,4294967295,0,0
oInvCollPH,1664,912,003AF182,0,1,1,4294967295,0,0
oInvCollPH,1664,896,00221DBF,0,1,1,4294967295,0,0
oInvCollPH,1664,880,00106B19,0,1,1,4294967295,0,0
oInvCollPH,1664,864,0012862F,0,1,1,4294967295,0,0
oInvCollPH,1664,944,0019AE44,0,1,1,4294967295,0,0
oInvCollPH,1664,960,001CBC4F,0,1,1,4294967295,0,0
oInvCollPH,1664,976,0009F330,0,1,1,4294967295,0,0
oInvCollPH,1680,976,0018033C,0,1,1,4294967295,0,0
oInvCollPH,1680,960,00311F2B,0,1,1,4294967295,0,0
oInvCollPH,1680,944,003C159F,0,1,1,4294967295,0,0
oInvCollPH,1680,896,003D2ECD,0,1,1,4294967295,0,0
oInvCollPH,1680,880,0022E238,0,1,1,4294967295,0,0
oInvCollPH,1680,864,00004B63,0,1,1,4294967295,0,0
oInvCollPH,1680,848,002F3E7C,0,1,1,4294967295,0,0
oInvCollPH,1680,832,000A12D1,0,1,1,4294967295,0,0
oInvCollPH,1680,816,002C6682,0,1,1,4294967295,0,0
oInvCollPH,1680,800,0027D2E3,0,1,1,4294967295,0,0
oInvCollPH,1680,784,001E0B9C,0,1,1,4294967295,0,0
oInvCollPH,1680,768,0021F322,0,1,1,4294967295,0,0
oInvCollPH,1680,752,000CC488,0,1,1,4294967295,0,0
oInvCollPH,1680,736,003C184F,0,1,1,4294967295,0,0
oInvCollPH,1680,720,00227415,0,1,1,4294967295,0,0
oInvCollPH,1680,704,00192A8A,0,1,1,4294967295,0,0
oInvCollPH,3184,864,001B57EC,0,1,1,4294967295,0,0
oInvCollPH,3184,880,000A11BA,0,1,1,4294967295,0,0
oInvCollPH,3184,896,0031D303,0,1,1,4294967295,0,0
oInvCollPH,3184,912,002C6BA3,0,1,1,4294967295,0,0
oInvCollPH,3184,928,002D3753,0,1,1,4294967295,0,0
oInvCollPH,3200,928,00305C9A,0,1,1,4294967295,0,0
oInvCollPH,3200,912,001343C0,0,1,1,4294967295,0,0
oInvCollPH,3200,896,0028EFC2,0,1,1,4294967295,0,0
oInvCollPH,3200,880,0000AF4D,0,1,1,4294967295,0,0
oInvCollPH,3200,864,00403685,0,1,1,4294967295,0,0
oInvCollPH,3200,848,000BACBC,0,1,1,4294967295,0,0
oInvCollPH,3328,848,0031CA0C,0,1,1,4294967295,0,0
oInvCollPH,3328,864,0030A4BB,0,1,1,4294967295,0,0
oInvCollPH,3328,880,00068B35,0,1,1,4294967295,0,0
oInvCollPH,3328,896,003F29A7,0,1,1,4294967295,0,0
oInvCollPH,3328,912,0015B0A0,0,1,1,4294967295,0,0
oInvCollPH,3328,928,003F0878,0,1,1,4294967295,0,0
oInvCollPH,3344,832,0017BF68,0,1,1,4294967295,0,0
oInvCollPH,3216,944,00245988,0,1,1,4294967295,0,0
oInvCollPH,3232,944,002083A4,0,1,1,4294967295,0,0
oInvCollPH,3248,944,000B7788,0,1,1,4294967295,0,0
oInvCollPH,3264,944,0036FE6D,0,1,1,4294967295,0,0
oInvCollPH,3280,944,0014AF83,0,1,1,4294967295,0,0
oInvCollPH,3296,944,0036B42E,0,1,1,4294967295,0,0
oInvCollPH,3312,944,002DC9D1,0,1,1,4294967295,0,0
oInvCollPH,3184,960,001E785B,0,1,1,4294967295,0,0
oInvCollPH,3184,976,002D4381,0,1,1,4294967295,0,0
oInvCollPH,3184,992,003C8C76,0,1,1,4294967295,0,0
oInvCollPH,3184,1008,002DA4C9,0,1,1,4294967295,0,0
oInvCollPH,3200,1008,001AB74D,0,1,1,4294967295,0,0
oInvCollPH,3216,1008,0017541B,0,1,1,4294967295,0,0
oInvCollPH,3232,1008,003B477D,0,1,1,4294967295,0,0
oInvCollPH,3248,1008,002D6E4B,0,1,1,4294967295,0,0
oInvCollPH,3264,1008,000C51B3,0,1,1,4294967295,0,0
oInvCollPH,3280,1008,0032572F,0,1,1,4294967295,0,0
oInvCollPH,3296,1008,00272D31,0,1,1,4294967295,0,0
oInvCollPH,3312,1008,00204D11,0,1,1,4294967295,0,0
oInvCollPH,3328,1008,000722FF,0,1,1,4294967295,0,0
oInvCollPH,3344,1008,00337FC8,0,1,1,4294967295,0,0
oInvCollPH,2576,992,001955E4,0,1,1,4294967295,0,0
oInvCollPH,2592,992,00363031,0,1,1,4294967295,0,0
oInvCollPH,2608,992,0027E758,0,1,1,4294967295,0,0
oInvCollPH,2624,992,003FEFD6,0,1,1,4294967295,0,0
oInvCollPH,2704,992,00285160,0,1,1,4294967295,0,0
oInvCollPH,2688,992,00232020,0,1,1,4294967295,0,0
oInvCollPH,2672,992,0038703A,0,1,1,4294967295,0,0
oInvCollPH,2656,992,000EC7AB,0,1,1,4294967295,0,0
oInvCollPH,2640,992,00330EBA,0,1,1,4294967295,0,0
oInvCollPH,2912,992,00241097,0,1,1,4294967295,0,0
oInvCollPH,2896,992,003EAF03,0,1,1,4294967295,0,0
oInvCollPH,2880,992,001E9612,0,1,1,4294967295,0,0
oInvCollPH,2864,992,002C349E,0,1,1,4294967295,0,0
oInvCollPH,2848,992,000FA909,0,1,1,4294967295,0,0
oInvCollPH,2768,992,003D2FEA,0,1,1,4294967295,0,0
oInvCollPH,2784,992,00125E57,0,1,1,4294967295,0,0
oInvCollPH,2800,992,0010DB98,0,1,1,4294967295,0,0
oInvCollPH,2816,992,00184AC0,0,1,1,4294967295,0,0
oInvCollPH,2832,992,0037407D,0,1,1,4294967295,0,0
oInvCollPH,2752,992,002E6F17,0,1,1,4294967295,0,0
oInvCollPH,2736,992,000FF544,0,1,1,4294967295,0,0
oInvCollPH,2720,992,00389542,0,1,1,4294967295,0,0
oInvCollPH,2560,1008,00015A67,0,1,1,4294967295,0,0
oInvCollPH,2576,1008,002E38BA,0,1,1,4294967295,0,0
oInvCollPH,2592,1008,00388E94,0,1,1,4294967295,0,0
oInvCollPH,2608,1008,0032C047,0,1,1,4294967295,0,0
oInvCollPH,2624,1008,00386A3B,0,1,1,4294967295,0,0
oInvCollPH,2640,1008,0014AE54,0,1,1,4294967295,0,0
oInvCollPH,2656,1008,00157FD5,0,1,1,4294967295,0,0
oInvCollPH,2672,1008,001F09AC,0,1,1,4294967295,0,0
oInvCollPH,2688,1008,0021192A,0,1,1,4294967295,0,0
oInvCollPH,2720,1024,002D82ED,0,1,1,4294967295,0,0
oInvCollPH,2736,1024,0040392F,0,1,1,4294967295,0,0
oInvCollPH,2752,1008,0008F368,0,1,1,4294967295,0,0
oInvCollPH,2768,1008,0033428C,0,1,1,4294967295,0,0
oInvCollPH,2784,1008,0033518C,0,1,1,4294967295,0,0
oInvCollPH,2800,1008,000DB1F9,0,1,1,4294967295,0,0
oInvCollPH,2816,1008,0039390C,0,1,1,4294967295,0,0
oInvCollPH,2848,1024,0013E121,0,1,1,4294967295,0,0
oInvCollPH,2864,1024,00398D1C,0,1,1,4294967295,0,0
oInvCollPH,2880,1008,0009C452,0,1,1,4294967295,0,0
oInvCollPH,2896,1008,002B99DC,0,1,1,4294967295,0,0
oInvCollPH,2912,1008,00359E95,0,1,1,4294967295,0,0
oInvCollPH,2512,544,00017CB5,0,1,1,4294967295,0,0
oInvCollPH,2512,560,000DB23C,0,1,1,4294967295,0,0
oInvCollPH,2512,576,0027E401,0,1,1,4294967295,0,0
oInvCollPH,2512,592,00172D15,0,1,1,4294967295,0,0
oInvCollPH,2512,608,00392A4A,0,1,1,4294967295,0,0
oInvCollPH,2512,624,0020D734,0,1,1,4294967295,0,0
oInvCollPH,2512,640,003B62B0,0,1,1,4294967295,0,0
oInvCollPH,2512,656,003652D4,0,1,1,4294967295,0,0
oInvCollPH,2512,672,002926F4,0,1,1,4294967295,0,0
oInvCollPH,2512,880,00160128,0,1,1,4294967295,0,0
oInvCollPH,2512,864,0029B041,0,1,1,4294967295,0,0
oInvCollPH,2512,848,000E1C0A,0,1,1,4294967295,0,0
oInvCollPH,2512,832,003580C4,0,1,1,4294967295,0,0
oInvCollPH,2560,688,002EFDE3,0,1,1,4294967295,0,0
oInvCollPH,2560,704,0037CBA9,0,1,1,4294967295,0,0
oInvCollPH,2560,720,00181657,0,1,1,4294967295,0,0
oInvCollPH,2560,736,0012BDD8,0,1,1,4294967295,0,0
oInvCollPH,2560,752,001A620E,0,1,1,4294967295,0,0
oInvCollPH,2512,688,00014E44,0,1,1,4294967295,0,0
oInvCollPH,2512,704,0006E613,0,1,1,4294967295,0,0
oInvCollPH,2512,720,00323DBC,0,1,1,4294967295,0,0
oInvCollPH,2512,736,0036E8D7,0,1,1,4294967295,0,0
oInvCollPH,2512,752,0020174D,0,1,1,4294967295,0,0
oInvCollPH,2512,768,0010D5FB,0,1,1,4294967295,0,0
oInvCollPH,2512,784,002A0D31,0,1,1,4294967295,0,0
oInvCollPH,2512,800,000DC859,0,1,1,4294967295,0,0
oInvCollPH,2512,816,00323A84,0,1,1,4294967295,0,0
oInvCollPH,2384,992,0023A26D,0,1,1,4294967295,0,0
oInvCollPH,2528,880,003A0325,0,1,1,4294967295,0,0
oInvCollPH,2544,880,0011BB30,0,1,1,4294967295,0,0
oInvCollPH,2560,880,0028E8A8,0,1,1,4294967295,0,0
oInvCollPH,2560,864,00341135,0,1,1,4294967295,0,0
oInvCollPH,2560,848,00129E78,0,1,1,4294967295,0,0
oInvCollPH,2560,832,00329103,0,1,1,4294967295,0,0
oInvCollPH,2560,816,000DF13B,0,1,1,4294967295,0,0
oInvCollPH,2560,800,0026A68B,0,1,1,4294967295,0,0
oInvCollPH,2560,784,001E8070,0,1,1,4294967295,0,0
oInvCollPH,2560,768,0031C3E1,0,1,1,4294967295,0,0
oInvCollPH,2560,672,0004D6BC,0,1,1,4294967295,0,0
oInvCollPH,2560,656,00215F3A,0,1,1,4294967295,0,0
oInvCollPH,2560,640,0013AEB8,0,1,1,4294967295,0,0
oInvCollPH,2560,624,002D5A1B,0,1,1,4294967295,0,0
oInvCollPH,2560,608,00242C32,0,1,1,4294967295,0,0
oInvCollPH,2560,592,002D9C97,0,1,1,4294967295,0,0
oInvCollPH,2560,576,0026B625,0,1,1,4294967295,0,0
oInvCollPH,2560,560,00030C2C,0,1,1,4294967295,0,0
oInvCollPH,2528,528,001882DD,0,1,1,4294967295,0,0
oInvCollPH,2544,528,003591D2,0,1,1,4294967295,0,0
oInvCollPH,2560,528,001E1C41,0,1,1,4294967295,0,0
oInvCollPH,2560,544,0005067E,0,1,1,4294967295,0,0
oInvCollPH,2576,544,0016B97F,0,1,1,4294967295,0,0
oInvCollPH,2592,544,00189CE4,0,1,1,4294967295,0,0
oInvCollPH,2592,528,002942AD,0,1,1,4294967295,0,0
oInvCollPH,2832,448,003FBFC7,0,1,1,4294967295,0,0
oInvCollPH,2864,448,002F694A,0,1,1,4294967295,0,0
oInvCollPH,2880,448,0013DF64,0,1,1,4294967295,0,0
oInvCollPH,2896,448,003B9A7E,0,1,1,4294967295,0,0
oInvCollPH,2896,432,00340199,0,1,1,4294967295,0,0
oInvCollPH,2880,432,0018409A,0,1,1,4294967295,0,0
oInvCollPH,2864,432,0011C37C,0,1,1,4294967295,0,0
oInvCollPH,2304,160,0027E86B,0,1,1,4294967295,0,0
oInvCollPH,2320,160,00290B2E,0,1,1,4294967295,0,0
oInvCollPH,2336,160,002CE070,0,1,1,4294967295,0,0
oInvCollPH,2352,160,0025405C,0,1,1,4294967295,0,0
oInvCollPH,2288,160,00328EED,0,1,1,4294967295,0,0
oInvCollPH,2272,176,001FA87B,0,1,1,4294967295,0,0
oInvCollPH,2272,192,003ED85E,0,1,1,4294967295,0,0
oInvCollPH,2288,192,001BEAA5,0,1,1,4294967295,0,0
oInvCollPH,2304,224,00193049,0,1,1,4294967295,0,0
oInvCollPH,2304,240,001A1562,0,1,1,4294967295,0,0
oInvCollPH,2336,208,00341A89,0,1,1,4294967295,0,0
oInvCollPH,2352,192,000A89F6,0,1,1,4294967295,0,0
oInvCollPH,2368,192,0009CC63,0,1,1,4294967295,0,0
oInvCollPH,2384,192,001D0DF2,0,1,1,4294967295,0,0
oInvCollPH,2400,192,000EE9AE,0,1,1,4294967295,0,0
oInvCollPH,2416,192,0011A5A9,0,1,1,4294967295,0,0
oInvCollPH,2432,192,0006F774,0,1,1,4294967295,0,0
oInvCollPH,2432,176,000B4A0F,0,1,1,4294967295,0,0
oInvCollPH,2432,160,000DB3F2,0,1,1,4294967295,0,0
oInvCollPH,2416,160,00039D54,0,1,1,4294967295,0,0
oInvCollPH,2400,160,0028548B,0,1,1,4294967295,0,0
oInvCollPH,2384,160,00107BC3,0,1,1,4294967295,0,0
oInvCollPH,2368,160,001D8BAF,0,1,1,4294967295,0,0
oInvCollPH,1328,160,003EF524,0,1,1,4294967295,0,0
oInvCollPH,1344,160,001A889C,0,1,1,4294967295,0,0
oInvCollPH,1360,160,002548B2,0,1,1,4294967295,0,0
oInvCollPH,1376,160,003417EE,0,1,1,4294967295,0,0
oInvCollPH,1392,160,000928BE,0,1,1,4294967295,0,0
oInvCollPH,1392,144,0040413A,0,1,1,4294967295,0,0
oInvCollPH,1376,144,001E970B,0,1,1,4294967295,0,0
oInvCollPH,1360,144,001E585E,0,1,1,4294967295,0,0
oInvCollPH,1344,144,0028D5EB,0,1,1,4294967295,0,0
oInvCollPH,1136,592,00135045,0,1,1,4294967295,0,0
oInvCollPH,1152,592,0030EE91,0,1,1,4294967295,0,0
oInvCollPH,1168,592,001BE4DF,0,1,1,4294967295,0,0
oInvCollPH,1184,592,001771F3,0,1,1,4294967295,0,0
oInvCollPH,1120,608,002E3B96,0,1,1,4294967295,0,0
oInvCollPH,1120,624,002473FB,0,1,1,4294967295,0,0
oInvCollPH,1136,624,0012FFE7,0,1,1,4294967295,0,0
oInvCollPH,1152,624,000CA424,0,1,1,4294967295,0,0
oInvCollPH,1168,656,0013E0D1,0,1,1,4294967295,0,0
oInvCollPH,1184,656,002EB5A5,0,1,1,4294967295,0,0
oInvCollPH,1200,640,001B9624,0,1,1,4294967295,0,0
oInvCollPH,1216,624,003F3F9D,0,1,1,4294967295,0,0
oInvCollPH,1232,624,0002DFB5,0,1,1,4294967295,0,0
oInvCollPH,1232,608,001A558C,0,1,1,4294967295,0,0
oInvCollPH,1232,592,003B8DB8,0,1,1,4294967295,0,0
oInvCollPH,1216,592,0009A576,0,1,1,4294967295,0,0
oInvCollPH,1200,592,002796B4,0,1,1,4294967295,0,0
oInvCollPH,1056,816,002BDCF3,0,1,1,4294967295,0,0
oInvCollPH,1072,816,003CA642,0,1,1,4294967295,0,0
oInvCollPH,1088,816,00167C9A,0,1,1,4294967295,0,0
oInvCollPH,1104,816,001B09FA,0,1,1,4294967295,0,0
oInvCollPH,1104,832,003A0CFD,0,1,1,4294967295,0,0
oInvCollPH,1040,832,0037B321,0,1,1,4294967295,0,0
oInvCollPH,1040,848,000F36EC,0,1,1,4294967295,0,0
oInvCollPH,1040,864,0005AEBF,0,1,1,4294967295,0,0
oInvCollPH,1056,864,00321523,0,1,1,4294967295,0,0
oInvCollPH,1072,864,00325CE2,0,1,1,4294967295,0,0
oInvCollPH,1088,864,0030BF99,0,1,1,4294967295,0,0
oInvCollPH,1104,864,00297EBC,0,1,1,4294967295,0,0
oInvCollPH,1168,848,0028992B,0,1,1,4294967295,0,0
oInvCollPH,1168,864,004004F3,0,1,1,4294967295,0,0
oInvCollPH,1168,880,002BD411,0,1,1,4294967295,0,0
oInvCollPH,1168,896,002ABFD3,0,1,1,4294967295,0,0
oInvCollPH,1136,848,0023ABAB,0,1,1,4294967295,0,0
oInvCollPH,1152,848,00042DF5,0,1,1,4294967295,0,0
oInvCollPH,1120,880,00082F00,0,1,1,4294967295,0,0
oInvCollPH,1120,896,0012952A,0,1,1,4294967295,0,0
oInvCollPH,1120,912,000397A9,0,1,1,4294967295,0,0
oInvCollPH,1120,928,001DA0A6,0,1,1,4294967295,0,0
oInvCollPH,1120,944,00200E9C,0,1,1,4294967295,0,0
oInvCollPH,1136,944,0032ACFC,0,1,1,4294967295,0,0
oInvCollPH,1152,944,001041F1,0,1,1,4294967295,0,0
oInvCollPH,1168,944,002E9C86,0,1,1,4294967295,0,0
oInvCollPH,1168,928,003917EB,0,1,1,4294967295,0,0
oInvCollPH,1168,912,002C90BA,0,1,1,4294967295,0,0
oInvCollPH,928,944,003478B7,0,1,1,4294967295,0,0
oInvCollPH,944,944,003AA1C7,0,1,1,4294967295,0,0
oInvCollPH,960,944,0000D000,0,1,1,4294967295,0,0
oInvCollPH,976,944,003D83EB,0,1,1,4294967295,0,0
oInvCollPH,1056,944,00345036,0,1,1,4294967295,0,0
oInvCollPH,1040,944,002A04CA,0,1,1,4294967295,0,0
oInvCollPH,1024,944,00121AD8,0,1,1,4294967295,0,0
oInvCollPH,1008,944,0004654C,0,1,1,4294967295,0,0
oInvCollPH,992,944,000023E8,0,1,1,4294967295,0,0
oInvCollPH,1072,944,00304B9C,0,1,1,4294967295,0,0
oInvCollPH,1088,944,002300E7,0,1,1,4294967295,0,0
oInvCollPH,1104,944,000EE5A0,0,1,1,4294967295,0,0
oInvCollPH,912,960,003C850F,0,1,1,4294967295,0,0
oInvCollPH,912,976,001CECC3,0,1,1,4294967295,0,0
oInvCollPH,912,992,00400B6C,0,1,1,4294967295,0,0
oInvCollPH,912,1008,0001933B,0,1,1,4294967295,0,0
oInvCollPH,912,1024,001204F5,0,1,1,4294967295,0,0
oInvCollPH,928,1024,00235550,0,1,1,4294967295,0,0
oInvCollPH,944,1024,000B301A,0,1,1,4294967295,0,0
oInvCollPH,960,1024,0024633C,0,1,1,4294967295,0,0
oInvCollPH,976,1024,00228C86,0,1,1,4294967295,0,0
oInvCollPH,992,1024,00002BEE,0,1,1,4294967295,0,0
oInvCollPH,1008,1024,001868DB,0,1,1,4294967295,0,0
oInvCollPH,1024,1024,0034BFCF,0,1,1,4294967295,0,0
oInvCollPH,1040,1024,00238AC4,0,1,1,4294967295,0,0
oInvCollPH,1056,1024,0036FA25,0,1,1,4294967295,0,0
oInvCollPH,1072,1024,00352B84,0,1,1,4294967295,0,0
oInvCollPH,1088,1024,00214894,0,1,1,4294967295,0,0
oInvCollPH,1104,1024,0001E55C,0,1,1,4294967295,0,0
oInvCollPH,1104,1008,00296240,0,1,1,4294967295,0,0
oInvCollPH,1104,992,0003CA1F,0,1,1,4294967295,0,0
oInvCollPH,1104,976,001B6531,0,1,1,4294967295,0,0
oInvCollPH,1104,960,0035D129,0,1,1,4294967295,0,0
oInvCollPH,1984,832,0026D2CA,0,1,1,4294967295,0,0
oInvCollPH,1968,832,001BB766,0,1,1,4294967295,0,0
oInvCollPH,1952,832,003DF0BA,0,1,1,4294967295,0,0
oInvCollPH,1936,832,00002696,0,1,1,4294967295,0,0
oInvCollPH,2064,832,00137CC8,0,1,1,4294967295,0,0
oInvCollPH,2048,832,002DC72F,0,1,1,4294967295,0,0
oInvCollPH,2032,832,0018564F,0,1,1,4294967295,0,0
oInvCollPH,2016,832,0023861D,0,1,1,4294967295,0,0
oInvCollPH,2000,832,0023ABA3,0,1,1,4294967295,0,0
oInvCollPH,2160,832,0005F0E7,0,1,1,4294967295,0,0
oInvCollPH,2144,832,003F7F42,0,1,1,4294967295,0,0
oInvCollPH,2128,816,00293792,0,1,1,4294967295,0,0
oInvCollPH,2096,832,0009CFA0,0,1,1,4294967295,0,0
oInvCollPH,2080,832,000D0ED8,0,1,1,4294967295,0,0
oInvCollPH,2112,816,0027E041,0,1,1,4294967295,0,0
oInvCollPH,1920,864,0032B16E,0,1,1,4294967295,0,0
oInvCollPH,1936,864,0025B279,0,1,1,4294967295,0,0
oInvCollPH,1952,864,00156FF7,0,1,1,4294967295,0,0
oInvCollPH,1968,864,003F7AB0,0,1,1,4294967295,0,0
oInvCollPH,1984,864,00300D34,0,1,1,4294967295,0,0
oInvCollPH,2000,864,002E9CE3,0,1,1,4294967295,0,0
oInvCollPH,2016,864,0019690A,0,1,1,4294967295,0,0
oInvCollPH,2032,864,00182183,0,1,1,4294967295,0,0
oInvCollPH,2048,864,001131C0,0,1,1,4294967295,0,0
oInvCollPH,2064,864,000A5652,0,1,1,4294967295,0,0
oInvCollPH,2080,864,001ABF8B,0,1,1,4294967295,0,0
oInvCollPH,2096,864,000079EB,0,1,1,4294967295,0,0
oInvCollPH,2112,864,00296B5C,0,1,1,4294967295,0,0
oInvCollPH,2128,864,0000F834,0,1,1,4294967295,0,0
oInvCollPH,2144,864,003E1562,0,1,1,4294967295,0,0
oInvCollPH,2160,864,0012BA6D,0,1,1,4294967295,0,0
oInvCollPH,2160,848,0029CCD3,0,1,1,4294967295,0,0
oInvCollPH,1488,432,0039D620,0,1,1,4294967295,0,0
oInvCollPH,1488,448,001E5D09,0,1,1,4294967295,0,0
oInvCollPH,1488,464,0022031E,0,1,1,4294967295,0,0
oInvCollPH,1504,416,0037E90B,0,1,1,4294967295,0,0
oInvCollPH,1520,416,00233A9F,0,1,1,4294967295,0,0
oInvCollPH,1536,416,00214148,0,1,1,4294967295,0,0
oInvCollPH,1552,400,00015234,0,1,1,4294967295,0,0
oInvCollPH,1584,416,003A255D,0,1,1,4294967295,0,0
oInvCollPH,1600,416,0035B8EE,0,1,1,4294967295,0,0
oInvCollPH,1616,416,0029F624,0,1,1,4294967295,0,0
oInvCollPH,1632,416,0034D915,0,1,1,4294967295,0,0
oInvCollPH,1808,416,002F1879,0,1,1,4294967295,0,0
oInvCollPH,1792,416,00045CD9,0,1,1,4294967295,0,0
oInvCollPH,1776,416,000EA37C,0,1,1,4294967295,0,0
oInvCollPH,1760,416,00234980,0,1,1,4294967295,0,0
oInvCollPH,1744,416,0021FA76,0,1,1,4294967295,0,0
oInvCollPH,1728,416,00176431,0,1,1,4294967295,0,0
oInvCollPH,1712,416,0034F40E,0,1,1,4294967295,0,0
oInvCollPH,1696,416,00321F69,0,1,1,4294967295,0,0
oInvCollPH,1680,416,00129D01,0,1,1,4294967295,0,0
oInvCollPH,1664,416,003EBECA,0,1,1,4294967295,0,0
oInvCollPH,1648,416,0032683E,0,1,1,4294967295,0,0
oInvCollPH,1488,480,00190A01,0,1,1,4294967295,0,0
oInvCollPH,1488,496,003C1D3D,0,1,1,4294967295,0,0
oInvCollPH,1488,512,003EBE14,0,1,1,4294967295,0,0
oInvCollPH,1504,512,0025820F,0,1,1,4294967295,0,0
oInvCollPH,1520,512,000587EC,0,1,1,4294967295,0,0
oInvCollPH,1536,512,001B8099,0,1,1,4294967295,0,0
oInvCollPH,1552,512,0002CCAA,0,1,1,4294967295,0,0
oInvCollPH,1568,512,002DA850,0,1,1,4294967295,0,0
oInvCollPH,1584,512,0020C60C,0,1,1,4294967295,0,0
oInvCollPH,1648,512,002DA92E,0,1,1,4294967295,0,0
oInvCollPH,1664,512,001603CB,0,1,1,4294967295,0,0
oInvCollPH,1680,512,003F40AB,0,1,1,4294967295,0,0
oInvCollPH,1696,512,00209AB3,0,1,1,4294967295,0,0
oInvCollPH,1712,512,002E2A60,0,1,1,4294967295,0,0
oInvCollPH,1728,544,001EC52A,0,1,1,4294967295,0,0
oInvCollPH,1744,544,001BF991,0,1,1,4294967295,0,0
oInvCollPH,1760,544,0012B371,0,1,1,4294967295,0,0
oInvCollPH,1776,512,002D02EE,0,1,1,4294967295,0,0
oInvCollPH,1792,512,001E82D1,0,1,1,4294967295,0,0
oInvCollPH,1808,512,00271B5A,0,1,1,4294967295,0,0
oInvCollPH,1808,464,003CDBAA,0,1,1,4294967295,0,0
oInvCollPH,1808,448,0002E9D2,0,1,1,4294967295,0,0
oInvCollPH,1808,432,00071CEC,0,1,1,4294967295,0,0
oInvCollPH,1840,480,000FD957,0,1,1,4294967295,0,0
oInvCollPH,1856,480,003D627C,0,1,1,4294967295,0,0
oInvCollPH,1872,480,0033B878,0,1,1,4294967295,0,0
oInvCollPH,1888,480,002A4A78,0,1,1,4294967295,0,0
oInvCollPH,1904,480,00223F9E,0,1,1,4294967295,0,0
oInvCollPH,1920,480,000769F1,0,1,1,4294967295,0,0
oInvCollPH,1936,480,0009A20E,0,1,1,4294967295,0,0
oInvCollPH,1952,480,0025CF93,0,1,1,4294967295,0,0
oInvCollPH,1968,480,00293751,0,1,1,4294967295,0,0
oInvCollPH,2144,480,0007FD57,0,1,1,4294967295,0,0
oInvCollPH,2128,480,001C745F,0,1,1,4294967295,0,0
oInvCollPH,2112,480,00372344,0,1,1,4294967295,0,0
oInvCollPH,2096,480,00363C57,0,1,1,4294967295,0,0
oInvCollPH,2080,480,0023237F,0,1,1,4294967295,0,0
oInvCollPH,2064,480,001214FE,0,1,1,4294967295,0,0
oInvCollPH,2048,480,00051058,0,1,1,4294967295,0,0
oInvCollPH,2032,480,003EFCE1,0,1,1,4294967295,0,0
oInvCollPH,2016,480,0020BF04,0,1,1,4294967295,0,0
oInvCollPH,2000,480,00202D2B,0,1,1,4294967295,0,0
oInvCollPH,1984,480,001B8F3E,0,1,1,4294967295,0,0
oInvCollPH,1824,528,001B1206,0,1,1,4294967295,0,0
oInvCollPH,1824,544,003E7E26,0,1,1,4294967295,0,0
oInvCollPH,1824,560,0036BBD0,0,1,1,4294967295,0,0
oInvCollPH,1824,576,00190A68,0,1,1,4294967295,0,0
oInvCollPH,1840,576,00298FEF,0,1,1,4294967295,0,0
oInvCollPH,1856,576,0013D20A,0,1,1,4294967295,0,0
oInvCollPH,1872,576,001DFB49,0,1,1,4294967295,0,0
oInvCollPH,1888,576,00258009,0,1,1,4294967295,0,0
oInvCollPH,1904,576,002EF3A2,0,1,1,4294967295,0,0
oInvCollPH,1920,576,00242FCE,0,1,1,4294967295,0,0
oInvCollPH,1968,576,00098570,0,1,1,4294967295,0,0
oInvCollPH,1984,576,001C83EB,0,1,1,4294967295,0,0
oInvCollPH,2000,576,001396A9,0,1,1,4294967295,0,0
oInvCollPH,2016,608,001D4C05,0,1,1,4294967295,0,0
oInvCollPH,2016,624,0014C254,0,1,1,4294967295,0,0
oInvCollPH,2032,624,0039764A,0,1,1,4294967295,0,0
oInvCollPH,2064,576,00235424,0,1,1,4294967295,0,0
oInvCollPH,2080,576,000D5D4B,0,1,1,4294967295,0,0
oInvCollPH,2096,576,00221580,0,1,1,4294967295,0,0
oInvCollPH,2112,576,000CF3C2,0,1,1,4294967295,0,0
oInvCollPH,2128,576,0028B56C,0,1,1,4294967295,0,0
oInvCollPH,2144,576,0013CB8C,0,1,1,4294967295,0,0
oInvCollPH,2160,560,000CCA88,0,1,1,4294967295,0,0
oInvCollPH,2176,544,000C51BE,0,1,1,4294967295,0,0
oInvCollPH,2144,528,0035A74B,0,1,1,4294967295,0,0
oInvCollPH,2144,496,002A77ED,0,1,1,4294967295,0,0
oInvCollPH,2144,512,000A007E,0,1,1,4294967295,0,0
oInvCollPH,304,832,0010A3F4,0,1,1,4294967295,0,0
oInvCollPH,320,832,000C1C27,0,1,1,4294967295,0,0
oInvCollPH,320,816,00202D93,0,1,1,4294967295,0,0
oInvCollPH,512,656,00286DEC,0,1,1,4294967295,0,0
oInvCollPH,528,656,002541B9,0,1,1,4294967295,0,0
oInvCollPH,528,640,001F45E4,0,1,1,4294967295,0,0
oInvCollPH,608,704,0005A23A,0,1,1,4294967295,0,0
oInvCollPH,624,704,000AB626,0,1,1,4294967295,0,0
oInvCollPH,624,688,00389CB7,0,1,1,4294967295,0,0
oInvCollPH,912,512,0003C2FB,0,1,1,4294967295,0,0
oInvCollPH,928,512,0012EF97,0,1,1,4294967295,0,0
oInvCollPH,944,512,000095DE,0,1,1,4294967295,0,0
oInvCollPH,944,528,00200422,0,1,1,4294967295,0,0
oInvCollPH,928,528,0000181C,0,1,1,4294967295,0,0
oInvCollPH,912,528,001C9F6B,0,1,1,4294967295,0,0
oInvCollPH,896,528,002E3477,0,1,1,4294967295,0,0
oInvCollPH,1328,928,002D9AF2,0,1,1,4294967295,0,0
oInvCollPH,1344,928,0032479A,0,1,1,4294967295,0,0
oInvCollPH,1360,928,0000DC3F,0,1,1,4294967295,0,0
oInvCollPH,1376,928,000722B7,0,1,1,4294967295,0,0
oInvCollPH,1392,928,00250CCE,0,1,1,4294967295,0,0
oInvCollPH,1488,928,0018A785,0,1,1,4294967295,0,0
oInvCollPH,1504,928,00325987,0,1,1,4294967295,0,0
oInvCollPH,1520,928,00320FF6,0,1,1,4294967295,0,0
oInvCollPH,1536,928,001AC2D1,0,1,1,4294967295,0,0
oInvCollPH,1552,928,0018BC30,0,1,1,4294967295,0,0
oInvCollPH,1568,928,0032D07A,0,1,1,4294967295,0,0
oInvCollPH,1472,928,000B6DD1,0,1,1,4294967295,0,0
oInvCollPH,1456,928,0009F317,0,1,1,4294967295,0,0
oInvCollPH,1440,928,0010DB2B,0,1,1,4294967295,0,0
oInvCollPH,1424,928,0005C45D,0,1,1,4294967295,0,0
oInvCollPH,1408,928,003CC3A8,0,1,1,4294967295,0,0
oInvCollPH,1312,944,0000985E,0,1,1,4294967295,0,0
oInvCollPH,1328,944,0020963E,0,1,1,4294967295,0,0
oInvCollPH,1344,944,001DC9BF,0,1,1,4294967295,0,0
oInvCollPH,1360,944,002EC408,0,1,1,4294967295,0,0
oInvCollPH,1376,944,001AC59D,0,1,1,4294967295,0,0
oInvCollPH,1392,944,0030286C,0,1,1,4294967295,0,0
oInvCollPH,1408,944,00156735,0,1,1,4294967295,0,0
oInvCollPH,1424,944,002093F2,0,1,1,4294967295,0,0
oInvCollPH,1440,944,000AD6E1,0,1,1,4294967295,0,0
oInvCollPH,1456,944,0011FBBF,0,1,1,4294967295,0,0
oInvCollPH,1472,944,0012BA14,0,1,1,4294967295,0,0
oInvCollPH,1488,944,0006D56E,0,1,1,4294967295,0,0
oInvCollPH,1504,944,0026F1D1,0,1,1,4294967295,0,0
oInvCollPH,1520,944,002B28D3,0,1,1,4294967295,0,0
oInvCollPH,1536,944,001403C4,0,1,1,4294967295,0,0
oInvCollPH,1552,944,002C186C,0,1,1,4294967295,0,0
oInvCollPH,1568,944,00309CA1,0,1,1,4294967295,0,0
oInvCollPH,2128,800,003D71AF,0,1,1,4294967295,0,0
oInvCollPH,2176,560,0030BFA1,0,1,1,4294967295,0,0
oInvCollPH,2192,560,00370B25,0,1,1,4294967295,0,0
oInvCollPH,2192,544,0015F899,0,1,1,4294967295,0,0
oInvCollPH,1568,384,00361769,0,1,1,4294967295,0,0
oInvCollPH,1568,400,001AC076,0,1,1,4294967295,0,0
oInvCollPH,576,992,001FE2D0,0,1,1,4294967295,0,0
oInvCollPH,592,992,00224C47,0,1,1,4294967295,0,0
oInvCollPH,608,992,0021CD07,0,1,1,4294967295,0,0
oInvCollPH,624,992,0028BA1D,0,1,1,4294967295,0,0
oInvCollPH,640,992,0029F485,0,1,1,4294967295,0,0
oInvCollPH,816,992,00091841,0,1,1,4294967295,0,0
oInvCollPH,800,992,0030CA64,0,1,1,4294967295,0,0
oInvCollPH,784,992,0000112E,0,1,1,4294967295,0,0
oInvCollPH,768,992,002AB548,0,1,1,4294967295,0,0
oInvCollPH,752,992,003A500D,0,1,1,4294967295,0,0
oInvCollPH,736,992,00132456,0,1,1,4294967295,0,0
oInvCollPH,720,992,0007C13A,0,1,1,4294967295,0,0
oInvCollPH,704,992,0030F3BB,0,1,1,4294967295,0,0
oInvCollPH,688,992,002F83FB,0,1,1,4294967295,0,0
oInvCollPH,672,992,001C7353,0,1,1,4294967295,0,0
oInvCollPH,656,992,0002199C,0,1,1,4294967295,0,0
oInvCollPH,560,1008,002596DE,0,1,1,4294967295,0,0
oInvCollPH,576,1008,00329642,0,1,1,4294967295,0,0
oInvCollPH,592,1008,001B0AFE,0,1,1,4294967295,0,0
oInvCollPH,608,1008,00019224,0,1,1,4294967295,0,0
oInvCollPH,624,1008,0004E6A0,0,1,1,4294967295,0,0
oInvCollPH,640,1008,000286C2,0,1,1,4294967295,0,0
oInvCollPH,656,1008,00145740,0,1,1,4294967295,0,0
oInvCollPH,672,1008,003E52B9,0,1,1,4294967295,0,0
oInvCollPH,688,1008,00277023,0,1,1,4294967295,0,0
oInvCollPH,704,1008,000BAE40,0,1,1,4294967295,0,0
oInvCollPH,720,1008,0008CDE9,0,1,1,4294967295,0,0
oInvCollPH,736,1008,001FA4EE,0,1,1,4294967295,0,0
oInvCollPH,752,1008,000CAA4E,0,1,1,4294967295,0,0
oInvCollPH,768,1008,00230E15,0,1,1,4294967295,0,0
oInvCollPH,784,1008,002538ED,0,1,1,4294967295,0,0
oInvCollPH,800,1008,00138F6E,0,1,1,4294967295,0,0
oInvCollPH,816,1008,001C80AA,0,1,1,4294967295,0,0
oInvCollPH,176,720,0026B9A3,0,1,1,4294967295,0,0
oInvCollPH,176,768,001D7582,0,1,1,4294967295,0,0
oInvCollPH,176,752,000083FE,0,1,1,4294967295,0,0
oInvCollPH,176,736,000C7DDD,0,1,1,4294967295,0,0
oInvCollPH,192,784,003FA6F0,0,1,1,4294967295,0,0
oInvCollPH,192,800,003B3D67,0,1,1,4294967295,0,0
oInvCollPH,192,816,002F759B,0,1,1,4294967295,0,0
oInvCollPH,192,832,00383C3E,0,1,1,4294967295,0,0
oInvCollPH,192,848,0015B49D,0,1,1,4294967295,0,0
oInvCollPH,176,864,0029EF1C,0,1,1,4294967295,0,0
oInvCollPH,176,880,001EC2B6,0,1,1,4294967295,0,0
oInvCollPH,176,896,0019CE55,0,1,1,4294967295,0,0
oInvCollPH,176,912,00146631,0,1,1,4294967295,0,0
oInvCollPH,176,928,00170B62,0,1,1,4294967295,0,0
oInvCollPH,192,704,0039D15E,0,1,1,4294967295,0,0
oInvCollPH,192,720,002AA47C,0,1,1,4294967295,0,0
oInvCollPH,192,736,003CA8E3,0,1,1,4294967295,0,0
oInvCollPH,192,752,002E9B3D,0,1,1,4294967295,0,0
oInvCollPH,192,768,000A838E,0,1,1,4294967295,0,0
oInvCollPH,176,784,001B4D56,0,1,1,4294967295,0,0
oInvCollPH,176,800,00182623,0,1,1,4294967295,0,0
oInvCollPH,176,816,00077246,0,1,1,4294967295,0,0
oInvCollPH,176,832,00330695,0,1,1,4294967295,0,0
oInvCollPH,176,848,00249E70,0,1,1,4294967295,0,0
oInvCollPH,192,864,0008658E,0,1,1,4294967295,0,0
oInvCollPH,192,880,0016750E,0,1,1,4294967295,0,0
oInvCollPH,192,896,0033024E,0,1,1,4294967295,0,0
oInvCollPH,192,912,001AF61D,0,1,1,4294967295,0,0
oInvCollPH,192,928,00059552,0,1,1,4294967295,0,0
oInvCollPH,176,944,003BAE73,0,1,1,4294967295,0,0
oInvCollPH,176,960,003F260B,0,1,1,4294967295,0,0
oInvCollPH,176,976,0016720D,0,1,1,4294967295,0,0
oInvCollPH,176,992,00107037,0,1,1,4294967295,0,0
oInvCollPH,192,992,0015AF9F,0,1,1,4294967295,0,0
oInvCollPH,192,976,002B015A,0,1,1,4294967295,0,0
oInvCollPH,192,960,0005C08A,0,1,1,4294967295,0,0
oInvCollPH,192,944,003EC293,0,1,1,4294967295,0,0
oInvCollPH,128,144,001D1F43,0,1,1,4294967295,0,0
oInvCollPH,1312,160,00398B9A,0,1,1,4294967295,0,0
oInvCollPH,1328,144,0038D62B,0,1,1,4294967295,0,0
oInvCollPH,1408,144,00193C6C,0,1,1,4294967295,0,0
oInvCollPH,1408,160,0017A1BD,0,1,1,4294967295,0,0
oInvCollPH,1504,304,002F49B4,0,1,1,4294967295,0,0
oInvCollPH,1520,288,003B91A6,0,1,1,4294967295,0,0
oInvCollPH,1520,304,0014AD30,0,1,1,4294967295,0,0
oInvCollPH,2384,1008,000ADB1A,0,1,1,4294967295,0,0
oInvCollPH,2368,1008,0018EA9C,0,1,1,4294967295,0,0
oInvCollPH,1216,992,002FF8FA,0,1,1,4294967295,0,0
oInvCollPH,1232,992,003828FA,0,1,1,4294967295,0,0
oInvCollPH,1248,992,001E90C8,0,1,1,4294967295,0,0
oInvCollPH,1264,992,000244E4,0,1,1,4294967295,0,0
oInvCollPH,1264,976,001DFFDF,0,1,1,4294967295,0,0
oInvCollPH,1248,976,001BBE26,0,1,1,4294967295,0,0
oInvCollPH,1232,976,0031C55F,0,1,1,4294967295,0,0
oInvCollPH,1600,976,0006F879,0,1,1,4294967295,0,0
oInvCollPH,1616,976,0036B10D,0,1,1,4294967295,0,0
oInvCollPH,1616,960,0037028F,0,1,1,4294967295,0,0
oInvCollPH,1200,656,002E4465,0,1,1,4294967295,0,0
oInvCollPH,2336,224,0016F56A,0,1,1,4294967295,0,0
oInvCollPH,2336,240,003F831F,0,1,1,4294967295,0,0
oInvCollPH,2320,240,003991F2,0,1,1,4294967295,0,0
oInvCollPH,3152,464,00077894,0,1,1,4294967295,0,0
oInvCollPH,3152,448,001E2EB4,0,1,1,4294967295,0,0
oInvCollPH,3152,432,003B0836,0,1,1,4294967295,0,0
oInvCollPH,3280,480,003EDDE4,0,1,1,4294967295,0,0
oInvCollPH,3296,480,00284D70,0,1,1,4294967295,0,0
oInvCollPH,3296,464,000F599F,0,1,1,4294967295,0,0
oInvCollPH,3296,448,001CF321,0,1,1,4294967295,0,0
oInvCollPH,3296,432,0006FDC3,0,1,1,4294967295,0,0
oInvCollPH,1760,528,0036433B,0,1,1,4294967295,0,0
oInvCollPH,2048,624,000C51D8,0,1,1,4294967295,0,0
oInvCollPH,2048,608,00335485,0,1,1,4294967295,0,0
oInvCollPH,2048,592,0000E943,0,1,1,4294967295,0,0
oInvCollPH,2400,992,001AF8BE,0,1,1,4294967295,0,0
oInvCollPH,2416,992,001C3207,0,1,1,4294967295,0,0
oInvCollPH,2432,992,00218EC2,0,1,1,4294967295,0,0
oInvCollPH,2448,992,00118E76,0,1,1,4294967295,0,0
oInvCollPH,2464,992,003AA70E,0,1,1,4294967295,0,0
oInvCollPH,2464,1008,00369B60,0,1,1,4294967295,0,0
oInvCollPH,2448,1008,0005C427,0,1,1,4294967295,0,0
oInvCollPH,2432,1008,002536F4,0,1,1,4294967295,0,0
oInvCollPH,2416,1008,001E9742,0,1,1,4294967295,0,0
oInvCollPH,2320,960,002BB7FC,0,1,1,4294967295,0,0
oInvCollPH,2336,960,000B729A,0,1,1,4294967295,0,0
oInvCollPH,2336,976,00129C83,0,1,1,4294967295,0,0
oInvCollPH,2320,976,00193DE6,0,1,1,4294967295,0,0
oInvCollPH,2400,1008,0004EF31,0,1,1,4294967295,0,0
oInvCollPH,1120,720,00324B54,0,1,1,4294967295,0,0
oInvCollPH,1120,736,000D2F05,0,1,1,4294967295,0,0
oInvCollPH,1104,736,0018738C,0,1,1,4294967295,0,0
oInvCollPH,1216,976,00314BFB,0,1,1,4294967295,0,0
oInvCollPH,1200,992,00204529,0,1,1,4294967295,0,0
oInvCollPH,1280,976,002D1309,0,1,1,4294967295,0,0
oInvCollPH,1280,992,0007B922,0,1,1,4294967295,0,0
oInvCollPH,2944,240,00264522,0,1,1,4294967295,0,0
oInvCollPH,2960,240,00318272,0,1,1,4294967295,0,0
oInvCollPH,2976,240,00296A4E,0,1,1,4294967295,0,0
oInvCollPH,2976,256,0005623B,0,1,1,4294967295,0,0
oInvCollPH,2960,256,003F843B,0,1,1,4294967295,0,0
oInvCollPH,2944,256,001E0BE4,0,1,1,4294967295,0,0
oInvCollPH,2928,256,0000C3E5,0,1,1,4294967295,0,0
oInvCollPH,1872,992,0021DEB6,0,1,1,4294967295,0,0
oInvCollPH,1888,976,00254916,0,1,1,4294967295,0,0
oInvCollPH,1968,976,0003E5FF,0,1,1,4294967295,0,0
oInvCollPH,1968,992,003A8854,0,1,1,4294967295,0,0
oInvCollPH,2144,976,00208FAA,0,1,1,4294967295,0,0
oInvCollPH,2144,992,0001A532,0,1,1,4294967295,0,0
oInvCollPH,3024,928,0026F763,0,1,1,4294967295,0,0
oInvCollPH,3024,944,000886E0,0,1,1,4294967295,0,0
oInvCollPH,2848,432,0027859D,0,1,1,4294967295,0,0
oInvCollPH,2848,448,000C20DE,0,1,1,4294967295,0,0
oInvCollPH,800,848,002C4A78,0,1,1,4294967295,0,0
oInvCollPH,800,864,002BB1FE,0,1,1,4294967295,0,0
oInvCollPH,544,1008,003FEF30,0,1,1,4294967295,0,0
oInvCollPH,560,992,000D4029,0,1,1,4294967295,0,0
oInvCollPH,832,992,00370C25,0,1,1,4294967295,0,0
oInvCollPH,832,1008,0016B468,0,1,1,4294967295,0,0
oInvCollPH,1984,256,002ED04E,0,1,1,4294967295,0,0
oInvCollPH,2000,240,0027D262,0,1,1,4294967295,0,0
oInvCollPH,2080,240,000DC2CB,0,1,1,4294967295,0,0
oInvCollPH,2080,256,001B3593,0,1,1,4294967295,0,0
oInvCollPH,272,896,0027FCC6,0,1,1,4294967295,0,0
oInvCollPH,288,896,001F21E6,0,1,1,4294967295,0,0
oInvCollPH,272,928,003A8ABD,0,1,1,4294967295,0,0
oInvCollPH,256,928,002F6201,0,1,1,4294967295,0,0
oInvisibleSolid,0,592,000BC292,0,1,1,4294967295,0,1
oInvisibleSolid,0,400,001C5F41,0,1,1,4294967295,0,1
oInvisibleSolid,400,576,001BB8C8,0,1,1,4294967295,0,1
oInvisibleSolid,272,544,00383519,0,1,1,4294967295,0,1
oInvisibleSolid,592,464,0035A363,0,1,1,4294967295,0,1
oInvisibleSolid,656,432,003F4406,0,1,1,4294967295,0,1
oInvisibleSolid,2976,352,00380E21,0,1,1,4294967295,0,1
oInvisibleSolid,3056,320,000D84A5,0,1,1,4294967295,0,1
oInvisibleSolid,3104,144,002AFF6A,0,1,1,4294967295,0,1
oInvisibleSolid,3232,96,001A2EAE,0,1,1,4294967295,0,1
oInvisibleSolid,448,768,0027CED1,0,1,1,4294967295,0,1
oInvisibleSolid,256,896,00122AA8,0,1,1,4294967295,0,1
oInvisibleSolid,320,656,000AE21B,0,1,1,4294967295,0,1
oInvisibleSolid,16,304,00069932,0,1,1,4294967295,0,1
oInvisibleSolid,176,240,00340145,0,1,1,4294967295,0,1
oInvisibleSolid,0,144,002A24CC,0,1,1,4294967295,0,1
oInvisibleSolid,96,256,00231758,0,1,1,4294967295,0,1
oInvisibleSolid,320,288,00004BA5,0,1,1,4294967295,0,1
oInvisibleSolid,1072,240,003E4F82,0,1,1,4294967295,0,1
oInvisibleSolid,1648,304,0024F49D,0,1,1,4294967295,0,1
oInvisibleSolid,2304,608,0038FD44,0,1,1,4294967295,0,1
oInvisibleSolid,3008,928,003FAD43,0,1,1,4294967295,0,1
oInvisibleSolid,1872,976,0007BE6B,0,1,1,4294967295,0,1
oInvisibleSolid,2064,976,001E71BA,0,1,1,4294967295,0,1
oInvisibleSolid,2240,960,001267D9,0,1,1,4294967295,0,1
oInvisibleSolid,2352,880,001E62DC,0,1,1,4294967295,0,1
oInvisibleSolid,2832,432,002D878A,0,1,1,4294967295,0,1
oInvisibleSolid,2576,528,0006A0DF,0,1,1,4294967295,0,1
oInvisibleSolid,2512,528,003A1EA7,0,1,1,4294967295,0,1
oInvisibleSolid,2560,992,000067E8,0,1,1,4294967295,0,1
oInvisibleSolid,3184,848,00040342,0,1,1,4294967295,0,1
oInvisibleSolid,3184,944,0028185A,0,1,1,4294967295,0,1
oInvisibleSolid,3328,832,001E619A,0,1,1,4294967295,0,1
oInvisibleSolid,2272,160,00398E2C,0,1,1,4294967295,0,1
oInvisibleSolid,1984,240,00389407,0,1,1,4294967295,0,1
oInvisibleSolid,1824,480,00215F03,0,1,1,4294967295,0,1
oInvisibleSolid,1488,416,0015A905,0,1,1,4294967295,0,1
oInvisibleSolid,1600,528,0002040F,0,1,1,4294967295,0,1
oInvisibleSolid,1936,592,000EEF42,0,1,1,4294967295,0,1
oInvisibleSolid,1776,688,00296914,0,1,1,4294967295,0,1
oInvisibleSolid,1616,656,00335346,0,1,1,4294967295,0,1
oInvisibleSolid,1664,704,00261C86,0,1,1,4294967295,0,1
oInvisibleSolid,1888,736,002B7BF6,0,1,1,4294967295,0,1
oInvisibleSolid,1920,832,00387529,0,1,1,4294967295,0,1
oInvisibleSolid,1696,912,000C4724,0,1,1,4294967295,0,1
oInvisibleSolid,1120,592,001C716B,0,1,1,4294967295,0,1
oInvisibleSolid,992,656,000F7824,0,1,1,4294967295,0,1
oInvisibleSolid,784,848,000FB4E6,0,1,1,4294967295,0,1
oInvisibleSolid,912,944,003B8499,0,1,1,4294967295,0,1
oInvisibleSolid,1040,816,00392387,0,1,1,4294967295,0,1
oInvisibleSolid,1120,848,0034EFA8,0,1,1,4294967295,0,1
oInvisibleSolid,336,0,00042DD5,0,1,1,4294967295,0,1
oInvisibleSolid,1312,144,000DC5A7,0,1,1,4294967295,0,1
oInvisibleSolid,304,816,001AE9BA,0,1,1,4294967295,0,1
oInvisibleSolid,512,640,002ED21D,0,1,1,4294967295,0,1
oInvisibleSolid,608,688,003CD411,0,1,1,4294967295,0,1
oInvisibleSolid,896,512,0032DDA7,0,1,1,4294967295,0,1
oInvisibleSolid,1312,928,000583D2,0,1,1,4294967295,0,1
oInvisibleSolid,2112,800,00279FDC,0,1,1,4294967295,0,1
oInvisibleSolid,2160,544,0017934D,0,1,1,4294967295,0,1
oInvisibleSolid,1552,384,0038CBC8,0,1,1,4294967295,0,1
oInvisibleSolid,544,992,003C80C6,0,1,1,4294967295,0,1
oInvisibleSolid,176,704,00058A39,0,1,1,4294967295,0,1
oInvisibleSolid,1504,288,00328E6D,0,1,1,4294967295,0,1
oInvisibleSolid,2368,992,00388482,0,1,1,4294967295,0,1
oInvisibleSolid,1200,976,000759FB,0,1,1,4294967295,0,1
oInvisibleSolid,1600,960,00067A26,0,1,1,4294967295,0,1
oInvisibleSolid,1168,640,00022864,0,1,1,4294967295,0,1
oInvisibleSolid,1728,528,0021DA9E,0,1,1,4294967295,0,1
oInvisibleSolid,2016,592,0017AB79,0,1,1,4294967295,0,1
oInvisibleSolid,2704,1024,003748F5,0,1,1,4294967295,0,1
oInvisibleSolid,2832,1024,000074BC,0,1,1,4294967295,0,1
oInvisibleSolid,3120,432,00318918,0,1,1,4294967295,0,1
oInvisibleSolid,2304,208,003B815F,0,1,1,4294967295,0,1
oInvisibleSolid,3264,432,00279E12,0,1,1,4294967295,0,1
oInvisibleSolid,1104,720,00022C31,0,1,1,4294967295,0,1
oInvisibleSolid,2928,240,0008DE83,0,1,1,4294967295,0,1
