tileMetE,416,160,112,32,16,16,0,1,1,4294967295
tileMetE,272,256,112,32,16,16,0,1,1,4294967295
tileMetE,272,352,112,32,16,16,0,1,1,4294967295
tileMetE,160,32,112,32,16,16,0,1,1,4294967295
tileMetE,16,320,112,32,16,16,0,1,1,4294967295
tileMetE,448,992,112,32,16,16,0,1,1,4294967295
tileMetE,16,1024,112,48,16,16,0,1,1,4294967295
tileMetE,448,736,112,48,16,16,0,1,1,4294967295
tileMetE,32,560,112,48,16,16,0,1,1,4294967295
tileMetE,464,656,112,48,16,16,0,1,1,4294967295
tileMetE,32,592,112,32,16,16,0,1,1,4294967295
tileMetE,112,32,112,32,16,16,0,1,1,4294967295
tileMetE,64,32,112,32,16,16,0,1,1,4294967295
tileMetE,48,32,112,32,16,16,0,1,1,4294967295
tileMetE,16,128,112,32,16,16,0,1,1,4294967295
tileMetE,16,160,112,32,16,16,0,1,1,4294967295
tileMetE,16,208,112,32,16,16,0,1,1,4294967295
tileMetE,416,208,112,32,16,16,0,1,1,4294967295
tileMetE,320,256,112,32,16,16,0,1,1,4294967295
tileMetE,352,352,112,32,16,16,0,1,1,4294967295
tileMetE,368,352,112,32,16,16,0,1,1,4294967295
tileMetE,0,560,112,32,16,16,0,1,1,4294967295
tileMetE,400,928,112,32,16,16,0,1,1,4294967295
tileMetE,448,768,112,32,16,16,0,1,1,4294967295
tileMetE,464,704,112,32,16,16,0,1,1,4294967295
tileMetE,16,1104,112,32,16,16,0,1,1,4294967295
tileMetE,16,1120,112,32,16,16,0,1,1,4294967295
tileMetE,16,1072,112,48,16,16,0,1,1,4294967295
tileMetE,432,928,112,48,16,16,0,1,1,4294967295
tileMetE,448,784,112,48,16,16,0,1,1,4294967295
tileMetE,0,592,112,48,16,16,0,1,1,4294967295
tileMetE,16,272,112,48,16,16,0,1,1,4294967295
tileMetE,16,256,112,48,16,16,0,1,1,4294967295
tileMetE,16,240,112,48,16,16,0,1,1,4294967295
tileMetE,304,352,112,48,16,16,0,1,1,4294967295
tileMetE,416,352,112,48,16,16,0,1,1,4294967295
tileMetE,432,352,112,48,16,16,0,1,1,4294967295
tileMetE,160,16,112,48,16,16,0,1,1,4294967295
tileMetE,432,160,112,48,16,16,0,1,1,4294967295
tileMetE,448,160,112,48,16,16,0,1,1,4294967295
tileMetE,416,176,112,48,16,16,0,1,1,4294967295
tileMetE,416,192,112,48,16,16,0,1,1,4294967295
tileMetE,416,224,112,48,16,16,0,1,1,4294967295
tileMetE,256,928,80,80,16,16,0,1,1,4294967295
tileMetE,192,928,80,80,16,16,0,1,1,4294967295
tileMetE,208,928,80,80,16,16,0,1,1,4294967295
tileMetE,224,928,80,80,16,16,0,1,1,4294967295
tileMetE,240,928,80,80,16,16,0,1,1,4294967295
tileMetE,272,912,80,80,16,16,0,1,1,4294967295
tileMetE,272,928,80,80,16,16,0,1,1,4294967295
tileMetE,384,816,112,32,16,16,0,1,1,4294967295
tileMetE,352,864,112,48,16,16,0,1,1,4294967295
tileMetE,352,880,112,48,16,16,0,1,1,4294967295
