oDist_OrganB,3712,80,003DC394,0,1,1,4294967295,0,0
oDist_OrganB,3840,48,000817FA,0,1,1,4294967295,0,0
oDist_OrganB,3600,48,0038C36E,0,1,1,4294967295,0,0
oDist_OrganB,3344,64,0003393C,0,1,1,4294967295,0,0
oDist_OrganB,3168,48,0029E617,0,1,1,4294967295,0,0
oDist_OrganB,2976,64,00028984,0,1,1,4294967295,0,0
oDist_OrganB,2768,80,00287143,0,1,1,4294967295,0,0
oDist_OrganB,2608,48,0039F14D,0,1,1,4294967295,0,0
oDist_OrganB,2400,64,0004CE4F,0,1,1,4294967295,0,0
oDist_OrganB,2160,80,00034A45,0,1,1,4294967295,0,0
oDist_OrganB,1920,48,003ECA64,0,1,1,4294967295,0,0
oDist_OrganB,1760,80,00235419,0,1,1,4294967295,0,0
oDist_OrganB,1520,48,00014D69,0,1,1,4294967295,0,0
oDist_OrganB,1328,64,001F3C78,0,1,1,4294967295,0,0
oDist_OrganB,1104,80,002E8FE9,0,1,1,4294967295,0,0
oDist_OrganB,848,64,0018A2B7,0,1,1,4294967295,0,0
oDist_OrganB,656,48,0005951F,0,1,1,4294967295,0,0
oDist_OrganB,512,80,001FC983,0,1,1,4294967295,0,0
oDist_OrganB,352,64,001D02B9,0,1,1,4294967295,0,0
oDist_OrganB,240,48,001B7CF0,0,1,1,4294967295,0,0
oExit,0,256,00216AEA,0,1,1,4294967295,0,1
oExit,4080,256,00221F9D,0,1,1,4294967295,0,1
oDist_OrganA,32,160,00044143,0,1,1,4294967295,0,1
oDist_OrganA,496,160,00158CFB,0,1,1,4294967295,0,1
oDist_OrganA,848,160,001A402B,0,1,1,4294967295,0,1
oDist_OrganA,1776,160,0032E09B,0,1,1,4294967295,0,1
oDist_OrganA,2176,304,0026E3CA,0,1,1,4294967295,0,1
oDist_OrganA,2864,160,0009B072,0,1,1,4294967295,0,1
oDist_OrganA,3696,304,001DC135,0,1,1,4294967295,0,1
oDist_OrganA,3808,192,0009EC70,0,1,1,4294967295,0,1
oDist_OrganB,1184,302,002558E5,0,1,1,4294967295,0,1
oDist_OrganB,1568,144,0018F818,0,1,1,4294967295,0,1
oDist_OrganB,2304,160,000C250A,0,1,1,4294967295,0,1
oDist_OrganB,3392,160,000DF66B,0,1,1,4294967295,0,1
oDist_OrganB,4048,144,0032635D,0,1,1,4294967295,0,1
oPlayer1,48,288,001E7C9C,0,1,1,4294967295,0,0
oInvisibleSolid,0,192,00076537,0,1,1,4294967295,0,1
oInvisibleSolid,0,128,0001F8C1,0,1,1,4294967295,0,1
oInvisibleSolid,0,96,001081E9,0,1,1,4294967295,0,1
oInvisibleSolid,0,64,0014C46C,0,1,1,4294967295,0,1
oInvisibleSolid,0,0,0003DF77,0,1,1,4294967295,0,1
oInvisibleSolid,0,288,002AB1AE,0,1,1,4294967295,0,1
oInvisibleSolid,704,256,003E4590,0,1,1,4294967295,0,1
oInvisibleSolid,832,256,0029115C,0,1,1,4294967295,0,1
oInvisibleSolid,1088,240,003B83A5,0,1,1,4294967295,0,1
oInvisibleSolid,1280,192,0026AB91,0,1,1,4294967295,0,1
oInvisibleSolid,1376,240,00047ED4,0,1,1,4294967295,0,1
oInvisibleSolid,1472,256,00039963,0,1,1,4294967295,0,1
oInvisibleSolid,1568,256,000D3130,0,1,1,4294967295,0,1
oInvisibleSolid,1696,256,0000B965,0,1,1,4294967295,0,1
oInvisibleSolid,1856,240,001ABFE0,0,1,1,4294967295,0,1
oInvisibleSolid,1952,240,001D466E,0,1,1,4294967295,0,1
oInvisibleSolid,2048,240,0029F5E2,0,1,1,4294967295,0,1
oInvisibleSolid,2208,192,003B1258,0,1,1,4294967295,0,1
oInvisibleSolid,2560,192,00297FE2,0,1,1,4294967295,0,1
oInvisibleSolid,2368,256,00200A34,0,1,1,4294967295,0,1
oInvisibleSolid,2464,256,00147599,0,1,1,4294967295,0,1
oInvisibleSolid,2656,256,002F109A,0,1,1,4294967295,0,1
oInvisibleSolid,2832,256,0013BBB4,0,1,1,4294967295,0,1
oInvisibleSolid,3024,256,0027A877,0,1,1,4294967295,0,1
oInvisibleSolid,2736,192,00093C64,0,1,1,4294967295,0,1
oInvisibleSolid,2928,192,0039AD65,0,1,1,4294967295,0,1
oInvisibleSolid,3120,192,002C8E4B,0,1,1,4294967295,0,1
oInvisibleSolid,3296,240,000CF7C8,0,1,1,4294967295,0,1
oInvisibleSolid,3424,256,0025F28F,0,1,1,4294967295,0,1
oInvisibleSolid,3552,240,00009424,0,1,1,4294967295,0,1
oInvisibleSolid,3680,192,003E2868,0,1,1,4294967295,0,1
oInvisibleSolid,4000,192,0031103F,0,1,1,4294967295,0,1
oInvisibleSolid,4032,0,001C57E3,0,1,1,4294967295,0,1
oInvisibleSolid,4000,64,0038ADD0,0,1,1,4294967295,0,1
oInvisibleSolid,3936,96,001D51EB,0,1,1,4294967295,0,1
