tileMM_A1,0,240,16,0,32,48,0,1,1,4294967295
tileMM_A1,32,240,16,0,32,48,0,1,1,4294967295
tileMM_A1,64,240,32,0,32,48,0,1,1,4294967295
tileMM_A1,64,288,32,16,32,32,0,1,1,4294967295
tileMM_A1,0,288,16,16,32,32,0,1,1,4294967295
tileMM_A1,0,320,16,16,32,32,0,1,1,4294967295
tileMM_A1,32,288,16,16,32,32,0,1,1,4294967295
tileMM_A1,32,320,16,16,32,32,0,1,1,4294967295
tileMM_A1,576,288,0,16,32,32,0,1,1,4294967295
tileMM_A1,576,128,0,16,32,32,0,1,1,4294967295
tileMM_A1,576,160,0,16,32,32,0,1,1,4294967295
tileMM_A1,576,192,0,16,32,32,0,1,1,4294967295
tileMM_A1,64,320,16,16,32,32,0,1,1,4294967295
tileMM_A1,576,320,16,16,32,32,0,1,1,4294967295
tileMM_A1,48,160,32,96,32,16,0,1,1,4294967295
tileMM_A1,16,160,32,96,32,16,0,1,1,4294967295
tileMM_A1,0,160,32,96,16,16,0,1,1,4294967295
tileMM_A1,96,32,32,96,32,16,0,1,1,4294967295
tileMM_A1,48,128,16,16,48,32,0,1,1,4294967295
tileMM_A1,80,160,48,48,16,16,0,1,1,4294967295
tileMM_A1,16,128,16,16,32,32,0,1,1,4294967295
tileMM_A1,0,128,16,16,16,32,0,1,1,4294967295
tileMM_A1,128,32,32,96,32,16,0,1,1,4294967295
tileMM_A1,160,32,32,96,32,16,0,1,1,4294967295
tileMM_A1,192,32,32,96,32,16,0,1,1,4294967295
tileMM_A1,224,32,32,96,32,16,0,1,1,4294967295
tileMM_A1,256,32,32,96,32,16,0,1,1,4294967295
tileMM_A1,288,32,32,96,32,16,0,1,1,4294967295
tileMM_A1,320,32,32,96,32,16,0,1,1,4294967295
tileMM_A1,352,32,32,96,32,16,0,1,1,4294967295
tileMM_A1,384,32,32,96,32,16,0,1,1,4294967295
tileMM_A1,416,32,32,96,32,16,0,1,1,4294967295
tileMM_A1,448,32,32,96,32,16,0,1,1,4294967295
tileMM_A1,480,32,32,96,32,16,0,1,1,4294967295
tileMM_A1,512,32,32,96,32,16,0,1,1,4294967295
tileMM_A1,544,32,32,96,32,16,0,1,1,4294967295
tileMM_A1,48,32,16,16,48,32,0,1,1,4294967295
tileMM_A1,576,32,0,16,32,32,0,1,1,4294967295
tileMM_A1,16,32,16,16,32,32,0,1,1,4294967295
tileMM_A1,0,0,16,16,32,32,0,1,1,4294967295
tileMM_A1,32,0,16,16,32,32,0,1,1,4294967295
tileMM_A1,64,0,16,16,32,32,0,1,1,4294967295
tileMM_A1,96,0,16,16,32,32,0,1,1,4294967295
tileMM_A1,128,0,16,16,32,32,0,1,1,4294967295
tileMM_A1,160,0,16,16,32,32,0,1,1,4294967295
tileMM_A1,192,0,16,16,32,32,0,1,1,4294967295
tileMM_A1,224,0,16,16,32,32,0,1,1,4294967295
tileMM_A1,256,0,16,16,32,32,0,1,1,4294967295
tileMM_A1,288,0,16,16,32,32,0,1,1,4294967295
tileMM_A1,320,0,16,16,32,32,0,1,1,4294967295
tileMM_A1,352,0,16,16,32,32,0,1,1,4294967295
tileMM_A1,384,0,16,16,32,32,0,1,1,4294967295
tileMM_A1,416,0,16,16,32,32,0,1,1,4294967295
tileMM_A1,448,0,16,16,32,32,0,1,1,4294967295
tileMM_A1,480,0,16,16,32,32,0,1,1,4294967295
tileMM_A1,512,0,16,16,32,32,0,1,1,4294967295
tileMM_A1,544,0,16,16,32,32,0,1,1,4294967295
tileMM_A1,576,0,16,16,32,32,0,1,1,4294967295
tileMM_A1,0,32,16,16,16,32,0,1,1,4294967295
tileMM_A1,96,304,16,0,32,48,0,1,1,4294967295
tileMM_A1,128,304,16,0,32,48,0,1,1,4294967295
tileMM_A1,160,304,16,0,32,48,0,1,1,4294967295
tileMM_A1,192,304,16,0,32,48,0,1,1,4294967295
tileMM_A1,224,304,16,0,32,48,0,1,1,4294967295
tileMM_A1,256,304,16,0,32,48,0,1,1,4294967295
tileMM_A1,288,304,16,0,32,48,0,1,1,4294967295
tileMM_A1,320,304,16,0,32,48,0,1,1,4294967295
tileMM_A1,352,304,16,0,32,48,0,1,1,4294967295
tileMM_A1,384,304,16,0,32,48,0,1,1,4294967295
tileMM_A1,416,304,16,0,32,48,0,1,1,4294967295
tileMM_A1,448,304,16,0,32,48,0,1,1,4294967295
tileMM_A1,480,304,16,0,32,48,0,1,1,4294967295
tileMM_A1,512,304,16,0,32,48,0,1,1,4294967295
tileMM_A1,544,304,16,0,32,48,0,1,1,4294967295
tileMM_A2,64,176,0,0,32,32,0,1,1,4294967295
tileMM_A2,64,208,0,64,32,32,0,1,1,4294967295
tileMM_A2,0,176,128,0,64,32,0,1,1,4294967295
tileMM_A2,0,208,128,64,64,32,0,1,1,4294967295
tileMM_A1,0,64,96,48,96,64,0,1,1,4294967295
tileMM_A1,576,64,64,48,32,64,0,1,1,4294967295
tileMM_A1,576,224,64,48,32,64,0,1,1,4294967295
tileMM_A2,96,256,160,112,16,16,0,1,1,4294967295
tileMM_A2,112,272,160,112,16,16,0,1,1,4294967295
tileMM_A2,560,256,176,112,16,16,0,1,1,4294967295
tileMM_A2,544,272,176,112,16,16,0,1,1,4294967295
tileMM_A2,560,272,80,80,16,16,0,1,1,4294967295
tileMM_A2,96,272,32,80,16,16,0,1,1,4294967295
tileMM_A2,128,288,0,128,32,16,0,1,1,4294967295
tileMM_A2,160,288,0,128,32,16,0,1,1,4294967295
tileMM_A2,192,288,0,128,32,16,0,1,1,4294967295
tileMM_A2,224,288,0,128,32,16,0,1,1,4294967295
tileMM_A2,256,288,0,128,32,16,0,1,1,4294967295
tileMM_A2,288,288,0,128,32,16,0,1,1,4294967295
tileMM_A2,320,288,0,128,32,16,0,1,1,4294967295
tileMM_A2,352,288,0,128,32,16,0,1,1,4294967295
tileMM_A2,384,288,0,128,32,16,0,1,1,4294967295
tileMM_A2,416,288,0,128,32,16,0,1,1,4294967295
tileMM_A2,448,288,0,128,32,16,0,1,1,4294967295
tileMM_A2,480,288,0,128,32,16,0,1,1,4294967295
tileMM_A2,512,288,0,128,32,16,0,1,1,4294967295
tileMM_A2,544,288,80,80,16,16,0,1,1,4294967295
tileMM_A2,112,288,32,80,16,16,0,1,1,4294967295
tileMM_A2,96,288,48,112,16,16,0,1,1,4294967295
tileMM_A2,560,288,48,112,16,16,0,1,1,4294967295
