oMaohBreakPlatform,96,240,003C270C,0,1,1,4294967295,0,0
oMaohBreakPlatform,96,256,002E7B69,0,1,1,4294967295,0,0
oMaohBreakPlatform,96,272,000A7FF3,0,1,1,4294967295,0,0
oMaohBreakPlatform,128,240,00142E77,0,1,1,4294967295,0,0
oMaohBreakPlatform,128,256,0028408E,0,1,1,4294967295,0,0
oMaohBreakPlatform,128,272,0019FCBC,0,1,1,4294967295,0,0
oMaohBreakPlatform,160,240,002F3CB6,0,1,1,4294967295,0,0
oMaohBreakPlatform,160,256,0027ACD3,0,1,1,4294967295,0,0
oMaohBreakPlatform,160,272,002493E8,0,1,1,4294967295,0,0
oMaohBreakPlatform,192,240,000F942C,0,1,1,4294967295,0,0
oMaohBreakPlatform,192,256,00203022,0,1,1,4294967295,0,0
oMaohBreakPlatform,192,272,0006B604,0,1,1,4294967295,0,0
oMaohBreakPlatform,224,240,000C8B7C,0,1,1,4294967295,0,0
oMaohBreakPlatform,224,256,00356950,0,1,1,4294967295,0,0
oMaohBreakPlatform,224,272,00113164,0,1,1,4294967295,0,0
oMaohBreakPlatform,256,240,002ED4D4,0,1,1,4294967295,0,0
oMaohBreakPlatform,256,256,00280D5C,0,1,1,4294967295,0,0
oMaohBreakPlatform,256,272,0011EE08,0,1,1,4294967295,0,0
oMaohBreakPlatform,288,240,003A9A7E,0,1,1,4294967295,0,0
oMaohBreakPlatform,288,256,00121ED4,0,1,1,4294967295,0,0
oMaohBreakPlatform,288,272,00271F8A,0,1,1,4294967295,0,0
oMaohBreakPlatform,320,240,0005B606,0,1,1,4294967295,0,0
oMaohBreakPlatform,320,256,00141762,0,1,1,4294967295,0,0
oMaohBreakPlatform,320,272,002FE1E6,0,1,1,4294967295,0,0
oMaohBreakPlatform,352,240,002EC6D1,0,1,1,4294967295,0,0
oMaohBreakPlatform,352,256,001096AB,0,1,1,4294967295,0,0
oMaohBreakPlatform,352,272,003336A6,0,1,1,4294967295,0,0
oMaohBreakPlatform,384,240,000CC772,0,1,1,4294967295,0,0
oMaohBreakPlatform,384,256,001832BC,0,1,1,4294967295,0,0
oMaohBreakPlatform,384,272,001E0B34,0,1,1,4294967295,0,0
oMaohBreakPlatform,416,240,000126B1,0,1,1,4294967295,0,0
oMaohBreakPlatform,416,256,003A8F0C,0,1,1,4294967295,0,0
oMaohBreakPlatform,416,272,0028DDE9,0,1,1,4294967295,0,0
oMaohBreakPlatform,448,240,0025F845,0,1,1,4294967295,0,0
oMaohBreakPlatform,448,256,001C78C6,0,1,1,4294967295,0,0
oMaohBreakPlatform,448,272,001D18AC,0,1,1,4294967295,0,0
oMaohBreakPlatform,480,240,0000A9D5,0,1,1,4294967295,0,0
oMaohBreakPlatform,480,256,0037ABAF,0,1,1,4294967295,0,0
oMaohBreakPlatform,480,272,003D9378,0,1,1,4294967295,0,0
oMaohBreakPlatform,512,240,002638B5,0,1,1,4294967295,0,0
oMaohBreakPlatform,512,256,001E5EE2,0,1,1,4294967295,0,0
oMaohBreakPlatform,512,272,002814E4,0,1,1,4294967295,0,0
oMaohBreakPlatform,544,240,0038D60F,0,1,1,4294967295,0,0
oMaohBreakPlatform,544,256,001CB418,0,1,1,4294967295,0,0
oMaohBreakPlatform,544,272,001E058A,0,1,1,4294967295,0,0
oStaticSpike,96,288,001BA77D,0,1,1,4294967295,0,0
oStaticSpike,112,288,0038BA66,0,1,1,4294967295,0,0
oStaticSpike,128,288,000F96A0,0,1,1,4294967295,0,0
oStaticSpike,144,288,00178A6A,0,1,1,4294967295,0,0
oStaticSpike,160,288,0000A55C,0,1,1,4294967295,0,0
oStaticSpike,176,288,00290240,0,1,1,4294967295,0,0
oStaticSpike,192,288,001F19F3,0,1,1,4294967295,0,0
oStaticSpike,208,288,0033D39D,0,1,1,4294967295,0,0
oStaticSpike,224,288,003C9637,0,1,1,4294967295,0,0
oStaticSpike,240,288,0032B7C9,0,1,1,4294967295,0,0
oStaticSpike,256,288,00348EC6,0,1,1,4294967295,0,0
oStaticSpike,272,288,00030270,0,1,1,4294967295,0,0
oStaticSpike,288,288,00198168,0,1,1,4294967295,0,0
oStaticSpike,304,288,0012572D,0,1,1,4294967295,0,0
oStaticSpike,320,288,0010F023,0,1,1,4294967295,0,0
oStaticSpike,336,288,0012C786,0,1,1,4294967295,0,0
oStaticSpike,352,288,002B6516,0,1,1,4294967295,0,0
oStaticSpike,368,288,0033016A,0,1,1,4294967295,0,0
oStaticSpike,384,288,002BAEE3,0,1,1,4294967295,0,0
oStaticSpike,400,288,000D6973,0,1,1,4294967295,0,0
oStaticSpike,416,288,002F71A9,0,1,1,4294967295,0,0
oStaticSpike,432,288,0000A3F7,0,1,1,4294967295,0,0
oStaticSpike,448,288,003126B1,0,1,1,4294967295,0,0
oStaticSpike,464,288,0007E864,0,1,1,4294967295,0,0
oStaticSpike,480,288,00088E6A,0,1,1,4294967295,0,0
oStaticSpike,496,288,003FAC8B,0,1,1,4294967295,0,0
oStaticSpike,512,288,000935E6,0,1,1,4294967295,0,0
oStaticSpike,528,288,0028D9AD,0,1,1,4294967295,0,0
oStaticSpike,544,288,00402421,0,1,1,4294967295,0,0
oStaticSpike,560,288,00370673,0,1,1,4294967295,0,0
oPlayer1,48,240,001545B8,0,1,1,4294967295,0,0
oInvCollPH,16,240,0003EAA7,0,1,1,4294967295,0,0
oInvCollPH,32,240,001F084B,0,1,1,4294967295,0,0
oInvCollPH,48,240,002836B8,0,1,1,4294967295,0,0
oInvCollPH,64,240,003BF990,0,1,1,4294967295,0,0
oInvCollPH,80,240,00342C48,0,1,1,4294967295,0,0
oInvCollPH,80,256,00027AF2,0,1,1,4294967295,0,0
oInvCollPH,80,272,000E5B76,0,1,1,4294967295,0,0
oInvCollPH,80,288,00036BEE,0,1,1,4294967295,0,0
oInvCollPH,80,48,0010BBAF,0,1,1,4294967295,0,0
oInvCollPH,80,64,001E5B52,0,1,1,4294967295,0,0
oInvCollPH,0,160,0006B2B6,0,1,1,4294967295,0,0
oInvCollPH,16,160,0034F0EC,0,1,1,4294967295,0,0
oInvCollPH,32,160,003DCCC4,0,1,1,4294967295,0,0
oInvCollPH,48,160,00145C38,0,1,1,4294967295,0,0
oInvCollPH,64,160,001F33E0,0,1,1,4294967295,0,0
oInvCollPH,80,160,00362F88,0,1,1,4294967295,0,0
oInvCollPH,80,144,000E3A0B,0,1,1,4294967295,0,0
oInvCollPH,80,128,001AB01B,0,1,1,4294967295,0,0
oInvCollPH,80,112,003926D4,0,1,1,4294967295,0,0
oInvCollPH,80,96,00003EBB,0,1,1,4294967295,0,0
oInvCollPH,80,80,002A94EC,0,1,1,4294967295,0,0
oInvCollPH,576,64,001B95D0,0,1,1,4294967295,0,0
oInvCollPH,576,80,0007C565,0,1,1,4294967295,0,0
oInvCollPH,576,96,0024DA4A,0,1,1,4294967295,0,0
oInvCollPH,576,112,00245C66,0,1,1,4294967295,0,0
oInvCollPH,576,128,000F53E0,0,1,1,4294967295,0,0
oInvCollPH,576,144,00244693,0,1,1,4294967295,0,0
oInvCollPH,576,160,002A9EFD,0,1,1,4294967295,0,0
oInvCollPH,576,176,00260E32,0,1,1,4294967295,0,0
oInvCollPH,576,192,00258B1C,0,1,1,4294967295,0,0
oInvCollPH,576,288,00187BE8,0,1,1,4294967295,0,0
oInvCollPH,576,272,001372D0,0,1,1,4294967295,0,0
oInvCollPH,576,256,0027CAA1,0,1,1,4294967295,0,0
oInvCollPH,576,240,00062B75,0,1,1,4294967295,0,0
oInvCollPH,576,224,003E814A,0,1,1,4294967295,0,0
oInvCollPH,576,208,000A12BE,0,1,1,4294967295,0,0
oInvCollPH,96,32,0003D7E5,0,1,1,4294967295,0,0
oInvCollPH,112,32,00257037,0,1,1,4294967295,0,0
oInvCollPH,128,32,003F0EE1,0,1,1,4294967295,0,0
oInvCollPH,144,32,0039AA68,0,1,1,4294967295,0,0
oInvCollPH,160,32,0014F094,0,1,1,4294967295,0,0
oInvCollPH,176,32,0007965E,0,1,1,4294967295,0,0
oInvCollPH,192,32,0027A2C7,0,1,1,4294967295,0,0
oInvCollPH,208,32,00209080,0,1,1,4294967295,0,0
oInvCollPH,224,32,00301531,0,1,1,4294967295,0,0
oInvCollPH,240,32,000C56FF,0,1,1,4294967295,0,0
oInvCollPH,560,32,000FAABC,0,1,1,4294967295,0,0
oInvCollPH,544,32,002815DF,0,1,1,4294967295,0,0
oInvCollPH,528,32,00183C1D,0,1,1,4294967295,0,0
oInvCollPH,512,32,003AC95E,0,1,1,4294967295,0,0
oInvCollPH,496,32,00325130,0,1,1,4294967295,0,0
oInvCollPH,480,32,003B137E,0,1,1,4294967295,0,0
oInvCollPH,464,32,00124FD3,0,1,1,4294967295,0,0
oInvCollPH,448,32,001563CE,0,1,1,4294967295,0,0
oInvCollPH,336,32,0039A0CB,0,1,1,4294967295,0,0
oInvCollPH,352,32,002F99A2,0,1,1,4294967295,0,0
oInvCollPH,256,32,0016C7DC,0,1,1,4294967295,0,0
oInvCollPH,272,32,003F2770,0,1,1,4294967295,0,0
oInvCollPH,288,32,00072EC8,0,1,1,4294967295,0,0
oInvCollPH,304,32,003BC75D,0,1,1,4294967295,0,0
oInvCollPH,320,32,00115726,0,1,1,4294967295,0,0
oInvCollPH,432,32,001A1FF9,0,1,1,4294967295,0,0
oInvCollPH,416,32,00203717,0,1,1,4294967295,0,0
oInvCollPH,400,32,00197F45,0,1,1,4294967295,0,0
oInvCollPH,384,32,00038F55,0,1,1,4294967295,0,0
oInvCollPH,368,32,0037CB1A,0,1,1,4294967295,0,0
oInvCollPH,112,304,0035E6FC,0,1,1,4294967295,0,0
oInvCollPH,128,304,0002C7E7,0,1,1,4294967295,0,0
oInvCollPH,144,304,000948A8,0,1,1,4294967295,0,0
oInvCollPH,160,304,0038A852,0,1,1,4294967295,0,0
oInvCollPH,176,304,000C094D,0,1,1,4294967295,0,0
oInvCollPH,192,304,001978E8,0,1,1,4294967295,0,0
oInvCollPH,208,304,003E3789,0,1,1,4294967295,0,0
oInvCollPH,224,304,001627DE,0,1,1,4294967295,0,0
oInvCollPH,240,304,00203BEB,0,1,1,4294967295,0,0
oInvCollPH,256,304,00134460,0,1,1,4294967295,0,0
oInvCollPH,272,304,00375973,0,1,1,4294967295,0,0
oInvCollPH,288,304,0010A5A2,0,1,1,4294967295,0,0
oInvCollPH,304,304,000A6B61,0,1,1,4294967295,0,0
oInvCollPH,320,304,00121F37,0,1,1,4294967295,0,0
oInvCollPH,336,304,00157A1C,0,1,1,4294967295,0,0
oInvCollPH,352,304,001157E5,0,1,1,4294967295,0,0
oInvCollPH,368,304,0027CA09,0,1,1,4294967295,0,0
oInvCollPH,384,304,001D317E,0,1,1,4294967295,0,0
oInvCollPH,400,304,00004232,0,1,1,4294967295,0,0
oInvCollPH,416,304,002102AB,0,1,1,4294967295,0,0
oInvCollPH,432,304,0024192A,0,1,1,4294967295,0,0
oInvCollPH,448,304,00034C81,0,1,1,4294967295,0,0
oInvCollPH,464,304,002F3461,0,1,1,4294967295,0,0
oInvCollPH,480,304,002066EB,0,1,1,4294967295,0,0
oInvCollPH,496,304,00129D4C,0,1,1,4294967295,0,0
oInvCollPH,512,304,003E8FAC,0,1,1,4294967295,0,0
oInvCollPH,528,304,003223A1,0,1,1,4294967295,0,0
oInvCollPH,544,304,0002D2DC,0,1,1,4294967295,0,0
oInvCollPH,560,304,000D3D2C,0,1,1,4294967295,0,0
oInvisibleSolid,0,0,003C3493,0,1,1,4294967295,0,1
oInvisibleSolid,0,240,003F3ABD,0,1,1,4294967295,0,1
oInvisibleSolid,96,0,001954D2,0,1,1,4294967295,0,1
oInvisibleSolid,576,48,0026CD76,0,1,1,4294967295,0,1
oInvisibleSolid,96,304,000630A9,0,1,1,4294967295,0,1
