tileCastlevaniaG,600,96,56,0,8,48,0,1,1,4294967295
tileCastlevaniaG,696,96,56,0,8,48,0,1,1,4294967295
tileCastlevaniaG,576,96,0,0,8,48,0,1,1,4294967295
tileCastlevaniaG,672,96,0,0,8,48,0,1,1,4294967295
tileCastlevaniaG,696,144,56,16,8,32,0,1,1,4294967295
tileCastlevaniaG,696,176,56,16,8,32,0,1,1,4294967295
tileCastlevaniaG,696,208,56,16,8,32,0,1,1,4294967295
tileCastlevaniaG,600,144,56,16,8,32,0,1,1,4294967295
tileCastlevaniaG,600,176,56,16,8,32,0,1,1,4294967295
tileCastlevaniaG,600,208,56,16,8,32,0,1,1,4294967295
tileCastlevaniaG,576,144,0,16,8,32,0,1,1,4294967295
tileCastlevaniaG,576,176,0,16,8,32,0,1,1,4294967295
tileCastlevaniaG,576,208,0,16,8,32,0,1,1,4294967295
tileCastlevaniaG,672,144,0,16,8,32,0,1,1,4294967295
tileCastlevaniaG,672,176,0,16,8,32,0,1,1,4294967295
tileCastlevaniaG,672,208,0,16,8,32,0,1,1,4294967295
tileCastlevaniaG,576,240,0,32,8,32,0,1,1,4294967295
tileCastlevaniaG,672,240,0,32,8,32,0,1,1,4294967295
tileCastlevaniaG,600,240,56,32,8,32,0,1,1,4294967295
tileCastlevaniaG,696,240,56,32,8,32,0,1,1,4294967295
tileCastlevaniaG,680,96,24,0,16,56,0,1,1,4294967295
tileCastlevaniaG,584,96,24,0,16,56,0,1,1,4294967295
tileCastlevaniaG,584,232,24,24,16,40,0,1,1,4294967295
tileCastlevaniaG,680,232,24,24,16,40,0,1,1,4294967295
tileCastlevaniaG,584,152,24,24,16,32,0,1,1,4294967295
tileCastlevaniaG,584,184,24,24,16,32,0,1,1,4294967295
tileCastlevaniaG,680,152,24,24,16,32,0,1,1,4294967295
tileCastlevaniaG,680,184,24,24,16,32,0,1,1,4294967295
tileCastlevaniaG,584,216,24,24,16,16,0,1,1,4294967295
tileCastlevaniaG,680,216,24,24,16,16,0,1,1,4294967295
tileCastlevaniaG,480,256,96,144,48,16,0,1,1,4294967295
tileCastlevaniaG,752,256,96,144,48,16,0,1,1,4294967295
tileCastlevaniaG,480,128,96,128,48,16,0,1,1,4294967295
tileCastlevaniaG,752,128,96,128,48,16,0,1,1,4294967295
tileCastlevaniaG,488,144,104,136,32,16,0,1,1,4294967295
tileCastlevaniaG,488,160,104,136,32,16,0,1,1,4294967295
tileCastlevaniaG,488,176,104,136,32,16,0,1,1,4294967295
tileCastlevaniaG,488,192,104,136,32,16,0,1,1,4294967295
tileCastlevaniaG,488,208,104,136,32,16,0,1,1,4294967295
tileCastlevaniaG,488,224,104,136,32,16,0,1,1,4294967295
tileCastlevaniaG,488,240,104,136,32,16,0,1,1,4294967295
tileCastlevaniaG,760,144,104,136,32,16,0,1,1,4294967295
tileCastlevaniaG,760,160,104,136,32,16,0,1,1,4294967295
tileCastlevaniaG,760,176,104,136,32,16,0,1,1,4294967295
tileCastlevaniaG,760,192,104,136,32,16,0,1,1,4294967295
tileCastlevaniaG,760,208,104,136,32,16,0,1,1,4294967295
tileCastlevaniaG,760,224,104,136,32,16,0,1,1,4294967295
tileCastlevaniaG,760,240,104,136,32,16,0,1,1,4294967295
tileCastlevaniaG,520,144,56,16,8,32,0,1,1,4294967295
tileCastlevaniaG,520,176,56,16,8,32,0,1,1,4294967295
tileCastlevaniaG,520,208,56,16,8,32,0,1,1,4294967295
tileCastlevaniaG,792,144,56,16,8,32,0,1,1,4294967295
tileCastlevaniaG,792,176,56,16,8,32,0,1,1,4294967295
tileCastlevaniaG,792,208,56,16,8,32,0,1,1,4294967295
tileCastlevaniaG,480,144,0,16,8,32,0,1,1,4294967295
tileCastlevaniaG,480,176,0,16,8,32,0,1,1,4294967295
tileCastlevaniaG,480,208,0,16,8,32,0,1,1,4294967295
tileCastlevaniaG,752,144,0,16,8,32,0,1,1,4294967295
tileCastlevaniaG,752,176,0,16,8,32,0,1,1,4294967295
tileCastlevaniaG,752,208,0,16,8,32,0,1,1,4294967295
tileCastlevaniaG,480,240,0,16,8,16,0,1,1,4294967295
tileCastlevaniaG,752,240,0,16,8,16,0,1,1,4294967295
tileCastlevaniaG,520,240,56,16,8,16,0,1,1,4294967295
tileCastlevaniaG,792,240,56,16,8,16,0,1,1,4294967295
tileCastlevaniaG,608,64,96,64,16,64,0,1,1,4294967295
tileCastlevaniaG,656,64,96,64,16,64,0,1,1,4294967295
tileCastlevaniaG,608,128,96,80,16,48,0,1,1,4294967295
tileCastlevaniaG,608,176,96,80,16,48,0,1,1,4294967295
tileCastlevaniaG,656,128,96,80,16,48,0,1,1,4294967295
tileCastlevaniaG,656,176,96,80,16,48,0,1,1,4294967295
tileCastlevaniaG,608,224,96,80,16,16,0,1,1,4294967295
tileCastlevaniaG,656,224,96,80,16,16,0,1,1,4294967295
tileCastlevaniaG,624,64,144,160,32,32,0,1,1,4294967295
tileCastlevaniaG,624,96,144,160,32,32,0,1,1,4294967295
tileCastlevaniaG,624,128,144,160,32,32,0,1,1,4294967295
tileCastlevaniaG,624,160,144,160,32,32,0,1,1,4294967295
tileCastlevaniaG,624,192,144,160,32,32,0,1,1,4294967295
tileCastlevaniaG,624,224,144,160,32,16,0,1,1,4294967295
tileCastlevaniaG,528,240,144,160,32,32,0,1,1,4294967295
tileCastlevaniaG,528,208,144,160,32,32,0,1,1,4294967295
tileCastlevaniaG,704,240,144,160,32,32,0,1,1,4294967295
tileCastlevaniaG,704,208,144,160,32,32,0,1,1,4294967295
tileCastlevaniaG,560,208,144,160,16,32,0,1,1,4294967295
tileCastlevaniaG,560,240,144,160,16,32,0,1,1,4294967295
tileCastlevaniaG,736,208,144,160,16,32,0,1,1,4294967295
tileCastlevaniaG,736,240,144,160,16,32,0,1,1,4294967295
tileCastlevaniaG,528,192,144,160,32,16,0,1,1,4294967295
tileCastlevaniaG,704,192,144,160,32,16,0,1,1,4294967295
tileCastlevaniaG,560,192,144,160,16,16,0,1,1,4294967295
tileCastlevaniaG,736,192,144,160,16,16,0,1,1,4294967295
tileCastlevaniaG,528,128,8,0,48,64,0,1,1,4294967295
tileCastlevaniaG,704,128,8,0,48,64,0,1,1,4294967295
tileCastlevaniaG,544,96,104,128,32,32,0,1,1,4294967295
tileCastlevaniaG,704,96,104,128,32,32,0,1,1,4294967295
tileCastlevaniaG,1104,192,128,0,64,80,0,1,1,4294967295
tileCastlevaniaG,1872,192,128,0,64,80,0,1,1,4294967295
tileCastlevaniaG,1200,192,128,0,64,80,0,1,1,4294967295
tileCastlevaniaG,1296,192,128,0,64,80,0,1,1,4294967295
tileCastlevaniaG,1392,192,128,0,64,80,0,1,1,4294967295
tileCastlevaniaG,1488,192,128,0,64,80,0,1,1,4294967295
tileCastlevaniaG,1584,192,128,0,64,80,0,1,1,4294967295
tileCastlevaniaG,1680,192,128,0,64,80,0,1,1,4294967295
tileCastlevaniaG,1776,192,128,0,64,80,0,1,1,4294967295
tileCastlevaniaG,1208,192,0,208,48,80,0,1,1,4294967295
tileCastlevaniaG,1400,192,0,208,48,80,0,1,1,4294967295
tileCastlevaniaG,1592,192,0,208,48,80,0,1,1,4294967295
tileCastlevaniaG,1784,192,0,208,48,80,0,1,1,4294967295
tileCastlevaniaG,1304,192,48,208,48,80,0,1,1,4294967295
tileCastlevaniaG,1688,192,48,208,48,80,0,1,1,4294967295
tileCastlevaniaG,1096,144,112,80,80,48,0,1,1,4294967295
tileCastlevaniaG,1192,144,112,80,80,48,0,1,1,4294967295
tileCastlevaniaG,1288,144,112,80,80,48,0,1,1,4294967295
tileCastlevaniaG,1384,144,112,80,80,48,0,1,1,4294967295
tileCastlevaniaG,1480,144,112,80,80,48,0,1,1,4294967295
tileCastlevaniaG,1576,144,112,80,80,48,0,1,1,4294967295
tileCastlevaniaG,1672,144,112,80,80,48,0,1,1,4294967295
tileCastlevaniaG,1768,144,112,80,80,48,0,1,1,4294967295
tileCastlevaniaG,1864,144,112,80,80,48,0,1,1,4294967295
tileCastlevaniaG,1168,192,0,64,32,16,0,1,1,4294967295
tileCastlevaniaG,1168,208,0,64,32,16,0,1,1,4294967295
tileCastlevaniaG,1168,224,0,64,32,16,0,1,1,4294967295
tileCastlevaniaG,1168,240,0,64,32,16,0,1,1,4294967295
tileCastlevaniaG,1168,256,0,64,32,16,0,1,1,4294967295
tileCastlevaniaG,1264,256,0,64,32,16,0,1,1,4294967295
tileCastlevaniaG,1264,240,0,64,32,16,0,1,1,4294967295
tileCastlevaniaG,1264,224,0,64,32,16,0,1,1,4294967295
tileCastlevaniaG,1264,208,0,64,32,16,0,1,1,4294967295
tileCastlevaniaG,1264,192,0,64,32,16,0,1,1,4294967295
tileCastlevaniaG,1360,192,0,64,32,16,0,1,1,4294967295
tileCastlevaniaG,1360,208,0,64,32,16,0,1,1,4294967295
tileCastlevaniaG,1360,224,0,64,32,16,0,1,1,4294967295
tileCastlevaniaG,1360,240,0,64,32,16,0,1,1,4294967295
tileCastlevaniaG,1360,256,0,64,32,16,0,1,1,4294967295
tileCastlevaniaG,1456,192,0,64,32,16,0,1,1,4294967295
tileCastlevaniaG,1456,208,0,64,32,16,0,1,1,4294967295
tileCastlevaniaG,1456,224,0,64,32,16,0,1,1,4294967295
tileCastlevaniaG,1456,240,0,64,32,16,0,1,1,4294967295
tileCastlevaniaG,1456,256,0,64,32,16,0,1,1,4294967295
tileCastlevaniaG,1552,256,0,64,32,16,0,1,1,4294967295
tileCastlevaniaG,1552,240,0,64,32,16,0,1,1,4294967295
tileCastlevaniaG,1552,224,0,64,32,16,0,1,1,4294967295
tileCastlevaniaG,1552,208,0,64,32,16,0,1,1,4294967295
tileCastlevaniaG,1552,192,0,64,32,16,0,1,1,4294967295
tileCastlevaniaG,1648,192,0,64,32,16,0,1,1,4294967295
tileCastlevaniaG,1648,208,0,64,32,16,0,1,1,4294967295
tileCastlevaniaG,1648,224,0,64,32,16,0,1,1,4294967295
tileCastlevaniaG,1648,240,0,64,32,16,0,1,1,4294967295
tileCastlevaniaG,1648,256,0,64,32,16,0,1,1,4294967295
tileCastlevaniaG,1744,256,0,64,32,16,0,1,1,4294967295
tileCastlevaniaG,1744,240,0,64,32,16,0,1,1,4294967295
tileCastlevaniaG,1744,224,0,64,32,16,0,1,1,4294967295
tileCastlevaniaG,1744,208,0,64,32,16,0,1,1,4294967295
tileCastlevaniaG,1744,192,0,64,32,16,0,1,1,4294967295
tileCastlevaniaG,1840,192,0,64,32,16,0,1,1,4294967295
tileCastlevaniaG,1840,208,0,64,32,16,0,1,1,4294967295
tileCastlevaniaG,1840,224,0,64,32,16,0,1,1,4294967295
tileCastlevaniaG,1840,240,0,64,32,16,0,1,1,4294967295
tileCastlevaniaG,1840,256,0,64,32,16,0,1,1,4294967295
tileCastlevaniaG,1176,144,24,8,16,48,0,1,1,4294967295
tileCastlevaniaG,1272,144,24,8,16,48,0,1,1,4294967295
tileCastlevaniaG,1368,144,24,8,16,48,0,1,1,4294967295
tileCastlevaniaG,1464,144,24,8,16,48,0,1,1,4294967295
tileCastlevaniaG,1560,144,24,8,16,48,0,1,1,4294967295
tileCastlevaniaG,1656,144,24,8,16,48,0,1,1,4294967295
tileCastlevaniaG,1752,144,24,8,16,48,0,1,1,4294967295
tileCastlevaniaG,1848,144,24,8,16,48,0,1,1,4294967295
tileCastlevaniaG,1088,208,16,64,16,16,0,1,1,4294967295
tileCastlevaniaG,1088,224,16,64,16,16,0,1,1,4294967295
tileCastlevaniaG,1088,240,16,64,16,16,0,1,1,4294967295
tileCastlevaniaG,1088,256,16,64,16,16,0,1,1,4294967295
tileCastlevaniaG,1088,192,144,160,16,16,0,1,1,4294967295
tileCastlevaniaG,1936,192,144,160,16,16,0,1,1,4294967295
tileCastlevaniaG,1936,208,0,64,16,16,0,1,1,4294967295
tileCastlevaniaG,1936,224,0,64,16,16,0,1,1,4294967295
tileCastlevaniaG,1936,240,0,64,16,16,0,1,1,4294967295
tileCastlevaniaG,1936,256,0,64,16,16,0,1,1,4294967295
tileCastlevaniaG,1944,144,48,8,8,48,0,1,1,4294967295
tileCastlevaniaG,1088,144,8,8,8,48,0,1,1,4294967295
tileCastlevaniaG,816,320,144,160,32,32,0,1,1,4294967295
tileCastlevaniaG,848,320,144,160,32,32,0,1,1,4294967295
tileCastlevaniaG,880,320,144,160,32,32,0,1,1,4294967295
tileCastlevaniaG,816,288,144,160,32,32,0,1,1,4294967295
tileCastlevaniaG,848,288,144,160,32,32,0,1,1,4294967295
tileCastlevaniaG,880,288,144,160,32,32,0,1,1,4294967295
tileCastlevaniaG,368,288,144,160,32,32,0,1,1,4294967295
tileCastlevaniaG,400,288,144,160,32,32,0,1,1,4294967295
tileCastlevaniaG,432,288,144,160,32,32,0,1,1,4294967295
tileCastlevaniaG,368,320,144,160,32,32,0,1,1,4294967295
tileCastlevaniaG,400,320,144,160,32,32,0,1,1,4294967295
tileCastlevaniaG,432,320,144,160,32,32,0,1,1,4294967295
tileCastlevaniaG,352,288,0,64,16,16,0,1,1,4294967295
tileCastlevaniaG,352,304,0,64,16,16,0,1,1,4294967295
tileCastlevaniaG,352,320,0,64,16,16,0,1,1,4294967295
tileCastlevaniaG,352,336,0,64,16,16,0,1,1,4294967295
tileCastlevaniaG,800,288,0,64,16,16,0,1,1,4294967295
tileCastlevaniaG,800,304,0,64,16,16,0,1,1,4294967295
tileCastlevaniaG,800,320,0,64,16,16,0,1,1,4294967295
tileCastlevaniaG,800,336,0,64,16,16,0,1,1,4294967295
tileCastlevaniaG,464,288,16,64,16,16,0,1,1,4294967295
tileCastlevaniaG,464,304,16,64,16,16,0,1,1,4294967295
tileCastlevaniaG,464,320,16,64,16,16,0,1,1,4294967295
tileCastlevaniaG,464,336,16,64,16,16,0,1,1,4294967295
tileCastlevaniaG,912,288,16,64,16,16,0,1,1,4294967295
tileCastlevaniaG,912,304,16,64,16,16,0,1,1,4294967295
tileCastlevaniaG,912,320,16,64,16,16,0,1,1,4294967295
tileCastlevaniaG,912,336,16,64,16,16,0,1,1,4294967295
tileCastlevaniaG,352,272,0,0,48,8,0,1,1,4294967295
tileCastlevaniaG,800,272,0,0,48,8,0,1,1,4294967295
tileCastlevaniaG,432,272,16,0,48,8,0,1,1,4294967295
tileCastlevaniaG,880,272,16,0,48,8,0,1,1,4294967295
tileCastlevaniaG,400,272,16,0,32,8,0,1,1,4294967295
tileCastlevaniaG,848,272,16,0,32,8,0,1,1,4294967295
tileCastlevaniaG,352,280,0,56,48,8,0,1,1,4294967295
tileCastlevaniaG,800,280,0,56,48,8,0,1,1,4294967295
tileCastlevaniaG,432,280,16,56,48,8,0,1,1,4294967295
tileCastlevaniaG,880,280,16,56,48,8,0,1,1,4294967295
tileCastlevaniaG,400,280,16,56,32,8,0,1,1,4294967295
tileCastlevaniaG,848,280,16,56,32,8,0,1,1,4294967295
tileCastlevaniaG,1024,96,0,0,64,48,0,1,1,4294967295
tileCastlevaniaG,1024,232,0,24,64,40,0,1,1,4294967295
tileCastlevaniaG,1024,144,0,24,64,24,0,1,1,4294967295
tileCastlevaniaG,1024,168,0,24,64,24,0,1,1,4294967295
tileCastlevaniaG,1024,192,0,24,64,24,0,1,1,4294967295
tileCastlevaniaG,1024,216,0,24,64,16,0,1,1,4294967295
tileCastlevaniaG,16,144,16,0,48,64,0,1,1,4294967295
tileCastlevaniaG,0,144,16,0,16,64,0,1,1,4294967295
tileCastlevaniaG,192,32,0,64,32,16,0,1,1,4294967295
tileCastlevaniaG,192,48,0,64,32,16,0,1,1,4294967295
tileCastlevaniaG,192,64,0,64,32,16,0,1,1,4294967295
tileCastlevaniaG,192,80,0,64,32,16,0,1,1,4294967295
tileCastlevaniaG,192,96,0,64,32,16,0,1,1,4294967295
tileCastlevaniaG,192,112,0,64,32,16,0,1,1,4294967295
tileCastlevaniaG,192,128,0,64,32,16,0,1,1,4294967295
tileCastlevaniaG,192,144,0,64,32,16,0,1,1,4294967295
tileCastlevaniaG,192,160,0,64,32,16,0,1,1,4294967295
tileCastlevaniaG,192,176,0,64,32,16,0,1,1,4294967295
tileCastlevaniaG,192,192,0,64,32,16,0,1,1,4294967295
tileCastlevaniaG,192,208,0,64,32,16,0,1,1,4294967295
tileCastlevaniaG,192,224,0,64,32,16,0,1,1,4294967295
tileCastlevaniaG,192,240,0,64,32,16,0,1,1,4294967295
tileCastlevaniaG,192,256,0,64,32,16,0,1,1,4294967295
tileCastlevaniaG,240,32,0,64,32,16,0,1,1,4294967295
tileCastlevaniaG,240,48,0,64,32,16,0,1,1,4294967295
tileCastlevaniaG,240,64,0,64,32,16,0,1,1,4294967295
tileCastlevaniaG,240,80,0,64,32,16,0,1,1,4294967295
tileCastlevaniaG,240,96,0,64,32,16,0,1,1,4294967295
tileCastlevaniaG,240,112,0,64,32,16,0,1,1,4294967295
tileCastlevaniaG,240,128,0,64,32,16,0,1,1,4294967295
tileCastlevaniaG,240,144,0,64,32,16,0,1,1,4294967295
tileCastlevaniaG,240,160,0,64,32,16,0,1,1,4294967295
tileCastlevaniaG,240,176,0,64,32,16,0,1,1,4294967295
tileCastlevaniaG,240,192,0,64,32,16,0,1,1,4294967295
tileCastlevaniaG,240,208,0,64,32,16,0,1,1,4294967295
tileCastlevaniaG,240,224,0,64,32,16,0,1,1,4294967295
tileCastlevaniaG,240,240,0,64,32,16,0,1,1,4294967295
tileCastlevaniaG,240,256,0,64,32,16,0,1,1,4294967295
tileCastlevaniaG,288,32,0,64,32,16,0,1,1,4294967295
tileCastlevaniaG,288,48,0,64,32,16,0,1,1,4294967295
tileCastlevaniaG,288,64,0,64,32,16,0,1,1,4294967295
tileCastlevaniaG,288,80,0,64,32,16,0,1,1,4294967295
tileCastlevaniaG,288,96,0,64,32,16,0,1,1,4294967295
tileCastlevaniaG,288,112,0,64,32,16,0,1,1,4294967295
tileCastlevaniaG,288,128,0,64,32,16,0,1,1,4294967295
tileCastlevaniaG,288,144,0,64,32,16,0,1,1,4294967295
tileCastlevaniaG,288,160,0,64,32,16,0,1,1,4294967295
tileCastlevaniaG,288,176,0,64,32,16,0,1,1,4294967295
tileCastlevaniaG,288,192,0,64,32,16,0,1,1,4294967295
tileCastlevaniaG,288,208,0,64,32,16,0,1,1,4294967295
tileCastlevaniaG,288,224,0,64,32,16,0,1,1,4294967295
tileCastlevaniaG,288,240,0,64,32,16,0,1,1,4294967295
tileCastlevaniaG,288,256,0,64,32,16,0,1,1,4294967295
tileCastlevaniaG,960,64,0,64,32,16,0,1,1,4294967295
tileCastlevaniaG,960,80,0,64,32,16,0,1,1,4294967295
tileCastlevaniaG,960,96,0,64,32,16,0,1,1,4294967295
tileCastlevaniaG,960,112,0,64,32,16,0,1,1,4294967295
tileCastlevaniaG,960,128,0,64,32,16,0,1,1,4294967295
tileCastlevaniaG,960,144,0,64,32,16,0,1,1,4294967295
tileCastlevaniaG,960,160,0,64,32,16,0,1,1,4294967295
tileCastlevaniaG,960,176,0,64,32,16,0,1,1,4294967295
tileCastlevaniaG,960,192,0,64,32,16,0,1,1,4294967295
tileCastlevaniaG,960,208,0,64,32,16,0,1,1,4294967295
tileCastlevaniaG,960,224,0,64,32,16,0,1,1,4294967295
tileCastlevaniaG,960,240,0,64,32,16,0,1,1,4294967295
tileCastlevaniaG,960,256,0,64,32,16,0,1,1,4294967295
tileCastlevaniaG,1008,64,0,64,8,16,0,1,1,4294967295
tileCastlevaniaG,1008,80,0,64,8,16,0,1,1,4294967295
tileCastlevaniaG,1008,96,0,64,8,16,0,1,1,4294967295
tileCastlevaniaG,1008,112,0,64,8,16,0,1,1,4294967295
tileCastlevaniaG,1008,128,0,64,8,16,0,1,1,4294967295
tileCastlevaniaG,1008,144,0,64,8,16,0,1,1,4294967295
tileCastlevaniaG,1008,160,0,64,8,16,0,1,1,4294967295
tileCastlevaniaG,1008,176,0,64,8,16,0,1,1,4294967295
tileCastlevaniaG,1008,192,0,64,8,16,0,1,1,4294967295
tileCastlevaniaG,1008,208,0,64,8,16,0,1,1,4294967295
tileCastlevaniaG,1008,224,0,64,8,16,0,1,1,4294967295
tileCastlevaniaG,1008,240,0,64,8,16,0,1,1,4294967295
tileCastlevaniaG,1008,256,0,64,8,16,0,1,1,4294967295
tileCastlevaniaG,1016,64,24,64,8,16,0,1,1,4294967295
tileCastlevaniaG,1016,80,24,64,8,16,0,1,1,4294967295
tileCastlevaniaG,1016,96,24,64,8,16,0,1,1,4294967295
tileCastlevaniaG,1016,112,24,64,8,16,0,1,1,4294967295
tileCastlevaniaG,1016,128,24,64,8,16,0,1,1,4294967295
tileCastlevaniaG,1016,144,24,64,8,16,0,1,1,4294967295
tileCastlevaniaG,1016,160,24,64,8,16,0,1,1,4294967295
tileCastlevaniaG,1016,176,24,64,8,16,0,1,1,4294967295
tileCastlevaniaG,1016,192,24,64,8,16,0,1,1,4294967295
tileCastlevaniaG,1016,208,24,64,8,16,0,1,1,4294967295
tileCastlevaniaG,1016,224,24,64,8,16,0,1,1,4294967295
tileCastlevaniaG,1016,240,24,64,8,16,0,1,1,4294967295
tileCastlevaniaG,1016,256,24,64,8,16,0,1,1,4294967295
tileCastlevaniaG,344,32,24,64,8,16,0,1,1,4294967295
tileCastlevaniaG,344,48,24,64,8,16,0,1,1,4294967295
tileCastlevaniaG,344,64,24,64,8,16,0,1,1,4294967295
tileCastlevaniaG,344,80,24,64,8,16,0,1,1,4294967295
tileCastlevaniaG,344,96,24,64,8,16,0,1,1,4294967295
tileCastlevaniaG,344,112,24,64,8,16,0,1,1,4294967295
tileCastlevaniaG,344,128,24,64,8,16,0,1,1,4294967295
tileCastlevaniaG,344,144,24,64,8,16,0,1,1,4294967295
tileCastlevaniaG,344,160,24,64,8,16,0,1,1,4294967295
tileCastlevaniaG,344,176,24,64,8,16,0,1,1,4294967295
tileCastlevaniaG,344,192,24,64,8,16,0,1,1,4294967295
tileCastlevaniaG,344,208,24,64,8,16,0,1,1,4294967295
tileCastlevaniaG,344,224,24,64,8,16,0,1,1,4294967295
tileCastlevaniaG,344,240,24,64,8,16,0,1,1,4294967295
tileCastlevaniaG,344,256,24,64,8,16,0,1,1,4294967295
tileCastlevaniaG,168,32,24,64,8,16,0,1,1,4294967295
tileCastlevaniaG,168,48,24,64,8,16,0,1,1,4294967295
tileCastlevaniaG,168,64,24,64,8,16,0,1,1,4294967295
tileCastlevaniaG,168,80,24,64,8,16,0,1,1,4294967295
tileCastlevaniaG,168,96,24,64,8,16,0,1,1,4294967295
tileCastlevaniaG,168,112,24,64,8,16,0,1,1,4294967295
tileCastlevaniaG,168,128,24,64,8,16,0,1,1,4294967295
tileCastlevaniaG,168,144,24,64,8,16,0,1,1,4294967295
tileCastlevaniaG,168,160,24,64,8,16,0,1,1,4294967295
tileCastlevaniaG,168,176,24,64,8,16,0,1,1,4294967295
tileCastlevaniaG,168,192,24,64,8,16,0,1,1,4294967295
tileCastlevaniaG,168,208,24,64,8,16,0,1,1,4294967295
tileCastlevaniaG,168,224,24,64,8,16,0,1,1,4294967295
tileCastlevaniaG,168,240,24,64,8,16,0,1,1,4294967295
tileCastlevaniaG,168,256,24,64,8,16,0,1,1,4294967295
tileCastlevaniaG,160,32,0,64,8,16,0,1,1,4294967295
tileCastlevaniaG,160,48,0,64,8,16,0,1,1,4294967295
tileCastlevaniaG,160,64,0,64,8,16,0,1,1,4294967295
tileCastlevaniaG,160,80,0,64,8,16,0,1,1,4294967295
tileCastlevaniaG,160,96,0,64,8,16,0,1,1,4294967295
tileCastlevaniaG,160,112,0,64,8,16,0,1,1,4294967295
tileCastlevaniaG,160,128,0,64,8,16,0,1,1,4294967295
tileCastlevaniaG,160,144,0,64,8,16,0,1,1,4294967295
tileCastlevaniaG,160,160,0,64,8,16,0,1,1,4294967295
tileCastlevaniaG,160,176,0,64,8,16,0,1,1,4294967295
tileCastlevaniaG,160,192,0,64,8,16,0,1,1,4294967295
tileCastlevaniaG,160,208,0,64,8,16,0,1,1,4294967295
tileCastlevaniaG,160,224,0,64,8,16,0,1,1,4294967295
tileCastlevaniaG,160,240,0,64,8,16,0,1,1,4294967295
tileCastlevaniaG,160,256,0,64,8,16,0,1,1,4294967295
tileCastlevaniaG,336,32,0,64,8,16,0,1,1,4294967295
tileCastlevaniaG,336,48,0,64,8,16,0,1,1,4294967295
tileCastlevaniaG,336,64,0,64,8,16,0,1,1,4294967295
tileCastlevaniaG,336,80,0,64,8,16,0,1,1,4294967295
tileCastlevaniaG,336,96,0,64,8,16,0,1,1,4294967295
tileCastlevaniaG,336,112,0,64,8,16,0,1,1,4294967295
tileCastlevaniaG,336,128,0,64,8,16,0,1,1,4294967295
tileCastlevaniaG,336,144,0,64,8,16,0,1,1,4294967295
tileCastlevaniaG,336,160,0,64,8,16,0,1,1,4294967295
tileCastlevaniaG,336,176,0,64,8,16,0,1,1,4294967295
tileCastlevaniaG,336,192,0,64,8,16,0,1,1,4294967295
tileCastlevaniaG,336,208,0,64,8,16,0,1,1,4294967295
tileCastlevaniaG,336,224,0,64,8,16,0,1,1,4294967295
tileCastlevaniaG,336,240,0,64,8,16,0,1,1,4294967295
tileCastlevaniaG,336,256,0,64,8,16,0,1,1,4294967295
tileCastlevaniaG,128,240,32,0,32,32,0,1,1,4294967295
tileCastlevaniaG,128,208,112,128,32,32,0,1,1,4294967295
tileCastlevaniaG,112,208,112,128,16,32,0,1,1,4294967295
tileCastlevaniaG,96,208,112,128,16,32,0,1,1,4294967295
tileCastlevaniaG,80,208,112,128,16,32,0,1,1,4294967295
tileCastlevaniaG,64,208,112,128,16,32,0,1,1,4294967295
tileCastlevaniaG,936,64,24,64,8,16,0,1,1,4294967295
tileCastlevaniaG,936,80,24,64,8,16,0,1,1,4294967295
tileCastlevaniaG,936,96,24,64,8,16,0,1,1,4294967295
tileCastlevaniaG,936,112,24,64,8,16,0,1,1,4294967295
tileCastlevaniaG,936,128,24,64,8,16,0,1,1,4294967295
tileCastlevaniaG,936,144,24,64,8,16,0,1,1,4294967295
tileCastlevaniaG,936,160,24,64,8,16,0,1,1,4294967295
tileCastlevaniaG,936,176,24,64,8,16,0,1,1,4294967295
tileCastlevaniaG,936,192,24,64,8,16,0,1,1,4294967295
tileCastlevaniaG,936,208,24,64,8,16,0,1,1,4294967295
tileCastlevaniaG,936,224,24,64,8,16,0,1,1,4294967295
tileCastlevaniaG,936,240,24,64,8,16,0,1,1,4294967295
tileCastlevaniaG,936,256,24,64,8,16,0,1,1,4294967295
tileCastlevaniaG,928,64,0,64,8,16,0,1,1,4294967295
tileCastlevaniaG,928,80,0,64,8,16,0,1,1,4294967295
tileCastlevaniaG,928,96,0,64,8,16,0,1,1,4294967295
tileCastlevaniaG,928,112,0,64,8,16,0,1,1,4294967295
tileCastlevaniaG,928,128,0,64,8,16,0,1,1,4294967295
tileCastlevaniaG,928,144,0,64,8,16,0,1,1,4294967295
tileCastlevaniaG,928,160,0,64,8,16,0,1,1,4294967295
tileCastlevaniaG,928,176,0,64,8,16,0,1,1,4294967295
tileCastlevaniaG,928,192,0,64,8,16,0,1,1,4294967295
tileCastlevaniaG,928,208,0,64,8,16,0,1,1,4294967295
tileCastlevaniaG,928,224,0,64,8,16,0,1,1,4294967295
tileCastlevaniaG,928,240,0,64,8,16,0,1,1,4294967295
tileCastlevaniaG,928,256,0,64,8,16,0,1,1,4294967295
tileCastlevaniaG,368,32,64,0,48,48,0,1,1,4294967295
tileCastlevaniaG,416,32,80,0,48,48,0,1,1,4294967295
tileCastlevaniaG,864,64,80,0,48,48,0,1,1,4294967295
tileCastlevaniaG,816,64,64,0,48,48,0,1,1,4294967295
tileCastlevaniaG,368,80,64,32,16,24,0,1,1,4294967295
tileCastlevaniaG,368,104,64,32,16,24,0,1,1,4294967295
tileCastlevaniaG,368,128,64,32,16,24,0,1,1,4294967295
tileCastlevaniaG,368,152,64,32,16,24,0,1,1,4294967295
tileCastlevaniaG,368,176,64,32,16,24,0,1,1,4294967295
tileCastlevaniaG,368,200,64,32,16,24,0,1,1,4294967295
tileCastlevaniaG,448,80,112,32,16,24,0,1,1,4294967295
tileCastlevaniaG,448,104,112,32,16,24,0,1,1,4294967295
tileCastlevaniaG,448,128,112,32,16,24,0,1,1,4294967295
tileCastlevaniaG,448,152,112,32,16,24,0,1,1,4294967295
tileCastlevaniaG,448,176,112,32,16,24,0,1,1,4294967295
tileCastlevaniaG,448,200,112,32,16,24,0,1,1,4294967295
tileCastlevaniaG,368,240,64,32,48,32,0,1,1,4294967295
tileCastlevaniaG,416,240,80,32,48,32,0,1,1,4294967295
tileCastlevaniaG,864,240,80,32,48,32,0,1,1,4294967295
tileCastlevaniaG,816,240,64,32,48,32,0,1,1,4294967295
tileCastlevaniaG,368,224,64,32,16,16,0,1,1,4294967295
tileCastlevaniaG,816,224,64,32,16,16,0,1,1,4294967295
tileCastlevaniaG,448,224,112,32,16,16,0,1,1,4294967295
tileCastlevaniaG,896,224,112,32,16,16,0,1,1,4294967295
tileCastlevaniaG,896,112,112,32,16,24,0,1,1,4294967295
tileCastlevaniaG,896,136,112,32,16,24,0,1,1,4294967295
tileCastlevaniaG,896,160,112,32,16,24,0,1,1,4294967295
tileCastlevaniaG,896,184,112,32,16,24,0,1,1,4294967295
tileCastlevaniaG,896,208,112,32,16,16,0,1,1,4294967295
tileCastlevaniaG,816,208,64,32,16,16,0,1,1,4294967295
tileCastlevaniaG,816,112,64,32,16,24,0,1,1,4294967295
tileCastlevaniaG,816,136,64,32,16,24,0,1,1,4294967295
tileCastlevaniaG,816,160,64,32,16,24,0,1,1,4294967295
tileCastlevaniaG,816,184,64,32,16,24,0,1,1,4294967295
tileCastlevaniaG,352,32,96,64,16,64,0,1,1,4294967295
tileCastlevaniaG,464,32,96,64,16,64,0,1,1,4294967295
tileCastlevaniaG,800,64,96,64,16,64,0,1,1,4294967295
tileCastlevaniaG,912,64,96,64,16,64,0,1,1,4294967295
tileCastlevaniaG,352,96,96,80,16,48,0,1,1,4294967295
tileCastlevaniaG,352,144,96,80,16,48,0,1,1,4294967295
tileCastlevaniaG,352,192,96,80,16,48,0,1,1,4294967295
tileCastlevaniaG,464,96,96,80,16,48,0,1,1,4294967295
tileCastlevaniaG,464,144,96,80,16,48,0,1,1,4294967295
tileCastlevaniaG,464,192,96,80,16,48,0,1,1,4294967295
tileCastlevaniaG,800,128,96,80,16,48,0,1,1,4294967295
tileCastlevaniaG,800,176,96,80,16,48,0,1,1,4294967295
tileCastlevaniaG,800,224,96,80,16,48,0,1,1,4294967295
tileCastlevaniaG,912,128,96,80,16,48,0,1,1,4294967295
tileCastlevaniaG,912,176,96,80,16,48,0,1,1,4294967295
tileCastlevaniaG,912,224,96,80,16,48,0,1,1,4294967295
tileCastlevaniaG,352,240,96,80,16,32,0,1,1,4294967295
tileCastlevaniaG,464,240,96,80,16,32,0,1,1,4294967295
tileCastlevaniaG,112,128,144,0,48,80,0,1,1,4294967295
tileCastlevaniaG,64,128,128,0,48,80,0,1,1,4294967295
tileCastlevaniaG,64,96,96,128,32,32,0,1,1,4294967295
tileCastlevaniaG,96,64,96,128,32,32,0,1,1,4294967295
tileCastlevaniaG,128,64,112,128,32,32,0,1,1,4294967295
tileCastlevaniaG,128,96,112,128,32,32,0,1,1,4294967295
tileCastlevaniaG,96,96,112,128,16,32,0,1,1,4294967295
tileCastlevaniaG,112,96,112,128,16,32,0,1,1,4294967295
tileCastlevaniaG,2096,192,128,0,64,80,0,1,1,4294967295
tileCastlevaniaG,2224,192,128,0,64,80,0,1,1,4294967295
tileCastlevaniaG,2352,192,128,0,64,80,0,1,1,4294967295
tileCastlevaniaG,2480,192,128,0,64,80,0,1,1,4294967295
tileCastlevaniaG,2672,192,128,0,64,80,0,1,1,4294967295
tileCastlevaniaG,2864,192,128,0,64,80,0,1,1,4294967295
tileCastlevaniaG,3056,192,128,0,64,80,0,1,1,4294967295
tileCastlevaniaG,2488,192,0,208,48,80,0,1,1,4294967295
tileCastlevaniaG,2232,192,48,208,48,80,0,1,1,4294967295
tileCastlevaniaG,3064,192,48,208,48,80,0,1,1,4294967295
tileCastlevaniaG,2872,192,48,208,48,80,0,1,1,4294967295
tileCastlevaniaG,2416,64,0,0,64,48,0,1,1,4294967295
tileCastlevaniaG,2288,64,0,0,64,48,0,1,1,4294967295
tileCastlevaniaG,2160,64,0,0,64,48,0,1,1,4294967295
tileCastlevaniaG,2160,224,0,32,64,32,0,1,1,4294967295
tileCastlevaniaG,2288,224,0,32,64,32,0,1,1,4294967295
tileCastlevaniaG,2416,224,0,32,64,32,0,1,1,4294967295
tileCastlevaniaG,2160,112,0,32,64,16,0,1,1,4294967295
tileCastlevaniaG,2160,128,0,32,64,16,0,1,1,4294967295
tileCastlevaniaG,2160,144,0,32,64,16,0,1,1,4294967295
tileCastlevaniaG,2160,160,0,32,64,16,0,1,1,4294967295
tileCastlevaniaG,2160,176,0,32,64,16,0,1,1,4294967295
tileCastlevaniaG,2160,192,0,32,64,16,0,1,1,4294967295
tileCastlevaniaG,2160,208,0,32,64,16,0,1,1,4294967295
tileCastlevaniaG,2288,208,0,32,64,16,0,1,1,4294967295
tileCastlevaniaG,2288,192,0,32,64,16,0,1,1,4294967295
tileCastlevaniaG,2288,176,0,32,64,16,0,1,1,4294967295
tileCastlevaniaG,2288,160,0,32,64,16,0,1,1,4294967295
tileCastlevaniaG,2288,144,0,32,64,16,0,1,1,4294967295
tileCastlevaniaG,2288,128,0,32,64,16,0,1,1,4294967295
tileCastlevaniaG,2288,112,0,32,64,16,0,1,1,4294967295
tileCastlevaniaG,2416,112,0,32,64,16,0,1,1,4294967295
tileCastlevaniaG,2416,128,0,32,64,16,0,1,1,4294967295
tileCastlevaniaG,2416,144,0,32,64,16,0,1,1,4294967295
tileCastlevaniaG,2416,160,0,32,64,16,0,1,1,4294967295
tileCastlevaniaG,2416,176,0,32,64,16,0,1,1,4294967295
tileCastlevaniaG,2416,192,0,32,64,16,0,1,1,4294967295
tileCastlevaniaG,2416,208,0,32,64,16,0,1,1,4294967295
tileCastlevaniaG,2224,160,64,32,64,32,0,1,1,4294967295
tileCastlevaniaG,2224,80,64,0,64,56,0,1,1,4294967295
tileCastlevaniaG,2352,80,64,0,64,56,0,1,1,4294967295
tileCastlevaniaG,2352,160,64,32,64,32,0,1,1,4294967295
tileCastlevaniaG,2224,136,64,32,64,24,0,1,1,4294967295
tileCastlevaniaG,2352,136,64,32,64,24,0,1,1,4294967295
tileCastlevaniaG,2224,64,112,80,32,16,0,1,1,4294967295
tileCastlevaniaG,2352,64,112,80,32,16,0,1,1,4294967295
tileCastlevaniaG,2256,64,160,80,32,16,0,1,1,4294967295
tileCastlevaniaG,2384,64,160,80,32,16,0,1,1,4294967295
tileCastlevaniaG,3008,224,16,24,48,40,0,1,1,4294967295
tileCastlevaniaG,2816,224,16,24,48,40,0,1,1,4294967295
tileCastlevaniaG,2736,224,0,24,48,40,0,1,1,4294967295
tileCastlevaniaG,2928,224,0,24,48,40,0,1,1,4294967295
tileCastlevaniaG,2736,64,0,0,48,48,0,1,1,4294967295
tileCastlevaniaG,2928,64,0,0,48,48,0,1,1,4294967295
tileCastlevaniaG,2784,64,16,0,32,48,0,1,1,4294967295
tileCastlevaniaG,2976,64,16,0,32,48,0,1,1,4294967295
tileCastlevaniaG,2816,64,16,0,48,48,0,1,1,4294967295
tileCastlevaniaG,3008,64,16,0,48,48,0,1,1,4294967295
tileCastlevaniaG,2816,112,16,24,48,24,0,1,1,4294967295
tileCastlevaniaG,2816,136,16,24,48,24,0,1,1,4294967295
tileCastlevaniaG,2816,160,16,24,48,24,0,1,1,4294967295
tileCastlevaniaG,2816,184,16,24,48,24,0,1,1,4294967295
tileCastlevaniaG,3008,112,16,24,48,24,0,1,1,4294967295
tileCastlevaniaG,3008,136,16,24,48,24,0,1,1,4294967295
tileCastlevaniaG,3008,160,16,24,48,24,0,1,1,4294967295
tileCastlevaniaG,3008,184,16,24,48,24,0,1,1,4294967295
tileCastlevaniaG,2736,112,0,24,48,24,0,1,1,4294967295
tileCastlevaniaG,2736,136,0,24,48,24,0,1,1,4294967295
tileCastlevaniaG,2736,160,0,24,48,24,0,1,1,4294967295
tileCastlevaniaG,2736,184,0,24,48,24,0,1,1,4294967295
tileCastlevaniaG,2928,112,0,24,48,24,0,1,1,4294967295
tileCastlevaniaG,2928,136,0,24,48,24,0,1,1,4294967295
tileCastlevaniaG,2928,160,0,24,48,24,0,1,1,4294967295
tileCastlevaniaG,2928,184,0,24,48,24,0,1,1,4294967295
tileCastlevaniaG,2736,208,0,24,48,16,0,1,1,4294967295
tileCastlevaniaG,2928,208,0,24,48,16,0,1,1,4294967295
tileCastlevaniaG,2816,208,16,24,48,16,0,1,1,4294967295
tileCastlevaniaG,3008,208,16,24,48,16,0,1,1,4294967295
tileCastlevaniaG,2784,112,16,24,32,32,0,1,1,4294967295
tileCastlevaniaG,2784,144,16,24,32,32,0,1,1,4294967295
tileCastlevaniaG,2784,176,16,24,32,32,0,1,1,4294967295
tileCastlevaniaG,2976,112,16,24,32,32,0,1,1,4294967295
tileCastlevaniaG,2976,144,16,24,32,32,0,1,1,4294967295
tileCastlevaniaG,2976,176,16,24,32,32,0,1,1,4294967295
tileCastlevaniaG,2904,168,112,136,24,24,0,1,1,4294967295
tileCastlevaniaG,2712,168,112,136,24,24,0,1,1,4294967295
tileCastlevaniaG,3096,168,112,136,24,24,0,1,1,4294967295
tileCastlevaniaG,2520,168,112,136,24,24,0,1,1,4294967295
tileCastlevaniaG,2136,168,112,136,24,24,0,1,1,4294967295
tileCastlevaniaG,2096,168,104,136,24,24,0,1,1,4294967295
tileCastlevaniaG,2480,168,104,136,24,24,0,1,1,4294967295
tileCastlevaniaG,2672,168,104,136,24,24,0,1,1,4294967295
tileCastlevaniaG,2864,168,104,136,24,24,0,1,1,4294967295
tileCastlevaniaG,3056,168,104,136,24,24,0,1,1,4294967295
tileCastlevaniaG,2696,168,112,136,16,24,0,1,1,4294967295
tileCastlevaniaG,2888,168,112,136,16,24,0,1,1,4294967295
tileCastlevaniaG,3080,168,112,136,16,24,0,1,1,4294967295
tileCastlevaniaG,2504,168,112,136,16,24,0,1,1,4294967295
tileCastlevaniaG,2120,168,112,136,16,24,0,1,1,4294967295
tileCastlevaniaG,2096,64,104,128,24,24,0,1,1,4294967295
tileCastlevaniaG,2480,64,104,128,24,24,0,1,1,4294967295
tileCastlevaniaG,2672,64,104,128,24,24,0,1,1,4294967295
tileCastlevaniaG,2864,64,104,128,24,24,0,1,1,4294967295
tileCastlevaniaG,3056,64,104,128,24,24,0,1,1,4294967295
tileCastlevaniaG,2712,64,112,128,24,24,0,1,1,4294967295
tileCastlevaniaG,2904,64,112,128,24,24,0,1,1,4294967295
tileCastlevaniaG,3096,64,112,128,24,24,0,1,1,4294967295
tileCastlevaniaG,2520,64,112,128,24,24,0,1,1,4294967295
tileCastlevaniaG,2136,64,112,128,24,24,0,1,1,4294967295
tileCastlevaniaG,2120,64,112,128,16,24,0,1,1,4294967295
tileCastlevaniaG,2504,64,112,128,16,24,0,1,1,4294967295
tileCastlevaniaG,2696,64,112,128,16,24,0,1,1,4294967295
tileCastlevaniaG,2888,64,112,128,16,24,0,1,1,4294967295
tileCastlevaniaG,3080,64,112,128,16,24,0,1,1,4294967295
tileCastlevaniaG,3096,88,112,136,24,16,0,1,1,4294967295
tileCastlevaniaG,3096,104,112,136,24,16,0,1,1,4294967295
tileCastlevaniaG,3096,120,112,136,24,16,0,1,1,4294967295
tileCastlevaniaG,3096,136,112,136,24,16,0,1,1,4294967295
tileCastlevaniaG,3096,152,112,136,24,16,0,1,1,4294967295
tileCastlevaniaG,2904,88,112,136,24,16,0,1,1,4294967295
tileCastlevaniaG,2904,104,112,136,24,16,0,1,1,4294967295
tileCastlevaniaG,2904,120,112,136,24,16,0,1,1,4294967295
tileCastlevaniaG,2904,136,112,136,24,16,0,1,1,4294967295
tileCastlevaniaG,2904,152,112,136,24,16,0,1,1,4294967295
tileCastlevaniaG,2712,88,112,136,24,16,0,1,1,4294967295
tileCastlevaniaG,2712,104,112,136,24,16,0,1,1,4294967295
tileCastlevaniaG,2712,120,112,136,24,16,0,1,1,4294967295
tileCastlevaniaG,2712,136,112,136,24,16,0,1,1,4294967295
tileCastlevaniaG,2712,152,112,136,24,16,0,1,1,4294967295
tileCastlevaniaG,2520,88,112,136,24,16,0,1,1,4294967295
tileCastlevaniaG,2520,104,112,136,24,16,0,1,1,4294967295
tileCastlevaniaG,2520,120,112,136,24,16,0,1,1,4294967295
tileCastlevaniaG,2520,136,112,136,24,16,0,1,1,4294967295
tileCastlevaniaG,2520,152,112,136,24,16,0,1,1,4294967295
tileCastlevaniaG,2136,88,112,136,24,16,0,1,1,4294967295
tileCastlevaniaG,2136,104,112,136,24,16,0,1,1,4294967295
tileCastlevaniaG,2136,120,112,136,24,16,0,1,1,4294967295
tileCastlevaniaG,2136,136,112,136,24,16,0,1,1,4294967295
tileCastlevaniaG,2136,152,112,136,24,16,0,1,1,4294967295
tileCastlevaniaG,2096,88,104,136,24,16,0,1,1,4294967295
tileCastlevaniaG,2096,104,104,136,24,16,0,1,1,4294967295
tileCastlevaniaG,2096,120,104,136,24,16,0,1,1,4294967295
tileCastlevaniaG,2096,136,104,136,24,16,0,1,1,4294967295
tileCastlevaniaG,2096,152,104,136,24,16,0,1,1,4294967295
tileCastlevaniaG,2480,88,104,136,24,16,0,1,1,4294967295
tileCastlevaniaG,2480,104,104,136,24,16,0,1,1,4294967295
tileCastlevaniaG,2480,120,104,136,24,16,0,1,1,4294967295
tileCastlevaniaG,2480,136,104,136,24,16,0,1,1,4294967295
tileCastlevaniaG,2480,152,104,136,24,16,0,1,1,4294967295
tileCastlevaniaG,2672,88,104,136,24,16,0,1,1,4294967295
tileCastlevaniaG,2672,104,104,136,24,16,0,1,1,4294967295
tileCastlevaniaG,2672,120,104,136,24,16,0,1,1,4294967295
tileCastlevaniaG,2672,136,104,136,24,16,0,1,1,4294967295
tileCastlevaniaG,2672,152,104,136,24,16,0,1,1,4294967295
tileCastlevaniaG,2864,88,104,136,24,16,0,1,1,4294967295
tileCastlevaniaG,2864,104,104,136,24,16,0,1,1,4294967295
tileCastlevaniaG,2864,120,104,136,24,16,0,1,1,4294967295
tileCastlevaniaG,2864,136,104,136,24,16,0,1,1,4294967295
tileCastlevaniaG,2864,152,104,136,24,16,0,1,1,4294967295
tileCastlevaniaG,3056,88,104,136,24,16,0,1,1,4294967295
tileCastlevaniaG,3056,104,104,136,24,16,0,1,1,4294967295
tileCastlevaniaG,3056,120,104,136,24,16,0,1,1,4294967295
tileCastlevaniaG,3056,136,104,136,24,16,0,1,1,4294967295
tileCastlevaniaG,3056,152,104,136,24,16,0,1,1,4294967295
tileCastlevaniaG,3080,88,112,136,16,16,0,1,1,4294967295
tileCastlevaniaG,3080,104,112,136,16,16,0,1,1,4294967295
tileCastlevaniaG,3080,120,112,136,16,16,0,1,1,4294967295
tileCastlevaniaG,3080,136,112,136,16,16,0,1,1,4294967295
tileCastlevaniaG,3080,152,112,136,16,16,0,1,1,4294967295
tileCastlevaniaG,2888,88,112,136,16,16,0,1,1,4294967295
tileCastlevaniaG,2888,104,112,136,16,16,0,1,1,4294967295
tileCastlevaniaG,2888,120,112,136,16,16,0,1,1,4294967295
tileCastlevaniaG,2888,136,112,136,16,16,0,1,1,4294967295
tileCastlevaniaG,2888,152,112,136,16,16,0,1,1,4294967295
tileCastlevaniaG,2696,88,112,136,16,16,0,1,1,4294967295
tileCastlevaniaG,2696,104,112,136,16,16,0,1,1,4294967295
tileCastlevaniaG,2696,120,112,136,16,16,0,1,1,4294967295
tileCastlevaniaG,2696,136,112,136,16,16,0,1,1,4294967295
tileCastlevaniaG,2696,152,112,136,16,16,0,1,1,4294967295
tileCastlevaniaG,2504,88,112,136,16,16,0,1,1,4294967295
tileCastlevaniaG,2504,104,112,136,16,16,0,1,1,4294967295
tileCastlevaniaG,2504,120,112,136,16,16,0,1,1,4294967295
tileCastlevaniaG,2504,136,112,136,16,16,0,1,1,4294967295
tileCastlevaniaG,2504,152,112,136,16,16,0,1,1,4294967295
tileCastlevaniaG,2120,88,112,136,16,16,0,1,1,4294967295
tileCastlevaniaG,2120,104,112,136,16,16,0,1,1,4294967295
tileCastlevaniaG,2120,120,112,136,16,16,0,1,1,4294967295
tileCastlevaniaG,2120,136,112,136,16,16,0,1,1,4294967295
tileCastlevaniaG,2120,152,112,136,16,16,0,1,1,4294967295
tileCastlevaniaG,2544,64,112,80,48,48,0,1,1,4294967295
tileCastlevaniaG,2624,64,144,80,48,48,0,1,1,4294967295
tileCastlevaniaG,2592,64,144,80,16,48,0,1,1,4294967295
tileCastlevaniaG,2608,64,144,80,16,48,0,1,1,4294967295
tileCastlevaniaG,2544,112,112,120,48,8,0,1,1,4294967295
tileCastlevaniaG,2544,120,112,120,48,8,0,1,1,4294967295
tileCastlevaniaG,2544,128,112,120,48,8,0,1,1,4294967295
tileCastlevaniaG,2544,136,112,120,48,8,0,1,1,4294967295
tileCastlevaniaG,2544,144,112,120,48,8,0,1,1,4294967295
tileCastlevaniaG,2544,152,112,120,48,8,0,1,1,4294967295
tileCastlevaniaG,2544,160,112,120,48,8,0,1,1,4294967295
tileCastlevaniaG,2544,168,112,120,48,8,0,1,1,4294967295
tileCastlevaniaG,2544,176,112,120,48,8,0,1,1,4294967295
tileCastlevaniaG,2544,184,112,120,48,8,0,1,1,4294967295
tileCastlevaniaG,2544,192,112,120,48,8,0,1,1,4294967295
tileCastlevaniaG,2544,200,112,120,48,8,0,1,1,4294967295
tileCastlevaniaG,2544,208,112,120,48,8,0,1,1,4294967295
tileCastlevaniaG,2544,216,112,120,48,8,0,1,1,4294967295
tileCastlevaniaG,2544,224,112,120,48,8,0,1,1,4294967295
tileCastlevaniaG,2544,232,112,120,48,8,0,1,1,4294967295
tileCastlevaniaG,2544,240,112,120,48,8,0,1,1,4294967295
tileCastlevaniaG,2544,248,112,120,48,8,0,1,1,4294967295
tileCastlevaniaG,2624,112,144,120,48,8,0,1,1,4294967295
tileCastlevaniaG,2624,120,144,120,48,8,0,1,1,4294967295
tileCastlevaniaG,2624,128,144,120,48,8,0,1,1,4294967295
tileCastlevaniaG,2624,136,144,120,48,8,0,1,1,4294967295
tileCastlevaniaG,2624,144,144,120,48,8,0,1,1,4294967295
tileCastlevaniaG,2624,152,144,120,48,8,0,1,1,4294967295
tileCastlevaniaG,2624,160,144,120,48,8,0,1,1,4294967295
tileCastlevaniaG,2624,168,144,120,48,8,0,1,1,4294967295
tileCastlevaniaG,2624,176,144,120,48,8,0,1,1,4294967295
tileCastlevaniaG,2624,184,144,120,48,8,0,1,1,4294967295
tileCastlevaniaG,2624,192,144,120,48,8,0,1,1,4294967295
tileCastlevaniaG,2624,200,144,120,48,8,0,1,1,4294967295
tileCastlevaniaG,2624,208,144,120,48,8,0,1,1,4294967295
tileCastlevaniaG,2624,216,144,120,48,8,0,1,1,4294967295
tileCastlevaniaG,2624,224,144,120,48,8,0,1,1,4294967295
tileCastlevaniaG,2624,232,144,120,48,8,0,1,1,4294967295
tileCastlevaniaG,2624,240,144,120,48,8,0,1,1,4294967295
tileCastlevaniaG,2624,248,144,120,48,8,0,1,1,4294967295
tileCastlevaniaG,2592,112,144,120,16,8,0,1,1,4294967295
tileCastlevaniaG,2592,120,144,120,16,8,0,1,1,4294967295
tileCastlevaniaG,2592,128,144,120,16,8,0,1,1,4294967295
tileCastlevaniaG,2592,136,144,120,16,8,0,1,1,4294967295
tileCastlevaniaG,2592,144,144,120,16,8,0,1,1,4294967295
tileCastlevaniaG,2592,152,144,120,16,8,0,1,1,4294967295
tileCastlevaniaG,2592,160,144,120,16,8,0,1,1,4294967295
tileCastlevaniaG,2592,168,144,120,16,8,0,1,1,4294967295
tileCastlevaniaG,2592,176,144,120,16,8,0,1,1,4294967295
tileCastlevaniaG,2592,184,144,120,16,8,0,1,1,4294967295
tileCastlevaniaG,2592,192,144,120,16,8,0,1,1,4294967295
tileCastlevaniaG,2592,200,144,120,16,8,0,1,1,4294967295
tileCastlevaniaG,2608,112,144,120,16,8,0,1,1,4294967295
tileCastlevaniaG,2608,120,144,120,16,8,0,1,1,4294967295
tileCastlevaniaG,2608,128,144,120,16,8,0,1,1,4294967295
tileCastlevaniaG,2608,136,144,120,16,8,0,1,1,4294967295
tileCastlevaniaG,2608,144,144,120,16,8,0,1,1,4294967295
tileCastlevaniaG,2608,152,144,120,16,8,0,1,1,4294967295
tileCastlevaniaG,2608,160,144,120,16,8,0,1,1,4294967295
tileCastlevaniaG,2608,168,144,120,16,8,0,1,1,4294967295
tileCastlevaniaG,2608,176,144,120,16,8,0,1,1,4294967295
tileCastlevaniaG,2608,184,144,120,16,8,0,1,1,4294967295
tileCastlevaniaG,2608,192,144,120,16,8,0,1,1,4294967295
tileCastlevaniaG,2608,200,144,120,16,8,0,1,1,4294967295
tileCastlevaniaG,2000,240,144,128,48,32,0,1,1,4294967295
tileCastlevaniaG,1952,240,96,128,32,32,0,1,1,4294967295
tileCastlevaniaG,2064,240,112,128,32,32,0,1,1,4294967295
tileCastlevaniaG,1984,240,120,128,16,32,0,1,1,4294967295
tileCastlevaniaG,2000,216,0,24,24,24,0,1,1,4294967295
tileCastlevaniaG,2000,192,0,24,24,24,0,1,1,4294967295
tileCastlevaniaG,2000,168,0,24,24,24,0,1,1,4294967295
tileCastlevaniaG,2000,144,0,24,24,24,0,1,1,4294967295
tileCastlevaniaG,2000,120,0,24,24,24,0,1,1,4294967295
tileCastlevaniaG,2000,64,0,0,24,48,0,1,1,4294967295
tileCastlevaniaG,2000,112,0,24,24,8,0,1,1,4294967295
tileCastlevaniaG,2024,64,40,0,24,48,0,1,1,4294967295
tileCastlevaniaG,2024,112,40,24,24,8,0,1,1,4294967295
tileCastlevaniaG,2024,120,40,24,24,24,0,1,1,4294967295
tileCastlevaniaG,2024,144,40,24,24,24,0,1,1,4294967295
tileCastlevaniaG,2024,168,40,24,24,24,0,1,1,4294967295
tileCastlevaniaG,2024,192,40,24,24,24,0,1,1,4294967295
tileCastlevaniaG,2024,216,40,24,24,24,0,1,1,4294967295
tileCastlevaniaG,1952,64,0,0,8,48,0,1,1,4294967295
tileCastlevaniaG,2088,64,56,0,8,48,0,1,1,4294967295
tileCastlevaniaG,2088,112,56,16,8,32,0,1,1,4294967295
tileCastlevaniaG,2088,144,56,16,8,32,0,1,1,4294967295
tileCastlevaniaG,2088,176,56,16,8,32,0,1,1,4294967295
tileCastlevaniaG,2088,208,56,16,8,32,0,1,1,4294967295
tileCastlevaniaG,1952,112,0,16,8,32,0,1,1,4294967295
tileCastlevaniaG,1952,144,0,16,8,32,0,1,1,4294967295
tileCastlevaniaG,1952,176,0,16,8,32,0,1,1,4294967295
tileCastlevaniaG,1952,208,0,16,8,32,0,1,1,4294967295
tileCastlevaniaG,1960,64,104,128,24,24,0,1,1,4294967295
tileCastlevaniaG,1984,64,120,128,16,24,0,1,1,4294967295
tileCastlevaniaG,2072,64,120,128,16,24,0,1,1,4294967295
tileCastlevaniaG,2048,64,104,128,24,24,0,1,1,4294967295
tileCastlevaniaG,1960,216,104,136,24,24,0,1,1,4294967295
tileCastlevaniaG,2048,216,104,136,24,24,0,1,1,4294967295
tileCastlevaniaG,1984,216,120,136,16,24,0,1,1,4294967295
tileCastlevaniaG,2072,216,120,136,16,24,0,1,1,4294967295
tileCastlevaniaG,1960,88,104,136,24,16,0,1,1,4294967295
tileCastlevaniaG,1960,104,104,136,24,16,0,1,1,4294967295
tileCastlevaniaG,1960,120,104,136,24,16,0,1,1,4294967295
tileCastlevaniaG,1960,136,104,136,24,16,0,1,1,4294967295
tileCastlevaniaG,1960,152,104,136,24,16,0,1,1,4294967295
tileCastlevaniaG,1960,168,104,136,24,16,0,1,1,4294967295
tileCastlevaniaG,1960,184,104,136,24,16,0,1,1,4294967295
tileCastlevaniaG,1960,200,104,136,24,16,0,1,1,4294967295
tileCastlevaniaG,2048,88,104,136,24,16,0,1,1,4294967295
tileCastlevaniaG,2048,104,104,136,24,16,0,1,1,4294967295
tileCastlevaniaG,2048,120,104,136,24,16,0,1,1,4294967295
tileCastlevaniaG,2048,136,104,136,24,16,0,1,1,4294967295
tileCastlevaniaG,2048,152,104,136,24,16,0,1,1,4294967295
tileCastlevaniaG,2048,168,104,136,24,16,0,1,1,4294967295
tileCastlevaniaG,2048,184,104,136,24,16,0,1,1,4294967295
tileCastlevaniaG,2048,200,104,136,24,16,0,1,1,4294967295
tileCastlevaniaG,1984,88,120,136,16,16,0,1,1,4294967295
tileCastlevaniaG,1984,104,120,136,16,16,0,1,1,4294967295
tileCastlevaniaG,1984,120,120,136,16,16,0,1,1,4294967295
tileCastlevaniaG,1984,136,120,136,16,16,0,1,1,4294967295
tileCastlevaniaG,1984,152,120,136,16,16,0,1,1,4294967295
tileCastlevaniaG,1984,168,120,136,16,16,0,1,1,4294967295
tileCastlevaniaG,1984,184,120,136,16,16,0,1,1,4294967295
tileCastlevaniaG,1984,200,120,136,16,16,0,1,1,4294967295
tileCastlevaniaG,2072,88,120,136,16,16,0,1,1,4294967295
tileCastlevaniaG,2072,104,120,136,16,16,0,1,1,4294967295
tileCastlevaniaG,2072,120,120,136,16,16,0,1,1,4294967295
tileCastlevaniaG,2072,136,120,136,16,16,0,1,1,4294967295
tileCastlevaniaG,2072,152,120,136,16,16,0,1,1,4294967295
tileCastlevaniaG,2072,168,120,136,16,16,0,1,1,4294967295
tileCastlevaniaG,2072,184,120,136,16,16,0,1,1,4294967295
tileCastlevaniaG,2072,200,120,136,16,16,0,1,1,4294967295
tileCastlevaniaG,3352,240,144,128,32,32,0,1,1,4294967295
tileCastlevaniaG,3328,208,0,0,8,64,0,1,1,4294967295
tileCastlevaniaG,3704,208,56,0,8,64,0,1,1,4294967295
tileCastlevaniaG,3352,208,0,0,32,32,0,1,1,4294967295
tileCastlevaniaG,3656,240,160,128,32,32,0,1,1,4294967295
tileCastlevaniaG,3336,208,24,0,16,64,0,1,1,4294967295
tileCastlevaniaG,3688,208,24,0,16,64,0,1,1,4294967295
tileCastlevaniaG,3656,208,32,0,32,32,0,1,1,4294967295
tileCastlevaniaG,3384,208,16,0,32,32,0,1,1,4294967295
tileCastlevaniaG,3416,208,16,0,32,32,0,1,1,4294967295
tileCastlevaniaG,3448,208,16,0,32,32,0,1,1,4294967295
tileCastlevaniaG,3480,208,16,0,32,32,0,1,1,4294967295
tileCastlevaniaG,3512,208,16,0,32,32,0,1,1,4294967295
tileCastlevaniaG,3544,208,16,0,32,32,0,1,1,4294967295
tileCastlevaniaG,3576,208,16,0,32,32,0,1,1,4294967295
tileCastlevaniaG,3608,208,16,0,32,32,0,1,1,4294967295
tileCastlevaniaG,3640,208,16,0,16,32,0,1,1,4294967295
tileCastlevaniaG,3384,240,160,128,16,32,0,1,1,4294967295
tileCastlevaniaG,3400,240,160,128,16,32,0,1,1,4294967295
tileCastlevaniaG,3416,240,160,128,16,32,0,1,1,4294967295
tileCastlevaniaG,3432,240,160,128,16,32,0,1,1,4294967295
tileCastlevaniaG,3448,240,160,128,16,32,0,1,1,4294967295
tileCastlevaniaG,3464,240,160,128,16,32,0,1,1,4294967295
tileCastlevaniaG,3480,240,160,128,16,32,0,1,1,4294967295
tileCastlevaniaG,3496,240,160,128,16,32,0,1,1,4294967295
tileCastlevaniaG,3512,240,160,128,16,32,0,1,1,4294967295
tileCastlevaniaG,3528,240,160,128,16,32,0,1,1,4294967295
tileCastlevaniaG,3544,240,160,128,16,32,0,1,1,4294967295
tileCastlevaniaG,3560,240,160,128,16,32,0,1,1,4294967295
tileCastlevaniaG,3576,240,160,128,16,32,0,1,1,4294967295
tileCastlevaniaG,3592,240,160,128,16,32,0,1,1,4294967295
tileCastlevaniaG,3608,240,160,128,16,32,0,1,1,4294967295
tileCastlevaniaG,3624,240,160,128,16,32,0,1,1,4294967295
tileCastlevaniaG,3640,240,160,128,16,32,0,1,1,4294967295
tileCastlevaniaG,3872,208,0,0,48,64,0,1,1,4294967295
tileCastlevaniaG,3920,208,16,0,16,64,0,1,1,4294967295
tileCastlevaniaG,3120,64,96,64,16,64,0,1,1,4294967295
tileCastlevaniaG,3152,64,96,64,16,64,0,1,1,4294967295
tileCastlevaniaG,3200,64,96,64,16,64,0,1,1,4294967295
tileCastlevaniaG,3232,64,96,64,16,64,0,1,1,4294967295
tileCastlevaniaG,3312,64,96,64,16,64,0,1,1,4294967295
tileCastlevaniaG,3120,128,96,80,16,48,0,1,1,4294967295
tileCastlevaniaG,3120,176,96,80,16,48,0,1,1,4294967295
tileCastlevaniaG,3120,224,96,80,16,48,0,1,1,4294967295
tileCastlevaniaG,3152,128,96,80,16,48,0,1,1,4294967295
tileCastlevaniaG,3152,176,96,80,16,48,0,1,1,4294967295
tileCastlevaniaG,3200,128,96,80,16,48,0,1,1,4294967295
tileCastlevaniaG,3200,176,96,80,16,48,0,1,1,4294967295
tileCastlevaniaG,3232,128,96,80,16,48,0,1,1,4294967295
tileCastlevaniaG,3232,176,96,80,16,48,0,1,1,4294967295
tileCastlevaniaG,3232,224,96,80,16,48,0,1,1,4294967295
tileCastlevaniaG,3312,128,96,80,16,48,0,1,1,4294967295
tileCastlevaniaG,3312,176,96,80,16,48,0,1,1,4294967295
tileCastlevaniaG,3312,256,112,192,16,16,0,1,1,4294967295
tileCastlevaniaG,3312,224,96,80,16,32,0,1,1,4294967295
tileCastlevaniaG,3136,64,24,0,16,56,0,1,1,4294967295
tileCastlevaniaG,3216,64,24,0,16,56,0,1,1,4294967295
tileCastlevaniaG,3136,120,24,24,16,32,0,1,1,4294967295
tileCastlevaniaG,3136,152,24,24,16,32,0,1,1,4294967295
tileCastlevaniaG,3136,184,24,24,16,32,0,1,1,4294967295
tileCastlevaniaG,3136,216,24,24,16,32,0,1,1,4294967295
tileCastlevaniaG,3216,120,24,24,16,32,0,1,1,4294967295
tileCastlevaniaG,3216,152,24,24,16,32,0,1,1,4294967295
tileCastlevaniaG,3216,184,24,24,16,32,0,1,1,4294967295
tileCastlevaniaG,3216,216,24,24,16,32,0,1,1,4294967295
tileCastlevaniaG,3168,64,104,128,32,16,0,1,1,4294967295
tileCastlevaniaG,3168,192,104,144,32,16,0,1,1,4294967295
tileCastlevaniaG,3168,80,104,136,32,16,0,1,1,4294967295
tileCastlevaniaG,3168,96,104,136,32,16,0,1,1,4294967295
tileCastlevaniaG,3168,112,104,136,32,16,0,1,1,4294967295
tileCastlevaniaG,3168,128,104,136,32,16,0,1,1,4294967295
tileCastlevaniaG,3168,144,104,136,32,16,0,1,1,4294967295
tileCastlevaniaG,3168,160,104,136,32,16,0,1,1,4294967295
tileCastlevaniaG,3168,176,104,136,32,16,0,1,1,4294967295
tileCastlevaniaG,3248,64,0,0,64,48,0,1,1,4294967295
tileCastlevaniaG,3248,240,0,32,64,32,0,1,1,4294967295
tileCastlevaniaG,3248,112,0,32,64,16,0,1,1,4294967295
tileCastlevaniaG,3248,128,0,32,64,16,0,1,1,4294967295
tileCastlevaniaG,3248,144,0,32,64,16,0,1,1,4294967295
tileCastlevaniaG,3248,160,0,32,64,16,0,1,1,4294967295
tileCastlevaniaG,3248,176,0,32,64,16,0,1,1,4294967295
tileCastlevaniaG,3248,192,0,32,64,16,0,1,1,4294967295
tileCastlevaniaG,3248,208,0,32,64,16,0,1,1,4294967295
tileCastlevaniaG,3248,224,0,32,64,16,0,1,1,4294967295
tileCastlevaniaG,3712,80,112,80,80,48,0,1,1,4294967295
tileCastlevaniaG,3792,80,112,80,80,48,0,1,1,4294967295
tileCastlevaniaG,3712,72,0,56,48,8,0,1,1,4294967295
tileCastlevaniaG,3824,72,16,56,48,8,0,1,1,4294967295
tileCastlevaniaG,3760,72,16,56,32,8,0,1,1,4294967295
tileCastlevaniaG,3792,72,16,56,32,8,0,1,1,4294967295
tileCastlevaniaG,3712,64,0,0,48,8,0,1,1,4294967295
tileCastlevaniaG,3824,64,16,0,48,8,0,1,1,4294967295
tileCastlevaniaG,3760,64,16,0,32,8,0,1,1,4294967295
tileCastlevaniaG,3792,64,16,0,32,8,0,1,1,4294967295
tileCastlevaniaG,3760,192,128,0,64,80,0,1,1,4294967295
tileCastlevaniaG,3728,192,144,160,32,32,0,1,1,4294967295
tileCastlevaniaG,3728,224,144,160,32,32,0,1,1,4294967295
tileCastlevaniaG,3824,192,144,160,32,32,0,1,1,4294967295
tileCastlevaniaG,3824,224,144,160,32,32,0,1,1,4294967295
tileCastlevaniaG,3712,192,144,160,16,32,0,1,1,4294967295
tileCastlevaniaG,3712,224,144,160,16,32,0,1,1,4294967295
tileCastlevaniaG,3856,192,144,160,16,32,0,1,1,4294967295
tileCastlevaniaG,3856,224,144,160,16,32,0,1,1,4294967295
tileCastlevaniaG,3728,256,144,160,32,16,0,1,1,4294967295
tileCastlevaniaG,3824,256,144,160,32,16,0,1,1,4294967295
tileCastlevaniaG,3712,256,144,160,16,16,0,1,1,4294967295
tileCastlevaniaG,3856,256,144,160,16,16,0,1,1,4294967295
tileCastlevaniaG,3712,128,112,120,80,8,0,1,1,4294967295
tileCastlevaniaG,3792,128,112,120,80,8,0,1,1,4294967295
tileCastlevaniaG,3792,136,112,120,80,8,0,1,1,4294967295
tileCastlevaniaG,3792,144,112,120,80,8,0,1,1,4294967295
tileCastlevaniaG,3792,152,112,120,80,8,0,1,1,4294967295
tileCastlevaniaG,3712,136,112,120,80,8,0,1,1,4294967295
tileCastlevaniaG,3712,144,112,120,80,8,0,1,1,4294967295
tileCastlevaniaG,3712,152,112,120,80,8,0,1,1,4294967295
tileCastlevaniaG,3712,160,112,120,80,8,0,1,1,4294967295
tileCastlevaniaG,3712,168,112,120,80,8,0,1,1,4294967295
tileCastlevaniaG,3712,176,112,120,80,8,0,1,1,4294967295
tileCastlevaniaG,3712,184,112,120,80,8,0,1,1,4294967295
tileCastlevaniaG,3792,160,112,120,80,8,0,1,1,4294967295
tileCastlevaniaG,3792,168,112,120,80,8,0,1,1,4294967295
tileCastlevaniaG,3792,176,112,120,80,8,0,1,1,4294967295
tileCastlevaniaG,3792,184,112,120,80,8,0,1,1,4294967295
