tileMM_GateD,448,64,160,96,32,32,0,1,1,4294967295
tileMM_GateD,448,96,160,96,32,32,0,1,1,4294967295
tileMM_GateD,480,96,32,128,64,16,0,1,1,4294967295
tileMM_GateD,544,96,32,128,64,16,0,1,1,4294967295
tileMM_GateD,480,64,128,96,32,16,0,1,1,4294967295
tileMM_GateD,512,64,128,96,32,16,0,1,1,4294967295
tileMM_GateD,544,64,128,96,32,16,0,1,1,4294967295
tileMM_GateD,576,64,128,96,32,16,0,1,1,4294967295
tileMM_GateD,128,64,0,160,64,16,0,1,1,4294967295
tileMM_GateD,192,64,0,160,64,16,0,1,1,4294967295
tileMM_GateD,256,64,0,160,64,16,0,1,1,4294967295
tileMM_GateD,320,64,0,160,64,16,0,1,1,4294967295
tileMM_GateD,384,64,0,160,64,16,0,1,1,4294967295
tileMM_GateD,256,560,0,160,64,16,0,1,1,4294967295
tileMM_GateD,320,560,0,160,64,16,0,1,1,4294967295
tileMM_GateD,384,560,0,160,64,16,0,1,1,4294967295
tileMM_GateD,448,560,0,160,64,16,0,1,1,4294967295
tileMM_GateD,512,560,0,160,32,16,0,1,1,4294967295
tileMM_GateD,352,80,144,160,48,80,0,1,1,4294967295
tileMM_GateD,400,80,144,160,48,80,0,1,1,4294967295
tileMM_GateD,352,160,144,160,48,80,0,1,1,4294967295
tileMM_GateD,352,240,144,160,48,80,0,1,1,4294967295
tileMM_GateD,352,320,144,160,48,80,0,1,1,4294967295
tileMM_GateD,400,160,144,160,48,80,0,1,1,4294967295
tileMM_GateD,400,240,144,160,48,80,0,1,1,4294967295
tileMM_GateD,400,320,144,160,48,80,0,1,1,4294967295
tileMM_GateD,352,400,144,160,48,80,0,1,1,4294967295
tileMM_GateD,352,480,144,160,48,80,0,1,1,4294967295
tileMM_GateD,400,400,144,160,48,80,0,1,1,4294967295
tileMM_GateD,400,480,144,160,48,80,0,1,1,4294967295
tileMM_GateD,448,176,64,144,32,96,0,1,1,4294967295
tileMM_GateD,448,272,64,144,32,96,0,1,1,4294967295
tileMM_GateD,320,176,64,144,32,96,0,1,1,4294967295
tileMM_GateD,320,80,64,144,32,96,0,1,1,4294967295
tileMM_GateD,320,272,64,144,32,96,0,1,1,4294967295
tileMM_GateD,320,368,64,144,32,96,0,1,1,4294967295
tileMM_GateD,320,464,64,144,32,96,0,1,1,4294967295
tileMM_GateD,448,368,64,144,32,96,0,1,1,4294967295
tileMM_GateD,448,464,64,144,32,96,0,1,1,4294967295
tileMM_GateD,256,464,64,144,32,96,0,1,1,4294967295
tileMM_GateD,256,368,64,144,32,96,0,1,1,4294967295
tileMM_GateD,256,272,64,144,32,96,0,1,1,4294967295
tileMM_GateD,256,176,64,144,32,96,0,1,1,4294967295
tileMM_GateD,256,80,64,144,32,96,0,1,1,4294967295
tileMM_GateD,512,176,64,144,32,96,0,1,1,4294967295
tileMM_GateD,512,272,64,144,32,96,0,1,1,4294967295
tileMM_GateD,512,368,64,144,32,96,0,1,1,4294967295
tileMM_GateD,512,464,64,144,32,96,0,1,1,4294967295
tileMM_GateD,288,80,0,96,32,48,0,1,1,4294967295
tileMM_GateD,288,128,0,96,32,48,0,1,1,4294967295
tileMM_GateD,288,176,0,96,32,48,0,1,1,4294967295
tileMM_GateD,288,224,0,96,32,48,0,1,1,4294967295
tileMM_GateD,288,272,0,96,32,48,0,1,1,4294967295
tileMM_GateD,288,320,0,96,32,48,0,1,1,4294967295
tileMM_GateD,288,368,0,96,32,48,0,1,1,4294967295
tileMM_GateD,288,416,0,96,32,48,0,1,1,4294967295
tileMM_GateD,288,464,0,96,32,48,0,1,1,4294967295
tileMM_GateD,288,512,0,96,32,48,0,1,1,4294967295
tileMM_GateD,480,176,0,96,32,48,0,1,1,4294967295
tileMM_GateD,480,224,0,96,32,48,0,1,1,4294967295
tileMM_GateD,480,272,0,96,32,48,0,1,1,4294967295
tileMM_GateD,480,320,0,96,32,48,0,1,1,4294967295
tileMM_GateD,480,368,0,96,32,48,0,1,1,4294967295
tileMM_GateD,480,416,0,96,32,48,0,1,1,4294967295
tileMM_GateD,480,464,0,96,32,48,0,1,1,4294967295
tileMM_GateD,480,512,0,96,32,48,0,1,1,4294967295
tileMM_GateD,128,96,96,208,16,16,0,1,1,4294967295
tileMM_GateD,144,96,96,208,16,16,0,1,1,4294967295
tileMM_GateD,160,96,96,208,16,16,0,1,1,4294967295
tileMM_GateD,176,96,96,208,16,16,0,1,1,4294967295
tileMM_GateD,192,96,96,208,16,16,0,1,1,4294967295
tileMM_GateD,208,96,96,208,16,16,0,1,1,4294967295
tileMM_GateD,224,96,96,208,16,16,0,1,1,4294967295
tileMM_GateD,240,96,96,208,16,16,0,1,1,4294967295
tileMM_GateD,128,128,96,208,16,16,0,1,1,4294967295
tileMM_GateD,144,128,96,208,16,16,0,1,1,4294967295
tileMM_GateD,160,128,96,208,16,16,0,1,1,4294967295
tileMM_GateD,176,128,96,208,16,16,0,1,1,4294967295
tileMM_GateD,192,128,96,208,16,16,0,1,1,4294967295
tileMM_GateD,208,128,96,208,16,16,0,1,1,4294967295
tileMM_GateD,224,128,96,208,16,16,0,1,1,4294967295
tileMM_GateD,240,128,96,208,16,16,0,1,1,4294967295
tileMM_GateD,128,160,96,208,16,16,0,1,1,4294967295
tileMM_GateD,144,160,96,208,16,16,0,1,1,4294967295
tileMM_GateD,160,160,96,208,16,16,0,1,1,4294967295
tileMM_GateD,176,160,96,208,16,16,0,1,1,4294967295
tileMM_GateD,192,160,96,208,16,16,0,1,1,4294967295
tileMM_GateD,208,160,96,208,16,16,0,1,1,4294967295
tileMM_GateD,224,160,96,208,16,16,0,1,1,4294967295
tileMM_GateD,240,160,96,208,16,16,0,1,1,4294967295
tileMM_GateD,128,192,96,208,16,16,0,1,1,4294967295
tileMM_GateD,144,192,96,208,16,16,0,1,1,4294967295
tileMM_GateD,160,192,96,208,16,16,0,1,1,4294967295
tileMM_GateD,176,192,96,208,16,16,0,1,1,4294967295
tileMM_GateD,192,192,96,208,16,16,0,1,1,4294967295
tileMM_GateD,208,192,96,208,16,16,0,1,1,4294967295
tileMM_GateD,224,192,96,208,16,16,0,1,1,4294967295
tileMM_GateD,240,192,96,208,16,16,0,1,1,4294967295
tileMM_GateD,240,224,96,208,16,16,0,1,1,4294967295
tileMM_GateD,224,224,96,208,16,16,0,1,1,4294967295
tileMM_GateD,208,224,96,208,16,16,0,1,1,4294967295
tileMM_GateD,192,224,96,208,16,16,0,1,1,4294967295
tileMM_GateD,176,224,96,208,16,16,0,1,1,4294967295
tileMM_GateD,160,224,96,208,16,16,0,1,1,4294967295
tileMM_GateD,144,224,96,208,16,16,0,1,1,4294967295
tileMM_GateD,128,224,96,208,16,16,0,1,1,4294967295
tileMM_GateD,128,256,96,208,16,16,0,1,1,4294967295
tileMM_GateD,144,256,96,208,16,16,0,1,1,4294967295
tileMM_GateD,160,256,96,208,16,16,0,1,1,4294967295
tileMM_GateD,176,256,96,208,16,16,0,1,1,4294967295
tileMM_GateD,192,256,96,208,16,16,0,1,1,4294967295
tileMM_GateD,208,256,96,208,16,16,0,1,1,4294967295
tileMM_GateD,224,256,96,208,16,16,0,1,1,4294967295
tileMM_GateD,240,256,96,208,16,16,0,1,1,4294967295
tileMM_GateD,128,288,96,208,16,16,0,1,1,4294967295
tileMM_GateD,144,288,96,208,16,16,0,1,1,4294967295
tileMM_GateD,160,288,96,208,16,16,0,1,1,4294967295
tileMM_GateD,176,288,96,208,16,16,0,1,1,4294967295
tileMM_GateD,192,288,96,208,16,16,0,1,1,4294967295
tileMM_GateD,208,288,96,208,16,16,0,1,1,4294967295
tileMM_GateD,224,288,96,208,16,16,0,1,1,4294967295
tileMM_GateD,240,288,96,208,16,16,0,1,1,4294967295
tileMM_GateD,128,80,128,96,32,16,0,1,1,4294967295
tileMM_GateD,160,80,128,96,32,16,0,1,1,4294967295
tileMM_GateD,192,80,128,96,32,16,0,1,1,4294967295
tileMM_GateD,224,80,128,96,32,16,0,1,1,4294967295
tileMM_GateD,128,112,128,96,32,16,0,1,1,4294967295
tileMM_GateD,160,112,128,96,32,16,0,1,1,4294967295
tileMM_GateD,192,112,128,96,32,16,0,1,1,4294967295
tileMM_GateD,224,112,128,96,32,16,0,1,1,4294967295
tileMM_GateD,128,144,128,96,32,16,0,1,1,4294967295
tileMM_GateD,160,144,128,96,32,16,0,1,1,4294967295
tileMM_GateD,192,144,128,96,32,16,0,1,1,4294967295
tileMM_GateD,224,144,128,96,32,16,0,1,1,4294967295
tileMM_GateD,128,176,128,96,32,16,0,1,1,4294967295
tileMM_GateD,160,176,128,96,32,16,0,1,1,4294967295
tileMM_GateD,192,176,128,96,32,16,0,1,1,4294967295
tileMM_GateD,224,176,128,96,32,16,0,1,1,4294967295
tileMM_GateD,128,208,128,96,32,16,0,1,1,4294967295
tileMM_GateD,160,208,128,96,32,16,0,1,1,4294967295
tileMM_GateD,192,208,128,96,32,16,0,1,1,4294967295
tileMM_GateD,224,208,128,96,32,16,0,1,1,4294967295
tileMM_GateD,128,240,128,96,32,16,0,1,1,4294967295
tileMM_GateD,160,240,128,96,32,16,0,1,1,4294967295
tileMM_GateD,192,240,128,96,32,16,0,1,1,4294967295
tileMM_GateD,224,240,128,96,32,16,0,1,1,4294967295
tileMM_GateD,128,272,128,96,32,16,0,1,1,4294967295
tileMM_GateD,160,272,128,96,32,16,0,1,1,4294967295
tileMM_GateD,192,272,128,96,32,16,0,1,1,4294967295
tileMM_GateD,224,272,128,96,32,16,0,1,1,4294967295
tileMM_GateD,128,304,128,96,32,16,0,1,1,4294967295
tileMM_GateD,160,304,128,96,32,16,0,1,1,4294967295
tileMM_GateD,192,304,128,96,32,16,0,1,1,4294967295
tileMM_GateD,224,304,128,96,32,16,0,1,1,4294967295
tileMM_GateD,80,576,0,176,64,64,0,1,1,4294967295
tileMM_GateD,80,688,0,176,64,64,0,1,1,4294967295
tileMM_GateD,144,576,0,176,64,64,0,1,1,4294967295
tileMM_GateD,208,576,0,176,64,64,0,1,1,4294967295
tileMM_GateD,272,576,0,176,64,64,0,1,1,4294967295
tileMM_GateD,336,576,0,176,64,64,0,1,1,4294967295
tileMM_GateD,400,576,0,176,64,64,0,1,1,4294967295
tileMM_GateD,464,576,0,176,64,64,0,1,1,4294967295
tileMM_GateD,144,688,0,176,64,64,0,1,1,4294967295
tileMM_GateD,208,688,0,176,64,64,0,1,1,4294967295
tileMM_GateD,272,688,0,176,64,64,0,1,1,4294967295
tileMM_GateD,336,688,0,176,64,64,0,1,1,4294967295
tileMM_GateD,400,688,0,176,64,64,0,1,1,4294967295
tileMM_GateD,464,688,0,176,64,64,0,1,1,4294967295
tileMM_GateD,80,656,144,160,48,32,0,1,1,4294967295
tileMM_GateD,128,656,144,160,48,32,0,1,1,4294967295
tileMM_GateD,176,656,144,160,48,32,0,1,1,4294967295
tileMM_GateD,224,656,144,160,48,32,0,1,1,4294967295
tileMM_GateD,336,656,144,160,48,32,0,1,1,4294967295
tileMM_GateD,384,656,144,160,48,32,0,1,1,4294967295
tileMM_GateD,432,656,144,160,48,32,0,1,1,4294967295
tileMM_GateD,480,656,144,160,48,32,0,1,1,4294967295
tileMM_GateD,272,656,144,160,32,32,0,1,1,4294967295
tileMM_GateD,304,656,160,160,32,32,0,1,1,4294967295
tileMM_GateD,272,640,144,224,32,16,0,1,1,4294967295
tileMM_GateD,304,640,160,224,32,16,0,1,1,4294967295
tileMM_GateD,80,640,144,224,48,16,0,1,1,4294967295
tileMM_GateD,128,640,144,224,48,16,0,1,1,4294967295
tileMM_GateD,176,640,144,224,48,16,0,1,1,4294967295
tileMM_GateD,224,640,144,224,48,16,0,1,1,4294967295
tileMM_GateD,336,640,144,224,48,16,0,1,1,4294967295
tileMM_GateD,384,640,144,224,48,16,0,1,1,4294967295
tileMM_GateD,432,640,144,224,48,16,0,1,1,4294967295
tileMM_GateD,480,640,144,224,48,16,0,1,1,4294967295
tileMM_GateD,64,576,160,160,16,80,0,1,1,4294967295
tileMM_GateD,64,656,160,160,16,80,0,1,1,4294967295
tileMM_GateD,528,576,160,160,16,80,0,1,1,4294967295
tileMM_GateD,528,656,160,160,16,80,0,1,1,4294967295
tileMM_GateD,64,736,160,160,16,16,0,1,1,4294967295
tileMM_GateD,528,736,160,160,16,16,0,1,1,4294967295
tileMM_GateD,160,752,0,96,32,48,0,1,1,4294967295
tileMM_GateD,192,752,0,96,32,48,0,1,1,4294967295
tileMM_GateD,224,752,0,96,32,48,0,1,1,4294967295
tileMM_GateD,256,752,0,96,32,48,0,1,1,4294967295
tileMM_GateD,288,752,0,96,32,48,0,1,1,4294967295
tileMM_GateD,320,752,0,96,32,48,0,1,1,4294967295
tileMM_GateD,352,752,0,96,32,48,0,1,1,4294967295
tileMM_GateD,384,752,0,96,32,48,0,1,1,4294967295
tileMM_GateD,416,752,0,96,32,48,0,1,1,4294967295
tileMM_GateD,128,1600,128,96,32,16,0,1,1,4294967295
tileMM_GateD,0,1920,128,96,32,16,0,1,1,4294967295
tileMM_GateD,64,1920,128,96,32,16,0,1,1,4294967295
tileMM_GateD,96,1920,128,96,32,16,0,1,1,4294967295
tileMM_GateD,160,1920,128,96,32,16,0,1,1,4294967295
tileMM_GateD,64,1936,32,128,64,16,0,1,1,4294967295
tileMM_GateD,64,1968,32,128,64,16,0,1,1,4294967295
tileMM_GateD,64,1984,32,128,64,16,0,1,1,4294967295
tileMM_GateD,64,2016,32,128,64,16,0,1,1,4294967295
tileMM_GateD,32,1920,160,96,32,32,0,1,1,4294967295
tileMM_GateD,32,1952,160,96,32,32,0,1,1,4294967295
tileMM_GateD,32,1984,160,96,32,32,0,1,1,4294967295
tileMM_GateD,32,2016,160,96,32,32,0,1,1,4294967295
tileMM_GateD,128,1920,160,96,32,32,0,1,1,4294967295
tileMM_GateD,128,1952,160,96,32,32,0,1,1,4294967295
tileMM_GateD,128,1984,160,96,32,32,0,1,1,4294967295
tileMM_GateD,128,2016,160,96,32,32,0,1,1,4294967295
tileMM_GateD,64,1056,0,96,32,48,0,1,1,4294967295
tileMM_GateD,96,1056,0,96,32,48,0,1,1,4294967295
tileMM_GateD,128,1056,0,96,32,48,0,1,1,4294967295
tileMM_GateD,160,1056,0,96,32,48,0,1,1,4294967295
tileMM_GateD,192,1056,0,96,32,48,0,1,1,4294967295
tileMM_GateD,224,1056,0,96,32,48,0,1,1,4294967295
tileMM_GateD,256,1056,0,96,32,48,0,1,1,4294967295
tileMM_GateD,288,1056,0,96,32,48,0,1,1,4294967295
tileMM_GateD,320,1056,0,96,32,48,0,1,1,4294967295
tileMM_GateD,352,1056,0,96,32,48,0,1,1,4294967295
tileMM_GateD,384,1056,0,96,32,48,0,1,1,4294967295
tileMM_GateD,416,1056,0,96,32,48,0,1,1,4294967295
tileMM_GateD,448,1056,0,96,32,48,0,1,1,4294967295
tileMM_GateD,448,944,0,96,32,48,0,1,1,4294967295
tileMM_GateD,416,944,0,96,32,48,0,1,1,4294967295
tileMM_GateD,384,944,0,96,32,48,0,1,1,4294967295
tileMM_GateD,64,944,0,96,32,48,0,1,1,4294967295
tileMM_GateD,96,944,0,96,32,48,0,1,1,4294967295
tileMM_GateD,128,944,0,96,32,48,0,1,1,4294967295
tileMM_GateD,160,944,0,96,32,48,0,1,1,4294967295
tileMM_GateD,192,944,0,96,32,48,0,1,1,4294967295
tileMM_GateD,224,944,0,96,32,48,0,1,1,4294967295
tileMM_GateD,256,944,0,96,32,48,0,1,1,4294967295
tileMM_GateD,288,944,0,96,32,48,0,1,1,4294967295
tileMM_GateD,320,944,0,96,32,48,0,1,1,4294967295
tileMM_GateD,352,944,0,96,32,48,0,1,1,4294967295
tileMM_GateD,64,1024,32,128,64,16,0,1,1,4294967295
tileMM_GateD,128,1024,32,128,64,16,0,1,1,4294967295
tileMM_GateD,192,1024,32,128,64,16,0,1,1,4294967295
tileMM_GateD,256,1024,32,128,64,16,0,1,1,4294967295
tileMM_GateD,320,1024,32,128,64,16,0,1,1,4294967295
tileMM_GateD,384,1024,32,128,64,16,0,1,1,4294967295
tileMM_GateD,448,1024,32,128,32,16,0,1,1,4294967295
tileMM_GateD,64,992,128,96,32,16,0,1,1,4294967295
tileMM_GateD,96,992,128,96,32,16,0,1,1,4294967295
tileMM_GateD,128,992,128,96,32,16,0,1,1,4294967295
tileMM_GateD,160,992,128,96,32,16,0,1,1,4294967295
tileMM_GateD,192,992,128,96,32,16,0,1,1,4294967295
tileMM_GateD,224,992,128,96,32,16,0,1,1,4294967295
tileMM_GateD,256,992,128,96,32,16,0,1,1,4294967295
tileMM_GateD,288,992,128,96,32,16,0,1,1,4294967295
tileMM_GateD,320,992,128,96,32,16,0,1,1,4294967295
tileMM_GateD,352,992,128,96,32,16,0,1,1,4294967295
tileMM_GateD,384,992,128,96,32,16,0,1,1,4294967295
tileMM_GateD,416,992,128,96,32,16,0,1,1,4294967295
tileMM_GateD,448,992,128,96,32,16,0,1,1,4294967295
tileMM_GateD,64,1104,128,96,32,16,0,1,1,4294967295
tileMM_GateD,96,1104,128,96,32,16,0,1,1,4294967295
tileMM_GateD,128,1104,128,96,32,16,0,1,1,4294967295
tileMM_GateD,160,1104,128,96,32,16,0,1,1,4294967295
tileMM_GateD,192,1104,128,96,32,16,0,1,1,4294967295
tileMM_GateD,224,1104,128,96,32,16,0,1,1,4294967295
tileMM_GateD,256,1104,128,96,32,16,0,1,1,4294967295
tileMM_GateD,288,1104,128,96,32,16,0,1,1,4294967295
tileMM_GateD,320,1104,128,96,32,16,0,1,1,4294967295
tileMM_GateD,352,1104,128,96,32,16,0,1,1,4294967295
tileMM_GateD,384,1104,128,96,32,16,0,1,1,4294967295
tileMM_GateD,416,1104,128,96,32,16,0,1,1,4294967295
tileMM_GateD,448,1104,128,96,32,16,0,1,1,4294967295
tileMM_GateD,64,800,128,96,32,16,0,1,1,4294967295
tileMM_GateD,96,800,128,96,32,16,0,1,1,4294967295
tileMM_GateD,192,800,128,96,32,16,0,1,1,4294967295
tileMM_GateD,224,800,128,96,32,16,0,1,1,4294967295
tileMM_GateD,256,800,128,96,32,16,0,1,1,4294967295
tileMM_GateD,288,800,128,96,32,16,0,1,1,4294967295
tileMM_GateD,320,800,128,96,32,16,0,1,1,4294967295
tileMM_GateD,352,800,128,96,32,16,0,1,1,4294967295
tileMM_GateD,384,800,128,96,32,16,0,1,1,4294967295
tileMM_GateD,416,800,128,96,32,16,0,1,1,4294967295
tileMM_GateD,448,800,128,96,32,16,0,1,1,4294967295
tileMM_GateD,480,800,128,96,32,16,0,1,1,4294967295
tileMM_GateD,512,800,128,96,32,16,0,1,1,4294967295
tileMM_GateD,64,848,128,112,32,16,0,1,1,4294967295
tileMM_GateD,96,848,128,112,32,16,0,1,1,4294967295
tileMM_GateD,128,848,128,112,32,16,0,1,1,4294967295
tileMM_GateD,160,848,128,112,32,16,0,1,1,4294967295
tileMM_GateD,192,848,128,112,32,16,0,1,1,4294967295
tileMM_GateD,224,848,128,112,32,16,0,1,1,4294967295
tileMM_GateD,256,848,128,112,32,16,0,1,1,4294967295
tileMM_GateD,288,848,128,112,32,16,0,1,1,4294967295
tileMM_GateD,320,848,128,112,32,16,0,1,1,4294967295
tileMM_GateD,352,848,128,112,32,16,0,1,1,4294967295
tileMM_GateD,384,848,128,112,32,16,0,1,1,4294967295
tileMM_GateD,416,848,128,112,32,16,0,1,1,4294967295
tileMM_GateD,448,848,128,112,32,16,0,1,1,4294967295
tileMM_GateD,480,848,128,112,32,16,0,1,1,4294967295
tileMM_GateD,512,848,128,112,32,16,0,1,1,4294967295
tileMM_GateD,64,880,128,112,32,16,0,1,1,4294967295
tileMM_GateD,96,880,128,112,32,16,0,1,1,4294967295
tileMM_GateD,128,880,128,112,32,16,0,1,1,4294967295
tileMM_GateD,160,880,128,112,32,16,0,1,1,4294967295
tileMM_GateD,192,880,128,112,32,16,0,1,1,4294967295
tileMM_GateD,224,880,128,112,32,16,0,1,1,4294967295
tileMM_GateD,256,880,128,112,32,16,0,1,1,4294967295
tileMM_GateD,288,880,128,112,32,16,0,1,1,4294967295
tileMM_GateD,320,880,128,112,32,16,0,1,1,4294967295
tileMM_GateD,352,880,128,112,32,16,0,1,1,4294967295
tileMM_GateD,384,880,128,112,32,16,0,1,1,4294967295
tileMM_GateD,416,880,128,112,32,16,0,1,1,4294967295
tileMM_GateD,448,880,128,112,32,16,0,1,1,4294967295
tileMM_GateD,480,880,128,112,32,16,0,1,1,4294967295
tileMM_GateD,512,880,128,112,32,16,0,1,1,4294967295
tileMM_GateD,64,864,128,112,32,16,0,1,1,4294967295
tileMM_GateD,96,864,128,112,32,16,0,1,1,4294967295
tileMM_GateD,128,864,128,112,32,16,0,1,1,4294967295
tileMM_GateD,160,864,128,112,32,16,0,1,1,4294967295
tileMM_GateD,192,864,128,112,32,16,0,1,1,4294967295
tileMM_GateD,224,864,128,112,32,16,0,1,1,4294967295
tileMM_GateD,256,864,128,112,32,16,0,1,1,4294967295
tileMM_GateD,288,864,128,112,32,16,0,1,1,4294967295
tileMM_GateD,320,864,128,112,32,16,0,1,1,4294967295
tileMM_GateD,352,864,128,112,32,16,0,1,1,4294967295
tileMM_GateD,384,864,128,112,32,16,0,1,1,4294967295
tileMM_GateD,416,864,128,112,32,16,0,1,1,4294967295
tileMM_GateD,448,864,128,112,32,16,0,1,1,4294967295
tileMM_GateD,480,864,128,112,32,16,0,1,1,4294967295
tileMM_GateD,512,864,128,112,32,16,0,1,1,4294967295
tileMM_GateD,64,816,96,160,32,32,0,1,1,4294967295
tileMM_GateD,96,816,96,160,32,32,0,1,1,4294967295
tileMM_GateD,128,816,96,160,32,32,0,1,1,4294967295
tileMM_GateD,160,816,96,160,32,32,0,1,1,4294967295
tileMM_GateD,192,816,96,160,32,32,0,1,1,4294967295
tileMM_GateD,224,816,96,160,32,32,0,1,1,4294967295
tileMM_GateD,256,816,96,160,32,32,0,1,1,4294967295
tileMM_GateD,288,816,96,160,32,32,0,1,1,4294967295
tileMM_GateD,320,816,96,160,32,32,0,1,1,4294967295
tileMM_GateD,352,816,96,160,32,32,0,1,1,4294967295
tileMM_GateD,384,816,96,160,32,32,0,1,1,4294967295
tileMM_GateD,416,816,96,160,32,32,0,1,1,4294967295
tileMM_GateD,448,816,96,160,32,32,0,1,1,4294967295
tileMM_GateD,480,816,96,160,32,32,0,1,1,4294967295
tileMM_GateD,512,816,96,160,32,32,0,1,1,4294967295
tileMM_GateD,64,896,96,160,32,32,0,1,1,4294967295
tileMM_GateD,96,896,96,160,32,32,0,1,1,4294967295
tileMM_GateD,128,896,96,160,32,32,0,1,1,4294967295
tileMM_GateD,160,896,96,160,32,32,0,1,1,4294967295
tileMM_GateD,192,896,96,160,32,32,0,1,1,4294967295
tileMM_GateD,224,896,96,160,32,32,0,1,1,4294967295
tileMM_GateD,256,896,96,160,32,32,0,1,1,4294967295
tileMM_GateD,288,896,96,160,32,32,0,1,1,4294967295
tileMM_GateD,320,896,96,160,32,32,0,1,1,4294967295
tileMM_GateD,352,896,96,160,32,32,0,1,1,4294967295
tileMM_GateD,384,896,96,160,32,32,0,1,1,4294967295
tileMM_GateD,416,896,96,160,32,32,0,1,1,4294967295
tileMM_GateD,448,896,96,160,32,32,0,1,1,4294967295
tileMM_GateD,480,896,96,160,32,32,0,1,1,4294967295
tileMM_GateD,512,896,96,160,32,32,0,1,1,4294967295
tileMM_GateD,64,928,128,96,32,16,0,1,1,4294967295
tileMM_GateD,96,928,128,96,32,16,0,1,1,4294967295
tileMM_GateD,128,928,128,96,32,16,0,1,1,4294967295
tileMM_GateD,160,928,128,96,32,16,0,1,1,4294967295
tileMM_GateD,192,928,128,96,32,16,0,1,1,4294967295
tileMM_GateD,224,928,128,96,32,16,0,1,1,4294967295
tileMM_GateD,256,928,128,96,32,16,0,1,1,4294967295
tileMM_GateD,288,928,128,96,32,16,0,1,1,4294967295
tileMM_GateD,320,928,128,96,32,16,0,1,1,4294967295
tileMM_GateD,352,928,128,96,32,16,0,1,1,4294967295
tileMM_GateD,384,928,128,96,32,16,0,1,1,4294967295
tileMM_GateD,416,928,128,96,32,16,0,1,1,4294967295
tileMM_GateD,448,928,128,96,32,16,0,1,1,4294967295
tileMM_GateD,480,928,128,96,32,16,0,1,1,4294967295
tileMM_GateD,512,928,128,96,32,16,0,1,1,4294967295
tileMM_GateD,128,800,128,96,32,16,0,1,1,4294967295
tileMM_GateD,160,800,128,96,32,16,0,1,1,4294967295
tileMM_GateD,192,1504,0,144,64,96,0,1,1,4294967295
tileMM_GateD,256,1504,0,144,64,96,0,1,1,4294967295
tileMM_GateD,352,1504,0,144,64,96,0,1,1,4294967295
tileMM_GateD,416,1504,0,144,64,96,0,1,1,4294967295
tileMM_GateD,128,1600,0,160,64,16,0,1,1,4294967295
tileMM_GateD,192,1600,0,160,64,16,0,1,1,4294967295
tileMM_GateD,256,1600,0,160,64,16,0,1,1,4294967295
tileMM_GateD,352,1600,0,160,64,16,0,1,1,4294967295
tileMM_GateD,416,1600,0,160,64,16,0,1,1,4294967295
tileMM_GateD,64,1504,0,144,64,32,0,1,1,4294967295
tileMM_GateD,128,1504,0,144,64,32,0,1,1,4294967295
tileMM_GateD,320,1504,0,144,16,96,0,1,1,4294967295
tileMM_GateD,336,1504,48,144,16,96,0,1,1,4294967295
tileMM_GateD,320,1600,0,160,32,16,0,1,1,4294967295
tileMM_GateD,128,1616,0,144,64,16,0,1,1,4294967295
tileMM_GateD,192,1616,0,144,64,16,0,1,1,4294967295
tileMM_GateD,256,1616,0,144,64,16,0,1,1,4294967295
tileMM_GateD,352,1616,0,144,64,16,0,1,1,4294967295
tileMM_GateD,416,1616,0,144,64,16,0,1,1,4294967295
tileMM_GateD,320,1616,0,144,32,16,0,1,1,4294967295
tileMM_GateD,208,1904,0,160,96,16,0,1,1,4294967295
tileMM_GateD,304,1904,0,160,96,16,0,1,1,4294967295
tileMM_GateD,400,1904,0,160,80,16,0,1,1,4294967295
tileMM_GateD,192,1904,80,160,16,16,0,1,1,4294967295
tileMM_GateD,192,1920,128,96,32,16,0,1,1,4294967295
tileMM_GateD,224,1920,128,96,32,16,0,1,1,4294967295
tileMM_GateD,256,1920,128,96,32,16,0,1,1,4294967295
tileMM_GateD,288,1920,128,96,32,16,0,1,1,4294967295
tileMM_GateD,352,1920,128,96,32,16,0,1,1,4294967295
tileMM_GateD,384,1920,128,96,32,16,0,1,1,4294967295
tileMM_GateD,416,1920,128,96,32,16,0,1,1,4294967295
tileMM_GateD,448,1920,128,96,32,16,0,1,1,4294967295
tileMM_GateD,128,1632,128,96,32,16,0,1,1,4294967295
tileMM_GateD,160,1632,128,96,32,16,0,1,1,4294967295
tileMM_GateD,192,1632,128,96,32,16,0,1,1,4294967295
tileMM_GateD,224,1632,128,96,32,16,0,1,1,4294967295
tileMM_GateD,256,1632,128,96,32,16,0,1,1,4294967295
tileMM_GateD,288,1632,128,96,32,16,0,1,1,4294967295
tileMM_GateD,320,1632,128,96,32,16,0,1,1,4294967295
tileMM_GateD,352,1632,128,96,32,16,0,1,1,4294967295
tileMM_GateD,384,1632,128,96,32,16,0,1,1,4294967295
tileMM_GateD,416,1632,128,96,32,16,0,1,1,4294967295
tileMM_GateD,448,1632,128,96,32,16,0,1,1,4294967295
tileMM_GateD,320,1936,144,160,16,80,0,1,1,4294967295
tileMM_GateD,320,1920,144,160,16,16,0,1,1,4294967295
tileMM_GateD,336,1920,176,160,16,16,0,1,1,4294967295
tileMM_GateD,336,2032,176,160,16,16,0,1,1,4294967295
tileMM_GateD,320,2032,144,160,16,16,0,1,1,4294967295
tileMM_GateD,320,2016,144,160,16,16,0,1,1,4294967295
tileMM_GateD,336,2016,176,160,16,16,0,1,1,4294967295
tileMM_GateD,336,1936,176,160,16,80,0,1,1,4294967295
tileMM_GateD,304,1960,112,192,16,48,0,1,1,4294967295
tileMM_GateD,352,1960,128,192,16,48,0,1,1,4294967295
tileMM_GateD,160,1936,96,208,16,16,0,1,1,4294967295
tileMM_GateD,176,1936,96,208,16,16,0,1,1,4294967295
tileMM_GateD,192,1936,96,208,16,16,0,1,1,4294967295
tileMM_GateD,208,1936,96,208,16,16,0,1,1,4294967295
tileMM_GateD,224,1936,96,208,16,16,0,1,1,4294967295
tileMM_GateD,240,1936,96,208,16,16,0,1,1,4294967295
tileMM_GateD,256,1936,96,208,16,16,0,1,1,4294967295
tileMM_GateD,272,1936,96,208,16,16,0,1,1,4294967295
tileMM_GateD,288,1936,96,208,16,16,0,1,1,4294967295
tileMM_GateD,304,1936,96,208,16,16,0,1,1,4294967295
tileMM_GateD,352,1936,96,208,16,16,0,1,1,4294967295
tileMM_GateD,368,1936,96,208,16,16,0,1,1,4294967295
tileMM_GateD,384,1936,96,208,16,16,0,1,1,4294967295
tileMM_GateD,400,1936,96,208,16,16,0,1,1,4294967295
tileMM_GateD,416,1936,96,208,16,16,0,1,1,4294967295
tileMM_GateD,432,1936,96,208,16,16,0,1,1,4294967295
tileMM_GateD,448,1936,96,208,16,16,0,1,1,4294967295
tileMM_GateD,464,1936,96,208,16,16,0,1,1,4294967295
tileMM_GateD,160,2016,96,208,16,16,0,1,1,4294967295
tileMM_GateD,176,2016,96,208,16,16,0,1,1,4294967295
tileMM_GateD,192,2016,96,208,16,16,0,1,1,4294967295
tileMM_GateD,208,2016,96,208,16,16,0,1,1,4294967295
tileMM_GateD,224,2016,96,208,16,16,0,1,1,4294967295
tileMM_GateD,240,2016,96,208,16,16,0,1,1,4294967295
tileMM_GateD,256,2016,96,208,16,16,0,1,1,4294967295
tileMM_GateD,272,2016,96,208,16,16,0,1,1,4294967295
tileMM_GateD,288,2016,96,208,16,16,0,1,1,4294967295
tileMM_GateD,304,2016,96,208,16,16,0,1,1,4294967295
tileMM_GateD,352,2016,96,208,16,16,0,1,1,4294967295
tileMM_GateD,368,2016,96,208,16,16,0,1,1,4294967295
tileMM_GateD,384,2016,96,208,16,16,0,1,1,4294967295
tileMM_GateD,400,2016,96,208,16,16,0,1,1,4294967295
tileMM_GateD,416,2016,96,208,16,16,0,1,1,4294967295
tileMM_GateD,432,2016,96,208,16,16,0,1,1,4294967295
tileMM_GateD,448,2016,96,208,16,16,0,1,1,4294967295
tileMM_GateD,464,2016,96,208,16,16,0,1,1,4294967295
tileMM_GateD,160,1952,128,96,32,16,0,1,1,4294967295
tileMM_GateD,192,1952,128,96,32,16,0,1,1,4294967295
tileMM_GateD,224,1952,128,96,32,16,0,1,1,4294967295
tileMM_GateD,256,1952,128,96,32,16,0,1,1,4294967295
tileMM_GateD,384,1952,128,96,32,16,0,1,1,4294967295
tileMM_GateD,416,1952,128,96,32,16,0,1,1,4294967295
tileMM_GateD,448,1952,128,96,32,16,0,1,1,4294967295
tileMM_GateD,160,2032,128,96,32,16,0,1,1,4294967295
tileMM_GateD,192,2032,128,96,32,16,0,1,1,4294967295
tileMM_GateD,224,2032,128,96,32,16,0,1,1,4294967295
tileMM_GateD,256,2032,128,96,32,16,0,1,1,4294967295
tileMM_GateD,288,2032,128,96,32,16,0,1,1,4294967295
tileMM_GateD,352,2032,128,96,32,16,0,1,1,4294967295
tileMM_GateD,384,2032,128,96,32,16,0,1,1,4294967295
tileMM_GateD,416,2032,128,96,32,16,0,1,1,4294967295
tileMM_GateD,448,2032,128,96,32,16,0,1,1,4294967295
tileMM_GateD,128,1664,96,160,32,32,0,1,1,4294967295
tileMM_GateD,128,1728,96,160,32,32,0,1,1,4294967295
tileMM_GateD,160,1664,96,160,32,32,0,1,1,4294967295
tileMM_GateD,192,1664,96,160,32,32,0,1,1,4294967295
tileMM_GateD,224,1664,96,160,32,32,0,1,1,4294967295
tileMM_GateD,256,1664,96,160,32,32,0,1,1,4294967295
tileMM_GateD,288,1664,96,160,32,32,0,1,1,4294967295
tileMM_GateD,320,1664,96,160,32,32,0,1,1,4294967295
tileMM_GateD,352,1664,96,160,32,32,0,1,1,4294967295
tileMM_GateD,384,1664,96,160,32,32,0,1,1,4294967295
tileMM_GateD,416,1664,96,160,32,32,0,1,1,4294967295
tileMM_GateD,448,1664,96,160,32,32,0,1,1,4294967295
tileMM_GateD,160,1728,96,160,32,32,0,1,1,4294967295
tileMM_GateD,192,1728,96,160,32,32,0,1,1,4294967295
tileMM_GateD,224,1728,96,160,32,32,0,1,1,4294967295
tileMM_GateD,256,1728,96,160,32,32,0,1,1,4294967295
tileMM_GateD,288,1728,96,160,32,32,0,1,1,4294967295
tileMM_GateD,320,1728,96,160,32,32,0,1,1,4294967295
tileMM_GateD,352,1728,96,160,32,32,0,1,1,4294967295
tileMM_GateD,384,1728,96,160,32,32,0,1,1,4294967295
tileMM_GateD,416,1728,96,160,32,32,0,1,1,4294967295
tileMM_GateD,448,1728,96,160,32,32,0,1,1,4294967295
tileMM_GateD,192,1792,96,160,32,32,0,1,1,4294967295
tileMM_GateD,224,1792,96,160,32,32,0,1,1,4294967295
tileMM_GateD,256,1792,96,160,32,32,0,1,1,4294967295
tileMM_GateD,288,1792,96,160,32,32,0,1,1,4294967295
tileMM_GateD,320,1792,96,160,32,32,0,1,1,4294967295
tileMM_GateD,352,1792,96,160,32,32,0,1,1,4294967295
tileMM_GateD,384,1792,96,160,32,32,0,1,1,4294967295
tileMM_GateD,416,1792,96,160,32,32,0,1,1,4294967295
tileMM_GateD,448,1792,96,160,32,32,0,1,1,4294967295
tileMM_GateD,192,1856,96,160,32,32,0,1,1,4294967295
tileMM_GateD,224,1856,96,160,32,32,0,1,1,4294967295
tileMM_GateD,256,1856,96,160,32,32,0,1,1,4294967295
tileMM_GateD,288,1856,96,160,32,32,0,1,1,4294967295
tileMM_GateD,320,1856,96,160,32,32,0,1,1,4294967295
tileMM_GateD,352,1856,96,160,32,32,0,1,1,4294967295
tileMM_GateD,384,1856,96,160,32,32,0,1,1,4294967295
tileMM_GateD,416,1856,96,160,32,32,0,1,1,4294967295
tileMM_GateD,448,1856,96,160,32,32,0,1,1,4294967295
tileMM_GateD,128,1696,128,96,32,16,0,1,1,4294967295
tileMM_GateD,160,1696,128,96,32,16,0,1,1,4294967295
tileMM_GateD,192,1696,128,96,32,16,0,1,1,4294967295
tileMM_GateD,224,1696,128,96,32,16,0,1,1,4294967295
tileMM_GateD,256,1696,128,96,32,16,0,1,1,4294967295
tileMM_GateD,288,1696,128,96,32,16,0,1,1,4294967295
tileMM_GateD,320,1696,128,96,32,16,0,1,1,4294967295
tileMM_GateD,352,1696,128,96,32,16,0,1,1,4294967295
tileMM_GateD,384,1696,128,96,32,16,0,1,1,4294967295
tileMM_GateD,416,1696,128,96,32,16,0,1,1,4294967295
tileMM_GateD,448,1696,128,96,32,16,0,1,1,4294967295
tileMM_GateD,128,1760,128,96,32,16,0,1,1,4294967295
tileMM_GateD,160,1760,128,96,32,16,0,1,1,4294967295
tileMM_GateD,192,1760,128,96,32,16,0,1,1,4294967295
tileMM_GateD,224,1760,128,96,32,16,0,1,1,4294967295
tileMM_GateD,256,1760,128,96,32,16,0,1,1,4294967295
tileMM_GateD,288,1760,128,96,32,16,0,1,1,4294967295
tileMM_GateD,320,1760,128,96,32,16,0,1,1,4294967295
tileMM_GateD,352,1760,128,96,32,16,0,1,1,4294967295
tileMM_GateD,384,1760,128,96,32,16,0,1,1,4294967295
tileMM_GateD,416,1760,128,96,32,16,0,1,1,4294967295
tileMM_GateD,448,1760,128,96,32,16,0,1,1,4294967295
tileMM_GateD,192,1824,128,96,32,16,0,1,1,4294967295
tileMM_GateD,224,1824,128,96,32,16,0,1,1,4294967295
tileMM_GateD,256,1824,128,96,32,16,0,1,1,4294967295
tileMM_GateD,288,1824,128,96,32,16,0,1,1,4294967295
tileMM_GateD,320,1824,128,96,32,16,0,1,1,4294967295
tileMM_GateD,352,1824,128,96,32,16,0,1,1,4294967295
tileMM_GateD,384,1824,128,96,32,16,0,1,1,4294967295
tileMM_GateD,416,1824,128,96,32,16,0,1,1,4294967295
tileMM_GateD,448,1824,128,96,32,16,0,1,1,4294967295
tileMM_GateD,192,1888,128,96,32,16,0,1,1,4294967295
tileMM_GateD,224,1888,128,96,32,16,0,1,1,4294967295
tileMM_GateD,256,1888,128,96,32,16,0,1,1,4294967295
tileMM_GateD,288,1888,128,96,32,16,0,1,1,4294967295
tileMM_GateD,320,1888,128,96,32,16,0,1,1,4294967295
tileMM_GateD,352,1888,128,96,32,16,0,1,1,4294967295
tileMM_GateD,384,1888,128,96,32,16,0,1,1,4294967295
tileMM_GateD,416,1888,128,96,32,16,0,1,1,4294967295
tileMM_GateD,448,1888,128,96,32,16,0,1,1,4294967295
