tileMetC,1184,704,0,48,96,32,0,1,1,4294967295
tileMetC,1088,704,0,48,96,32,0,1,1,4294967295
tileMetC,1088,736,64,16,32,32,0,1,1,4294967295
tileMetC,1120,736,64,16,32,32,0,1,1,4294967295
tileMetC,1152,736,64,16,32,32,0,1,1,4294967295
tileMetC,1184,736,64,16,32,32,0,1,1,4294967295
tileMetC,1216,736,64,16,32,32,0,1,1,4294967295
tileMetC,1248,736,64,16,32,32,0,1,1,4294967295
tileMetC,1232,608,0,80,48,32,0,1,1,4294967295
tileMetC,1216,624,0,128,16,16,0,1,1,4294967295
tileMetC,1248,576,64,16,32,32,0,1,1,4294967295
tileMetC,1248,544,64,16,32,32,0,1,1,4294967295
tileMetC,992,704,0,48,96,32,0,1,1,4294967295
tileMetC,992,736,64,16,32,32,0,1,1,4294967295
tileMetC,1024,736,64,16,32,32,0,1,1,4294967295
tileMetC,1056,736,64,16,32,32,0,1,1,4294967295
tileMetC,1088,480,0,48,96,64,0,1,1,4294967295
tileMetC,992,480,0,48,96,64,0,1,1,4294967295
tileMetC,896,480,0,48,96,64,0,1,1,4294967295
tileMetC,896,704,0,48,96,32,0,1,1,4294967295
tileMetC,1216,544,96,16,32,80,0,1,1,4294967295
tileMetC,1184,528,16,128,16,16,0,1,1,4294967295
tileMetC,1184,480,16,112,16,16,0,1,1,4294967295
tileMetC,1184,496,144,80,16,32,0,1,1,4294967295
tileMetC,1216,448,96,16,32,96,0,1,1,4294967295
tileMetC,1216,352,96,16,32,96,0,1,1,4294967295
tileMetC,1248,352,64,16,32,32,0,1,1,4294967295
tileMetC,1248,384,64,16,32,32,0,1,1,4294967295
tileMetC,1248,416,64,16,32,32,0,1,1,4294967295
tileMetC,1248,448,64,16,32,32,0,1,1,4294967295
tileMetC,1248,480,64,16,32,32,0,1,1,4294967295
tileMetC,1248,512,64,16,32,32,0,1,1,4294967295
tileMetC,800,480,0,48,96,64,0,1,1,4294967295
tileMetC,704,480,0,48,96,64,0,1,1,4294967295
tileMetC,640,384,96,16,64,96,0,1,1,4294967295
tileMetC,688,480,32,128,16,16,0,1,1,4294967295
tileMetC,640,528,0,128,16,16,0,1,1,4294967295
tileMetC,640,480,96,32,32,48,0,1,1,4294967295
tileMetC,656,512,0,80,48,32,0,1,1,4294967295
tileMetC,672,496,64,64,32,16,0,1,1,4294967295
tileMetC,672,480,128,48,16,16,0,1,1,4294967295
tileMetC,720,448,80,304,32,16,0,1,1,4294967295
tileMetC,816,448,80,304,32,16,0,1,1,4294967295
tileMetC,784,448,96,304,32,16,0,1,1,4294967295
tileMetC,880,448,96,304,32,16,0,1,1,4294967295
tileMetC,768,448,96,304,16,16,0,1,1,4294967295
tileMetC,864,448,96,304,16,16,0,1,1,4294967295
tileMetC,848,448,96,304,16,16,0,1,1,4294967295
tileMetC,912,448,80,304,32,16,0,1,1,4294967295
tileMetC,1008,448,80,304,32,16,0,1,1,4294967295
tileMetC,1104,448,80,304,32,16,0,1,1,4294967295
tileMetC,976,448,96,304,32,16,0,1,1,4294967295
tileMetC,1072,448,96,304,32,16,0,1,1,4294967295
tileMetC,1168,448,96,304,32,16,0,1,1,4294967295
tileMetC,944,448,96,304,16,16,0,1,1,4294967295
tileMetC,960,448,96,304,16,16,0,1,1,4294967295
tileMetC,1056,448,96,304,16,16,0,1,1,4294967295
tileMetC,1040,448,96,304,16,16,0,1,1,4294967295
tileMetC,1152,448,96,304,16,16,0,1,1,4294967295
tileMetC,1136,448,96,304,16,16,0,1,1,4294967295
tileMetC,544,320,0,48,96,64,0,1,1,4294967295
tileMetC,448,320,0,48,96,64,0,1,1,4294967295
tileMetC,752,448,96,304,16,16,0,1,1,4294967295
tileMetC,640,368,48,112,16,16,0,1,1,4294967295
tileMetC,640,320,0,48,48,32,0,1,1,4294967295
tileMetC,672,336,128,16,32,48,0,1,1,4294967295
tileMetC,688,320,16,112,16,16,0,1,1,4294967295
tileMetC,640,352,64,80,32,16,0,1,1,4294967295
tileMetC,656,368,112,48,16,16,0,1,1,4294967295
tileMetC,704,288,96,304,32,16,0,1,1,4294967295
tileMetC,608,288,96,304,32,16,0,1,1,4294967295
tileMetC,512,288,96,304,32,16,0,1,1,4294967295
tileMetC,640,288,80,304,32,16,0,1,1,4294967295
tileMetC,544,288,80,304,32,16,0,1,1,4294967295
tileMetC,448,288,80,304,32,16,0,1,1,4294967295
tileMetC,480,288,96,304,16,16,0,1,1,4294967295
tileMetC,496,288,96,304,16,16,0,1,1,4294967295
tileMetC,576,288,96,304,16,16,0,1,1,4294967295
tileMetC,592,288,96,304,16,16,0,1,1,4294967295
tileMetC,672,288,96,304,16,16,0,1,1,4294967295
tileMetC,688,288,96,304,16,16,0,1,1,4294967295
tileMetC,0,128,0,48,96,32,0,1,1,4294967295
tileMetC,0,32,0,80,96,32,0,1,1,4294967295
tileMetC,96,32,0,80,96,32,0,1,1,4294967295
tileMetC,0,0,64,16,32,32,0,1,1,4294967295
tileMetC,32,0,64,16,32,32,0,1,1,4294967295
tileMetC,64,0,64,16,32,32,0,1,1,4294967295
tileMetC,96,0,64,16,32,32,0,1,1,4294967295
tileMetC,128,0,64,16,32,32,0,1,1,4294967295
tileMetC,160,0,64,16,32,32,0,1,1,4294967295
tileMetC,896,736,64,16,32,32,0,1,1,4294967295
tileMetC,928,736,64,16,32,32,0,1,1,4294967295
tileMetC,960,736,64,16,32,32,0,1,1,4294967295
tileMetC,192,32,0,80,96,32,0,1,1,4294967295
tileMetC,368,0,128,16,32,48,0,1,1,4294967295
tileMetC,288,32,0,80,96,32,0,1,1,4294967295
tileMetC,384,48,16,128,16,16,0,1,1,4294967295
tileMetC,464,48,0,128,16,16,0,1,1,4294967295
tileMetC,480,32,0,80,96,32,0,1,1,4294967295
tileMetC,576,32,0,80,96,32,0,1,1,4294967295
tileMetC,464,0,96,64,32,48,0,1,1,4294967295
tileMetC,192,0,64,16,32,32,0,1,1,4294967295
tileMetC,224,0,64,16,32,32,0,1,1,4294967295
tileMetC,256,0,64,16,32,32,0,1,1,4294967295
tileMetC,288,0,64,16,32,32,0,1,1,4294967295
tileMetC,320,0,64,16,32,32,0,1,1,4294967295
tileMetC,496,0,64,16,32,32,0,1,1,4294967295
tileMetC,528,0,64,16,32,32,0,1,1,4294967295
tileMetC,560,0,64,16,32,32,0,1,1,4294967295
tileMetC,592,0,64,16,32,32,0,1,1,4294967295
tileMetC,624,0,64,16,32,32,0,1,1,4294967295
tileMetC,352,0,64,16,16,32,0,1,1,4294967295
tileMetC,96,128,16,112,16,16,0,1,1,4294967295
tileMetC,80,144,128,16,32,48,0,1,1,4294967295
tileMetC,96,192,32,128,16,16,0,1,1,4294967295
tileMetC,112,192,0,48,48,32,0,1,1,4294967295
tileMetC,160,192,16,112,16,16,0,1,1,4294967295
tileMetC,144,208,128,16,32,96,0,1,1,4294967295
tileMetC,80,208,64,64,32,16,0,1,1,4294967295
tileMetC,80,192,128,32,16,16,0,1,1,4294967295
tileMetC,720,304,48,288,16,16,0,1,1,4294967295
tileMetC,720,320,48,288,16,16,0,1,1,4294967295
tileMetC,720,336,48,288,16,16,0,1,1,4294967295
tileMetC,720,352,48,288,16,16,0,1,1,4294967295
tileMetC,720,368,48,288,16,16,0,1,1,4294967295
tileMetC,720,384,48,288,16,16,0,1,1,4294967295
tileMetC,720,400,48,288,16,16,0,1,1,4294967295
tileMetC,720,416,48,288,16,16,0,1,1,4294967295
tileMetC,720,432,48,288,16,16,0,1,1,4294967295
tileMetC,0,160,64,16,32,32,0,1,1,4294967295
tileMetC,32,160,64,16,32,32,0,1,1,4294967295
tileMetC,0,192,64,16,32,32,0,1,1,4294967295
tileMetC,32,192,64,16,32,32,0,1,1,4294967295
tileMetC,0,224,64,16,32,32,0,1,1,4294967295
tileMetC,32,224,64,16,32,32,0,1,1,4294967295
tileMetC,64,224,64,16,32,32,0,1,1,4294967295
tileMetC,96,224,64,16,32,32,0,1,1,4294967295
tileMetC,0,256,64,16,32,32,0,1,1,4294967295
tileMetC,32,256,64,16,32,32,0,1,1,4294967295
tileMetC,64,256,64,16,32,32,0,1,1,4294967295
tileMetC,96,256,64,16,32,32,0,1,1,4294967295
tileMetC,64,160,64,16,16,32,0,1,1,4294967295
tileMetC,64,192,64,16,16,32,0,1,1,4294967295
tileMetC,128,224,64,16,16,32,0,1,1,4294967295
tileMetC,128,256,64,16,16,32,0,1,1,4294967295
tileMetC,400,320,0,48,48,64,0,1,1,4294967295
tileMetC,384,320,0,112,16,16,0,1,1,4294967295
tileMetC,384,368,0,128,16,16,0,1,1,4294967295
tileMetC,384,336,96,80,16,32,0,1,1,4294967295
tileMetC,672,32,0,80,96,32,0,1,1,4294967295
tileMetC,768,32,0,80,96,32,0,1,1,4294967295
tileMetC,1216,256,96,16,32,96,0,1,1,4294967295
tileMetC,864,32,0,80,96,32,0,1,1,4294967295
tileMetC,960,32,0,80,96,32,0,1,1,4294967295
tileMetC,656,0,64,16,32,32,0,1,1,4294967295
tileMetC,688,0,64,16,32,32,0,1,1,4294967295
tileMetC,720,0,64,16,32,32,0,1,1,4294967295
tileMetC,752,0,64,16,32,32,0,1,1,4294967295
tileMetC,784,0,64,16,32,32,0,1,1,4294967295
tileMetC,816,0,64,16,32,32,0,1,1,4294967295
tileMetC,848,0,64,16,32,32,0,1,1,4294967295
tileMetC,880,0,64,16,32,32,0,1,1,4294967295
tileMetC,912,0,64,16,32,32,0,1,1,4294967295
tileMetC,944,0,64,16,32,32,0,1,1,4294967295
tileMetC,976,0,64,16,32,32,0,1,1,4294967295
tileMetC,1008,0,64,16,32,32,0,1,1,4294967295
tileMetC,1040,0,64,16,32,32,0,1,1,4294967295
tileMetC,1072,0,64,16,32,32,0,1,1,4294967295
tileMetC,1104,0,64,16,32,32,0,1,1,4294967295
tileMetC,1136,0,64,16,32,32,0,1,1,4294967295
tileMetC,1168,0,64,16,32,32,0,1,1,4294967295
tileMetC,1200,0,64,16,32,32,0,1,1,4294967295
tileMetC,1232,0,64,16,32,32,0,1,1,4294967295
tileMetC,1248,320,64,16,32,32,0,1,1,4294967295
tileMetC,1248,288,64,16,32,32,0,1,1,4294967295
tileMetC,1248,32,64,16,32,32,0,1,1,4294967295
tileMetC,1248,64,64,16,32,32,0,1,1,4294967295
tileMetC,1248,96,64,16,32,32,0,1,1,4294967295
tileMetC,1248,128,64,16,32,32,0,1,1,4294967295
tileMetC,1248,160,64,16,32,32,0,1,1,4294967295
tileMetC,1248,192,64,16,32,32,0,1,1,4294967295
tileMetC,1248,224,64,16,32,32,0,1,1,4294967295
tileMetC,1248,256,64,16,32,32,0,1,1,4294967295
tileMetC,1264,0,64,16,16,32,0,1,1,4294967295
tileMetC,1104,64,96,16,32,96,0,1,1,4294967295
tileMetC,1120,144,0,80,96,32,0,1,1,4294967295
tileMetC,1056,32,0,80,48,32,0,1,1,4294967295
tileMetC,1104,48,48,112,16,16,0,1,1,4294967295
tileMetC,1104,160,0,128,16,16,0,1,1,4294967295
tileMetC,1216,160,48,112,16,16,0,1,1,4294967295
tileMetC,1216,176,96,16,32,80,0,1,1,4294967295
tileMetC,1232,144,112,16,16,32,0,1,1,4294967295
tileMetC,1120,32,112,16,16,32,0,1,1,4294967295
tileMetC,1104,32,64,80,16,16,0,1,1,4294967295
tileMetC,1216,144,32,80,16,16,0,1,1,4294967295
tileMetC,1136,32,64,16,32,32,0,1,1,4294967295
tileMetC,1168,32,64,16,32,32,0,1,1,4294967295
tileMetC,1200,32,64,16,32,32,0,1,1,4294967295
tileMetC,1136,64,64,16,32,32,0,1,1,4294967295
tileMetC,1168,64,64,16,32,32,0,1,1,4294967295
tileMetC,1200,64,64,16,32,32,0,1,1,4294967295
tileMetC,1136,96,64,16,32,32,0,1,1,4294967295
tileMetC,1168,96,64,16,32,32,0,1,1,4294967295
tileMetC,1200,96,64,16,32,32,0,1,1,4294967295
tileMetC,1232,32,64,16,16,32,0,1,1,4294967295
tileMetC,1232,64,64,16,16,32,0,1,1,4294967295
tileMetC,1232,96,64,16,16,32,0,1,1,4294967295
tileMetC,1152,128,64,16,32,16,0,1,1,4294967295
tileMetC,1184,128,64,16,32,16,0,1,1,4294967295
tileMetC,1216,128,64,16,32,16,0,1,1,4294967295
tileMetC,1136,128,64,16,16,16,0,1,1,4294967295
tileMetC,144,304,128,16,32,96,0,1,1,4294967295
tileMetC,0,288,64,16,32,32,0,1,1,4294967295
tileMetC,32,288,64,16,32,32,0,1,1,4294967295
tileMetC,64,288,64,16,32,32,0,1,1,4294967295
tileMetC,96,288,64,16,32,32,0,1,1,4294967295
tileMetC,0,320,64,16,32,32,0,1,1,4294967295
tileMetC,32,320,64,16,32,32,0,1,1,4294967295
tileMetC,64,320,64,16,32,32,0,1,1,4294967295
tileMetC,96,320,64,16,32,32,0,1,1,4294967295
tileMetC,0,352,64,16,32,32,0,1,1,4294967295
tileMetC,32,352,64,16,32,32,0,1,1,4294967295
tileMetC,64,352,64,16,32,32,0,1,1,4294967295
tileMetC,96,352,64,16,32,32,0,1,1,4294967295
tileMetC,128,288,64,16,16,32,0,1,1,4294967295
tileMetC,128,320,64,16,16,32,0,1,1,4294967295
tileMetC,128,352,64,16,16,32,0,1,1,4294967295
tileMetC,240,256,80,304,32,16,0,1,1,4294967295
tileMetC,288,256,96,304,32,16,0,1,1,4294967295
tileMetC,272,256,96,304,16,16,0,1,1,4294967295
tileMetC,928,368,32,288,16,32,0,1,1,4294967295
tileMetC,864,384,32,288,16,32,0,1,1,4294967295
tileMetC,992,384,32,288,16,32,0,1,1,4294967295
tileMetC,864,416,48,304,16,16,0,1,1,4294967295
tileMetC,992,416,48,304,16,16,0,1,1,4294967295
tileMetC,928,400,48,304,16,16,0,1,1,4294967295
tileMetC,240,384,80,304,32,16,0,1,1,4294967295
tileMetC,176,288,32,288,16,32,0,1,1,4294967295
tileMetC,176,320,48,304,16,16,0,1,1,4294967295
tileMetC,288,384,96,304,32,16,0,1,1,4294967295
tileMetC,272,384,96,304,16,16,0,1,1,4294967295
tileMetC,64,384,0,80,96,32,0,1,1,4294967295
tileMetC,160,400,16,128,16,16,0,1,1,4294967295
tileMetC,32,416,128,16,32,96,0,1,1,4294967295
tileMetC,32,512,128,16,32,96,0,1,1,4294967295
tileMetC,48,400,32,112,16,16,0,1,1,4294967295
tileMetC,32,384,64,80,32,16,0,1,1,4294967295
tileMetC,32,400,128,32,16,16,0,1,1,4294967295
tileMetC,0,384,64,16,32,32,0,1,1,4294967295
tileMetC,0,416,64,16,32,32,0,1,1,4294967295
tileMetC,0,448,64,16,32,32,0,1,1,4294967295
tileMetC,0,480,64,16,32,32,0,1,1,4294967295
tileMetC,0,512,64,16,32,32,0,1,1,4294967295
tileMetC,0,544,64,16,32,32,0,1,1,4294967295
tileMetC,0,576,64,16,32,32,0,1,1,4294967295
tileMetC,448,304,64,192,16,16,0,1,1,4294967295
tileMetC,464,304,64,192,16,16,0,1,1,4294967295
tileMetC,480,304,64,192,16,16,0,1,1,4294967295
tileMetC,496,304,64,192,16,16,0,1,1,4294967295
tileMetC,512,304,64,192,16,16,0,1,1,4294967295
tileMetC,528,304,64,192,16,16,0,1,1,4294967295
tileMetC,544,304,64,192,16,16,0,1,1,4294967295
tileMetC,560,304,64,192,16,16,0,1,1,4294967295
tileMetC,576,304,64,192,16,16,0,1,1,4294967295
tileMetC,592,304,64,192,16,16,0,1,1,4294967295
tileMetC,608,304,64,192,16,16,0,1,1,4294967295
tileMetC,624,304,64,192,16,16,0,1,1,4294967295
tileMetC,640,304,64,192,16,16,0,1,1,4294967295
tileMetC,656,304,64,192,16,16,0,1,1,4294967295
tileMetC,672,304,64,192,16,16,0,1,1,4294967295
tileMetC,688,304,64,192,16,16,0,1,1,4294967295
tileMetC,720,464,64,192,16,16,0,1,1,4294967295
tileMetC,736,464,64,192,16,16,0,1,1,4294967295
tileMetC,752,464,64,192,16,16,0,1,1,4294967295
tileMetC,768,464,64,192,16,16,0,1,1,4294967295
tileMetC,784,464,64,192,16,16,0,1,1,4294967295
tileMetC,800,464,64,192,16,16,0,1,1,4294967295
tileMetC,816,464,64,192,16,16,0,1,1,4294967295
tileMetC,832,464,64,192,16,16,0,1,1,4294967295
tileMetC,848,464,64,192,16,16,0,1,1,4294967295
tileMetC,864,464,64,192,16,16,0,1,1,4294967295
tileMetC,880,464,64,192,16,16,0,1,1,4294967295
tileMetC,896,464,64,192,16,16,0,1,1,4294967295
tileMetC,912,464,64,192,16,16,0,1,1,4294967295
tileMetC,928,464,64,192,16,16,0,1,1,4294967295
tileMetC,944,464,64,192,16,16,0,1,1,4294967295
tileMetC,960,464,64,192,16,16,0,1,1,4294967295
tileMetC,976,464,64,192,16,16,0,1,1,4294967295
tileMetC,992,464,64,192,16,16,0,1,1,4294967295
tileMetC,1008,464,64,192,16,16,0,1,1,4294967295
tileMetC,1024,464,64,192,16,16,0,1,1,4294967295
tileMetC,1040,464,64,192,16,16,0,1,1,4294967295
tileMetC,1056,464,64,192,16,16,0,1,1,4294967295
tileMetC,1072,464,64,192,16,16,0,1,1,4294967295
tileMetC,1088,464,64,192,16,16,0,1,1,4294967295
tileMetC,1104,464,64,192,16,16,0,1,1,4294967295
tileMetC,1120,464,64,192,16,16,0,1,1,4294967295
tileMetC,1136,464,64,192,16,16,0,1,1,4294967295
tileMetC,1152,464,64,192,16,16,0,1,1,4294967295
tileMetC,1168,464,64,192,16,16,0,1,1,4294967295
tileMetC,1184,464,64,192,16,16,0,1,1,4294967295
tileMetC,384,448,0,48,96,16,0,1,1,4294967295
tileMetC,144,480,0,48,96,16,0,1,1,4294967295
tileMetC,128,480,0,112,16,16,0,1,1,4294967295
tileMetC,144,496,32,112,16,16,0,1,1,4294967295
tileMetC,160,496,64,96,32,16,0,1,1,4294967295
tileMetC,192,496,0,96,48,16,0,1,1,4294967295
tileMetC,128,496,96,16,16,64,0,1,1,4294967295
tileMetC,240,480,16,112,16,32,0,1,1,4294967295
tileMetC,128,560,0,128,32,16,0,1,1,4294967295
tileMetC,144,512,144,64,16,48,0,1,1,4294967295
tileMetC,624,192,32,288,16,32,0,1,1,4294967295
tileMetC,384,160,80,304,32,16,0,1,1,4294967295
tileMetC,448,160,96,304,32,16,0,1,1,4294967295
tileMetC,624,256,48,288,16,32,0,1,1,4294967295
tileMetC,624,224,32,304,16,16,0,1,1,4294967295
tileMetC,624,240,32,304,16,16,0,1,1,4294967295
tileMetC,624,64,32,288,16,32,0,1,1,4294967295
tileMetC,624,96,48,288,16,32,0,1,1,4294967295
tileMetC,576,112,80,304,48,16,0,1,1,4294967295
tileMetC,640,112,80,304,48,16,0,1,1,4294967295
tileMetC,576,192,80,304,48,16,0,1,1,4294967295
tileMetC,640,192,80,304,48,16,0,1,1,4294967295
tileMetC,784,672,0,48,96,32,0,1,1,4294967295
tileMetC,880,672,16,112,16,16,0,1,1,4294967295
tileMetC,880,688,144,48,16,16,0,1,1,4294967295
tileMetC,880,704,32,128,16,16,0,1,1,4294967295
tileMetC,864,704,128,16,16,32,0,1,1,4294967295
tileMetC,880,720,80,64,16,16,0,1,1,4294967295
tileMetC,240,64,32,288,16,32,0,1,1,4294967295
tileMetC,304,64,32,288,16,32,0,1,1,4294967295
tileMetC,240,96,48,288,16,32,0,1,1,4294967295
tileMetC,304,96,48,288,16,32,0,1,1,4294967295
tileMetC,688,672,0,48,96,32,0,1,1,4294967295
tileMetC,864,736,64,16,32,32,0,1,1,4294967295
tileMetC,704,704,64,16,32,32,0,1,1,4294967295
tileMetC,736,704,64,16,32,32,0,1,1,4294967295
tileMetC,768,704,64,16,32,32,0,1,1,4294967295
tileMetC,800,704,64,16,32,32,0,1,1,4294967295
tileMetC,832,704,64,16,32,32,0,1,1,4294967295
tileMetC,704,736,64,16,32,32,0,1,1,4294967295
tileMetC,736,736,64,16,32,32,0,1,1,4294967295
tileMetC,768,736,64,16,32,32,0,1,1,4294967295
tileMetC,800,736,64,16,32,32,0,1,1,4294967295
tileMetC,832,736,64,16,32,32,0,1,1,4294967295
tileMetC,592,672,0,48,96,32,0,1,1,4294967295
tileMetC,608,704,64,16,32,32,0,1,1,4294967295
tileMetC,640,704,64,16,32,32,0,1,1,4294967295
tileMetC,672,704,64,16,32,32,0,1,1,4294967295
tileMetC,608,736,64,16,32,32,0,1,1,4294967295
tileMetC,640,736,64,16,32,32,0,1,1,4294967295
tileMetC,672,736,64,16,32,32,0,1,1,4294967295
tileMetC,576,672,0,112,16,16,0,1,1,4294967295
tileMetC,576,704,48,128,16,16,0,1,1,4294967295
tileMetC,576,688,96,96,16,16,0,1,1,4294967295
tileMetC,480,704,0,48,96,32,0,1,1,4294967295
tileMetC,576,720,0,64,32,16,0,1,1,4294967295
tileMetC,592,704,112,32,16,16,0,1,1,4294967295
tileMetC,384,704,0,48,96,32,0,1,1,4294967295
tileMetC,464,608,80,304,48,16,0,1,1,4294967295
tileMetC,384,464,48,96,48,16,0,1,1,4294967295
tileMetC,368,448,0,112,16,32,0,1,1,4294967295
tileMetC,432,464,0,96,32,16,0,1,1,4294967295
tileMetC,480,448,16,112,16,16,0,1,1,4294967295
tileMetC,464,464,48,112,16,16,0,1,1,4294967295
tileMetC,464,496,0,128,16,16,0,1,1,4294967295
tileMetC,496,480,0,48,32,16,0,1,1,4294967295
tileMetC,528,480,16,112,16,32,0,1,1,4294967295
tileMetC,464,480,96,64,16,16,0,1,1,4294967295
tileMetC,480,464,144,32,16,16,0,1,1,4294967295
tileMetC,480,496,32,96,48,16,0,1,1,4294967295
tileMetC,480,480,32,128,16,16,0,1,1,4294967295
tileMetC,592,544,80,304,48,16,0,1,1,4294967295
tileMetC,640,544,48,288,16,16,0,1,1,4294967295
tileMetC,608,560,80,304,48,16,0,1,1,4294967295
tileMetC,656,544,48,288,16,16,0,1,1,4294967295
tileMetC,288,704,0,48,96,32,0,1,1,4294967295
tileMetC,192,704,0,48,96,32,0,1,1,4294967295
tileMetC,96,704,0,48,96,32,0,1,1,4294967295
tileMetC,0,736,64,16,32,32,0,1,1,4294967295
tileMetC,32,736,64,16,32,32,0,1,1,4294967295
tileMetC,64,736,64,16,32,32,0,1,1,4294967295
tileMetC,96,736,64,16,32,32,0,1,1,4294967295
tileMetC,128,736,64,16,32,32,0,1,1,4294967295
tileMetC,160,736,64,16,32,32,0,1,1,4294967295
tileMetC,192,736,64,16,32,32,0,1,1,4294967295
tileMetC,224,736,64,16,32,32,0,1,1,4294967295
tileMetC,256,736,64,16,32,32,0,1,1,4294967295
tileMetC,288,736,64,16,32,32,0,1,1,4294967295
tileMetC,320,736,64,16,32,32,0,1,1,4294967295
tileMetC,352,736,64,16,32,32,0,1,1,4294967295
tileMetC,384,736,64,16,32,32,0,1,1,4294967295
tileMetC,416,736,64,16,32,32,0,1,1,4294967295
tileMetC,448,736,64,16,32,32,0,1,1,4294967295
tileMetC,480,736,64,16,32,32,0,1,1,4294967295
tileMetC,512,736,64,16,32,32,0,1,1,4294967295
tileMetC,544,736,64,16,32,32,0,1,1,4294967295
tileMetC,576,736,64,16,32,32,0,1,1,4294967295
tileMetC,336,608,16,112,16,32,0,1,1,4294967295
tileMetC,288,608,0,112,16,32,0,1,1,4294967295
tileMetC,304,608,0,48,32,16,0,1,1,4294967295
tileMetC,304,624,32,96,32,16,0,1,1,4294967295
tileMetC,256,528,96,304,32,16,0,1,1,4294967295
tileMetC,224,528,80,304,32,16,0,1,1,4294967295
tileMetC,928,208,32,288,16,32,0,1,1,4294967295
tileMetC,928,240,48,304,16,16,0,1,1,4294967295
tileMetC,864,208,48,304,16,16,0,1,1,4294967295
tileMetC,992,208,48,304,16,16,0,1,1,4294967295
tileMetC,864,176,32,288,16,32,0,1,1,4294967295
tileMetC,992,176,32,288,16,32,0,1,1,4294967295
tileMetC,752,64,32,288,16,32,0,1,1,4294967295
tileMetC,752,304,48,288,16,32,0,1,1,4294967295
tileMetC,752,272,32,304,16,16,0,1,1,4294967295
tileMetC,752,256,32,304,16,16,0,1,1,4294967295
tileMetC,752,240,32,304,16,16,0,1,1,4294967295
tileMetC,752,208,32,304,16,16,0,1,1,4294967295
tileMetC,752,192,32,304,16,16,0,1,1,4294967295
tileMetC,752,176,32,304,16,16,0,1,1,4294967295
tileMetC,752,96,32,304,16,16,0,1,1,4294967295
tileMetC,752,112,32,304,16,16,0,1,1,4294967295
tileMetC,752,128,32,304,16,16,0,1,1,4294967295
tileMetC,752,160,32,304,16,16,0,1,1,4294967295
tileMetC,752,144,48,288,16,16,0,1,1,4294967295
tileMetC,752,224,48,288,16,16,0,1,1,4294967295
tileMetC,1056,272,32,288,16,32,0,1,1,4294967295
tileMetC,1056,304,48,288,16,32,0,1,1,4294967295
tileMetC,800,304,48,288,16,32,0,1,1,4294967295
tileMetC,800,272,32,288,16,32,0,1,1,4294967295
tileMetC,752,288,32,304,16,16,0,1,1,4294967295
tileMetC,928,112,32,288,16,16,0,1,1,4294967295
tileMetC,1072,656,160,256,32,48,0,1,1,4294967295
tileMetC,784,624,160,256,32,48,0,1,1,4294967295
tileMetC,96,656,160,256,32,48,0,1,1,4294967295
tileMetC,368,672,128,272,32,32,0,1,1,4294967295
tileMetC,608,640,128,272,32,32,0,1,1,4294967295
tileMetC,496,448,128,272,32,32,0,1,1,4294967295
tileMetC,144,464,128,256,32,16,0,1,1,4294967295
tileMetC,224,688,128,256,32,16,0,1,1,4294967295
tileMetC,960,688,128,256,32,16,0,1,1,4294967295
tileMetC,112,176,128,256,32,16,0,1,1,4294967295
tileMetC,80,112,128,304,16,16,0,1,1,4294967295
tileMetC,208,464,128,304,16,16,0,1,1,4294967295
tileMetC,448,432,128,304,16,16,0,1,1,4294967295
tileMetC,448,688,128,304,16,16,0,1,1,4294967295
tileMetC,688,656,128,304,16,16,0,1,1,4294967295
tileMetC,1120,688,128,304,16,16,0,1,1,4294967295
tileMetC,736,656,176,304,16,16,0,1,1,4294967295
tileMetC,416,304,176,304,16,16,0,1,1,4294967295
tileMetC,1200,496,80,256,16,48,0,1,1,4294967295
tileMetC,64,576,80,256,16,48,0,1,1,4294967295
tileMetC,1200,224,96,256,16,48,0,1,1,4294967295
tileMetC,1088,80,96,256,16,48,0,1,1,4294967295
tileMetC,176,224,64,256,16,32,0,1,1,4294967295
tileMetC,64,464,64,256,16,32,0,1,1,4294967295
tileMetC,1200,576,112,256,16,32,0,1,1,4294967295
tileMetC,1200,304,112,256,16,32,0,1,1,4294967295
tileMetC,624,400,112,256,16,32,0,1,1,4294967295
tileMetC,624,480,112,288,16,16,0,1,1,4294967295
tileMetC,1200,384,112,288,16,16,0,1,1,4294967295
tileMetC,560,672,112,288,16,16,0,1,1,4294967295
tileMetC,64,544,64,288,16,16,0,1,1,4294967295
tileMetC,176,368,64,288,16,16,0,1,1,4294967295
tileMetC,160,512,64,288,16,16,0,1,1,4294967295
tileMetC,64,416,144,304,16,16,0,1,1,4294967295
tileMetC,624,448,160,304,16,16,0,1,1,4294967295
tileMetC,0,704,0,48,96,32,0,1,1,4294967295
tileMetC,48,624,16,128,16,16,0,1,1,4294967295
tileMetC,0,608,0,80,48,32,0,1,1,4294967295
tileMetC,48,608,144,48,16,16,0,1,1,4294967295
tileMetC,416,160,96,304,16,16,0,1,1,4294967295
tileMetC,432,160,96,304,16,16,0,1,1,4294967295
tileMetC,416,144,80,304,16,16,0,1,1,4294967295
tileMetC,432,144,112,304,16,16,0,1,1,4294967295
