tileCWepFac,3104,256,32,0,32,32,0,1,1,4294967295
tileCWepFac,3104,288,32,0,32,32,0,1,1,4294967295
tileCWepFac,3104,320,32,0,32,32,0,1,1,4294967295
tileCWepFac,3072,256,32,0,32,32,0,1,1,4294967295
tileCWepFac,3072,288,32,0,32,32,0,1,1,4294967295
tileCWepFac,3072,320,32,0,32,32,0,1,1,4294967295
tileCWepFac,3040,256,32,0,32,32,0,1,1,4294967295
tileCWepFac,3040,288,32,0,32,32,0,1,1,4294967295
tileCWepFac,3040,320,32,0,32,32,0,1,1,4294967295
tileCWepFac,3008,256,32,0,32,32,0,1,1,4294967295
tileCWepFac,3008,288,32,0,32,32,0,1,1,4294967295
tileCWepFac,3008,320,32,0,32,32,0,1,1,4294967295
tileCWepFac,3104,160,32,0,32,32,0,1,1,4294967295
tileCWepFac,3072,160,32,0,32,32,0,1,1,4294967295
tileCWepFac,3072,128,32,0,32,32,0,1,1,4294967295
tileCWepFac,3104,128,32,0,32,32,0,1,1,4294967295
tileCWepFac,3104,0,32,0,32,32,0,1,1,4294967295
tileCWepFac,3104,32,32,0,32,32,0,1,1,4294967295
tileCWepFac,3104,64,32,0,32,32,0,1,1,4294967295
tileCWepFac,3104,96,32,0,32,32,0,1,1,4294967295
tileCWepFac,3072,32,32,0,32,32,0,1,1,4294967295
tileCWepFac,3072,64,32,0,32,32,0,1,1,4294967295
tileCWepFac,3072,96,32,0,32,32,0,1,1,4294967295
tileCWepFac,2976,256,32,0,32,32,0,1,1,4294967295
tileCWepFac,2976,288,32,0,32,32,0,1,1,4294967295
tileCWepFac,2976,320,32,0,32,32,0,1,1,4294967295
tileCWepFac,2944,256,32,0,32,32,0,1,1,4294967295
tileCWepFac,2944,288,32,0,32,32,0,1,1,4294967295
tileCWepFac,2944,320,32,0,32,32,0,1,1,4294967295
tileCWepFac,2912,256,32,0,32,32,0,1,1,4294967295
tileCWepFac,2912,288,32,0,32,32,0,1,1,4294967295
tileCWepFac,2912,320,32,0,32,32,0,1,1,4294967295
tileCWepFac,3040,0,0,0,64,32,0,1,1,4294967295
tileCWepFac,3008,0,0,0,32,32,0,1,1,4294967295
tileCWepFac,2976,0,0,0,32,32,0,1,1,4294967295
tileCWepFac,2944,0,0,0,32,32,0,1,1,4294967295
tileCWepFac,2880,0,0,0,64,32,0,1,1,4294967295
tileCWepFac,2720,0,0,0,64,32,0,1,1,4294967295
tileCWepFac,2784,0,0,0,32,32,0,1,1,4294967295
tileCWepFac,2816,0,0,0,32,32,0,1,1,4294967295
tileCWepFac,2848,0,0,0,32,32,0,1,1,4294967295
tileCWepFac,2688,0,0,0,32,32,0,1,1,4294967295
tileCWepFac,2656,0,0,0,32,32,0,1,1,4294967295
tileCWepFac,2624,0,0,0,32,32,0,1,1,4294967295
tileCWepFac,2560,0,0,0,64,32,0,1,1,4294967295
tileCWepFac,2528,0,0,0,32,32,0,1,1,4294967295
tileCWepFac,2496,0,0,0,32,32,0,1,1,4294967295
tileCWepFac,2464,0,0,0,32,32,0,1,1,4294967295
tileCWepFac,2912,224,32,0,32,32,0,1,1,4294967295
tileCWepFac,2752,176,32,0,32,32,0,1,1,4294967295
tileCWepFac,2592,176,32,0,32,32,0,1,1,4294967295
tileCWepFac,2432,176,32,0,32,32,0,1,1,4294967295
tileCWepFac,2400,0,0,0,64,32,0,1,1,4294967295
tileCWepFac,2240,0,0,0,64,32,0,1,1,4294967295
tileCWepFac,2080,0,0,0,64,32,0,1,1,4294967295
tileCWepFac,2144,0,0,0,32,32,0,1,1,4294967295
tileCWepFac,2176,0,0,0,32,32,0,1,1,4294967295
tileCWepFac,2208,0,0,0,32,32,0,1,1,4294967295
tileCWepFac,2304,0,0,0,32,32,0,1,1,4294967295
tileCWepFac,2336,0,0,0,32,32,0,1,1,4294967295
tileCWepFac,2368,0,0,0,32,32,0,1,1,4294967295
tileCWepFac,2272,176,32,0,32,32,0,1,1,4294967295
tileCWepFac,2112,176,32,0,32,32,0,1,1,4294967295
tileCWepFac,2048,0,0,0,32,32,0,1,1,4294967295
tileCWepFac,2016,0,0,0,32,32,0,1,1,4294967295
tileCWepFac,1984,0,0,0,32,32,0,1,1,4294967295
tileCWepFac,1920,0,0,0,64,32,0,1,1,4294967295
tileCWepFac,1888,0,0,0,32,32,0,1,1,4294967295
tileCWepFac,1856,0,0,0,32,32,0,1,1,4294967295
tileCWepFac,1824,0,0,0,32,32,0,1,1,4294967295
tileCWepFac,1952,176,32,0,32,32,0,1,1,4294967295
tileCWepFac,1856,256,32,0,32,32,0,1,1,4294967295
tileCWepFac,1824,256,32,0,32,32,0,1,1,4294967295
tileCWepFac,1824,288,32,0,32,32,0,1,1,4294967295
tileCWepFac,1824,320,32,0,32,32,0,1,1,4294967295
tileCWepFac,1856,288,32,0,32,32,0,1,1,4294967295
tileCWepFac,1856,320,32,0,32,32,0,1,1,4294967295
tileCWepFac,1792,256,32,0,32,32,0,1,1,4294967295
tileCWepFac,1792,288,32,0,32,32,0,1,1,4294967295
tileCWepFac,1792,320,32,0,32,32,0,1,1,4294967295
tileCWepFac,1760,256,32,0,32,32,0,1,1,4294967295
tileCWepFac,1760,288,32,0,32,32,0,1,1,4294967295
tileCWepFac,1760,320,32,0,32,32,0,1,1,4294967295
tileCWepFac,1760,0,0,0,64,32,0,1,1,4294967295
tileCWepFac,1728,0,0,0,32,32,0,1,1,4294967295
tileCWepFac,1696,0,0,0,32,32,0,1,1,4294967295
tileCWepFac,1664,0,0,0,32,32,0,1,1,4294967295
tileCWepFac,1600,0,0,0,64,32,0,1,1,4294967295
tileCWepFac,1440,0,0,0,64,32,0,1,1,4294967295
tileCWepFac,1504,0,0,0,32,32,0,1,1,4294967295
tileCWepFac,1536,0,0,0,32,32,0,1,1,4294967295
tileCWepFac,1568,0,0,0,32,32,0,1,1,4294967295
tileCWepFac,1408,0,0,0,32,32,0,1,1,4294967295
tileCWepFac,1376,0,0,0,32,32,0,1,1,4294967295
tileCWepFac,1344,0,0,0,32,32,0,1,1,4294967295
tileCWepFac,1280,0,0,0,64,32,0,1,1,4294967295
tileCWepFac,1248,0,0,0,32,32,0,1,1,4294967295
tileCWepFac,1216,0,0,0,32,32,0,1,1,4294967295
tileCWepFac,1184,0,0,0,32,32,0,1,1,4294967295
tileCWepFac,1760,192,32,0,32,32,0,1,1,4294967295
tileCWepFac,1728,192,32,0,32,32,0,1,1,4294967295
tileCWepFac,1728,256,32,0,32,32,0,1,1,4294967295
tileCWepFac,1728,288,32,0,32,32,0,1,1,4294967295
tileCWepFac,1728,320,32,0,32,32,0,1,1,4294967295
tileCWepFac,1696,288,32,0,32,32,0,1,1,4294967295
tileCWepFac,1696,320,32,0,32,32,0,1,1,4294967295
tileCWepFac,1664,288,32,0,32,32,0,1,1,4294967295
tileCWepFac,1664,320,32,0,32,32,0,1,1,4294967295
tileCWepFac,1632,288,32,0,32,32,0,1,1,4294967295
tileCWepFac,1632,320,32,0,32,32,0,1,1,4294967295
tileCWepFac,1600,288,32,0,32,32,0,1,1,4294967295
tileCWepFac,1600,320,32,0,32,32,0,1,1,4294967295
tileCWepFac,1792,32,32,0,32,32,0,1,1,4294967295
tileCWepFac,1792,64,32,0,32,32,0,1,1,4294967295
tileCWepFac,1792,96,32,0,32,32,0,1,1,4294967295
tileCWepFac,1792,128,32,0,32,32,0,1,1,4294967295
tileCWepFac,1792,160,32,0,32,32,0,1,1,4294967295
tileCWepFac,1792,192,32,0,32,32,0,1,1,4294967295
tileCWepFac,1600,224,32,0,32,32,0,1,1,4294967295
tileCWepFac,1632,224,32,0,32,32,0,1,1,4294967295
tileCWepFac,1664,224,32,0,32,32,0,1,1,4294967295
tileCWepFac,1664,192,32,0,32,32,0,1,1,4294967295
tileCWepFac,1664,160,32,0,32,32,0,1,1,4294967295
tileCWepFac,1632,160,32,0,32,32,0,1,1,4294967295
tileCWepFac,1600,160,32,0,32,32,0,1,1,4294967295
tileCWepFac,1600,192,32,0,32,32,0,1,1,4294967295
tileCWepFac,1632,192,32,0,32,32,0,1,1,4294967295
tileCWepFac,1600,128,32,0,32,32,0,1,1,4294967295
tileCWepFac,1632,128,32,0,32,32,0,1,1,4294967295
tileCWepFac,1664,128,32,0,32,32,0,1,1,4294967295
tileCWepFac,1600,96,32,0,32,32,0,1,1,4294967295
tileCWepFac,1632,96,32,0,32,32,0,1,1,4294967295
tileCWepFac,1664,96,32,0,32,32,0,1,1,4294967295
tileCWepFac,1696,96,32,0,32,32,0,1,1,4294967295
tileCWepFac,1760,160,32,0,32,32,0,1,1,4294967295
tileCWepFac,1600,32,32,0,32,32,0,1,1,4294967295
tileCWepFac,1632,32,32,0,32,32,0,1,1,4294967295
tileCWepFac,1664,32,32,0,32,32,0,1,1,4294967295
tileCWepFac,1568,32,32,0,32,32,0,1,1,4294967295
tileCWepFac,1536,32,32,0,32,32,0,1,1,4294967295
tileCWepFac,1536,64,32,0,32,32,0,1,1,4294967295
tileCWepFac,1568,128,32,0,32,32,0,1,1,4294967295
tileCWepFac,1536,128,32,0,32,32,0,1,1,4294967295
tileCWepFac,1504,128,32,0,32,32,0,1,1,4294967295
tileCWepFac,1440,128,32,0,32,32,0,1,1,4294967295
tileCWepFac,1408,128,32,0,32,32,0,1,1,4294967295
tileCWepFac,1504,32,32,0,32,32,0,1,1,4294967295
tileCWepFac,1472,32,32,0,32,32,0,1,1,4294967295
tileCWepFac,1440,32,32,0,32,32,0,1,1,4294967295
tileCWepFac,1408,32,32,0,32,32,0,1,1,4294967295
tileCWepFac,1568,224,32,0,32,32,0,1,1,4294967295
tileCWepFac,1568,288,32,0,32,32,0,1,1,4294967295
tileCWepFac,1568,320,32,0,32,32,0,1,1,4294967295
tileCWepFac,1536,288,32,0,32,32,0,1,1,4294967295
tileCWepFac,1536,320,32,0,32,32,0,1,1,4294967295
tileCWepFac,1408,288,32,0,32,32,0,1,1,4294967295
tileCWepFac,1440,288,32,0,32,32,0,1,1,4294967295
tileCWepFac,1472,288,32,0,32,32,0,1,1,4294967295
tileCWepFac,1504,288,32,0,32,32,0,1,1,4294967295
tileCWepFac,1184,288,32,0,32,32,0,1,1,4294967295
tileCWepFac,1216,288,32,0,32,32,0,1,1,4294967295
tileCWepFac,1248,288,32,0,32,32,0,1,1,4294967295
tileCWepFac,1280,288,32,0,32,32,0,1,1,4294967295
tileCWepFac,1312,288,32,0,32,32,0,1,1,4294967295
tileCWepFac,1344,288,32,0,32,32,0,1,1,4294967295
tileCWepFac,1376,288,32,0,32,32,0,1,1,4294967295
tileCWepFac,1184,320,32,0,32,32,0,1,1,4294967295
tileCWepFac,1216,320,32,0,32,32,0,1,1,4294967295
tileCWepFac,1248,320,32,0,32,32,0,1,1,4294967295
tileCWepFac,1280,320,32,0,32,32,0,1,1,4294967295
tileCWepFac,1312,320,32,0,32,32,0,1,1,4294967295
tileCWepFac,1344,320,32,0,32,32,0,1,1,4294967295
tileCWepFac,1376,320,32,0,32,32,0,1,1,4294967295
tileCWepFac,1408,320,32,0,32,32,0,1,1,4294967295
tileCWepFac,1440,320,32,0,32,32,0,1,1,4294967295
tileCWepFac,1472,320,32,0,32,32,0,1,1,4294967295
tileCWepFac,1504,320,32,0,32,32,0,1,1,4294967295
tileCWepFac,1536,224,32,0,32,32,0,1,1,4294967295
tileCWepFac,1408,224,32,0,32,32,0,1,1,4294967295
tileCWepFac,1440,224,32,0,32,32,0,1,1,4294967295
tileCWepFac,1504,224,32,0,32,32,0,1,1,4294967295
tileCWepFac,1408,160,32,0,32,32,0,1,1,4294967295
tileCWepFac,1440,160,32,0,32,32,0,1,1,4294967295
tileCWepFac,1504,160,32,0,32,32,0,1,1,4294967295
tileCWepFac,1536,160,32,0,32,32,0,1,1,4294967295
tileCWepFac,1568,160,32,0,32,32,0,1,1,4294967295
tileCWepFac,1504,192,32,0,32,32,0,1,1,4294967295
tileCWepFac,1536,192,32,0,32,32,0,1,1,4294967295
tileCWepFac,1568,192,32,0,32,32,0,1,1,4294967295
tileCWepFac,1376,128,32,0,32,32,0,1,1,4294967295
tileCWepFac,1376,160,32,0,32,32,0,1,1,4294967295
tileCWepFac,1376,224,32,0,32,32,0,1,1,4294967295
tileCWepFac,1344,224,32,0,32,32,0,1,1,4294967295
tileCWepFac,1312,224,32,0,32,32,0,1,1,4294967295
tileCWepFac,1280,224,32,0,32,32,0,1,1,4294967295
tileCWepFac,1248,224,32,0,32,32,0,1,1,4294967295
tileCWepFac,1184,224,32,0,32,32,0,1,1,4294967295
tileCWepFac,1120,288,32,0,32,32,0,1,1,4294967295
tileCWepFac,1312,192,32,0,32,32,0,1,1,4294967295
tileCWepFac,1152,288,32,0,32,32,0,1,1,4294967295
tileCWepFac,1152,320,32,0,32,32,0,1,1,4294967295
tileCWepFac,1088,288,32,0,32,32,0,1,1,4294967295
tileCWepFac,1088,320,32,0,32,32,0,1,1,4294967295
tileCWepFac,1120,320,32,0,32,32,0,1,1,4294967295
tileCWepFac,1056,288,32,0,32,32,0,1,1,4294967295
tileCWepFac,1056,320,32,0,32,32,0,1,1,4294967295
tileCWepFac,1024,288,32,0,32,32,0,1,1,4294967295
tileCWepFac,1024,320,32,0,32,32,0,1,1,4294967295
tileCWepFac,992,288,32,0,32,32,0,1,1,4294967295
tileCWepFac,992,320,32,0,32,32,0,1,1,4294967295
tileCWepFac,960,288,32,0,32,32,0,1,1,4294967295
tileCWepFac,960,320,32,0,32,32,0,1,1,4294967295
tileCWepFac,928,288,32,0,32,32,0,1,1,4294967295
tileCWepFac,928,320,32,0,32,32,0,1,1,4294967295
tileCWepFac,896,288,32,0,32,32,0,1,1,4294967295
tileCWepFac,896,320,32,0,32,32,0,1,1,4294967295
tileCWepFac,864,320,32,0,32,32,0,1,1,4294967295
tileCWepFac,832,320,32,0,32,32,0,1,1,4294967295
tileCWepFac,800,320,32,0,32,32,0,1,1,4294967295
tileCWepFac,768,320,32,0,32,32,0,1,1,4294967295
tileCWepFac,736,320,32,0,32,32,0,1,1,4294967295
tileCWepFac,704,320,32,0,32,32,0,1,1,4294967295
tileCWepFac,672,320,32,0,32,32,0,1,1,4294967295
tileCWepFac,1152,224,32,0,32,32,0,1,1,4294967295
tileCWepFac,1120,224,32,0,32,32,0,1,1,4294967295
tileCWepFac,1088,224,32,0,32,32,0,1,1,4294967295
tileCWepFac,1024,224,32,0,32,32,0,1,1,4294967295
tileCWepFac,1024,256,32,0,32,32,0,1,1,4294967295
tileCWepFac,1120,0,0,0,64,32,0,1,1,4294967295
tileCWepFac,960,0,0,0,64,32,0,1,1,4294967295
tileCWepFac,800,0,0,0,64,32,0,1,1,4294967295
tileCWepFac,640,0,0,0,64,32,0,1,1,4294967295
tileCWepFac,704,0,0,0,32,32,0,1,1,4294967295
tileCWepFac,736,0,0,0,32,32,0,1,1,4294967295
tileCWepFac,768,0,0,0,32,32,0,1,1,4294967295
tileCWepFac,864,0,0,0,32,32,0,1,1,4294967295
tileCWepFac,896,0,0,0,32,32,0,1,1,4294967295
tileCWepFac,928,0,0,0,32,32,0,1,1,4294967295
tileCWepFac,1024,0,0,0,32,32,0,1,1,4294967295
tileCWepFac,1056,0,0,0,32,32,0,1,1,4294967295
tileCWepFac,1088,0,0,0,32,32,0,1,1,4294967295
tileCWepFac,608,0,0,0,32,32,0,1,1,4294967295
tileCWepFac,576,0,0,0,32,32,0,1,1,4294967295
tileCWepFac,544,0,0,0,32,32,0,1,1,4294967295
tileCWepFac,1344,128,32,0,32,32,0,1,1,4294967295
tileCWepFac,1312,128,32,0,32,32,0,1,1,4294967295
tileCWepFac,1280,128,32,0,32,32,0,1,1,4294967295
tileCWepFac,1376,32,32,0,32,32,0,1,1,4294967295
tileCWepFac,1344,32,32,0,32,32,0,1,1,4294967295
tileCWepFac,1312,32,32,0,32,32,0,1,1,4294967295
tileCWepFac,1280,32,32,0,32,32,0,1,1,4294967295
tileCWepFac,1248,128,32,0,32,32,0,1,1,4294967295
tileCWepFac,1216,128,32,0,32,32,0,1,1,4294967295
tileCWepFac,1152,128,32,0,32,32,0,1,1,4294967295
tileCWepFac,1120,128,32,0,32,32,0,1,1,4294967295
tileCWepFac,1152,160,32,0,32,32,0,1,1,4294967295
tileCWepFac,1120,32,32,0,32,32,0,1,1,4294967295
tileCWepFac,1152,32,32,0,32,32,0,1,1,4294967295
tileCWepFac,1184,32,32,0,32,32,0,1,1,4294967295
tileCWepFac,1216,32,32,0,32,32,0,1,1,4294967295
tileCWepFac,1248,32,32,0,32,32,0,1,1,4294967295
tileCWepFac,1088,32,32,0,32,32,0,1,1,4294967295
tileCWepFac,1088,128,32,0,32,32,0,1,1,4294967295
tileCWepFac,1056,128,32,0,32,32,0,1,1,4294967295
tileCWepFac,1024,128,32,0,32,32,0,1,1,4294967295
tileCWepFac,992,128,32,0,32,32,0,1,1,4294967295
tileCWepFac,960,128,32,0,32,32,0,1,1,4294967295
tileCWepFac,928,128,32,0,32,32,0,1,1,4294967295
tileCWepFac,896,128,32,0,32,32,0,1,1,4294967295
tileCWepFac,864,128,32,0,32,32,0,1,1,4294967295
tileCWepFac,864,32,32,0,32,32,0,1,1,4294967295
tileCWepFac,896,32,32,0,32,32,0,1,1,4294967295
tileCWepFac,928,32,32,0,32,32,0,1,1,4294967295
tileCWepFac,960,32,32,0,32,32,0,1,1,4294967295
tileCWepFac,992,32,32,0,32,32,0,1,1,4294967295
tileCWepFac,1024,32,32,0,32,32,0,1,1,4294967295
tileCWepFac,1056,32,32,0,32,32,0,1,1,4294967295
tileCWepFac,832,32,32,0,32,32,0,1,1,4294967295
tileCWepFac,800,32,32,0,32,32,0,1,1,4294967295
tileCWepFac,832,128,32,0,32,32,0,1,1,4294967295
tileCWepFac,960,160,32,0,32,32,0,1,1,4294967295
tileCWepFac,960,192,32,0,32,32,0,1,1,4294967295
tileCWepFac,832,256,32,0,32,32,0,1,1,4294967295
tileCWepFac,832,224,32,0,32,32,0,1,1,4294967295
tileCWepFac,800,224,32,0,32,32,0,1,1,4294967295
tileCWepFac,768,192,32,0,32,32,0,1,1,4294967295
tileCWepFac,736,192,32,0,32,32,0,1,1,4294967295
tileCWepFac,800,128,32,0,32,32,0,1,1,4294967295
tileCWepFac,768,128,32,0,32,32,0,1,1,4294967295
tileCWepFac,736,128,32,0,32,32,0,1,1,4294967295
tileCWepFac,736,96,32,0,32,32,0,1,1,4294967295
tileCWepFac,704,96,32,0,32,32,0,1,1,4294967295
tileCWepFac,672,96,32,0,32,32,0,1,1,4294967295
tileCWepFac,640,96,32,0,32,32,0,1,1,4294967295
tileCWepFac,704,128,32,0,32,32,0,1,1,4294967295
tileCWepFac,704,192,32,0,32,32,0,1,1,4294967295
tileCWepFac,640,320,32,0,32,32,0,1,1,4294967295
tileCWepFac,672,192,32,0,32,32,0,1,1,4294967295
tileCWepFac,640,224,32,0,32,32,0,1,1,4294967295
tileCWepFac,608,224,32,0,32,32,0,1,1,4294967295
tileCWepFac,608,256,32,0,32,32,0,1,1,4294967295
tileCWepFac,576,256,32,0,32,32,0,1,1,4294967295
tileCWepFac,544,256,32,0,32,32,0,1,1,4294967295
tileCWepFac,512,256,32,0,32,32,0,1,1,4294967295
tileCWepFac,512,320,32,0,32,32,0,1,1,4294967295
tileCWepFac,544,320,32,0,32,32,0,1,1,4294967295
tileCWepFac,576,320,32,0,32,32,0,1,1,4294967295
tileCWepFac,608,320,32,0,32,32,0,1,1,4294967295
tileCWepFac,480,0,0,0,64,32,0,1,1,4294967295
tileCWepFac,320,0,0,0,64,32,0,1,1,4294967295
tileCWepFac,160,0,0,0,64,32,0,1,1,4294967295
tileCWepFac,224,0,0,0,32,32,0,1,1,4294967295
tileCWepFac,256,0,0,0,32,32,0,1,1,4294967295
tileCWepFac,288,0,0,0,32,32,0,1,1,4294967295
tileCWepFac,384,0,0,0,32,32,0,1,1,4294967295
tileCWepFac,416,0,0,0,32,32,0,1,1,4294967295
tileCWepFac,448,0,0,0,32,32,0,1,1,4294967295
tileCWepFac,128,0,0,0,32,32,0,1,1,4294967295
tileCWepFac,96,0,0,0,32,32,0,1,1,4294967295
tileCWepFac,64,0,0,0,32,32,0,1,1,4294967295
tileCWepFac,0,0,32,0,32,32,0,1,1,4294967295
tileCWepFac,0,32,32,0,32,32,0,1,1,4294967295
tileCWepFac,0,64,32,0,32,32,0,1,1,4294967295
tileCWepFac,0,96,32,0,32,32,0,1,1,4294967295
tileCWepFac,32,0,32,0,32,32,0,1,1,4294967295
tileCWepFac,32,32,32,0,32,32,0,1,1,4294967295
tileCWepFac,32,64,32,0,32,32,0,1,1,4294967295
tileCWepFac,32,96,32,0,32,32,0,1,1,4294967295
tileCWepFac,0,288,32,0,32,32,0,1,1,4294967295
tileCWepFac,0,320,32,0,32,32,0,1,1,4294967295
tileCWepFac,32,288,32,0,32,32,0,1,1,4294967295
tileCWepFac,32,320,32,0,32,32,0,1,1,4294967295
tileCWepFac,64,288,32,0,32,32,0,1,1,4294967295
tileCWepFac,64,320,32,0,32,32,0,1,1,4294967295
tileCWepFac,96,288,32,0,32,32,0,1,1,4294967295
tileCWepFac,96,320,32,0,32,32,0,1,1,4294967295
tileCWepFac,0,128,32,0,32,32,0,1,1,4294967295
tileCWepFac,0,160,32,0,32,32,0,1,1,4294967295
tileCWepFac,0,192,32,0,32,32,0,1,1,4294967295
tileCWepFac,32,128,32,0,32,32,0,1,1,4294967295
tileCWepFac,32,160,32,0,32,32,0,1,1,4294967295
tileCWepFac,32,192,32,0,32,32,0,1,1,4294967295
tileCWepFac,480,320,32,0,32,32,0,1,1,4294967295
tileCWepFac,128,288,32,0,32,32,0,1,1,4294967295
tileCWepFac,128,320,32,0,32,32,0,1,1,4294967295
tileCWepFac,160,288,32,0,32,32,0,1,1,4294967295
tileCWepFac,160,320,32,0,32,32,0,1,1,4294967295
tileCWepFac,192,288,32,0,32,32,0,1,1,4294967295
tileCWepFac,192,320,32,0,32,32,0,1,1,4294967295
tileCWepFac,224,288,32,0,32,32,0,1,1,4294967295
tileCWepFac,224,320,32,0,32,32,0,1,1,4294967295
tileCWepFac,64,160,32,0,32,32,0,1,1,4294967295
tileCWepFac,160,256,32,0,32,32,0,1,1,4294967295
tileCWepFac,192,256,32,0,32,32,0,1,1,4294967295
tileCWepFac,96,160,32,0,32,32,0,1,1,4294967295
tileCWepFac,128,160,32,0,32,32,0,1,1,4294967295
tileCWepFac,64,32,32,0,32,32,0,1,1,4294967295
tileCWepFac,96,32,32,0,32,32,0,1,1,4294967295
tileCWepFac,128,32,32,0,32,32,0,1,1,4294967295
tileCWepFac,160,32,32,0,32,32,0,1,1,4294967295
tileCWepFac,192,32,32,0,32,32,0,1,1,4294967295
tileCWepFac,128,64,32,0,32,32,0,1,1,4294967295
tileCWepFac,160,160,32,0,32,32,0,1,1,4294967295
tileCWepFac,192,160,32,0,32,32,0,1,1,4294967295
tileCWepFac,224,256,32,0,32,32,0,1,1,4294967295
tileCWepFac,256,288,32,0,32,32,0,1,1,4294967295
tileCWepFac,288,288,32,0,32,32,0,1,1,4294967295
tileCWepFac,256,320,32,0,32,32,0,1,1,4294967295
tileCWepFac,288,320,32,0,32,32,0,1,1,4294967295
tileCWepFac,320,288,32,0,32,32,0,1,1,4294967295
tileCWepFac,352,288,32,0,32,32,0,1,1,4294967295
tileCWepFac,384,288,32,0,32,32,0,1,1,4294967295
tileCWepFac,416,288,32,0,32,32,0,1,1,4294967295
tileCWepFac,320,320,32,0,32,32,0,1,1,4294967295
tileCWepFac,352,320,32,0,32,32,0,1,1,4294967295
tileCWepFac,384,320,32,0,32,32,0,1,1,4294967295
tileCWepFac,416,320,32,0,32,32,0,1,1,4294967295
tileCWepFac,448,320,32,0,32,32,0,1,1,4294967295
tileCWepFac,480,256,32,0,32,32,0,1,1,4294967295
tileCWepFac,480,224,32,0,32,32,0,1,1,4294967295
tileCWepFac,448,224,32,0,32,32,0,1,1,4294967295
tileCWepFac,416,224,32,0,32,32,0,1,1,4294967295
tileCWepFac,352,256,32,0,32,32,0,1,1,4294967295
tileCWepFac,352,224,32,0,32,32,0,1,1,4294967295
tileCWepFac,352,192,32,0,32,32,0,1,1,4294967295
tileCWepFac,608,96,32,0,32,32,0,1,1,4294967295
tileCWepFac,576,96,32,0,32,32,0,1,1,4294967295
tileCWepFac,544,96,32,0,32,32,0,1,1,4294967295
tileCWepFac,512,96,32,0,32,32,0,1,1,4294967295
tileCWepFac,480,96,32,0,32,32,0,1,1,4294967295
tileCWepFac,416,32,32,0,32,32,0,1,1,4294967295
tileCWepFac,416,64,32,0,32,32,0,1,1,4294967295
tileCWepFac,416,96,32,0,32,32,0,1,1,4294967295
tileCWepFac,384,32,32,0,32,32,0,1,1,4294967295
tileCWepFac,384,64,32,0,32,32,0,1,1,4294967295
tileCWepFac,384,96,32,0,32,32,0,1,1,4294967295
tileCWepFac,352,32,32,0,32,32,0,1,1,4294967295
tileCWepFac,352,64,32,0,32,32,0,1,1,4294967295
tileCWepFac,352,96,32,0,32,32,0,1,1,4294967295
tileCWepFac,800,192,32,0,32,32,0,1,1,4294967295
tileCWepFac,640,192,32,0,32,32,0,1,1,4294967295
tileCWepFac,1760,128,32,0,32,32,0,1,1,4294967295
tileCWepFac,320,32,32,0,32,32,0,1,1,4294967295
tileCWepFac,320,64,32,0,32,32,0,1,1,4294967295
tileCWepFac,320,96,32,0,32,32,0,1,1,4294967295
tileCWepFac,320,192,32,0,32,32,0,1,1,4294967295
tileCWepFac,320,224,32,0,32,32,0,1,1,4294967295
tileCWepFac,320,256,32,0,32,32,0,1,1,4294967295
tileCWepFac,288,224,32,0,32,32,0,1,1,4294967295
tileCWepFac,288,256,32,0,32,32,0,1,1,4294967295
