oVaultLineSet,1696,16,0000D9E7,0,1,1,4294967295,0,1
oVaultLineSet,1776,16,003AA244,0,1,1,4294967295,0,1
oVaultLineSet,1872,16,00199B90,0,1,1,4294967295,0,1
oVaultLineSet,1952,16,003737D3,0,1,1,4294967295,0,1
oExit,0,240,003AFF3A,0,1,1,4294967295,0,1
oExit,3504,240,0011DC39,0,1,1,4294967295,0,1
oHealingPost,120,256,0006708F,0,1,1,4294967295,0,0
oPlatformTouch,224,256,0001FA7B,0,1,1,4294967295,0,1
oColorZone,496,192,00249F49,0,1,1,4294967295,0,1
oColorZone,704,208,0039E43A,0,1,1,4294967295,0,1
oColorZone,992,224,00011AE4,0,1,1,4294967295,0,1
oColorZone,1344,128,002487D8,0,1,1,4294967295,0,1
oColorZone,1440,128,002D260B,0,1,1,4294967295,0,1
oColorZone,1664,144,000CFBEE,0,1,1,4294967295,0,1
oColorZone,1936,64,00322844,0,1,1,4294967295,0,1
oColorZone,2144,176,003FC43F,0,1,1,4294967295,0,1
oColorZone,2416,64,001FFCDC,0,1,1,4294967295,0,1
oColorZone,2608,160,002F9AD1,0,1,1,4294967295,0,1
oColorZone,2864,64,000B7677,0,1,1,4294967295,0,1
oColorZone,3200,128,003EB1BD,0,1,1,4294967295,0,1
oStaticSpikeRed,384,176,002E35CA,0,1,1,4294967295,0,0
oStaticSpikeRed,384,208,000425BB,0,1,1,4294967295,0,0
oStaticSpikeRed,384,240,0017027C,0,1,1,4294967295,0,0
oStaticSpikeRed,864,160,000208F9,0,1,1,4294967295,0,0
oStaticSpikeRed,864,192,00257E58,0,1,1,4294967295,0,0
oStaticSpikeRed,864,224,0010BA6F,0,1,1,4294967295,0,0
oStaticSpike,1008,208,002076E1,0,1,1,4294967295,0,0
oStaticSpike,1104,144,00271DFE,0,1,1,4294967295,0,0
oStaticSpikeRed,1416,120,002B1300,0,1,1,4294967295,0,0
oStaticSpikeRed,1416,152,001B97BB,0,1,1,4294967295,0,0
oHexCircle,1600,192,002CE58A,0,1,1,4294967295,0,1
oStaticSpikeRed,1792,192,001A7E5C,0,1,1,4294967295,0,0
oStaticSpikeRed,1792,224,00264E44,0,1,1,4294967295,0,0
oStaticSpikeRed,1904,128,002E891F,0,1,1,4294967295,0,0
oStaticSpikeRed,1904,160,0014ED0D,0,1,1,4294967295,0,0
oStaticSpikeRed,2032,64,003E29FC,0,1,1,4294967295,0,0
oStaticSpikeRed,2032,96,002E95C5,0,1,1,4294967295,0,0
oStaticSpikeRed,2032,192,001B3227,0,1,1,4294967295,0,0
oStaticSpikeRed,2032,224,00214801,0,1,1,4294967295,0,0
oStaticSpikeRed,2032,32,00212054,0,1,1,4294967295,0,0
oStaticSpikeRed,2176,32,003B6E05,0,1,1,4294967295,0,0
oStaticSpikeRed,2176,64,00150660,0,1,1,4294967295,0,0
oStaticSpikeRed,2176,96,00281689,0,1,1,4294967295,0,0
oStaticSpikeRed,2176,128,00121F66,0,1,1,4294967295,0,0
oStaticSpikeRed,2176,160,001EEECF,0,1,1,4294967295,0,0
oStaticSpikeRed,2336,128,001AF797,0,1,1,4294967295,0,0
oStaticSpikeRed,2336,160,00055B69,0,1,1,4294967295,0,0
oStaticSpikeRed,2336,192,003541FB,0,1,1,4294967295,0,0
oStaticSpikeRed,2336,224,0030C277,0,1,1,4294967295,0,0
oStaticSpikeRed,2528,64,0002FDB7,0,1,1,4294967295,0,0
oStaticSpikeRed,2528,192,001A8D01,0,1,1,4294967295,0,0
oStaticSpikeRed,2528,224,000BCD5A,0,1,1,4294967295,0,0
oStaticSpikeRed,2528,32,00322F17,0,1,1,4294967295,0,0
oStaticSpikeRed,2528,96,001DCAFC,0,1,1,4294967295,0,0
oStaticSpikeRed,2656,128,0033A2E4,0,1,1,4294967295,0,0
oStaticSpikeRed,2656,160,00091951,0,1,1,4294967295,0,0
oStaticSpikeRed,2656,192,001D099C,0,1,1,4294967295,0,0
oStaticSpikeRed,2656,224,001DC04D,0,1,1,4294967295,0,0
oStaticSpikeRed,2800,32,0039A2F3,0,1,1,4294967295,0,0
oStaticSpikeRed,2800,64,00263157,0,1,1,4294967295,0,0
oStaticSpikeRed,2800,96,000A362B,0,1,1,4294967295,0,0
oStaticSpikeRed,2800,128,0032EA08,0,1,1,4294967295,0,0
oStaticSpikeRed,2800,160,00183C22,0,1,1,4294967295,0,0
oStaticSpikeRed,2944,96,0020059C,0,1,1,4294967295,0,0
oStaticSpikeRed,2992,96,00364E03,0,1,1,4294967295,0,0
oStaticSpikeRed,3040,96,001514B9,0,1,1,4294967295,0,0
oStaticSpikeRed,3088,96,003E476E,0,1,1,4294967295,0,0
oStaticSpikeRed,3136,96,003BB20D,0,1,1,4294967295,0,0
oStaticSpikeRed,3184,96,0039D402,0,1,1,4294967295,0,0
oStaticSpikeRed,3232,96,00362AD0,0,1,1,4294967295,0,0
oStaticSpikeRed,3280,96,00194666,0,1,1,4294967295,0,0
oStaticSpikeRed,2944,224,0022CAF4,0,1,1,4294967295,0,0
oStaticSpikeRed,2992,224,0026CF9A,0,1,1,4294967295,0,0
oStaticSpikeRed,3088,160,00204581,0,1,1,4294967295,0,0
oStaticSpikeRed,3136,160,0002F8A1,0,1,1,4294967295,0,0
oStaticSpikeRed,3280,224,003A061D,0,1,1,4294967295,0,0
oStaticSpikeRed,3232,224,001E2CE8,0,1,1,4294967295,0,0
oStaticSpikeRed,2992,32,00009839,0,1,1,4294967295,0,0
oStaticSpikeRed,2992,0,003A3542,0,1,1,4294967295,0,0
oStaticSpikeRed,3040,0,003DA94B,0,1,1,4294967295,0,0
oStaticSpikeRed,3040,32,00115E2A,0,1,1,4294967295,0,0
oStaticSpikeRed,3184,0,000C468E,0,1,1,4294967295,0,0
oStaticSpikeRed,3184,32,0029AB63,0,1,1,4294967295,0,0
oStaticSpikeRed,3232,0,00245222,0,1,1,4294967295,0,0
oStaticSpikeRed,3232,32,0017B1E3,0,1,1,4294967295,0,0
oBallChainControl,1840,48,0004AD48,0,1,1,4294967295,0,1
oVaultShadow,864,96,000DD7A8,0,1,1,4294967295,0,0
oVaultPanther,3024,64,000F7FE8,0,1,1,4294967295,0,0
oVaultPanther,3216,64,000CED44,0,1,1,4294967295,0,0
oVaultMoth,2240,80,002F9A33,0,1,1,4294967295,0,0
oVaultShadow,2608,256,0013B7FC,0,1,1,4294967295,0,0
oPlayer1,48,272,0025D46D,0,1,1,4294967295,0,0
oInvCollPH,16,272,0001E0B4,0,1,1,4294967295,0,0
oInvCollPH,32,272,002266A1,0,1,1,4294967295,0,0
oInvCollPH,48,272,0022CE5F,0,1,1,4294967295,0,0
oInvCollPH,64,272,0001ACE4,0,1,1,4294967295,0,0
oInvCollPH,96,256,0014622F,0,1,1,4294967295,0,0
oInvCollPH,112,256,0018381C,0,1,1,4294967295,0,0
oInvCollPH,128,256,001129E9,0,1,1,4294967295,0,0
oInvCollPH,144,256,0031D9ED,0,1,1,4294967295,0,0
oInvCollPH,144,272,001620D7,0,1,1,4294967295,0,0
oInvCollPH,144,288,00111891,0,1,1,4294967295,0,0
oInvCollPH,144,304,00103F31,0,1,1,4294967295,0,0
oInvCollPH,144,320,0011125E,0,1,1,4294967295,0,0
oInvCollPH,144,336,003AAE04,0,1,1,4294967295,0,0
oInvCollPH,96,16,00109F34,0,1,1,4294967295,0,0
oInvCollPH,96,32,001834FE,0,1,1,4294967295,0,0
oInvCollPH,144,0,0010AF32,0,1,1,4294967295,0,0
oInvCollPH,144,16,001DA32B,0,1,1,4294967295,0,0
oInvCollPH,144,32,002A9C02,0,1,1,4294967295,0,0
oInvCollPH,656,208,000CBC55,0,1,1,4294967295,0,0
oInvCollPH,656,224,0036311A,0,1,1,4294967295,0,0
oInvCollPH,656,240,00327D97,0,1,1,4294967295,0,0
oInvCollPH,816,176,000E362E,0,1,1,4294967295,0,0
oInvCollPH,784,192,001B840D,0,1,1,4294967295,0,0
oInvCollPH,816,192,003AC701,0,1,1,4294967295,0,0
oInvCollPH,800,192,0018EE54,0,1,1,4294967295,0,0
oInvCollPH,880,144,0039714D,0,1,1,4294967295,0,0
oInvCollPH,864,144,0024334D,0,1,1,4294967295,0,0
oInvCollPH,832,144,0025BA89,0,1,1,4294967295,0,0
oInvCollPH,848,144,002A78CC,0,1,1,4294967295,0,0
oInvCollPH,1008,288,003B8F60,0,1,1,4294967295,0,0
oInvCollPH,1008,304,0026AF00,0,1,1,4294967295,0,0
oInvCollPH,1008,320,001117F5,0,1,1,4294967295,0,0
oInvCollPH,1008,336,00043B52,0,1,1,4294967295,0,0
oInvCollPH,1008,16,003A62D6,0,1,1,4294967295,0,0
oInvCollPH,1008,32,003494F4,0,1,1,4294967295,0,0
oInvCollPH,1008,48,0021333B,0,1,1,4294967295,0,0
oInvCollPH,1008,64,0014E9B5,0,1,1,4294967295,0,0
oInvCollPH,1008,80,00024156,0,1,1,4294967295,0,0
oInvCollPH,1008,96,00252014,0,1,1,4294967295,0,0
oInvCollPH,1008,112,0035FE8A,0,1,1,4294967295,0,0
oInvCollPH,1008,128,0003CAAF,0,1,1,4294967295,0,0
oInvCollPH,1008,144,002E5443,0,1,1,4294967295,0,0
oInvCollPH,1008,160,0011B667,0,1,1,4294967295,0,0
oInvCollPH,1008,176,00260828,0,1,1,4294967295,0,0
oInvCollPH,1008,192,002C6ED8,0,1,1,4294967295,0,0
oInvCollPH,1104,224,00050D13,0,1,1,4294967295,0,0
oInvCollPH,1104,240,000BC964,0,1,1,4294967295,0,0
oInvCollPH,1104,256,0019DF61,0,1,1,4294967295,0,0
oInvCollPH,1104,272,002000E0,0,1,1,4294967295,0,0
oInvCollPH,1104,288,00361B2B,0,1,1,4294967295,0,0
oInvCollPH,1104,304,001F5BC3,0,1,1,4294967295,0,0
oInvCollPH,1104,320,001DB45E,0,1,1,4294967295,0,0
oInvCollPH,1104,336,00154C08,0,1,1,4294967295,0,0
oInvCollPH,1104,16,0024A0C4,0,1,1,4294967295,0,0
oInvCollPH,1104,32,0026C171,0,1,1,4294967295,0,0
oInvCollPH,1104,48,0007366C,0,1,1,4294967295,0,0
oInvCollPH,1104,64,00155630,0,1,1,4294967295,0,0
oInvCollPH,1104,80,0034A145,0,1,1,4294967295,0,0
oInvCollPH,1104,96,002383AB,0,1,1,4294967295,0,0
oInvCollPH,1104,112,003100FA,0,1,1,4294967295,0,0
oInvCollPH,1104,128,003F3A53,0,1,1,4294967295,0,0
oInvCollPH,1104,208,0022180D,0,1,1,4294967295,0,0
oInvCollPH,1664,16,0027B367,0,1,1,4294967295,0,0
oInvCollPH,1664,32,0035460B,0,1,1,4294967295,0,0
oInvCollPH,1680,32,000335D5,0,1,1,4294967295,0,0
oInvCollPH,1696,32,002BFBE7,0,1,1,4294967295,0,0
oInvCollPH,1712,32,00106895,0,1,1,4294967295,0,0
oInvCollPH,1728,32,00092FE4,0,1,1,4294967295,0,0
oInvCollPH,1744,32,000B01C6,0,1,1,4294967295,0,0
oInvCollPH,1760,32,0029A661,0,1,1,4294967295,0,0
oInvCollPH,1776,32,0038B737,0,1,1,4294967295,0,0
oInvCollPH,1792,32,001BDE9E,0,1,1,4294967295,0,0
oInvCollPH,1808,32,003DE367,0,1,1,4294967295,0,0
oInvCollPH,1824,32,0006C0FE,0,1,1,4294967295,0,0
oInvCollPH,1840,32,002D2B8B,0,1,1,4294967295,0,0
oInvCollPH,1856,32,0019B1F2,0,1,1,4294967295,0,0
oInvCollPH,1872,32,00044E9D,0,1,1,4294967295,0,0
oInvCollPH,1888,32,003071FC,0,1,1,4294967295,0,0
oInvCollPH,1904,32,0018E031,0,1,1,4294967295,0,0
oInvCollPH,1920,32,0002FB04,0,1,1,4294967295,0,0
oInvCollPH,1936,32,0024C43F,0,1,1,4294967295,0,0
oInvCollPH,1952,32,0025DB28,0,1,1,4294967295,0,0
oInvCollPH,1968,32,000D2503,0,1,1,4294967295,0,0
oInvCollPH,1984,32,000244BF,0,1,1,4294967295,0,0
oInvCollPH,2000,32,002CE78A,0,1,1,4294967295,0,0
oInvCollPH,2000,16,00224789,0,1,1,4294967295,0,0
oInvCollPH,2000,0,001A37ED,0,1,1,4294967295,0,0
oInvCollPH,3408,288,00056A5A,0,1,1,4294967295,0,0
oInvCollPH,3408,304,000E5E13,0,1,1,4294967295,0,0
oInvCollPH,3408,320,000A3E3B,0,1,1,4294967295,0,0
oInvCollPH,3408,336,00233A37,0,1,1,4294967295,0,0
oInvCollPH,3424,272,00368E07,0,1,1,4294967295,0,0
oInvCollPH,3440,272,001C2025,0,1,1,4294967295,0,0
oInvCollPH,3456,272,0023A3FF,0,1,1,4294967295,0,0
oInvCollPH,3472,272,003EF352,0,1,1,4294967295,0,0
oInvCollPH,3488,272,001C3A89,0,1,1,4294967295,0,0
oInvCollPH,3504,272,00159CD3,0,1,1,4294967295,0,0
oInvCollPH,3360,320,002A8C74,0,1,1,4294967295,0,0
oInvCollPH,3360,336,00400986,0,1,1,4294967295,0,0
oInvCollPH,3376,304,001B5DC8,0,1,1,4294967295,0,0
oInvCollPH,3392,304,001FFFAF,0,1,1,4294967295,0,0
oInvCollPH,3008,64,0036EDD5,0,1,1,4294967295,0,0
oInvCollPH,3024,64,0015DC50,0,1,1,4294967295,0,0
oInvCollPH,3040,64,0008303B,0,1,1,4294967295,0,0
oInvCollPH,3200,64,00173098,0,1,1,4294967295,0,0
oInvCollPH,3216,64,0030BE5A,0,1,1,4294967295,0,0
oInvCollPH,3232,64,0038A0D8,0,1,1,4294967295,0,0
oInvisibleSolid,0,272,00150EBB,0,1,1,4294967295,0,1
oInvisibleSolid,80,256,0031776F,0,1,1,4294967295,0,1
oInvisibleSolid,96,0,001F2665,0,1,1,4294967295,0,1
oInvisibleSolid,96,48,0009221D,0,1,1,4294967295,0,0
oInvisibleSolid,144,48,0037F06A,0,1,1,4294967295,0,0
oInvisibleSolid,656,192,00073847,0,1,1,4294967295,0,1
oInvisibleSolid,816,160,00247E5E,0,1,1,4294967295,0,1
oInvisibleSolid,768,192,0020F1E8,0,1,1,4294967295,0,1
oInvisibleSolid,816,144,000276D4,0,1,1,4294967295,0,1
oInvisibleSolid,1008,0,000F9327,0,1,1,4294967295,0,1
oInvisibleSolid,1008,272,000DD15C,0,1,1,4294967295,0,1
oInvisibleSolid,1104,192,001F23BA,0,1,1,4294967295,0,1
oInvisibleSolid,1104,0,0014AE6B,0,1,1,4294967295,0,1
oInvisibleSolid,1664,0,002066D4,0,1,1,4294967295,0,1
oInvisibleSolid,3408,272,00182427,0,1,1,4294967295,0,1
oInvisibleSolid,3360,288,002C143C,0,1,1,4294967295,0,0
oInvisibleSolid,3360,304,00012765,0,1,1,4294967295,0,1
oMapDoor,3384,272,003B7491,0,1,1,4294967295,0,1
oInvisibleSolid,2992,64,0028D194,0,1,1,4294967295,0,1
oInvisibleSolid,3184,64,00027CE4,0,1,1,4294967295,0,1
