tileMetG,16,432,0,0,32,16,0,1,1,4294967295
tileMetG,48,432,0,0,32,16,0,1,1,4294967295
tileMetG,80,432,0,0,32,16,0,1,1,4294967295
tileMetG,112,432,0,0,32,16,0,1,1,4294967295
tileMetG,144,432,0,0,32,16,0,1,1,4294967295
tileMetG,176,432,0,0,32,16,0,1,1,4294967295
tileMetG,208,432,0,0,32,16,0,1,1,4294967295
tileMetG,240,432,0,0,32,16,0,1,1,4294967295
tileMetG,272,432,0,0,32,16,0,1,1,4294967295
tileMetG,304,432,0,0,32,16,0,1,1,4294967295
tileMetG,336,432,0,0,32,16,0,1,1,4294967295
tileMetG,368,432,0,0,32,16,0,1,1,4294967295
tileMetG,400,432,0,0,32,16,0,1,1,4294967295
tileMetG,432,432,0,0,32,16,0,1,1,4294967295
tileMetG,464,432,0,0,32,16,0,1,1,4294967295
tileMetG,496,432,0,0,32,16,0,1,1,4294967295
tileMetG,528,432,0,0,32,16,0,1,1,4294967295
tileMetG,560,432,0,0,32,16,0,1,1,4294967295
tileMetG,16,448,112,0,48,32,0,1,1,4294967295
tileMetG,64,448,112,0,48,32,0,1,1,4294967295
tileMetG,112,448,112,0,48,32,0,1,1,4294967295
tileMetG,160,448,112,0,48,32,0,1,1,4294967295
tileMetG,208,448,112,0,48,32,0,1,1,4294967295
tileMetG,256,448,112,0,48,32,0,1,1,4294967295
tileMetG,304,448,112,0,48,32,0,1,1,4294967295
tileMetG,352,448,112,0,48,32,0,1,1,4294967295
tileMetG,400,448,112,0,48,32,0,1,1,4294967295
tileMetG,448,448,112,0,48,32,0,1,1,4294967295
tileMetG,496,448,112,0,48,32,0,1,1,4294967295
tileMetG,544,448,112,0,48,32,0,1,1,4294967295
tileMetG,16,352,0,16,32,16,0,1,1,4294967295
tileMetG,48,352,16,48,16,16,0,1,1,4294967295
tileMetG,496,352,0,16,32,16,0,1,1,4294967295
tileMetG,480,352,0,48,16,16,0,1,1,4294967295
tileMetG,48,320,48,0,16,32,0,1,1,4294967295
tileMetG,48,288,48,0,16,32,0,1,1,4294967295
tileMetG,48,256,48,0,16,32,0,1,1,4294967295
tileMetG,48,224,48,0,16,32,0,1,1,4294967295
tileMetG,48,192,48,0,16,32,0,1,1,4294967295
tileMetG,48,160,48,0,16,32,0,1,1,4294967295
tileMetG,48,128,48,0,16,32,0,1,1,4294967295
tileMetG,48,96,48,0,16,32,0,1,1,4294967295
tileMetG,48,64,48,0,16,32,0,1,1,4294967295
tileMetG,48,48,48,48,16,16,0,1,1,4294967295
tileMetG,64,48,0,16,32,16,0,1,1,4294967295
tileMetG,96,48,0,16,32,16,0,1,1,4294967295
tileMetG,128,48,0,16,32,16,0,1,1,4294967295
tileMetG,160,48,0,16,32,16,0,1,1,4294967295
tileMetG,192,48,0,16,32,16,0,1,1,4294967295
tileMetG,224,48,0,16,32,16,0,1,1,4294967295
tileMetG,256,48,0,16,32,16,0,1,1,4294967295
tileMetG,288,48,0,16,32,16,0,1,1,4294967295
tileMetG,320,48,0,16,32,16,0,1,1,4294967295
tileMetG,352,48,0,16,32,16,0,1,1,4294967295
tileMetG,384,48,0,16,32,16,0,1,1,4294967295
tileMetG,416,48,0,16,32,16,0,1,1,4294967295
tileMetG,448,48,0,16,32,16,0,1,1,4294967295
tileMetG,480,64,32,0,16,32,0,1,1,4294967295
tileMetG,480,96,32,0,16,32,0,1,1,4294967295
tileMetG,480,128,32,0,16,32,0,1,1,4294967295
tileMetG,480,160,32,0,16,32,0,1,1,4294967295
tileMetG,480,192,32,0,16,32,0,1,1,4294967295
tileMetG,480,224,32,0,16,32,0,1,1,4294967295
tileMetG,480,256,32,0,16,32,0,1,1,4294967295
tileMetG,480,288,32,0,16,32,0,1,1,4294967295
tileMetG,480,320,32,0,16,32,0,1,1,4294967295
tileMetG,480,48,32,48,16,16,0,1,1,4294967295
tileMetG,16,96,112,0,32,32,0,1,1,4294967295
tileMetG,16,160,112,0,32,32,0,1,1,4294967295
tileMetG,16,224,112,0,32,32,0,1,1,4294967295
tileMetG,16,288,112,0,32,32,0,1,1,4294967295
tileMetG,16,32,112,0,32,32,0,1,1,4294967295
tileMetG,48,16,112,0,48,32,0,1,1,4294967295
tileMetG,96,16,112,0,48,32,0,1,1,4294967295
tileMetG,144,16,112,0,48,32,0,1,1,4294967295
tileMetG,192,16,112,0,48,32,0,1,1,4294967295
tileMetG,240,16,112,0,48,32,0,1,1,4294967295
tileMetG,288,16,112,0,48,32,0,1,1,4294967295
tileMetG,336,16,112,0,48,32,0,1,1,4294967295
tileMetG,384,16,112,0,48,32,0,1,1,4294967295
tileMetG,432,16,112,0,48,32,0,1,1,4294967295
tileMetG,480,16,112,0,48,32,0,1,1,4294967295
tileMetG,496,48,112,0,48,32,0,1,1,4294967295
tileMetG,496,80,112,0,48,32,0,1,1,4294967295
tileMetG,496,112,112,0,48,32,0,1,1,4294967295
tileMetG,496,144,112,0,48,32,0,1,1,4294967295
tileMetG,496,176,112,0,48,32,0,1,1,4294967295
tileMetG,496,208,112,0,48,32,0,1,1,4294967295
tileMetG,496,240,112,0,48,32,0,1,1,4294967295
tileMetG,496,272,112,0,48,32,0,1,1,4294967295
tileMetG,640,320,112,0,48,32,0,1,1,4294967295
tileMetG,16,0,112,32,32,32,0,1,1,4294967295
tileMetG,560,0,112,32,32,32,0,1,1,4294967295
tileMetG,560,32,112,32,32,32,0,1,1,4294967295
tileMetG,560,64,112,32,32,32,0,1,1,4294967295
tileMetG,560,96,112,32,32,32,0,1,1,4294967295
tileMetG,560,128,112,32,32,32,0,1,1,4294967295
tileMetG,560,160,112,32,32,32,0,1,1,4294967295
tileMetG,560,192,112,32,32,32,0,1,1,4294967295
tileMetG,560,224,112,32,32,32,0,1,1,4294967295
tileMetG,528,16,112,32,32,32,0,1,1,4294967295
tileMetG,48,0,112,32,32,16,0,1,1,4294967295
tileMetG,80,0,112,32,32,16,0,1,1,4294967295
tileMetG,112,0,112,32,32,16,0,1,1,4294967295
tileMetG,144,0,112,32,32,16,0,1,1,4294967295
tileMetG,176,0,112,32,32,16,0,1,1,4294967295
tileMetG,208,0,112,32,32,16,0,1,1,4294967295
tileMetG,240,0,112,32,32,16,0,1,1,4294967295
tileMetG,272,0,112,32,32,16,0,1,1,4294967295
tileMetG,304,0,112,32,32,16,0,1,1,4294967295
tileMetG,336,0,112,32,32,16,0,1,1,4294967295
tileMetG,368,0,112,32,32,16,0,1,1,4294967295
tileMetG,400,0,112,32,32,16,0,1,1,4294967295
tileMetG,432,0,112,32,32,16,0,1,1,4294967295
tileMetG,464,0,112,32,32,16,0,1,1,4294967295
tileMetG,496,0,112,32,32,16,0,1,1,4294967295
tileMetG,528,0,112,32,32,16,0,1,1,4294967295
tileMetG,544,48,112,32,16,32,0,1,1,4294967295
tileMetG,544,80,112,32,16,32,0,1,1,4294967295
tileMetG,544,112,112,32,16,32,0,1,1,4294967295
tileMetG,544,144,112,32,16,32,0,1,1,4294967295
tileMetG,544,176,112,32,16,32,0,1,1,4294967295
tileMetG,544,208,112,32,16,32,0,1,1,4294967295
tileMetG,544,240,112,32,16,32,0,1,1,4294967295
tileMetG,0,352,16,16,16,16,0,1,1,4294967295
tileMetG,0,432,16,0,16,16,0,1,1,4294967295
tileMetG,0,448,144,0,16,32,0,1,1,4294967295
tileMetG,0,320,112,0,48,32,0,1,1,4294967295
tileMetG,0,256,112,0,48,32,0,1,1,4294967295
tileMetG,0,192,112,0,48,32,0,1,1,4294967295
tileMetG,0,128,112,0,48,32,0,1,1,4294967295
tileMetG,0,64,112,0,48,32,0,1,1,4294967295
tileMetG,0,288,144,0,16,32,0,1,1,4294967295
tileMetG,0,224,144,0,16,32,0,1,1,4294967295
tileMetG,0,160,144,0,16,32,0,1,1,4294967295
tileMetG,0,96,144,0,16,32,0,1,1,4294967295
tileMetG,0,0,112,32,16,32,0,1,1,4294967295
tileMetG,0,32,112,32,16,32,0,1,1,4294967295
tileMetG,0,480,112,32,32,32,0,1,1,4294967295
tileMetG,32,480,112,32,32,32,0,1,1,4294967295
tileMetG,64,480,112,32,32,32,0,1,1,4294967295
tileMetG,96,480,112,32,32,32,0,1,1,4294967295
tileMetG,128,480,112,32,32,32,0,1,1,4294967295
tileMetG,160,480,112,32,32,32,0,1,1,4294967295
tileMetG,192,480,112,32,32,32,0,1,1,4294967295
tileMetG,224,480,112,32,32,32,0,1,1,4294967295
tileMetG,256,480,112,32,32,32,0,1,1,4294967295
tileMetG,288,480,112,32,32,32,0,1,1,4294967295
tileMetG,320,480,112,32,32,32,0,1,1,4294967295
tileMetG,352,480,112,32,32,32,0,1,1,4294967295
tileMetG,384,480,112,32,32,32,0,1,1,4294967295
tileMetG,416,480,112,32,32,32,0,1,1,4294967295
tileMetG,448,480,112,32,32,32,0,1,1,4294967295
tileMetG,480,480,112,32,32,32,0,1,1,4294967295
tileMetG,512,480,112,32,32,32,0,1,1,4294967295
tileMetG,544,480,112,32,32,32,0,1,1,4294967295
tileMetG,576,480,112,32,16,32,0,1,1,4294967295
tileMetG,448,368,48,64,16,16,0,1,1,4294967295
tileMetG,400,304,48,64,16,16,0,1,1,4294967295
tileMetG,416,368,0,64,32,16,0,1,1,4294967295
tileMetG,368,304,0,64,32,16,0,1,1,4294967295
tileMetG,96,368,0,64,16,16,0,1,1,4294967295
tileMetG,112,368,48,64,16,16,0,1,1,4294967295
tileMetG,64,304,48,64,16,16,0,1,1,4294967295
tileMetG,56,304,56,32,8,8,0,1,1,4294967295
tileMetG,56,312,56,56,8,8,0,1,1,4294967295
tileMetG,48,304,48,0,8,8,0,1,1,4294967295
tileMetG,48,312,48,8,8,8,0,1,1,4294967295
tileMetG,592,432,0,0,32,16,0,1,1,4294967295
tileMetG,624,432,0,0,32,16,0,1,1,4294967295
tileMetG,656,432,0,0,32,16,0,1,1,4294967295
tileMetG,592,448,112,0,48,32,0,1,1,4294967295
tileMetG,640,448,112,0,48,32,0,1,1,4294967295
tileMetG,592,480,112,32,32,32,0,1,1,4294967295
tileMetG,624,480,112,32,32,32,0,1,1,4294967295
tileMetG,656,480,112,32,32,32,0,1,1,4294967295
tileMetG,656,352,0,16,32,16,0,1,1,4294967295
tileMetG,640,352,16,16,16,16,0,1,1,4294967295
tileMetG,624,352,0,48,16,16,0,1,1,4294967295
tileMetG,624,320,32,0,16,32,0,1,1,4294967295
tileMetG,624,304,32,48,16,16,0,1,1,4294967295
tileMetG,528,352,16,48,16,16,0,1,1,4294967295
tileMetG,528,320,48,0,16,32,0,1,1,4294967295
tileMetG,528,304,48,48,16,16,0,1,1,4294967295
tileMetG,544,304,0,16,32,16,0,1,1,4294967295
tileMetG,576,304,0,16,32,16,0,1,1,4294967295
tileMetG,608,304,0,16,16,16,0,1,1,4294967295
tileMetG,496,304,112,0,32,32,0,1,1,4294967295
tileMetG,496,336,128,0,32,16,0,1,1,4294967295
tileMetG,592,0,112,32,32,32,0,1,1,4294967295
tileMetG,592,32,112,32,32,32,0,1,1,4294967295
tileMetG,592,64,112,32,32,32,0,1,1,4294967295
tileMetG,592,96,112,32,32,32,0,1,1,4294967295
tileMetG,592,128,112,32,32,32,0,1,1,4294967295
tileMetG,592,160,112,32,32,32,0,1,1,4294967295
tileMetG,592,192,112,32,32,32,0,1,1,4294967295
tileMetG,592,224,112,32,32,32,0,1,1,4294967295
tileMetG,624,0,112,32,32,32,0,1,1,4294967295
tileMetG,624,32,112,32,32,32,0,1,1,4294967295
tileMetG,624,64,112,32,32,32,0,1,1,4294967295
tileMetG,624,96,112,32,32,32,0,1,1,4294967295
tileMetG,624,128,112,32,32,32,0,1,1,4294967295
tileMetG,624,160,112,32,32,32,0,1,1,4294967295
tileMetG,624,192,112,32,32,32,0,1,1,4294967295
tileMetG,624,224,112,32,32,32,0,1,1,4294967295
tileMetG,656,0,112,32,32,32,0,1,1,4294967295
tileMetG,656,32,112,32,32,32,0,1,1,4294967295
tileMetG,656,64,112,32,32,32,0,1,1,4294967295
tileMetG,656,96,112,32,32,32,0,1,1,4294967295
tileMetG,656,128,112,32,32,32,0,1,1,4294967295
tileMetG,656,160,112,32,32,32,0,1,1,4294967295
tileMetG,656,192,112,32,32,32,0,1,1,4294967295
tileMetG,656,224,112,32,32,32,0,1,1,4294967295
tileMetG,544,272,112,0,48,32,0,1,1,4294967295
tileMetG,592,272,112,0,48,32,0,1,1,4294967295
tileMetG,640,288,112,0,48,32,0,1,1,4294967295
tileMetG,656,256,112,32,32,32,0,1,1,4294967295
tileMetG,560,256,112,32,32,16,0,1,1,4294967295
tileMetG,592,256,112,32,32,16,0,1,1,4294967295
tileMetG,624,256,112,32,32,16,0,1,1,4294967295
tileMetG,640,272,112,32,16,16,0,1,1,4294967295
tileMetG,128,272,0,64,32,16,0,1,1,4294967295
tileMetG,160,272,48,64,16,16,0,1,1,4294967295
tileMetG,192,224,0,64,32,16,0,1,1,4294967295
tileMetG,224,224,48,64,16,16,0,1,1,4294967295
tileMetG,288,240,0,64,16,16,0,1,1,4294967295
tileMetG,304,240,48,64,16,16,0,1,1,4294967295
