oExit,112,208,0038D633,0,1,1,4294967295,0,1
oExit,1568,992,0006EC9D,0,1,1,4294967295,0,1
oEventBarrier,320,64,0015A0D9,0,1,1,4294967295,0,1
oEventBarrier,1536,864,0038D280,0,1,1,4294967295,0,1
oMisc,224,192,00085878,0,1,1,4294967295,0,1
oMisc,208,160,0026725F,0,1,1,4294967295,0,1
oMisc,192,192,00381093,0,1,1,4294967295,0,1
oPlayer1,160,256,00363BB0,0,1,1,4294967295,0,0
oInvCollPH,96,240,00297D3C,0,1,1,4294967295,0,0
oInvCollPH,112,240,00147E79,0,1,1,4294967295,0,0
oInvCollPH,128,240,003ECE3E,0,1,1,4294967295,0,0
oInvCollPH,144,256,00346421,0,1,1,4294967295,0,0
oInvCollPH,160,256,001C3D9E,0,1,1,4294967295,0,0
oInvCollPH,48,256,001F2B87,0,1,1,4294967295,0,0
oInvCollPH,64,256,0016216D,0,1,1,4294967295,0,0
oInvCollPH,176,256,0006A9D8,0,1,1,4294967295,0,0
oInvCollPH,192,256,003F7E69,0,1,1,4294967295,0,0
oInvCollPH,208,256,002213CF,0,1,1,4294967295,0,0
oInvCollPH,224,256,000F7933,0,1,1,4294967295,0,0
oInvCollPH,320,256,001CA05A,0,1,1,4294967295,0,0
oInvCollPH,304,256,003263F5,0,1,1,4294967295,0,0
oInvCollPH,288,256,0025D743,0,1,1,4294967295,0,0
oInvCollPH,272,256,00060972,0,1,1,4294967295,0,0
oInvCollPH,256,256,00390E52,0,1,1,4294967295,0,0
oInvCollPH,240,256,003002BC,0,1,1,4294967295,0,0
oInvCollPH,704,624,0020EB7A,0,1,1,4294967295,0,0
oInvCollPH,720,624,00007070,0,1,1,4294967295,0,0
oInvCollPH,736,624,002CB264,0,1,1,4294967295,0,0
oInvCollPH,752,624,0034FFEE,0,1,1,4294967295,0,0
oInvCollPH,832,624,000D93DB,0,1,1,4294967295,0,0
oInvCollPH,816,624,00290A77,0,1,1,4294967295,0,0
oInvCollPH,800,624,001C42B8,0,1,1,4294967295,0,0
oInvCollPH,784,624,00014ABB,0,1,1,4294967295,0,0
oInvCollPH,768,624,001B4F44,0,1,1,4294967295,0,0
oInvCollPH,848,624,003868DB,0,1,1,4294967295,0,0
oInvCollPH,864,624,002D1F9E,0,1,1,4294967295,0,0
oInvCollPH,1280,1024,003DB33C,0,1,1,4294967295,0,0
oInvCollPH,1296,1024,0035A5CA,0,1,1,4294967295,0,0
oInvCollPH,1312,1024,003AF6DE,0,1,1,4294967295,0,0
oInvCollPH,1328,1024,00027AFD,0,1,1,4294967295,0,0
oInvCollPH,1344,1024,000FC633,0,1,1,4294967295,0,0
oInvCollPH,1360,1024,003602DB,0,1,1,4294967295,0,0
oInvCollPH,1376,1024,002A989A,0,1,1,4294967295,0,0
oInvCollPH,1392,1024,001F4667,0,1,1,4294967295,0,0
oInvCollPH,1408,1024,00317915,0,1,1,4294967295,0,0
oInvCollPH,1568,1024,0011D4FB,0,1,1,4294967295,0,0
oInvCollPH,1552,1024,00399598,0,1,1,4294967295,0,0
oInvCollPH,1536,1024,002ECCB6,0,1,1,4294967295,0,0
oInvCollPH,1520,1024,0023585B,0,1,1,4294967295,0,0
oInvCollPH,1504,1024,0000DB6F,0,1,1,4294967295,0,0
oInvCollPH,1488,1024,00271710,0,1,1,4294967295,0,0
oInvCollPH,1472,1024,002FE03E,0,1,1,4294967295,0,0
oInvCollPH,1456,1024,0017CA6A,0,1,1,4294967295,0,0
oInvCollPH,1440,1024,00063CA6,0,1,1,4294967295,0,0
oInvCollPH,1424,1024,001C255C,0,1,1,4294967295,0,0
oInvCollPH,784,448,001C9B5D,0,1,1,4294967295,0,0
oInvCollPH,800,448,0006B6FB,0,1,1,4294967295,0,0
oInvCollPH,816,448,001418E2,0,1,1,4294967295,0,0
oInvCollPH,832,448,0008087D,0,1,1,4294967295,0,0
oInvCollPH,848,448,00180669,0,1,1,4294967295,0,0
oInvCollPH,864,448,001D42B4,0,1,1,4294967295,0,0
oInvCollPH,880,448,0033F249,0,1,1,4294967295,0,0
oInvCollPH,896,448,0015F256,0,1,1,4294967295,0,0
oInvCollPH,912,448,00137598,0,1,1,4294967295,0,0
oInvCollPH,928,448,0005D0FB,0,1,1,4294967295,0,0
oInvCollPH,1360,848,002E555E,0,1,1,4294967295,0,0
oInvCollPH,1376,848,0020991A,0,1,1,4294967295,0,0
oInvCollPH,1392,848,003008BE,0,1,1,4294967295,0,0
oInvCollPH,1408,848,001AB8FE,0,1,1,4294967295,0,0
oInvCollPH,1424,848,003E7C5A,0,1,1,4294967295,0,0
oInvCollPH,1440,848,001CF551,0,1,1,4294967295,0,0
oInvCollPH,1456,848,002D6C51,0,1,1,4294967295,0,0
oInvCollPH,1472,848,001DC65D,0,1,1,4294967295,0,0
oInvCollPH,1488,848,0029F70C,0,1,1,4294967295,0,0
oInvCollPH,32,64,00017D40,0,1,1,4294967295,0,0
oInvCollPH,32,80,000B4068,0,1,1,4294967295,0,0
oInvCollPH,32,96,0028C46C,0,1,1,4294967295,0,0
oInvCollPH,32,112,002B2B5F,0,1,1,4294967295,0,0
oInvCollPH,32,128,0001CE6E,0,1,1,4294967295,0,0
oInvCollPH,32,144,000E215B,0,1,1,4294967295,0,0
oInvCollPH,32,160,0011DFA4,0,1,1,4294967295,0,0
oInvCollPH,32,176,0025BD4D,0,1,1,4294967295,0,0
oInvCollPH,32,192,00048A97,0,1,1,4294967295,0,0
oInvCollPH,32,208,002B5558,0,1,1,4294967295,0,0
oInvCollPH,32,224,001602A4,0,1,1,4294967295,0,0
oInvCollPH,32,240,003346D0,0,1,1,4294967295,0,0
oInvCollPH,48,48,000C53C3,0,1,1,4294967295,0,0
oInvCollPH,64,48,002F9AA6,0,1,1,4294967295,0,0
oInvCollPH,80,48,00253CE4,0,1,1,4294967295,0,0
oInvCollPH,96,48,0020B128,0,1,1,4294967295,0,0
oInvCollPH,112,48,00194131,0,1,1,4294967295,0,0
oInvCollPH,128,48,000366C9,0,1,1,4294967295,0,0
oInvCollPH,144,48,0002A545,0,1,1,4294967295,0,0
oInvCollPH,352,48,00099D2F,0,1,1,4294967295,0,0
oInvCollPH,336,48,001A764C,0,1,1,4294967295,0,0
oInvCollPH,320,48,003FCF8D,0,1,1,4294967295,0,0
oInvCollPH,304,48,0036B75B,0,1,1,4294967295,0,0
oInvCollPH,288,48,000A9799,0,1,1,4294967295,0,0
oInvCollPH,272,48,0017073E,0,1,1,4294967295,0,0
oInvCollPH,256,48,0013C52E,0,1,1,4294967295,0,0
oInvCollPH,240,48,001F08F5,0,1,1,4294967295,0,0
oInvCollPH,224,48,00164429,0,1,1,4294967295,0,0
oInvCollPH,208,48,000491CB,0,1,1,4294967295,0,0
oInvCollPH,192,48,00151974,0,1,1,4294967295,0,0
oInvCollPH,176,48,00020A20,0,1,1,4294967295,0,0
oInvCollPH,160,48,00089E2F,0,1,1,4294967295,0,0
oInvisibleSolid,80,240,0013693F,0,1,1,4294967295,0,1
oInvisibleSolid,0,64,00154781,0,1,1,4294967295,0,1
oInvisibleSolid,0,0,000DE566,0,1,1,4294967295,0,1
oInvisibleSolid,0,256,00237E65,0,1,1,4294967295,0,1
oInvisibleLupSlope,336,256,0005C124,0,1,1,4294967295,0,0
oInvisibleLupSlope,352,272,00362B6B,0,1,1,4294967295,0,0
oInvisibleLupSlope,368,288,0005B27A,0,1,1,4294967295,0,0
oInvisibleLupSlope,384,304,003BCF4E,0,1,1,4294967295,0,0
oInvisibleLupSlope,400,320,003C1343,0,1,1,4294967295,0,0
oInvisibleLupSlope,416,336,002C9B72,0,1,1,4294967295,0,0
oInvisibleLupSlope,432,352,0000D16D,0,1,1,4294967295,0,0
oInvisibleLupSlope,448,368,00339B0A,0,1,1,4294967295,0,0
oInvisibleLupSlope,464,384,000A2BB7,0,1,1,4294967295,0,0
oInvisibleLupSlope,480,400,00251E05,0,1,1,4294967295,0,0
oInvisibleLupSlope,496,416,0032A789,0,1,1,4294967295,0,0
oInvisibleLupSlope,512,432,000BADF8,0,1,1,4294967295,0,0
oInvisibleLupSlope,528,448,003C9707,0,1,1,4294967295,0,0
oInvisibleLupSlope,544,464,001A0E15,0,1,1,4294967295,0,0
oInvisibleLupSlope,560,480,002F72E4,0,1,1,4294967295,0,0
oInvisibleLupSlope,576,496,0018DBEF,0,1,1,4294967295,0,0
oInvisibleLupSlope,592,512,000FD87D,0,1,1,4294967295,0,0
oInvisibleLupSlope,608,528,0016AE5F,0,1,1,4294967295,0,0
oInvisibleLupSlope,624,544,00328AC3,0,1,1,4294967295,0,0
oInvisibleLupSlope,640,560,000239A5,0,1,1,4294967295,0,0
oInvisibleLupSlope,656,576,003316DF,0,1,1,4294967295,0,0
oInvisibleLupSlope,672,592,00000E00,0,1,1,4294967295,0,0
oInvisibleLupSlope,688,608,0017D4B8,0,1,1,4294967295,0,0
oInvisibleSolid,688,624,002F5BD4,0,1,1,4294967295,0,1
oInvisibleLupSlope,880,624,001FAE03,0,1,1,4294967295,0,0
oInvisibleLupSlope,896,640,0037CFD8,0,1,1,4294967295,0,0
oInvisibleLupSlope,912,656,0033282C,0,1,1,4294967295,0,0
oInvisibleLupSlope,928,672,001423B9,0,1,1,4294967295,0,0
oInvisibleLupSlope,944,688,002BFDCB,0,1,1,4294967295,0,0
oInvisibleLupSlope,960,704,0029079C,0,1,1,4294967295,0,0
oInvisibleLupSlope,976,720,000341ED,0,1,1,4294967295,0,0
oInvisibleLupSlope,992,736,0014DE04,0,1,1,4294967295,0,0
oInvisibleLupSlope,1008,752,00400795,0,1,1,4294967295,0,0
oInvisibleLupSlope,1024,768,00148630,0,1,1,4294967295,0,0
oInvisibleLupSlope,1040,784,0013543F,0,1,1,4294967295,0,0
oInvisibleLupSlope,1056,800,003E27E7,0,1,1,4294967295,0,0
oInvisibleLupSlope,1072,816,00003CF5,0,1,1,4294967295,0,0
oInvisibleLupSlope,1088,832,0020E90F,0,1,1,4294967295,0,0
oInvisibleLupSlope,1104,848,0028725A,0,1,1,4294967295,0,0
oInvisibleLupSlope,1120,864,000D131B,0,1,1,4294967295,0,0
oInvisibleLupSlope,1136,880,000D2EF5,0,1,1,4294967295,0,0
oInvisibleLupSlope,1152,896,000763D1,0,1,1,4294967295,0,0
oInvisibleLupSlope,1168,912,002A4AA4,0,1,1,4294967295,0,0
oInvisibleLupSlope,1184,928,0001852E,0,1,1,4294967295,0,0
oInvisibleLupSlope,1200,944,00319152,0,1,1,4294967295,0,0
oInvisibleLupSlope,1216,960,002B57C4,0,1,1,4294967295,0,0
oInvisibleLupSlope,1232,976,00082673,0,1,1,4294967295,0,0
oInvisibleLupSlope,1248,992,00375BAE,0,1,1,4294967295,0,0
oInvisibleLupSlope,1264,1008,0005699B,0,1,1,4294967295,0,0
oInvisibleSolid,1264,1024,000A6CDE,0,1,1,4294967295,0,1
oInvisibleRCeilingSlope,368,64,002A5078,0,1,1,4294967295,0,0
oInvisibleRCeilingSlope,384,80,00182AC9,0,1,1,4294967295,0,0
oInvisibleRCeilingSlope,400,96,003BE750,0,1,1,4294967295,0,0
oInvisibleRCeilingSlope,416,112,002D6E04,0,1,1,4294967295,0,0
oInvisibleRCeilingSlope,432,128,0026297E,0,1,1,4294967295,0,0
oInvisibleRCeilingSlope,448,144,00220193,0,1,1,4294967295,0,0
oInvisibleRCeilingSlope,464,160,00092F94,0,1,1,4294967295,0,0
oInvisibleRCeilingSlope,480,176,001462E5,0,1,1,4294967295,0,0
oInvisibleRCeilingSlope,496,192,0003C68B,0,1,1,4294967295,0,0
oInvisibleRCeilingSlope,512,208,00065080,0,1,1,4294967295,0,0
oInvisibleRCeilingSlope,528,224,000691AC,0,1,1,4294967295,0,0
oInvisibleRCeilingSlope,544,240,00097FBA,0,1,1,4294967295,0,0
oInvisibleRCeilingSlope,560,256,002E6289,0,1,1,4294967295,0,0
oInvisibleRCeilingSlope,576,272,002A24DF,0,1,1,4294967295,0,0
oInvisibleRCeilingSlope,592,288,002507F1,0,1,1,4294967295,0,0
oInvisibleRCeilingSlope,608,304,0013F008,0,1,1,4294967295,0,0
oInvisibleRCeilingSlope,624,320,0012A6CA,0,1,1,4294967295,0,0
oInvisibleRCeilingSlope,640,336,000F825F,0,1,1,4294967295,0,0
oInvisibleRCeilingSlope,656,352,00013079,0,1,1,4294967295,0,0
oInvisibleRCeilingSlope,672,368,0005ED5A,0,1,1,4294967295,0,0
oInvisibleRCeilingSlope,688,384,0002EA14,0,1,1,4294967295,0,0
oInvisibleRCeilingSlope,704,400,000DFD6B,0,1,1,4294967295,0,0
oInvisibleRCeilingSlope,720,416,00322D8D,0,1,1,4294967295,0,0
oInvisibleRCeilingSlope,736,432,002C9A5D,0,1,1,4294967295,0,0
oInvisibleRCeilingSlope,752,448,003D8D3B,0,1,1,4294967295,0,0
oInvisibleRCeilingSlope,944,464,00028334,0,1,1,4294967295,0,0
oInvisibleRCeilingSlope,960,480,003993B9,0,1,1,4294967295,0,0
oInvisibleRCeilingSlope,976,496,0035EF4D,0,1,1,4294967295,0,0
oInvisibleRCeilingSlope,992,512,000BC2F4,0,1,1,4294967295,0,0
oInvisibleRCeilingSlope,1008,528,003B2FB7,0,1,1,4294967295,0,0
oInvisibleRCeilingSlope,1024,544,00173728,0,1,1,4294967295,0,0
oInvisibleRCeilingSlope,1040,560,003816A8,0,1,1,4294967295,0,0
oInvisibleRCeilingSlope,1056,576,003F6A31,0,1,1,4294967295,0,0
oInvisibleRCeilingSlope,1072,592,00293821,0,1,1,4294967295,0,0
oInvisibleRCeilingSlope,1088,608,0005BB6B,0,1,1,4294967295,0,0
oInvisibleRCeilingSlope,1104,624,000CFCCF,0,1,1,4294967295,0,0
oInvisibleRCeilingSlope,1120,640,0018FB8A,0,1,1,4294967295,0,0
oInvisibleRCeilingSlope,1136,656,003DEDD4,0,1,1,4294967295,0,0
oInvisibleRCeilingSlope,1152,672,003CF9C6,0,1,1,4294967295,0,0
oInvisibleRCeilingSlope,1168,688,000C769D,0,1,1,4294967295,0,0
oInvisibleRCeilingSlope,1184,704,00054AE2,0,1,1,4294967295,0,0
oInvisibleRCeilingSlope,1200,720,001A374F,0,1,1,4294967295,0,0
oInvisibleRCeilingSlope,1216,736,0038BC82,0,1,1,4294967295,0,0
oInvisibleRCeilingSlope,1232,752,001ADB26,0,1,1,4294967295,0,0
oInvisibleRCeilingSlope,1248,768,0017553A,0,1,1,4294967295,0,0
oInvisibleRCeilingSlope,1264,784,003567C0,0,1,1,4294967295,0,0
oInvisibleRCeilingSlope,1280,800,0006A352,0,1,1,4294967295,0,0
oInvisibleRCeilingSlope,1296,816,00203867,0,1,1,4294967295,0,0
oInvisibleRCeilingSlope,1312,832,00314BD3,0,1,1,4294967295,0,0
oInvisibleRCeilingSlope,1328,848,000D65D6,0,1,1,4294967295,0,0
oInvisibleSolid,880,640,003A36C6,0,1,1,4294967295,0,0
oInvisibleSolid,896,656,002D4EC4,0,1,1,4294967295,0,0
oInvisibleSolid,912,672,003646C7,0,1,1,4294967295,0,0
oInvisibleSolid,928,688,00197707,0,1,1,4294967295,0,0
oInvisibleSolid,944,704,00172E09,0,1,1,4294967295,0,0
oInvisibleSolid,1344,848,0008A7ED,0,1,1,4294967295,0,1
oInvisibleSolid,768,448,0028C5AF,0,1,1,4294967295,0,1
oInvisibleSolid,1328,832,0038A298,0,1,1,4294967295,0,0
oInvisibleSolid,1312,816,00078789,0,1,1,4294967295,0,0
oInvisibleSolid,1296,800,0036DCD4,0,1,1,4294967295,0,0
oInvisibleSolid,1280,784,0012B8FE,0,1,1,4294967295,0,0
oInvisibleSolid,1264,768,00190411,0,1,1,4294967295,0,0
oInvisibleSolid,1248,752,00148BE6,0,1,1,4294967295,0,0
oInvisibleSolid,1232,736,003A34A6,0,1,1,4294967295,0,0
oInvisibleSolid,1216,720,00197748,0,1,1,4294967295,0,0
oInvisibleSolid,1200,704,00182068,0,1,1,4294967295,0,0
oInvisibleSolid,1184,688,002FE67C,0,1,1,4294967295,0,0
oInvisibleSolid,1168,672,001C3EC1,0,1,1,4294967295,0,0
oInvisibleSolid,1152,656,0030D67B,0,1,1,4294967295,0,0
oInvisibleSolid,1136,640,003EEF18,0,1,1,4294967295,0,0
oInvisibleSolid,1120,624,0011561E,0,1,1,4294967295,0,0
oInvisibleSolid,1104,608,001EAD6B,0,1,1,4294967295,0,0
oInvisibleSolid,1248,1008,001D2D1D,0,1,1,4294967295,0,0
oInvisibleSolid,1232,992,00079424,0,1,1,4294967295,0,0
oInvisibleSolid,1216,976,000810EA,0,1,1,4294967295,0,0
oInvisibleSolid,1200,960,00038218,0,1,1,4294967295,0,0
oInvisibleSolid,1184,944,00292BDC,0,1,1,4294967295,0,0
oInvisibleSolid,1168,928,0035FF46,0,1,1,4294967295,0,0
oInvisibleSolid,1152,912,0011B3C4,0,1,1,4294967295,0,0
oInvisibleSolid,1136,896,00154DC5,0,1,1,4294967295,0,0
oInvisibleSolid,1120,880,002DB491,0,1,1,4294967295,0,0
oInvisibleSolid,1104,864,00382253,0,1,1,4294967295,0,0
oInvisibleSolid,1088,848,0005C1E6,0,1,1,4294967295,0,0
oInvisibleSolid,1072,832,0037C605,0,1,1,4294967295,0,0
oInvisibleSolid,1056,816,00367216,0,1,1,4294967295,0,0
oInvisibleSolid,1040,800,001DFDB6,0,1,1,4294967295,0,0
oInvisibleSolid,1024,784,0034CD6C,0,1,1,4294967295,0,0
oInvisibleSolid,1008,768,001631AA,0,1,1,4294967295,0,0
oInvisibleSolid,992,752,0012240A,0,1,1,4294967295,0,0
oInvisibleSolid,976,736,002A589D,0,1,1,4294967295,0,0
oInvisibleSolid,960,720,00312798,0,1,1,4294967295,0,0
oInvisibleSolid,960,464,001ED187,0,1,1,4294967295,0,0
oInvisibleSolid,976,480,0025139F,0,1,1,4294967295,0,0
oInvisibleSolid,992,496,003B37EC,0,1,1,4294967295,0,0
oInvisibleSolid,1008,512,00186348,0,1,1,4294967295,0,0
oInvisibleSolid,1024,528,0035CBFD,0,1,1,4294967295,0,0
oInvisibleSolid,1040,544,00298A41,0,1,1,4294967295,0,0
oInvisibleSolid,1056,560,003FA891,0,1,1,4294967295,0,0
oInvisibleSolid,1072,576,00395397,0,1,1,4294967295,0,0
oInvisibleSolid,1088,592,00017104,0,1,1,4294967295,0,0
oInvisibleSolid,752,432,002891FF,0,1,1,4294967295,0,0
oInvisibleSolid,736,416,003A192A,0,1,1,4294967295,0,0
oInvisibleSolid,720,400,003ACC96,0,1,1,4294967295,0,0
oInvisibleSolid,704,384,003E3458,0,1,1,4294967295,0,0
oInvisibleSolid,688,368,0011FC9A,0,1,1,4294967295,0,0
oInvisibleSolid,672,352,0026A455,0,1,1,4294967295,0,0
oInvisibleSolid,656,336,0038E46A,0,1,1,4294967295,0,0
oInvisibleSolid,640,320,0013C2D5,0,1,1,4294967295,0,0
oInvisibleSolid,624,304,003130C2,0,1,1,4294967295,0,0
oInvisibleSolid,608,288,002CBF1C,0,1,1,4294967295,0,0
oInvisibleSolid,592,272,001784E4,0,1,1,4294967295,0,0
oInvisibleSolid,576,256,0004E80A,0,1,1,4294967295,0,0
oInvisibleSolid,560,240,0006FD0A,0,1,1,4294967295,0,0
oInvisibleSolid,544,224,00122296,0,1,1,4294967295,0,0
oInvisibleSolid,528,208,0020BF11,0,1,1,4294967295,0,0
oInvisibleSolid,512,192,000DA3BF,0,1,1,4294967295,0,0
oInvisibleSolid,672,608,00289916,0,1,1,4294967295,0,0
oInvisibleSolid,656,592,00387DDB,0,1,1,4294967295,0,0
oInvisibleSolid,640,576,000EABBE,0,1,1,4294967295,0,0
oInvisibleSolid,624,560,00267B6B,0,1,1,4294967295,0,0
oInvisibleSolid,608,544,0006E655,0,1,1,4294967295,0,0
oInvisibleSolid,592,528,00388EFB,0,1,1,4294967295,0,0
oInvisibleSolid,576,512,0037FDAE,0,1,1,4294967295,0,0
oInvisibleSolid,560,496,0028AA32,0,1,1,4294967295,0,0
oInvisibleSolid,544,480,000720BD,0,1,1,4294967295,0,0
oInvisibleSolid,528,464,001CF6CF,0,1,1,4294967295,0,0
oInvisibleSolid,512,448,00235EF0,0,1,1,4294967295,0,0
oInvisibleSolid,496,432,002DB143,0,1,1,4294967295,0,0
oInvisibleSolid,480,416,0016F775,0,1,1,4294967295,0,0
oInvisibleSolid,464,400,002E467F,0,1,1,4294967295,0,0
oInvisibleSolid,448,384,00400C5F,0,1,1,4294967295,0,0
oInvisibleSolid,432,368,00004FA5,0,1,1,4294967295,0,0
oInvisibleSolid,416,352,003E6D17,0,1,1,4294967295,0,0
oInvisibleSolid,400,336,00296893,0,1,1,4294967295,0,0
oInvisibleSolid,384,320,0024B835,0,1,1,4294967295,0,0
oInvisibleSolid,368,304,00028DB2,0,1,1,4294967295,0,0
oInvisibleSolid,352,288,003AEAD8,0,1,1,4294967295,0,0
oInvisibleSolid,336,272,00042F02,0,1,1,4294967295,0,0
oInvisibleSolid,496,176,0015CD5E,0,1,1,4294967295,0,0
oInvisibleSolid,480,160,000AD220,0,1,1,4294967295,0,0
oInvisibleSolid,464,144,0037763A,0,1,1,4294967295,0,0
oInvisibleSolid,448,128,0026D5AF,0,1,1,4294967295,0,0
oInvisibleSolid,432,112,00224EC7,0,1,1,4294967295,0,0
oInvisibleSolid,416,96,003C3B06,0,1,1,4294967295,0,0
oInvisibleSolid,400,80,000BE103,0,1,1,4294967295,0,0
oInvisibleSolid,384,64,000696CA,0,1,1,4294967295,0,0
