tileAbomInnerA,160,0,16,16,48,32,0,1,1,4294967295
tileAbomInnerA,160,32,16,16,48,32,0,1,1,4294967295
tileAbomInnerA,160,64,16,16,48,32,0,1,1,4294967295
tileAbomInnerA,160,96,16,16,48,32,0,1,1,4294967295
tileAbomInnerA,272,0,0,16,48,32,0,1,1,4294967295
tileAbomInnerA,272,32,0,16,48,32,0,1,1,4294967295
tileAbomInnerA,272,64,0,16,48,32,0,1,1,4294967295
tileAbomInnerA,272,96,0,16,48,32,0,1,1,4294967295
tileAbomInnerA,320,0,16,16,32,32,0,1,1,4294967295
tileAbomInnerA,320,32,16,16,32,32,0,1,1,4294967295
tileAbomInnerA,320,64,16,16,32,32,0,1,1,4294967295
tileAbomInnerA,320,96,16,16,32,32,0,1,1,4294967295
tileAbomInnerA,352,96,16,16,32,32,0,1,1,4294967295
tileAbomInnerA,384,96,16,16,32,32,0,1,1,4294967295
tileAbomInnerA,384,0,16,16,32,32,0,1,1,4294967295
tileAbomInnerA,384,32,16,16,32,32,0,1,1,4294967295
tileAbomInnerA,384,64,16,16,32,32,0,1,1,4294967295
tileAbomInnerA,352,0,16,16,32,32,0,1,1,4294967295
tileAbomInnerA,352,32,16,16,32,32,0,1,1,4294967295
tileAbomInnerA,352,64,16,16,32,32,0,1,1,4294967295
tileAbomInnerA,128,0,16,16,32,32,0,1,1,4294967295
tileAbomInnerA,128,32,16,16,32,32,0,1,1,4294967295
tileAbomInnerA,128,64,16,16,32,32,0,1,1,4294967295
tileAbomInnerA,128,96,16,16,32,32,0,1,1,4294967295
tileAbomInnerA,64,0,16,16,32,32,0,1,1,4294967295
tileAbomInnerA,96,0,16,16,32,32,0,1,1,4294967295
tileAbomInnerA,64,32,16,16,32,32,0,1,1,4294967295
tileAbomInnerA,96,32,16,16,32,32,0,1,1,4294967295
tileAbomInnerA,64,64,16,16,32,32,0,1,1,4294967295
tileAbomInnerA,96,64,16,16,32,32,0,1,1,4294967295
tileAbomInnerA,64,96,16,16,32,32,0,1,1,4294967295
tileAbomInnerA,96,96,16,16,32,32,0,1,1,4294967295
tileAbomInnerA,160,128,16,16,48,32,0,1,1,4294967295
tileAbomInnerA,160,160,16,16,48,32,0,1,1,4294967295
tileAbomInnerA,160,192,16,16,48,32,0,1,1,4294967295
tileAbomInnerA,0,0,16,16,32,32,0,1,1,4294967295
tileAbomInnerA,0,32,16,16,32,32,0,1,1,4294967295
tileAbomInnerA,0,64,16,16,32,32,0,1,1,4294967295
tileAbomInnerA,0,96,16,16,32,32,0,1,1,4294967295
tileAbomInnerA,32,0,16,16,32,32,0,1,1,4294967295
tileAbomInnerA,32,32,16,16,32,32,0,1,1,4294967295
tileAbomInnerA,32,64,16,16,32,32,0,1,1,4294967295
tileAbomInnerA,32,96,16,16,32,32,0,1,1,4294967295
tileAbomInnerA,0,128,16,16,32,32,0,1,1,4294967295
tileAbomInnerA,32,128,16,16,32,32,0,1,1,4294967295
tileAbomInnerA,64,128,16,16,32,32,0,1,1,4294967295
tileAbomInnerA,96,128,16,16,32,32,0,1,1,4294967295
tileAbomInnerA,128,128,16,16,32,32,0,1,1,4294967295
tileAbomInnerA,0,160,16,16,32,32,0,1,1,4294967295
tileAbomInnerA,32,160,16,16,32,32,0,1,1,4294967295
tileAbomInnerA,64,160,16,16,32,32,0,1,1,4294967295
tileAbomInnerA,96,160,16,16,32,32,0,1,1,4294967295
tileAbomInnerA,128,160,16,16,32,32,0,1,1,4294967295
tileAbomInnerA,320,128,16,16,32,32,0,1,1,4294967295
tileAbomInnerA,320,160,16,16,32,32,0,1,1,4294967295
tileAbomInnerA,352,128,16,16,32,32,0,1,1,4294967295
tileAbomInnerA,352,160,16,16,32,32,0,1,1,4294967295
tileAbomInnerA,384,128,16,16,32,32,0,1,1,4294967295
tileAbomInnerA,384,160,16,16,32,32,0,1,1,4294967295
tileAbomInnerA,416,0,16,16,32,32,0,1,1,4294967295
tileAbomInnerA,416,32,16,16,32,32,0,1,1,4294967295
tileAbomInnerA,416,64,16,16,32,32,0,1,1,4294967295
tileAbomInnerA,416,96,16,16,32,32,0,1,1,4294967295
tileAbomInnerA,416,128,16,16,32,32,0,1,1,4294967295
tileAbomInnerA,416,160,16,16,32,32,0,1,1,4294967295
tileAbomInnerA,448,0,16,16,32,32,0,1,1,4294967295
tileAbomInnerA,448,32,16,16,32,32,0,1,1,4294967295
tileAbomInnerA,448,64,16,16,32,32,0,1,1,4294967295
tileAbomInnerA,448,96,16,16,32,32,0,1,1,4294967295
tileAbomInnerA,448,128,16,16,32,32,0,1,1,4294967295
tileAbomInnerA,448,160,16,16,32,32,0,1,1,4294967295
tileAbomInnerA,272,128,0,16,48,32,0,1,1,4294967295
tileAbomInnerA,272,160,0,16,48,32,0,1,1,4294967295
tileAbomInnerA,272,192,0,16,48,32,0,1,1,4294967295
tileAbomInnerA,272,224,0,16,48,32,0,1,1,4294967295
tileAbomInnerA,160,224,16,16,48,32,0,1,1,4294967295
tileAbomInnerA,160,256,16,16,48,32,0,1,1,4294967295
tileAbomInnerA,160,288,16,16,48,32,0,1,1,4294967295
tileAbomInnerA,160,320,16,16,48,32,0,1,1,4294967295
tileAbomInnerA,160,352,16,16,48,32,0,1,1,4294967295
tileAbomInnerA,272,256,0,16,48,32,0,1,1,4294967295
tileAbomInnerA,272,288,0,16,48,32,0,1,1,4294967295
tileAbomInnerA,272,320,0,16,48,32,0,1,1,4294967295
tileAbomInnerA,272,352,0,16,48,32,0,1,1,4294967295
tileAbomInnerA,320,192,16,16,32,32,0,1,1,4294967295
tileAbomInnerA,320,224,16,16,32,32,0,1,1,4294967295
tileAbomInnerA,320,256,16,16,32,32,0,1,1,4294967295
tileAbomInnerA,320,288,16,16,32,32,0,1,1,4294967295
tileAbomInnerA,320,320,16,16,32,32,0,1,1,4294967295
tileAbomInnerA,320,352,16,16,32,32,0,1,1,4294967295
tileAbomInnerA,352,352,16,16,32,32,0,1,1,4294967295
tileAbomInnerA,384,352,16,16,32,32,0,1,1,4294967295
tileAbomInnerA,416,352,16,16,32,32,0,1,1,4294967295
tileAbomInnerA,448,352,16,16,32,32,0,1,1,4294967295
tileAbomInnerA,448,192,16,16,32,32,0,1,1,4294967295
tileAbomInnerA,448,224,16,16,32,32,0,1,1,4294967295
tileAbomInnerA,448,256,16,16,32,32,0,1,1,4294967295
tileAbomInnerA,448,288,16,16,32,32,0,1,1,4294967295
tileAbomInnerA,448,320,16,16,32,32,0,1,1,4294967295
tileAbomInnerA,352,192,16,16,32,32,0,1,1,4294967295
tileAbomInnerA,352,224,16,16,32,32,0,1,1,4294967295
tileAbomInnerA,352,256,16,16,32,32,0,1,1,4294967295
tileAbomInnerA,352,288,16,16,32,32,0,1,1,4294967295
tileAbomInnerA,352,320,16,16,32,32,0,1,1,4294967295
tileAbomInnerA,384,192,16,16,32,32,0,1,1,4294967295
tileAbomInnerA,384,224,16,16,32,32,0,1,1,4294967295
tileAbomInnerA,384,256,16,16,32,32,0,1,1,4294967295
tileAbomInnerA,384,288,16,16,32,32,0,1,1,4294967295
tileAbomInnerA,384,320,16,16,32,32,0,1,1,4294967295
tileAbomInnerA,416,320,16,16,32,32,0,1,1,4294967295
tileAbomInnerA,416,288,16,16,32,32,0,1,1,4294967295
tileAbomInnerA,416,256,16,16,32,32,0,1,1,4294967295
tileAbomInnerA,416,224,16,16,32,32,0,1,1,4294967295
tileAbomInnerA,416,192,16,16,32,32,0,1,1,4294967295
tileAbomInnerA,128,352,16,16,32,32,0,1,1,4294967295
tileAbomInnerA,96,352,16,16,32,32,0,1,1,4294967295
tileAbomInnerA,64,352,16,16,32,32,0,1,1,4294967295
tileAbomInnerA,32,352,16,16,32,32,0,1,1,4294967295
tileAbomInnerA,0,352,16,16,32,32,0,1,1,4294967295
tileAbomInnerA,0,320,16,16,32,32,0,1,1,4294967295
tileAbomInnerA,32,320,16,16,32,32,0,1,1,4294967295
tileAbomInnerA,64,320,16,16,32,32,0,1,1,4294967295
tileAbomInnerA,96,320,16,16,32,32,0,1,1,4294967295
tileAbomInnerA,128,320,16,16,32,32,0,1,1,4294967295
tileAbomInnerA,128,288,16,16,32,32,0,1,1,4294967295
tileAbomInnerA,96,288,16,16,32,32,0,1,1,4294967295
tileAbomInnerA,64,288,16,16,32,32,0,1,1,4294967295
tileAbomInnerA,32,288,16,16,32,32,0,1,1,4294967295
tileAbomInnerA,0,288,16,16,32,32,0,1,1,4294967295
tileAbomInnerA,0,256,16,16,32,32,0,1,1,4294967295
tileAbomInnerA,32,256,16,16,32,32,0,1,1,4294967295
tileAbomInnerA,64,256,16,16,32,32,0,1,1,4294967295
tileAbomInnerA,96,256,16,16,32,32,0,1,1,4294967295
tileAbomInnerA,128,256,16,16,32,32,0,1,1,4294967295
tileAbomInnerA,128,224,16,16,32,32,0,1,1,4294967295
tileAbomInnerA,128,192,16,16,32,32,0,1,1,4294967295
tileAbomInnerA,96,192,16,16,32,32,0,1,1,4294967295
tileAbomInnerA,64,192,16,16,32,32,0,1,1,4294967295
tileAbomInnerA,32,192,16,16,32,32,0,1,1,4294967295
tileAbomInnerA,0,192,16,16,32,32,0,1,1,4294967295
tileAbomInnerA,0,224,16,16,32,32,0,1,1,4294967295
tileAbomInnerA,32,224,16,16,32,32,0,1,1,4294967295
tileAbomInnerA,64,224,16,16,32,32,0,1,1,4294967295
tileAbomInnerA,96,224,16,16,32,32,0,1,1,4294967295
tileAbomInnerA,160,384,16,16,48,32,0,1,1,4294967295
tileAbomInnerA,160,416,16,16,48,32,0,1,1,4294967295
tileAbomInnerA,160,448,16,16,48,32,0,1,1,4294967295
tileAbomInnerA,160,480,16,16,48,32,0,1,1,4294967295
tileAbomInnerA,160,512,16,16,48,32,0,1,1,4294967295
tileAbomInnerA,160,544,16,16,48,32,0,1,1,4294967295
tileAbomInnerA,160,576,16,16,48,32,0,1,1,4294967295
tileAbomInnerA,160,608,16,16,48,32,0,1,1,4294967295
tileAbomInnerA,272,384,0,16,48,32,0,1,1,4294967295
tileAbomInnerA,272,416,0,16,48,32,0,1,1,4294967295
tileAbomInnerA,272,448,0,16,48,32,0,1,1,4294967295
tileAbomInnerA,272,480,0,16,48,32,0,1,1,4294967295
tileAbomInnerA,272,512,0,16,48,32,0,1,1,4294967295
tileAbomInnerA,272,544,0,16,48,32,0,1,1,4294967295
tileAbomInnerA,272,576,0,16,48,32,0,1,1,4294967295
tileAbomInnerA,0,384,16,16,32,32,0,1,1,4294967295
tileAbomInnerA,0,416,16,16,32,32,0,1,1,4294967295
tileAbomInnerA,0,448,16,16,32,32,0,1,1,4294967295
tileAbomInnerA,0,480,16,16,32,32,0,1,1,4294967295
tileAbomInnerA,0,512,16,16,32,32,0,1,1,4294967295
tileAbomInnerA,0,544,16,16,32,32,0,1,1,4294967295
tileAbomInnerA,0,576,16,16,32,32,0,1,1,4294967295
tileAbomInnerA,0,608,16,16,32,32,0,1,1,4294967295
tileAbomInnerA,32,608,16,16,32,32,0,1,1,4294967295
tileAbomInnerA,64,608,16,16,32,32,0,1,1,4294967295
tileAbomInnerA,96,608,16,16,32,32,0,1,1,4294967295
tileAbomInnerA,128,608,16,16,32,32,0,1,1,4294967295
tileAbomInnerA,128,576,16,16,32,32,0,1,1,4294967295
tileAbomInnerA,128,544,16,16,32,32,0,1,1,4294967295
tileAbomInnerA,128,512,16,16,32,32,0,1,1,4294967295
tileAbomInnerA,128,480,16,16,32,32,0,1,1,4294967295
tileAbomInnerA,128,448,16,16,32,32,0,1,1,4294967295
tileAbomInnerA,128,416,16,16,32,32,0,1,1,4294967295
tileAbomInnerA,128,384,16,16,32,32,0,1,1,4294967295
tileAbomInnerA,96,384,16,16,32,32,0,1,1,4294967295
tileAbomInnerA,64,384,16,16,32,32,0,1,1,4294967295
tileAbomInnerA,32,384,16,16,32,32,0,1,1,4294967295
tileAbomInnerA,32,416,16,16,32,32,0,1,1,4294967295
tileAbomInnerA,32,448,16,16,32,32,0,1,1,4294967295
tileAbomInnerA,32,480,16,16,32,32,0,1,1,4294967295
tileAbomInnerA,32,512,16,16,32,32,0,1,1,4294967295
tileAbomInnerA,32,544,16,16,32,32,0,1,1,4294967295
tileAbomInnerA,32,576,16,16,32,32,0,1,1,4294967295
tileAbomInnerA,64,576,16,16,32,32,0,1,1,4294967295
tileAbomInnerA,96,576,16,16,32,32,0,1,1,4294967295
tileAbomInnerA,96,544,16,16,32,32,0,1,1,4294967295
tileAbomInnerA,96,512,16,16,32,32,0,1,1,4294967295
tileAbomInnerA,96,480,16,16,32,32,0,1,1,4294967295
tileAbomInnerA,96,448,16,16,32,32,0,1,1,4294967295
tileAbomInnerA,96,416,16,16,32,32,0,1,1,4294967295
tileAbomInnerA,64,416,16,16,32,32,0,1,1,4294967295
tileAbomInnerA,64,448,16,16,32,32,0,1,1,4294967295
tileAbomInnerA,64,480,16,16,32,32,0,1,1,4294967295
tileAbomInnerA,64,512,16,16,32,32,0,1,1,4294967295
tileAbomInnerA,64,544,16,16,32,32,0,1,1,4294967295
tileAbomInnerA,320,384,16,16,32,32,0,1,1,4294967295
tileAbomInnerA,320,416,16,16,32,32,0,1,1,4294967295
tileAbomInnerA,320,448,16,16,32,32,0,1,1,4294967295
tileAbomInnerA,320,480,16,16,32,32,0,1,1,4294967295
tileAbomInnerA,320,512,16,16,32,32,0,1,1,4294967295
tileAbomInnerA,320,544,16,16,32,32,0,1,1,4294967295
tileAbomInnerA,320,576,16,16,32,32,0,1,1,4294967295
tileAbomInnerA,448,576,16,16,32,32,0,1,1,4294967295
tileAbomInnerA,448,544,16,16,32,32,0,1,1,4294967295
tileAbomInnerA,448,512,16,16,32,32,0,1,1,4294967295
tileAbomInnerA,448,480,16,16,32,32,0,1,1,4294967295
tileAbomInnerA,448,448,16,16,32,32,0,1,1,4294967295
tileAbomInnerA,448,416,16,16,32,32,0,1,1,4294967295
tileAbomInnerA,448,384,16,16,32,32,0,1,1,4294967295
tileAbomInnerA,416,384,16,16,32,32,0,1,1,4294967295
tileAbomInnerA,384,384,16,16,32,32,0,1,1,4294967295
tileAbomInnerA,352,384,16,16,32,32,0,1,1,4294967295
tileAbomInnerA,352,416,16,16,32,32,0,1,1,4294967295
tileAbomInnerA,352,448,16,16,32,32,0,1,1,4294967295
tileAbomInnerA,352,480,16,16,32,32,0,1,1,4294967295
tileAbomInnerA,352,512,16,16,32,32,0,1,1,4294967295
tileAbomInnerA,352,544,16,16,32,32,0,1,1,4294967295
tileAbomInnerA,352,576,16,16,32,32,0,1,1,4294967295
tileAbomInnerA,384,576,16,16,32,32,0,1,1,4294967295
tileAbomInnerA,384,544,16,16,32,32,0,1,1,4294967295
tileAbomInnerA,384,512,16,16,32,32,0,1,1,4294967295
tileAbomInnerA,384,480,16,16,32,32,0,1,1,4294967295
tileAbomInnerA,384,448,16,16,32,32,0,1,1,4294967295
tileAbomInnerA,384,416,16,16,32,32,0,1,1,4294967295
tileAbomInnerA,416,416,16,16,32,32,0,1,1,4294967295
tileAbomInnerA,416,448,16,16,32,32,0,1,1,4294967295
tileAbomInnerA,416,480,16,16,32,32,0,1,1,4294967295
tileAbomInnerA,416,512,16,16,32,32,0,1,1,4294967295
tileAbomInnerA,416,544,16,16,32,32,0,1,1,4294967295
tileAbomInnerA,416,576,16,16,32,32,0,1,1,4294967295
tileAbomInnerA,160,640,16,16,48,32,0,1,1,4294967295
tileAbomInnerA,160,672,16,16,48,32,0,1,1,4294967295
tileAbomInnerA,160,704,16,16,48,32,0,1,1,4294967295
tileAbomInnerA,160,736,16,16,48,32,0,1,1,4294967295
tileAbomInnerA,160,768,16,16,48,32,0,1,1,4294967295
tileAbomInnerA,272,608,0,16,48,48,0,1,1,4294967295
tileAbomInnerA,192,784,16,0,32,48,0,1,1,4294967295
tileAbomInnerA,224,784,16,0,32,48,0,1,1,4294967295
tileAbomInnerA,256,784,16,0,32,48,0,1,1,4294967295
tileAbomInnerA,288,784,16,0,32,48,0,1,1,4294967295
tileAbomInnerA,320,784,16,0,32,48,0,1,1,4294967295
tileAbomInnerA,352,784,16,0,32,48,0,1,1,4294967295
tileAbomInnerA,384,784,16,0,32,48,0,1,1,4294967295
tileAbomInnerA,416,784,16,0,32,48,0,1,1,4294967295
tileAbomInnerA,448,784,16,0,32,48,0,1,1,4294967295
tileAbomInnerA,320,608,16,16,32,48,0,1,1,4294967295
tileAbomInnerA,352,608,16,16,32,48,0,1,1,4294967295
tileAbomInnerA,384,608,16,16,32,48,0,1,1,4294967295
tileAbomInnerA,416,608,16,16,32,48,0,1,1,4294967295
tileAbomInnerA,448,608,16,16,32,48,0,1,1,4294967295
tileAbomInnerA,160,800,16,16,32,32,0,1,1,4294967295
tileAbomInnerA,128,800,16,16,32,32,0,1,1,4294967295
tileAbomInnerA,96,800,16,16,32,32,0,1,1,4294967295
tileAbomInnerA,64,800,16,16,32,32,0,1,1,4294967295
tileAbomInnerA,32,800,16,16,32,32,0,1,1,4294967295
tileAbomInnerA,0,800,16,16,32,32,0,1,1,4294967295
tileAbomInnerA,0,768,16,16,32,32,0,1,1,4294967295
tileAbomInnerA,32,768,16,16,32,32,0,1,1,4294967295
tileAbomInnerA,64,768,16,16,32,32,0,1,1,4294967295
tileAbomInnerA,96,768,16,16,32,32,0,1,1,4294967295
tileAbomInnerA,128,768,16,16,32,32,0,1,1,4294967295
tileAbomInnerA,128,736,16,16,32,32,0,1,1,4294967295
tileAbomInnerA,128,704,16,16,32,32,0,1,1,4294967295
tileAbomInnerA,128,672,16,16,32,32,0,1,1,4294967295
tileAbomInnerA,128,640,16,16,32,32,0,1,1,4294967295
tileAbomInnerA,96,640,16,16,32,32,0,1,1,4294967295
tileAbomInnerA,64,640,16,16,32,32,0,1,1,4294967295
tileAbomInnerA,32,640,16,16,32,32,0,1,1,4294967295
tileAbomInnerA,0,640,16,16,32,32,0,1,1,4294967295
tileAbomInnerA,0,672,16,16,32,32,0,1,1,4294967295
tileAbomInnerA,0,704,16,16,32,32,0,1,1,4294967295
tileAbomInnerA,0,736,16,16,32,32,0,1,1,4294967295
tileAbomInnerA,32,736,16,16,32,32,0,1,1,4294967295
tileAbomInnerA,64,736,16,16,32,32,0,1,1,4294967295
tileAbomInnerA,96,736,16,16,32,32,0,1,1,4294967295
tileAbomInnerA,96,704,16,16,32,32,0,1,1,4294967295
tileAbomInnerA,96,672,16,16,32,32,0,1,1,4294967295
tileAbomInnerA,64,672,16,16,32,32,0,1,1,4294967295
tileAbomInnerA,32,672,16,16,32,32,0,1,1,4294967295
tileAbomInnerA,32,704,16,16,32,32,0,1,1,4294967295
tileAbomInnerA,64,704,16,16,32,32,0,1,1,4294967295
tileAbomInnerA,0,832,16,16,32,32,0,1,1,4294967295
tileAbomInnerA,0,864,16,16,32,32,0,1,1,4294967295
tileAbomInnerA,32,864,16,16,32,32,0,1,1,4294967295
tileAbomInnerA,64,864,16,16,32,32,0,1,1,4294967295
tileAbomInnerA,96,864,16,16,32,32,0,1,1,4294967295
tileAbomInnerA,128,864,16,16,32,32,0,1,1,4294967295
tileAbomInnerA,160,864,16,16,32,32,0,1,1,4294967295
tileAbomInnerA,192,864,16,16,32,32,0,1,1,4294967295
tileAbomInnerA,224,864,16,16,32,32,0,1,1,4294967295
tileAbomInnerA,256,864,16,16,32,32,0,1,1,4294967295
tileAbomInnerA,288,864,16,16,32,32,0,1,1,4294967295
tileAbomInnerA,320,864,16,16,32,32,0,1,1,4294967295
tileAbomInnerA,352,864,16,16,32,32,0,1,1,4294967295
tileAbomInnerA,384,864,16,16,32,32,0,1,1,4294967295
tileAbomInnerA,416,864,16,16,32,32,0,1,1,4294967295
tileAbomInnerA,448,864,16,16,32,32,0,1,1,4294967295
tileAbomInnerA,448,832,16,16,32,32,0,1,1,4294967295
tileAbomInnerA,416,832,16,16,32,32,0,1,1,4294967295
tileAbomInnerA,384,832,16,16,32,32,0,1,1,4294967295
tileAbomInnerA,352,832,16,16,32,32,0,1,1,4294967295
tileAbomInnerA,320,832,16,16,32,32,0,1,1,4294967295
tileAbomInnerA,288,832,16,16,32,32,0,1,1,4294967295
tileAbomInnerA,256,832,16,16,32,32,0,1,1,4294967295
tileAbomInnerA,224,832,16,16,32,32,0,1,1,4294967295
tileAbomInnerA,192,832,16,16,32,32,0,1,1,4294967295
tileAbomInnerA,160,832,16,16,32,32,0,1,1,4294967295
tileAbomInnerA,128,832,16,16,32,32,0,1,1,4294967295
tileAbomInnerA,96,832,16,16,32,32,0,1,1,4294967295
tileAbomInnerA,64,832,16,16,32,32,0,1,1,4294967295
tileAbomInnerA,32,832,16,16,32,32,0,1,1,4294967295
