tileSF_A,0,224,16,112,16,16,0,1,1,4294967295
tileSF_A,16,224,16,112,16,16,0,1,1,4294967295
tileSF_A,32,224,16,112,16,16,0,1,1,4294967295
tileSF_A,48,224,16,112,16,16,0,1,1,4294967295
tileSF_A,64,224,16,112,16,16,0,1,1,4294967295
tileSF_A,80,224,16,112,16,16,0,1,1,4294967295
tileSF_A,96,224,16,112,16,16,0,1,1,4294967295
tileSF_A,112,224,16,112,16,16,0,1,1,4294967295
tileSF_A,0,240,16,112,16,16,0,1,1,4294967295
tileSF_A,16,240,16,112,16,16,0,1,1,4294967295
tileSF_A,32,240,16,112,16,16,0,1,1,4294967295
tileSF_A,48,240,16,112,16,16,0,1,1,4294967295
tileSF_A,64,240,16,112,16,16,0,1,1,4294967295
tileSF_A,80,240,16,112,16,16,0,1,1,4294967295
tileSF_A,96,240,16,112,16,16,0,1,1,4294967295
tileSF_A,112,240,16,112,16,16,0,1,1,4294967295
tileSF_A,112,256,16,112,16,16,0,1,1,4294967295
tileSF_A,96,256,16,112,16,16,0,1,1,4294967295
tileSF_A,80,256,16,112,16,16,0,1,1,4294967295
tileSF_A,80,272,16,112,16,16,0,1,1,4294967295
tileSF_A,64,272,16,112,16,16,0,1,1,4294967295
tileSF_A,48,272,16,112,16,16,0,1,1,4294967295
tileSF_A,32,272,16,112,16,16,0,1,1,4294967295
tileSF_A,32,256,16,112,16,16,0,1,1,4294967295
tileSF_A,16,256,16,112,16,16,0,1,1,4294967295
tileSF_A,48,256,16,112,16,16,0,1,1,4294967295
tileSF_A,64,256,16,112,16,16,0,1,1,4294967295
tileSF_A,96,272,16,112,16,16,0,1,1,4294967295
tileSF_A,112,272,16,112,16,16,0,1,1,4294967295
tileSF_A,112,288,16,112,16,16,0,1,1,4294967295
tileSF_A,96,288,16,112,16,16,0,1,1,4294967295
tileSF_A,80,288,16,112,16,16,0,1,1,4294967295
tileSF_A,64,288,16,112,16,16,0,1,1,4294967295
tileSF_A,48,288,16,112,16,16,0,1,1,4294967295
tileSF_A,32,288,16,112,16,16,0,1,1,4294967295
tileSF_A,112,304,16,112,16,16,0,1,1,4294967295
tileSF_A,96,304,16,112,16,16,0,1,1,4294967295
tileSF_A,80,304,16,112,16,16,0,1,1,4294967295
tileSF_A,64,304,16,112,16,16,0,1,1,4294967295
tileSF_A,48,304,16,112,16,16,0,1,1,4294967295
tileSF_A,32,304,16,112,16,16,0,1,1,4294967295
tileSF_A,16,304,16,112,16,16,0,1,1,4294967295
tileSF_A,0,304,16,112,16,16,0,1,1,4294967295
tileSF_A,0,288,16,112,16,16,0,1,1,4294967295
tileSF_A,16,288,16,112,16,16,0,1,1,4294967295
tileSF_A,16,272,16,112,16,16,0,1,1,4294967295
tileSF_A,0,272,16,112,16,16,0,1,1,4294967295
tileSF_A,0,256,16,112,16,16,0,1,1,4294967295
tileSF_A,128,224,16,112,16,16,0,1,1,4294967295
tileSF_A,144,224,16,112,16,16,0,1,1,4294967295
tileSF_A,160,224,16,112,16,16,0,1,1,4294967295
tileSF_A,176,224,16,112,16,16,0,1,1,4294967295
tileSF_A,176,240,16,112,16,16,0,1,1,4294967295
tileSF_A,160,240,16,112,16,16,0,1,1,4294967295
tileSF_A,144,240,16,112,16,16,0,1,1,4294967295
tileSF_A,128,240,16,112,16,16,0,1,1,4294967295
tileSF_A,128,256,16,112,16,16,0,1,1,4294967295
tileSF_A,144,256,16,112,16,16,0,1,1,4294967295
tileSF_A,160,256,16,112,16,16,0,1,1,4294967295
tileSF_A,176,256,16,112,16,16,0,1,1,4294967295
tileSF_A,176,272,16,112,16,16,0,1,1,4294967295
tileSF_A,160,272,16,112,16,16,0,1,1,4294967295
tileSF_A,144,272,16,112,16,16,0,1,1,4294967295
tileSF_A,128,272,16,112,16,16,0,1,1,4294967295
tileSF_A,128,288,16,112,16,16,0,1,1,4294967295
tileSF_A,144,288,16,112,16,16,0,1,1,4294967295
tileSF_A,192,224,16,112,16,16,0,1,1,4294967295
tileSF_A,208,224,16,112,16,16,0,1,1,4294967295
tileSF_A,224,224,16,112,16,16,0,1,1,4294967295
tileSF_A,240,224,16,112,16,16,0,1,1,4294967295
tileSF_A,192,240,16,112,16,16,0,1,1,4294967295
tileSF_A,208,240,16,112,16,16,0,1,1,4294967295
tileSF_A,224,240,16,112,16,16,0,1,1,4294967295
tileSF_A,240,240,16,112,16,16,0,1,1,4294967295
tileSF_A,224,256,96,112,32,16,0,1,1,4294967295
tileSF_A,192,272,96,112,32,16,0,1,1,4294967295
tileSF_A,160,288,96,112,32,16,0,1,1,4294967295
tileSF_A,128,304,96,112,32,16,0,1,1,4294967295
tileSF_A,192,256,16,112,16,16,0,1,1,4294967295
tileSF_A,208,256,16,112,16,16,0,1,1,4294967295
tileSF_A,256,224,16,112,16,16,0,1,1,4294967295
tileSF_A,272,224,16,112,16,16,0,1,1,4294967295
tileSF_A,288,224,16,112,16,16,0,1,1,4294967295
tileSF_A,304,224,16,112,16,16,0,1,1,4294967295
tileSF_A,256,240,16,112,16,16,0,1,1,4294967295
tileSF_A,272,240,16,112,16,16,0,1,1,4294967295
tileSF_A,288,240,16,112,16,16,0,1,1,4294967295
tileSF_A,304,240,16,112,16,16,0,1,1,4294967295
tileSF_A,320,224,16,112,16,16,0,1,1,4294967295
tileSF_A,336,224,16,112,16,16,0,1,1,4294967295
tileSF_A,352,224,16,112,16,16,0,1,1,4294967295
tileSF_A,368,224,16,112,16,16,0,1,1,4294967295
tileSF_A,368,240,16,112,16,16,0,1,1,4294967295
tileSF_A,352,240,16,112,16,16,0,1,1,4294967295
tileSF_A,336,240,16,112,16,16,0,1,1,4294967295
tileSF_A,320,240,16,112,16,16,0,1,1,4294967295
tileSF_A,384,224,16,112,16,16,0,1,1,4294967295
tileSF_A,400,224,16,112,16,16,0,1,1,4294967295
tileSF_A,416,224,16,112,16,16,0,1,1,4294967295
tileSF_A,432,224,16,112,16,16,0,1,1,4294967295
tileSF_A,384,240,16,112,16,16,0,1,1,4294967295
tileSF_A,400,240,16,112,16,16,0,1,1,4294967295
tileSF_A,416,240,16,112,16,16,0,1,1,4294967295
tileSF_A,432,240,16,112,16,16,0,1,1,4294967295
tileSF_A,384,176,0,64,16,48,0,1,1,4294967295
tileSF_A,400,176,32,64,16,48,0,1,1,4294967295
tileSF_A,384,128,80,128,16,48,0,1,1,4294967295
tileSF_A,368,208,160,112,16,16,0,1,1,4294967295
tileSF_A,320,208,160,112,16,16,0,1,1,4294967295
tileSF_A,416,256,128,80,16,16,0,1,1,4294967295
tileSF_A,432,272,128,80,16,16,0,1,1,4294967295
tileSF_A,448,288,64,112,32,16,0,1,1,4294967295
tileSF_A,448,224,16,112,16,16,0,1,1,4294967295
tileSF_A,464,224,16,112,16,16,0,1,1,4294967295
tileSF_A,480,224,16,112,16,16,0,1,1,4294967295
tileSF_A,496,224,16,112,16,16,0,1,1,4294967295
tileSF_A,512,224,16,112,16,16,0,1,1,4294967295
tileSF_A,528,224,16,112,16,16,0,1,1,4294967295
tileSF_A,544,224,16,112,16,16,0,1,1,4294967295
tileSF_A,560,224,16,112,16,16,0,1,1,4294967295
tileSF_A,448,240,16,112,16,16,0,1,1,4294967295
tileSF_A,464,240,16,112,16,16,0,1,1,4294967295
tileSF_A,480,240,16,112,16,16,0,1,1,4294967295
tileSF_A,496,240,16,112,16,16,0,1,1,4294967295
tileSF_A,512,240,16,112,16,16,0,1,1,4294967295
tileSF_A,528,240,16,112,16,16,0,1,1,4294967295
tileSF_A,544,240,16,112,16,16,0,1,1,4294967295
tileSF_A,560,240,16,112,16,16,0,1,1,4294967295
tileSF_A,560,288,16,112,16,16,0,1,1,4294967295
tileSF_A,544,288,16,112,16,16,0,1,1,4294967295
tileSF_A,528,288,16,112,16,16,0,1,1,4294967295
tileSF_A,512,288,16,112,16,16,0,1,1,4294967295
tileSF_A,496,288,16,112,16,16,0,1,1,4294967295
tileSF_A,480,288,16,112,16,16,0,1,1,4294967295
tileSF_A,432,256,16,112,16,16,0,1,1,4294967295
tileSF_A,448,256,16,112,16,16,0,1,1,4294967295
tileSF_A,448,272,16,112,16,16,0,1,1,4294967295
tileSF_A,464,256,16,112,16,16,0,1,1,4294967295
tileSF_A,480,256,16,112,16,16,0,1,1,4294967295
tileSF_A,496,256,16,112,16,16,0,1,1,4294967295
tileSF_A,512,256,16,112,16,16,0,1,1,4294967295
tileSF_A,528,256,16,112,16,16,0,1,1,4294967295
tileSF_A,544,256,16,112,16,16,0,1,1,4294967295
tileSF_A,560,256,16,112,16,16,0,1,1,4294967295
tileSF_A,560,272,16,112,16,16,0,1,1,4294967295
tileSF_A,544,272,16,112,16,16,0,1,1,4294967295
tileSF_A,528,272,16,112,16,16,0,1,1,4294967295
tileSF_A,512,272,16,112,16,16,0,1,1,4294967295
tileSF_A,496,272,16,112,16,16,0,1,1,4294967295
tileSF_A,480,272,16,112,16,16,0,1,1,4294967295
tileSF_A,464,272,16,112,16,16,0,1,1,4294967295
tileSF_A,576,224,16,112,32,16,0,1,1,4294967295
tileSF_A,576,240,16,112,16,16,0,1,1,4294967295
tileSF_A,592,240,16,112,16,16,0,1,1,4294967295
tileSF_A,608,240,16,112,16,16,0,1,1,4294967295
tileSF_A,624,240,16,112,16,16,0,1,1,4294967295
tileSF_A,640,240,16,112,16,16,0,1,1,4294967295
tileSF_A,656,240,16,112,16,16,0,1,1,4294967295
tileSF_A,672,240,16,112,32,16,0,1,1,4294967295
tileSF_A,576,256,16,112,16,16,0,1,1,4294967295
tileSF_A,592,256,16,112,16,16,0,1,1,4294967295
tileSF_A,608,256,16,112,16,16,0,1,1,4294967295
tileSF_A,624,256,16,112,16,16,0,1,1,4294967295
tileSF_A,640,256,16,112,16,16,0,1,1,4294967295
tileSF_A,656,256,16,112,16,16,0,1,1,4294967295
tileSF_A,672,256,16,112,16,16,0,1,1,4294967295
tileSF_A,688,256,16,112,16,16,0,1,1,4294967295
tileSF_A,704,256,16,112,16,16,0,1,1,4294967295
tileSF_A,720,256,16,112,16,16,0,1,1,4294967295
tileSF_A,736,256,16,112,16,16,0,1,1,4294967295
tileSF_A,752,256,16,112,16,16,0,1,1,4294967295
tileSF_A,768,256,16,112,16,16,0,1,1,4294967295
tileSF_A,784,256,16,112,16,16,0,1,1,4294967295
tileSF_A,800,256,16,112,16,16,0,1,1,4294967295
tileSF_A,576,272,16,112,16,16,0,1,1,4294967295
tileSF_A,592,272,16,112,16,16,0,1,1,4294967295
tileSF_A,608,272,16,112,16,16,0,1,1,4294967295
tileSF_A,624,272,16,112,16,16,0,1,1,4294967295
tileSF_A,640,272,16,112,16,16,0,1,1,4294967295
tileSF_A,656,272,16,112,16,16,0,1,1,4294967295
tileSF_A,672,272,16,112,16,16,0,1,1,4294967295
tileSF_A,688,272,16,112,16,16,0,1,1,4294967295
tileSF_A,704,272,16,112,16,16,0,1,1,4294967295
tileSF_A,720,272,16,112,16,16,0,1,1,4294967295
tileSF_A,736,272,16,112,16,16,0,1,1,4294967295
tileSF_A,752,272,16,112,16,16,0,1,1,4294967295
tileSF_A,768,272,16,112,16,16,0,1,1,4294967295
tileSF_A,784,272,16,112,16,16,0,1,1,4294967295
tileSF_A,800,272,16,112,16,16,0,1,1,4294967295
tileSF_A,800,288,16,112,16,16,0,1,1,4294967295
tileSF_A,784,288,16,112,16,16,0,1,1,4294967295
tileSF_A,768,288,16,112,16,16,0,1,1,4294967295
tileSF_A,752,288,16,112,16,16,0,1,1,4294967295
tileSF_A,736,288,16,112,16,16,0,1,1,4294967295
tileSF_A,720,288,16,112,16,16,0,1,1,4294967295
tileSF_A,704,288,16,112,16,16,0,1,1,4294967295
tileSF_A,688,288,16,112,16,16,0,1,1,4294967295
tileSF_A,672,288,16,112,16,16,0,1,1,4294967295
tileSF_A,656,288,16,112,16,16,0,1,1,4294967295
tileSF_A,640,288,16,112,16,16,0,1,1,4294967295
tileSF_A,624,288,16,112,16,16,0,1,1,4294967295
tileSF_A,608,288,16,112,16,16,0,1,1,4294967295
tileSF_A,592,288,16,112,16,16,0,1,1,4294967295
tileSF_A,576,288,16,112,16,16,0,1,1,4294967295
tileSF_A,816,64,0,112,32,16,0,1,1,4294967295
tileSF_A,864,64,16,112,16,16,0,1,1,4294967295
tileSF_A,848,64,16,112,16,16,0,1,1,4294967295
tileSF_A,928,64,16,112,16,16,0,1,1,4294967295
tileSF_A,912,64,16,112,16,16,0,1,1,4294967295
tileSF_A,896,64,16,112,16,16,0,1,1,4294967295
tileSF_A,880,64,16,112,16,16,0,1,1,4294967295
tileSF_A,992,64,16,112,16,16,0,1,1,4294967295
tileSF_A,976,64,16,112,16,16,0,1,1,4294967295
tileSF_A,960,64,16,112,16,16,0,1,1,4294967295
tileSF_A,944,64,16,112,16,16,0,1,1,4294967295
tileSF_A,1056,64,16,112,16,16,0,1,1,4294967295
tileSF_A,1040,64,16,112,16,16,0,1,1,4294967295
tileSF_A,1024,64,16,112,16,16,0,1,1,4294967295
tileSF_A,1008,64,16,112,16,16,0,1,1,4294967295
tileSF_A,816,256,16,112,16,16,0,1,1,4294967295
tileSF_A,832,256,16,112,16,16,0,1,1,4294967295
tileSF_A,848,256,16,112,32,16,0,1,1,4294967295
tileSF_A,816,272,16,112,16,16,0,1,1,4294967295
tileSF_A,832,272,16,112,16,16,0,1,1,4294967295
tileSF_A,848,272,16,112,16,16,0,1,1,4294967295
tileSF_A,864,272,16,112,16,16,0,1,1,4294967295
tileSF_A,880,272,16,112,16,16,0,1,1,4294967295
tileSF_A,896,272,16,112,16,16,0,1,1,4294967295
tileSF_A,912,272,16,112,16,16,0,1,1,4294967295
tileSF_A,928,272,16,112,16,16,0,1,1,4294967295
tileSF_A,944,272,16,112,16,16,0,1,1,4294967295
tileSF_A,960,272,16,112,16,16,0,1,1,4294967295
tileSF_A,976,272,16,112,16,16,0,1,1,4294967295
tileSF_A,992,272,16,112,16,16,0,1,1,4294967295
tileSF_A,1008,272,16,112,16,16,0,1,1,4294967295
tileSF_A,1024,272,16,112,16,16,0,1,1,4294967295
tileSF_A,1040,272,16,112,16,16,0,1,1,4294967295
tileSF_A,1056,272,16,112,16,16,0,1,1,4294967295
tileSF_A,1056,288,16,112,16,16,0,1,1,4294967295
tileSF_A,1040,288,16,112,16,16,0,1,1,4294967295
tileSF_A,1024,288,16,112,16,16,0,1,1,4294967295
tileSF_A,1008,288,16,112,16,16,0,1,1,4294967295
tileSF_A,992,288,16,112,16,16,0,1,1,4294967295
tileSF_A,976,288,16,112,16,16,0,1,1,4294967295
tileSF_A,960,288,16,112,16,16,0,1,1,4294967295
tileSF_A,944,288,16,112,16,16,0,1,1,4294967295
tileSF_A,928,288,16,112,16,16,0,1,1,4294967295
tileSF_A,912,288,16,112,16,16,0,1,1,4294967295
tileSF_A,896,288,16,112,16,16,0,1,1,4294967295
tileSF_A,880,288,16,112,16,16,0,1,1,4294967295
tileSF_A,864,288,16,112,16,16,0,1,1,4294967295
tileSF_A,848,288,16,112,16,16,0,1,1,4294967295
tileSF_A,832,288,16,112,16,16,0,1,1,4294967295
tileSF_A,816,288,16,112,16,16,0,1,1,4294967295
tileSF_A,832,80,128,112,32,32,0,1,1,4294967295
tileSF_A,944,80,128,112,32,32,0,1,1,4294967295
tileSF_A,944,112,128,128,32,16,0,1,1,4294967295
tileSF_A,944,128,128,128,32,16,0,1,1,4294967295
tileSF_A,1072,256,0,112,32,16,0,1,1,4294967295
tileSF_A,1072,272,16,112,16,16,0,1,1,4294967295
tileSF_A,1088,272,16,112,16,16,0,1,1,4294967295
tileSF_A,1104,272,16,112,16,16,0,1,1,4294967295
tileSF_A,1120,272,16,112,16,16,0,1,1,4294967295
tileSF_A,1136,272,16,112,16,16,0,1,1,4294967295
tileSF_A,1072,288,16,112,16,16,0,1,1,4294967295
tileSF_A,1088,288,16,112,16,16,0,1,1,4294967295
tileSF_A,1104,288,16,112,16,16,0,1,1,4294967295
tileSF_A,1120,288,16,112,16,16,0,1,1,4294967295
tileSF_A,1136,288,16,112,16,16,0,1,1,4294967295
tileSF_A,1104,256,16,112,16,16,0,1,1,4294967295
tileSF_A,1120,256,16,112,16,16,0,1,1,4294967295
tileSF_A,1136,256,16,112,16,16,0,1,1,4294967295
tileSF_A,1072,64,16,112,16,16,0,1,1,4294967295
tileSF_A,1072,240,80,128,16,16,0,1,1,4294967295
tileSF_A,1072,192,80,128,16,48,0,1,1,4294967295
tileSF_A,640,224,176,112,16,16,0,1,1,4294967295
tileSF_A,816,32,48,80,16,32,0,1,1,4294967295
tileSF_A,816,16,48,80,16,16,0,1,1,4294967295
tileSF_A,816,0,48,80,16,16,0,1,1,4294967295
tileSF_A,1136,64,16,112,16,16,0,1,1,4294967295
tileSF_A,1120,64,16,112,16,16,0,1,1,4294967295
tileSF_A,1104,64,16,112,16,16,0,1,1,4294967295
tileSF_A,1088,64,16,112,16,16,0,1,1,4294967295
tileSF_A,1152,96,0,112,32,16,0,1,1,4294967295
tileSF_A,1152,80,0,112,32,16,0,1,1,4294967295
tileSF_A,1216,112,0,112,32,16,0,1,1,4294967295
tileSF_A,1152,64,16,112,16,16,0,1,1,4294967295
tileSF_A,1168,64,16,112,16,16,0,1,1,4294967295
tileSF_A,1184,64,16,112,16,16,0,1,1,4294967295
tileSF_A,1200,64,16,112,16,16,0,1,1,4294967295
tileSF_A,1216,64,16,112,16,16,0,1,1,4294967295
tileSF_A,1232,64,16,112,16,16,0,1,1,4294967295
tileSF_A,1248,64,16,112,16,16,0,1,1,4294967295
tileSF_A,1264,64,16,112,16,16,0,1,1,4294967295
tileSF_A,1264,80,16,112,16,16,0,1,1,4294967295
tileSF_A,1248,80,16,112,16,16,0,1,1,4294967295
tileSF_A,1232,80,16,112,16,16,0,1,1,4294967295
tileSF_A,1216,80,16,112,16,16,0,1,1,4294967295
tileSF_A,1200,80,16,112,16,16,0,1,1,4294967295
tileSF_A,1184,80,16,112,16,16,0,1,1,4294967295
tileSF_A,1184,96,16,112,16,16,0,1,1,4294967295
tileSF_A,1200,96,16,112,16,16,0,1,1,4294967295
tileSF_A,1216,96,16,112,16,16,0,1,1,4294967295
tileSF_A,1232,96,16,112,16,16,0,1,1,4294967295
tileSF_A,1248,96,16,112,16,16,0,1,1,4294967295
tileSF_A,1264,96,16,112,16,16,0,1,1,4294967295
tileSF_A,1264,112,16,112,16,16,0,1,1,4294967295
tileSF_A,1248,112,16,112,16,16,0,1,1,4294967295
tileSF_A,1216,128,0,112,32,16,0,1,1,4294967295
tileSF_A,1248,128,16,112,16,16,0,1,1,4294967295
tileSF_A,1264,128,16,112,16,16,0,1,1,4294967295
tileSF_A,1152,256,16,112,32,16,0,1,1,4294967295
tileSF_A,1152,272,16,112,32,16,0,1,1,4294967295
tileSF_A,1152,288,16,112,32,16,0,1,1,4294967295
tileSF_A,1216,256,0,112,32,16,0,1,1,4294967295
tileSF_A,1216,272,0,112,32,16,0,1,1,4294967295
tileSF_A,1248,256,16,112,16,16,0,1,1,4294967295
tileSF_A,1264,256,16,112,16,16,0,1,1,4294967295
tileSF_A,1280,256,16,112,16,16,0,1,1,4294967295
tileSF_A,1296,256,16,112,16,16,0,1,1,4294967295
tileSF_A,1248,272,16,112,16,16,0,1,1,4294967295
tileSF_A,1264,272,16,112,16,16,0,1,1,4294967295
tileSF_A,1280,272,16,112,16,16,0,1,1,4294967295
tileSF_A,1296,272,16,112,16,16,0,1,1,4294967295
tileSF_A,1216,288,64,112,32,16,0,1,1,4294967295
tileSF_A,1248,288,16,112,16,16,0,1,1,4294967295
tileSF_A,1264,288,16,112,16,16,0,1,1,4294967295
tileSF_A,1280,288,16,112,16,16,0,1,1,4294967295
tileSF_A,1296,288,16,112,16,16,0,1,1,4294967295
tileSF_A,1312,288,16,112,16,16,0,1,1,4294967295
tileSF_A,1328,288,16,112,16,16,0,1,1,4294967295
tileSF_A,1344,288,16,112,16,16,0,1,1,4294967295
tileSF_A,1360,288,16,112,16,16,0,1,1,4294967295
tileSF_A,1312,256,16,112,32,16,0,1,1,4294967295
tileSF_A,1312,272,16,112,32,16,0,1,1,4294967295
tileSF_A,1376,288,16,112,16,16,0,1,1,4294967295
tileSF_A,1392,288,16,112,16,16,0,1,1,4294967295
tileSF_A,1456,288,16,112,16,16,0,1,1,4294967295
tileSF_A,1440,288,16,112,16,16,0,1,1,4294967295
tileSF_A,1424,288,16,112,16,16,0,1,1,4294967295
tileSF_A,1408,288,16,112,16,16,0,1,1,4294967295
tileSF_A,1520,288,16,112,16,16,0,1,1,4294967295
tileSF_A,1504,288,16,112,16,16,0,1,1,4294967295
tileSF_A,1488,288,16,112,16,16,0,1,1,4294967295
tileSF_A,1472,288,16,112,16,16,0,1,1,4294967295
tileSF_A,1280,128,16,112,16,16,0,1,1,4294967295
tileSF_A,1296,128,16,112,16,16,0,1,1,4294967295
tileSF_A,1280,112,16,112,16,16,0,1,1,4294967295
tileSF_A,1296,112,16,112,16,16,0,1,1,4294967295
tileSF_A,1312,112,16,112,16,16,0,1,1,4294967295
tileSF_A,1328,112,16,112,16,16,0,1,1,4294967295
tileSF_A,1280,96,16,112,16,16,0,1,1,4294967295
tileSF_A,1296,96,16,112,16,16,0,1,1,4294967295
tileSF_A,1312,96,16,112,16,16,0,1,1,4294967295
tileSF_A,1328,96,16,112,16,16,0,1,1,4294967295
tileSF_A,1344,96,16,112,16,16,0,1,1,4294967295
tileSF_A,1360,96,16,112,16,16,0,1,1,4294967295
tileSF_A,1392,80,16,112,16,16,0,1,1,4294967295
tileSF_A,1376,80,16,112,16,16,0,1,1,4294967295
tileSF_A,1360,80,16,112,16,16,0,1,1,4294967295
tileSF_A,1344,80,16,112,16,16,0,1,1,4294967295
tileSF_A,1328,80,16,112,16,16,0,1,1,4294967295
tileSF_A,1312,80,16,112,16,16,0,1,1,4294967295
tileSF_A,1296,80,16,112,16,16,0,1,1,4294967295
tileSF_A,1280,80,16,112,16,16,0,1,1,4294967295
tileSF_A,1280,64,16,112,16,16,0,1,1,4294967295
tileSF_A,1296,64,16,112,16,16,0,1,1,4294967295
tileSF_A,1312,64,16,112,16,16,0,1,1,4294967295
tileSF_A,1328,64,16,112,16,16,0,1,1,4294967295
tileSF_A,1344,64,16,112,16,16,0,1,1,4294967295
tileSF_A,1360,64,16,112,16,16,0,1,1,4294967295
tileSF_A,1376,64,16,112,16,16,0,1,1,4294967295
tileSF_A,1392,64,16,112,16,16,0,1,1,4294967295
tileSF_A,1408,64,16,112,16,16,0,1,1,4294967295
tileSF_A,1424,64,16,112,16,16,0,1,1,4294967295
tileSF_A,1312,128,16,112,32,16,0,1,1,4294967295
tileSF_A,1344,112,16,112,32,16,0,1,1,4294967295
tileSF_A,1376,96,16,112,32,16,0,1,1,4294967295
tileSF_A,1408,80,16,112,32,16,0,1,1,4294967295
tileSF_A,1440,64,16,112,32,16,0,1,1,4294967295
tileSF_A,1280,144,160,128,16,16,0,1,1,4294967295
tileSF_A,1280,240,160,112,16,16,0,1,1,4294967295
tileSF_A,1360,128,160,128,16,16,0,1,1,4294967295
tileSF_A,1488,272,160,112,16,16,0,1,1,4294967295
tileSF_A,1536,288,16,112,16,16,0,1,1,4294967295
tileSF_A,1552,288,16,112,16,16,0,1,1,4294967295
tileSF_A,1584,288,16,112,16,16,0,1,1,4294967295
tileSF_A,1568,288,16,112,16,16,0,1,1,4294967295
tileSF_A,1568,208,80,128,16,48,0,1,1,4294967295
tileSF_A,1568,256,80,160,16,16,0,1,1,4294967295
tileSF_A,1568,272,80,160,16,16,0,1,1,4294967295
tileSF_A,1648,288,16,112,16,16,0,1,1,4294967295
tileSF_A,1632,288,16,112,16,16,0,1,1,4294967295
tileSF_A,1616,288,16,112,16,16,0,1,1,4294967295
tileSF_A,1600,288,16,112,16,16,0,1,1,4294967295
tileSF_A,1712,288,16,112,16,16,0,1,1,4294967295
tileSF_A,1696,288,16,112,16,16,0,1,1,4294967295
tileSF_A,1680,288,16,112,16,16,0,1,1,4294967295
tileSF_A,1664,288,16,112,16,16,0,1,1,4294967295
tileSF_A,1744,288,16,112,16,16,0,1,1,4294967295
tileSF_A,1728,288,16,112,16,16,0,1,1,4294967295
tileSF_A,1888,288,16,112,32,16,0,1,1,4294967295
tileSF_A,1760,288,16,112,16,16,0,1,1,4294967295
tileSF_A,1776,288,16,112,16,16,0,1,1,4294967295
tileSF_A,1792,288,16,112,16,16,0,1,1,4294967295
tileSF_A,1808,288,16,112,16,16,0,1,1,4294967295
tileSF_A,1824,288,16,112,16,16,0,1,1,4294967295
tileSF_A,1840,288,16,112,16,16,0,1,1,4294967295
tileSF_A,1856,288,16,112,16,16,0,1,1,4294967295
tileSF_A,1872,288,16,112,16,16,0,1,1,4294967295
tileSF_A,1792,256,0,80,16,32,0,1,1,4294967295
tileSF_A,1808,256,32,80,16,32,0,1,1,4294967295
tileSF_A,1792,240,0,80,16,16,0,1,1,4294967295
tileSF_A,1792,224,0,80,16,16,0,1,1,4294967295
tileSF_A,1792,208,0,80,16,16,0,1,1,4294967295
tileSF_A,1792,192,0,80,16,16,0,1,1,4294967295
tileSF_A,1792,176,0,80,16,16,0,1,1,4294967295
tileSF_A,1792,160,0,80,16,16,0,1,1,4294967295
tileSF_A,1792,144,0,80,16,16,0,1,1,4294967295
tileSF_A,1792,128,0,80,16,16,0,1,1,4294967295
tileSF_A,1808,240,32,80,16,16,0,1,1,4294967295
tileSF_A,1808,224,32,80,16,16,0,1,1,4294967295
tileSF_A,1808,208,32,80,16,16,0,1,1,4294967295
tileSF_A,1808,192,32,80,16,16,0,1,1,4294967295
tileSF_A,1808,176,32,80,16,16,0,1,1,4294967295
tileSF_A,1808,160,32,80,16,16,0,1,1,4294967295
tileSF_A,1808,144,32,80,16,16,0,1,1,4294967295
tileSF_A,1808,128,32,80,16,16,0,1,1,4294967295
tileSF_A,1792,96,0,64,16,32,0,1,1,4294967295
tileSF_A,1808,96,32,64,16,32,0,1,1,4294967295
tileSF_A,1984,208,64,112,32,16,0,1,1,4294967295
tileSF_A,2016,208,16,112,16,16,0,1,1,4294967295
tileSF_A,2032,208,16,112,16,16,0,1,1,4294967295
tileSF_A,2048,208,16,112,16,16,0,1,1,4294967295
tileSF_A,2064,208,16,112,16,16,0,1,1,4294967295
tileSF_A,2080,208,16,112,16,16,0,1,1,4294967295
tileSF_A,2096,208,16,112,16,16,0,1,1,4294967295
tileSF_A,2112,208,16,112,32,16,0,1,1,4294967295
tileSF_A,2016,224,128,80,16,16,0,1,1,4294967295
tileSF_A,2080,224,16,112,32,16,0,1,1,4294967295
tileSF_A,2032,224,16,112,16,16,0,1,1,4294967295
tileSF_A,2048,224,16,112,16,16,0,1,1,4294967295
tileSF_A,2064,224,16,112,16,16,0,1,1,4294967295
tileSF_A,1920,32,0,112,32,16,0,1,1,4294967295
tileSF_A,1952,32,16,112,32,16,0,1,1,4294967295
tileSF_A,1936,0,0,80,16,32,0,1,1,4294967295
tileSF_A,1952,0,32,80,16,32,0,1,1,4294967295
tileSF_A,1936,48,128,112,32,32,0,1,1,4294967295
tileSF_A,2080,240,64,112,32,16,0,1,1,4294967295
tileSF_A,2112,240,16,112,16,16,0,1,1,4294967295
tileSF_A,2128,240,16,112,16,16,0,1,1,4294967295
tileSF_A,2144,240,16,112,16,16,0,1,1,4294967295
tileSF_A,2160,240,16,112,16,16,0,1,1,4294967295
tileSF_A,2176,240,16,112,16,16,0,1,1,4294967295
tileSF_A,2192,240,16,112,16,16,0,1,1,4294967295
tileSF_A,2208,240,16,112,32,16,0,1,1,4294967295
tileSF_A,2176,272,64,112,32,16,0,1,1,4294967295
tileSF_A,2176,256,16,112,16,16,0,1,1,4294967295
tileSF_A,2192,256,16,112,16,16,0,1,1,4294967295
tileSF_A,2208,256,16,112,16,16,0,1,1,4294967295
tileSF_A,2224,256,16,112,16,16,0,1,1,4294967295
tileSF_A,2240,256,16,112,16,16,0,1,1,4294967295
tileSF_A,2256,256,16,112,16,16,0,1,1,4294967295
tileSF_A,2272,256,16,112,16,16,0,1,1,4294967295
tileSF_A,2288,256,16,112,16,16,0,1,1,4294967295
tileSF_A,2144,256,128,80,16,16,0,1,1,4294967295
tileSF_A,2160,256,16,112,16,16,0,1,1,4294967295
tileSF_A,2208,272,16,112,16,16,0,1,1,4294967295
tileSF_A,2224,272,16,112,16,16,0,1,1,4294967295
tileSF_A,2240,272,16,112,16,16,0,1,1,4294967295
tileSF_A,2256,272,16,112,16,16,0,1,1,4294967295
tileSF_A,2272,272,16,112,16,16,0,1,1,4294967295
tileSF_A,2288,272,16,112,16,16,0,1,1,4294967295
tileSF_A,2208,192,0,64,16,48,0,1,1,4294967295
tileSF_A,2224,192,32,64,16,48,0,1,1,4294967295
tileSF_A,2240,208,80,128,16,48,0,1,1,4294967295
tileSF_A,2192,224,160,112,16,16,0,1,1,4294967295
tileSF_A,2112,224,176,112,16,16,0,1,1,4294967295
tileSF_A,2224,32,48,80,16,32,0,1,1,4294967295
tileSF_A,2224,16,48,80,16,16,0,1,1,4294967295
tileSF_A,2224,0,48,80,16,16,0,1,1,4294967295
tileSF_A,2224,64,160,128,16,16,0,1,1,4294967295
tileSF_A,1824,256,176,112,16,16,0,1,1,4294967295
tileSF_A,1824,272,48,112,16,16,0,1,1,4294967295
tileSF_A,1824,112,48,112,16,16,0,1,1,4294967295
tileSF_A,1824,128,160,128,16,16,0,1,1,4294967295
tileSF_A,1664,80,48,112,16,16,0,1,1,4294967295
tileSF_A,1664,96,176,128,16,16,0,1,1,4294967295
tileSF_A,1664,32,80,128,16,48,0,1,1,4294967295
tileSF_A,1344,304,48,64,16,48,0,1,1,4294967295
tileSF_A,1488,304,48,64,16,48,0,1,1,4294967295
tileSF_A,1632,304,48,64,16,48,0,1,1,4294967295
tileSF_A,1776,304,48,64,16,48,0,1,1,4294967295
tileSF_A,1456,80,48,64,16,48,0,1,1,4294967295
tileSF_A,1456,128,160,128,16,16,0,1,1,4294967295
tileSF_A,416,208,176,112,16,16,0,1,1,4294967295
tileSF_A,2384,256,16,112,16,16,0,1,1,4294967295
tileSF_A,2368,256,16,112,16,16,0,1,1,4294967295
tileSF_A,2352,256,16,112,16,16,0,1,1,4294967295
tileSF_A,2336,256,16,112,16,16,0,1,1,4294967295
tileSF_A,2320,256,16,112,16,16,0,1,1,4294967295
tileSF_A,2304,256,16,112,16,16,0,1,1,4294967295
tileSF_A,2304,272,16,112,16,16,0,1,1,4294967295
tileSF_A,2320,272,16,112,16,16,0,1,1,4294967295
tileSF_A,2336,272,16,112,16,16,0,1,1,4294967295
tileSF_A,2352,272,16,112,16,16,0,1,1,4294967295
tileSF_A,2368,272,16,112,16,16,0,1,1,4294967295
tileSF_A,2384,272,16,112,16,16,0,1,1,4294967295
tileSF_A,2400,256,16,112,32,16,0,1,1,4294967295
tileSF_A,2400,272,16,112,32,16,0,1,1,4294967295
tileSF_A,2496,256,0,112,32,16,0,1,1,4294967295
tileSF_A,2496,272,0,112,32,16,0,1,1,4294967295
tileSF_A,2528,256,16,112,32,16,0,1,1,4294967295
tileSF_A,2528,272,16,112,32,16,0,1,1,4294967295
tileSF_A,2496,288,64,112,64,16,0,1,1,4294967295
tileSF_A,2432,80,0,64,48,48,0,1,1,4294967295
tileSF_A,2384,96,0,112,48,16,0,1,1,4294967295
tileSF_A,2480,96,0,112,48,16,0,1,1,4294967295
tileSF_A,2448,32,48,64,16,48,0,1,1,4294967295
tileSF_A,2448,128,48,64,16,48,0,1,1,4294967295
tileSF_A,2384,112,160,128,16,16,0,1,1,4294967295
tileSF_A,2384,80,160,112,16,16,0,1,1,4294967295
tileSF_A,2512,80,176,112,16,16,0,1,1,4294967295
tileSF_A,2512,112,176,128,16,16,0,1,1,4294967295
tileSF_A,2448,176,96,144,16,16,0,1,1,4294967295
tileSF_A,2448,16,96,128,16,16,0,1,1,4294967295
tileSF_A,2432,32,112,128,16,16,0,1,1,4294967295
tileSF_A,2432,48,112,128,16,16,0,1,1,4294967295
tileSF_A,2432,64,112,128,16,16,0,1,1,4294967295
tileSF_A,2464,32,112,144,16,16,0,1,1,4294967295
tileSF_A,2464,48,112,144,16,16,0,1,1,4294967295
tileSF_A,2464,64,112,144,16,16,0,1,1,4294967295
tileSF_A,2464,128,112,144,16,16,0,1,1,4294967295
tileSF_A,2464,144,112,144,16,16,0,1,1,4294967295
tileSF_A,2464,160,112,144,16,16,0,1,1,4294967295
tileSF_A,2432,128,112,128,16,16,0,1,1,4294967295
tileSF_A,2432,144,112,128,16,16,0,1,1,4294967295
tileSF_A,2432,160,112,128,16,16,0,1,1,4294967295
tileSF_A,2240,48,0,112,16,16,0,1,1,4294967295
tileSF_A,2256,48,32,112,16,16,0,1,1,4294967295
tileSF_A,2256,64,176,128,16,16,0,1,1,4294967295
tileSF_A,2656,256,128,80,16,16,0,1,1,4294967295
tileSF_A,2672,272,128,80,16,16,0,1,1,4294967295
tileSF_A,2688,288,64,112,32,16,0,1,1,4294967295
tileSF_A,2672,256,16,112,16,16,0,1,1,4294967295
tileSF_A,2688,256,16,112,16,16,0,1,1,4294967295
tileSF_A,2704,256,16,112,16,16,0,1,1,4294967295
tileSF_A,2720,256,16,112,16,16,0,1,1,4294967295
tileSF_A,2736,256,16,112,16,16,0,1,1,4294967295
tileSF_A,2752,256,16,112,16,16,0,1,1,4294967295
tileSF_A,2768,256,16,112,16,16,0,1,1,4294967295
tileSF_A,2784,256,16,112,16,16,0,1,1,4294967295
tileSF_A,2800,256,16,112,16,16,0,1,1,4294967295
tileSF_A,2688,272,16,112,16,16,0,1,1,4294967295
tileSF_A,2704,272,16,112,16,16,0,1,1,4294967295
tileSF_A,2720,272,16,112,16,16,0,1,1,4294967295
tileSF_A,2736,272,16,112,16,16,0,1,1,4294967295
tileSF_A,2752,272,16,112,16,16,0,1,1,4294967295
tileSF_A,2768,272,16,112,16,16,0,1,1,4294967295
tileSF_A,2784,272,16,112,16,16,0,1,1,4294967295
tileSF_A,2800,272,16,112,16,16,0,1,1,4294967295
tileSF_A,2800,288,16,112,16,16,0,1,1,4294967295
tileSF_A,2784,288,16,112,16,16,0,1,1,4294967295
tileSF_A,2768,288,16,112,16,16,0,1,1,4294967295
tileSF_A,2752,288,16,112,16,16,0,1,1,4294967295
tileSF_A,2736,288,16,112,16,16,0,1,1,4294967295
tileSF_A,2720,288,16,112,16,16,0,1,1,4294967295
tileSF_A,2864,256,16,112,16,16,0,1,1,4294967295
tileSF_A,2848,256,16,112,16,16,0,1,1,4294967295
tileSF_A,2832,256,16,112,16,16,0,1,1,4294967295
tileSF_A,2816,256,16,112,16,16,0,1,1,4294967295
tileSF_A,2816,272,16,112,16,16,0,1,1,4294967295
tileSF_A,2832,272,16,112,16,16,0,1,1,4294967295
tileSF_A,2848,272,16,112,16,16,0,1,1,4294967295
tileSF_A,2864,272,16,112,16,16,0,1,1,4294967295
tileSF_A,2864,288,16,112,16,16,0,1,1,4294967295
tileSF_A,2848,288,16,112,16,16,0,1,1,4294967295
tileSF_A,2832,288,16,112,16,16,0,1,1,4294967295
tileSF_A,2816,288,16,112,16,16,0,1,1,4294967295
tileSF_A,2752,240,80,128,16,16,0,1,1,4294967295
tileSF_A,2752,224,80,128,16,16,0,1,1,4294967295
tileSF_A,2752,208,80,128,16,16,0,1,1,4294967295
tileSF_A,2752,192,80,128,16,16,0,1,1,4294967295
tileSF_A,2752,176,80,128,16,16,0,1,1,4294967295
tileSF_A,2752,48,0,112,32,16,0,1,1,4294967295
tileSF_A,2752,16,48,80,16,32,0,1,1,4294967295
tileSF_A,2752,0,48,80,16,16,0,1,1,4294967295
tileSF_A,2864,48,16,112,16,16,0,1,1,4294967295
tileSF_A,2848,48,16,112,16,16,0,1,1,4294967295
tileSF_A,2832,48,16,112,16,16,0,1,1,4294967295
tileSF_A,2816,48,16,112,16,16,0,1,1,4294967295
tileSF_A,2800,48,16,112,16,16,0,1,1,4294967295
tileSF_A,2784,48,16,112,16,16,0,1,1,4294967295
tileSF_A,2928,48,16,112,16,16,0,1,1,4294967295
tileSF_A,2912,48,16,112,16,16,0,1,1,4294967295
tileSF_A,2896,48,16,112,16,16,0,1,1,4294967295
tileSF_A,2880,48,16,112,16,16,0,1,1,4294967295
tileSF_A,2928,256,16,112,16,16,0,1,1,4294967295
tileSF_A,2912,256,16,112,16,16,0,1,1,4294967295
tileSF_A,2896,256,16,112,16,16,0,1,1,4294967295
tileSF_A,2880,256,16,112,16,16,0,1,1,4294967295
tileSF_A,2880,272,16,112,16,16,0,1,1,4294967295
tileSF_A,2896,272,16,112,16,16,0,1,1,4294967295
tileSF_A,2912,272,16,112,16,16,0,1,1,4294967295
tileSF_A,2928,272,16,112,16,16,0,1,1,4294967295
tileSF_A,2880,288,16,112,32,16,0,1,1,4294967295
tileSF_A,2944,256,16,112,16,16,0,1,1,4294967295
tileSF_A,2960,256,16,112,16,16,0,1,1,4294967295
tileSF_A,2976,256,16,112,16,16,0,1,1,4294967295
tileSF_A,2992,256,16,112,16,16,0,1,1,4294967295
tileSF_A,2944,272,16,112,16,16,0,1,1,4294967295
tileSF_A,2960,272,16,112,16,16,0,1,1,4294967295
tileSF_A,2976,272,16,112,16,16,0,1,1,4294967295
tileSF_A,2992,272,16,112,16,16,0,1,1,4294967295
tileSF_A,2848,64,0,112,32,16,0,1,1,4294967295
tileSF_A,2848,80,0,112,32,16,0,1,1,4294967295
tileSF_A,2848,96,0,112,32,16,0,1,1,4294967295
tileSF_A,2880,96,16,112,16,16,0,1,1,4294967295
tileSF_A,2896,96,16,112,16,16,0,1,1,4294967295
tileSF_A,2912,96,16,112,16,16,0,1,1,4294967295
tileSF_A,2928,96,16,112,16,16,0,1,1,4294967295
tileSF_A,2944,96,16,112,16,16,0,1,1,4294967295
tileSF_A,2960,96,16,112,16,16,0,1,1,4294967295
tileSF_A,2976,96,16,112,16,16,0,1,1,4294967295
tileSF_A,2992,96,16,112,16,16,0,1,1,4294967295
tileSF_A,3008,96,16,112,16,16,0,1,1,4294967295
tileSF_A,3024,96,16,112,16,16,0,1,1,4294967295
tileSF_A,2944,48,16,112,16,16,0,1,1,4294967295
tileSF_A,2960,48,16,112,16,16,0,1,1,4294967295
tileSF_A,2976,48,16,112,16,16,0,1,1,4294967295
tileSF_A,2992,48,16,112,16,16,0,1,1,4294967295
tileSF_A,3008,48,16,112,16,16,0,1,1,4294967295
tileSF_A,3024,48,16,112,16,16,0,1,1,4294967295
tileSF_A,2880,64,160,0,32,32,0,1,1,4294967295
tileSF_A,2944,64,160,0,32,32,0,1,1,4294967295
tileSF_A,3008,64,160,32,32,32,0,1,1,4294967295
tileSF_A,2912,64,16,112,16,16,0,1,1,4294967295
tileSF_A,2928,64,16,112,16,16,0,1,1,4294967295
tileSF_A,2912,80,16,112,16,16,0,1,1,4294967295
tileSF_A,2928,80,16,112,16,16,0,1,1,4294967295
tileSF_A,2976,64,16,112,16,16,0,1,1,4294967295
tileSF_A,2992,64,16,112,16,16,0,1,1,4294967295
tileSF_A,2976,80,16,112,16,16,0,1,1,4294967295
tileSF_A,2992,80,16,112,16,16,0,1,1,4294967295
tileSF_A,3040,48,16,112,16,16,0,1,1,4294967295
tileSF_A,3056,48,16,112,16,16,0,1,1,4294967295
tileSF_A,3072,48,16,112,16,16,0,1,1,4294967295
tileSF_A,3088,48,16,112,16,16,0,1,1,4294967295
tileSF_A,3088,64,16,112,16,16,0,1,1,4294967295
tileSF_A,3088,80,16,112,16,16,0,1,1,4294967295
tileSF_A,3088,96,16,112,16,16,0,1,1,4294967295
tileSF_A,3072,96,16,112,16,16,0,1,1,4294967295
tileSF_A,3056,96,16,112,16,16,0,1,1,4294967295
tileSF_A,3040,96,16,112,16,16,0,1,1,4294967295
tileSF_A,3040,80,16,112,16,16,0,1,1,4294967295
tileSF_A,3040,64,16,112,16,16,0,1,1,4294967295
tileSF_A,3056,64,16,112,16,16,0,1,1,4294967295
tileSF_A,3072,64,16,112,16,16,0,1,1,4294967295
tileSF_A,3072,80,16,112,16,16,0,1,1,4294967295
tileSF_A,3056,80,16,112,16,16,0,1,1,4294967295
tileSF_A,3008,288,64,112,32,16,0,1,1,4294967295
tileSF_A,3040,304,64,112,32,16,0,1,1,4294967295
tileSF_A,3008,256,16,112,16,16,0,1,1,4294967295
tileSF_A,3024,256,16,112,16,16,0,1,1,4294967295
tileSF_A,3040,256,16,112,16,16,0,1,1,4294967295
tileSF_A,3056,256,16,112,16,16,0,1,1,4294967295
tileSF_A,3008,272,16,112,16,16,0,1,1,4294967295
tileSF_A,3024,272,16,112,16,16,0,1,1,4294967295
tileSF_A,3040,272,16,112,16,16,0,1,1,4294967295
tileSF_A,3056,272,16,112,16,16,0,1,1,4294967295
tileSF_A,3040,288,16,112,16,16,0,1,1,4294967295
tileSF_A,3056,288,16,112,16,16,0,1,1,4294967295
tileSF_A,3072,304,16,112,16,16,0,1,1,4294967295
tileSF_A,3088,304,16,112,16,16,0,1,1,4294967295
tileSF_A,3072,256,16,112,16,16,0,1,1,4294967295
tileSF_A,3088,256,16,112,16,16,0,1,1,4294967295
tileSF_A,3104,256,16,112,16,16,0,1,1,4294967295
tileSF_A,3120,256,16,112,16,16,0,1,1,4294967295
tileSF_A,3104,304,16,112,16,16,0,1,1,4294967295
tileSF_A,3120,304,16,112,16,16,0,1,1,4294967295
tileSF_A,3136,256,16,112,16,16,0,1,1,4294967295
tileSF_A,3152,256,16,112,16,16,0,1,1,4294967295
tileSF_A,3136,304,16,112,16,16,0,1,1,4294967295
tileSF_A,3152,304,16,112,16,16,0,1,1,4294967295
tileSF_A,3072,272,160,32,32,32,0,1,1,4294967295
tileSF_A,3136,272,160,32,32,32,0,1,1,4294967295
tileSF_A,3104,272,16,112,16,16,0,1,1,4294967295
tileSF_A,3120,272,16,112,16,16,0,1,1,4294967295
tileSF_A,3120,288,16,112,16,16,0,1,1,4294967295
tileSF_A,3104,288,16,112,16,16,0,1,1,4294967295
tileSF_A,3168,256,16,112,16,16,0,1,1,4294967295
tileSF_A,3184,256,16,112,16,16,0,1,1,4294967295
tileSF_A,3200,256,16,112,16,16,0,1,1,4294967295
tileSF_A,3216,256,16,112,16,16,0,1,1,4294967295
tileSF_A,3216,272,16,112,16,16,0,1,1,4294967295
tileSF_A,3200,272,16,112,16,16,0,1,1,4294967295
tileSF_A,3184,272,16,112,16,16,0,1,1,4294967295
tileSF_A,3168,272,16,112,16,16,0,1,1,4294967295
tileSF_A,3168,288,16,112,16,16,0,1,1,4294967295
tileSF_A,3184,288,16,112,16,16,0,1,1,4294967295
tileSF_A,3200,288,16,112,16,16,0,1,1,4294967295
tileSF_A,3216,288,16,112,16,16,0,1,1,4294967295
tileSF_A,3216,304,16,112,16,16,0,1,1,4294967295
tileSF_A,3200,304,16,112,16,16,0,1,1,4294967295
tileSF_A,3184,304,16,112,16,16,0,1,1,4294967295
tileSF_A,3168,304,16,112,16,16,0,1,1,4294967295
tileSF_A,3232,304,16,112,32,16,0,1,1,4294967295
tileSF_A,3232,288,16,112,32,16,0,1,1,4294967295
tileSF_A,3264,272,16,112,32,16,0,1,1,4294967295
tileSF_A,3264,256,16,112,32,16,0,1,1,4294967295
tileSF_A,3232,256,16,112,16,16,0,1,1,4294967295
tileSF_A,3248,256,16,112,16,16,0,1,1,4294967295
tileSF_A,3248,272,16,112,16,16,0,1,1,4294967295
tileSF_A,3232,272,16,112,16,16,0,1,1,4294967295
tileSF_A,3104,48,16,112,16,16,0,1,1,4294967295
tileSF_A,3120,48,16,112,16,16,0,1,1,4294967295
tileSF_A,3136,48,16,112,16,16,0,1,1,4294967295
tileSF_A,3152,48,16,112,16,16,0,1,1,4294967295
tileSF_A,3152,64,16,112,16,16,0,1,1,4294967295
tileSF_A,3136,64,16,112,16,16,0,1,1,4294967295
tileSF_A,3120,64,16,112,16,16,0,1,1,4294967295
tileSF_A,3104,64,16,112,16,16,0,1,1,4294967295
tileSF_A,3104,80,16,112,16,16,0,1,1,4294967295
tileSF_A,3120,80,16,112,16,16,0,1,1,4294967295
tileSF_A,3136,80,16,112,16,16,0,1,1,4294967295
tileSF_A,3152,80,16,112,16,16,0,1,1,4294967295
tileSF_A,3152,96,16,112,16,16,0,1,1,4294967295
tileSF_A,3136,96,16,112,16,16,0,1,1,4294967295
tileSF_A,3120,96,16,112,16,16,0,1,1,4294967295
tileSF_A,3104,96,16,112,16,16,0,1,1,4294967295
tileSF_A,3184,240,80,128,16,16,0,1,1,4294967295
tileSF_A,3184,224,80,128,16,16,0,1,1,4294967295
tileSF_A,3184,208,80,128,16,16,0,1,1,4294967295
tileSF_A,3184,192,80,128,16,16,0,1,1,4294967295
tileSF_A,3184,176,80,128,16,16,0,1,1,4294967295
tileSF_A,3168,96,16,112,32,16,0,1,1,4294967295
tileSF_A,3168,80,16,112,32,16,0,1,1,4294967295
tileSF_A,3200,48,16,112,32,16,0,1,1,4294967295
tileSF_A,3200,64,16,112,32,16,0,1,1,4294967295
tileSF_A,3168,48,16,112,16,16,0,1,1,4294967295
tileSF_A,3184,48,16,112,16,16,0,1,1,4294967295
tileSF_A,3184,64,16,112,16,16,0,1,1,4294967295
tileSF_A,3168,64,16,112,16,16,0,1,1,4294967295
tileSF_A,3456,352,128,80,16,16,0,1,1,4294967295
tileSF_A,3472,368,64,112,32,16,0,1,1,4294967295
tileSF_A,3472,352,16,112,16,16,0,1,1,4294967295
tileSF_A,3488,352,16,112,16,16,0,1,1,4294967295
tileSF_A,3504,352,16,112,16,16,0,1,1,4294967295
tileSF_A,3504,368,16,112,16,16,0,1,1,4294967295
tileSF_A,3520,352,16,112,16,16,0,1,1,4294967295
tileSF_A,3536,352,16,112,16,16,0,1,1,4294967295
tileSF_A,3552,352,16,112,16,16,0,1,1,4294967295
tileSF_A,3568,352,16,112,16,16,0,1,1,4294967295
tileSF_A,3568,368,16,112,16,16,0,1,1,4294967295
tileSF_A,3552,368,16,112,16,16,0,1,1,4294967295
tileSF_A,3536,368,16,112,16,16,0,1,1,4294967295
tileSF_A,3520,368,16,112,16,16,0,1,1,4294967295
tileSF_A,3600,336,0,112,32,16,0,1,1,4294967295
tileSF_A,3664,320,0,112,32,16,0,1,1,4294967295
tileSF_A,3728,304,0,112,32,16,0,1,1,4294967295
tileSF_A,3792,288,0,112,32,16,0,1,1,4294967295
tileSF_A,3856,272,0,112,32,16,0,1,1,4294967295
tileSF_A,3920,256,0,112,32,16,0,1,1,4294967295
tileSF_A,3984,240,0,112,32,16,0,1,1,4294967295
tileSF_A,4048,224,0,112,32,16,0,1,1,4294967295
tileSF_A,4112,208,0,112,32,16,0,1,1,4294967295
tileSF_A,4176,192,0,112,32,16,0,1,1,4294967295
tileSF_A,4240,176,0,112,32,16,0,1,1,4294967295
tileSF_A,3584,368,16,112,16,16,0,1,1,4294967295
tileSF_A,3600,368,16,112,16,16,0,1,1,4294967295
tileSF_A,3616,368,16,112,16,16,0,1,1,4294967295
tileSF_A,3632,368,16,112,16,16,0,1,1,4294967295
tileSF_A,3648,368,16,112,16,16,0,1,1,4294967295
tileSF_A,3664,368,16,112,16,16,0,1,1,4294967295
tileSF_A,3680,368,16,112,16,16,0,1,1,4294967295
tileSF_A,3696,368,16,112,16,16,0,1,1,4294967295
tileSF_A,3584,352,16,112,16,16,0,1,1,4294967295
tileSF_A,3600,352,16,112,16,16,0,1,1,4294967295
tileSF_A,3616,352,16,112,16,16,0,1,1,4294967295
tileSF_A,3632,352,16,112,16,16,0,1,1,4294967295
tileSF_A,3648,352,16,112,16,16,0,1,1,4294967295
tileSF_A,3664,352,16,112,16,16,0,1,1,4294967295
tileSF_A,3680,352,16,112,16,16,0,1,1,4294967295
tileSF_A,3696,352,16,112,16,16,0,1,1,4294967295
tileSF_A,3712,368,16,112,32,16,0,1,1,4294967295
tileSF_A,3776,352,16,112,32,16,0,1,1,4294967295
tileSF_A,3840,336,16,112,32,16,0,1,1,4294967295
tileSF_A,3904,320,16,112,32,16,0,1,1,4294967295
tileSF_A,3968,304,16,112,32,16,0,1,1,4294967295
tileSF_A,4032,288,16,112,32,16,0,1,1,4294967295
tileSF_A,4096,272,16,112,32,16,0,1,1,4294967295
tileSF_A,4160,256,16,112,32,16,0,1,1,4294967295
tileSF_A,4224,240,16,112,32,16,0,1,1,4294967295
tileSF_A,3712,352,16,112,16,16,0,1,1,4294967295
tileSF_A,3728,352,16,112,16,16,0,1,1,4294967295
tileSF_A,3744,352,16,112,16,16,0,1,1,4294967295
tileSF_A,3760,352,16,112,16,16,0,1,1,4294967295
tileSF_A,3824,336,16,112,16,16,0,1,1,4294967295
tileSF_A,3808,336,16,112,16,16,0,1,1,4294967295
tileSF_A,3792,336,16,112,16,16,0,1,1,4294967295
tileSF_A,3776,336,16,112,16,16,0,1,1,4294967295
tileSF_A,3760,336,16,112,16,16,0,1,1,4294967295
tileSF_A,3744,336,16,112,16,16,0,1,1,4294967295
tileSF_A,3728,336,16,112,16,16,0,1,1,4294967295
tileSF_A,3712,336,16,112,16,16,0,1,1,4294967295
tileSF_A,3696,336,16,112,16,16,0,1,1,4294967295
tileSF_A,3680,336,16,112,16,16,0,1,1,4294967295
tileSF_A,3664,336,16,112,16,16,0,1,1,4294967295
tileSF_A,3648,336,16,112,16,16,0,1,1,4294967295
tileSF_A,3632,336,16,112,16,16,0,1,1,4294967295
tileSF_A,3696,320,16,112,16,16,0,1,1,4294967295
tileSF_A,3712,320,16,112,16,16,0,1,1,4294967295
tileSF_A,3728,320,16,112,16,16,0,1,1,4294967295
tileSF_A,3744,320,16,112,16,16,0,1,1,4294967295
tileSF_A,3760,320,16,112,16,16,0,1,1,4294967295
tileSF_A,3776,320,16,112,16,16,0,1,1,4294967295
tileSF_A,3760,304,16,112,16,16,0,1,1,4294967295
tileSF_A,3776,304,16,112,16,16,0,1,1,4294967295
tileSF_A,3792,304,16,112,16,16,0,1,1,4294967295
tileSF_A,3808,304,16,112,16,16,0,1,1,4294967295
tileSF_A,3824,304,16,112,16,16,0,1,1,4294967295
tileSF_A,3840,304,16,112,16,16,0,1,1,4294967295
tileSF_A,3856,304,16,112,16,16,0,1,1,4294967295
tileSF_A,3824,288,16,112,16,16,0,1,1,4294967295
tileSF_A,3840,288,16,112,16,16,0,1,1,4294967295
tileSF_A,3856,288,16,112,16,16,0,1,1,4294967295
tileSF_A,3872,288,16,112,16,16,0,1,1,4294967295
tileSF_A,3888,288,16,112,16,16,0,1,1,4294967295
tileSF_A,3904,288,16,112,16,16,0,1,1,4294967295
tileSF_A,3888,272,16,112,16,16,0,1,1,4294967295
tileSF_A,3904,272,16,112,16,16,0,1,1,4294967295
tileSF_A,3920,272,16,112,16,16,0,1,1,4294967295
tileSF_A,3936,272,16,112,16,16,0,1,1,4294967295
tileSF_A,3952,272,16,112,16,16,0,1,1,4294967295
tileSF_A,3968,272,16,112,16,16,0,1,1,4294967295
tileSF_A,3952,256,16,112,16,16,0,1,1,4294967295
tileSF_A,3968,256,16,112,16,16,0,1,1,4294967295
tileSF_A,3984,256,16,112,16,16,0,1,1,4294967295
tileSF_A,4000,256,16,112,16,16,0,1,1,4294967295
tileSF_A,4016,256,16,112,16,16,0,1,1,4294967295
tileSF_A,4208,192,16,112,16,16,0,1,1,4294967295
tileSF_A,4224,192,16,112,16,16,0,1,1,4294967295
tileSF_A,4240,192,16,112,16,16,0,1,1,4294967295
tileSF_A,4240,208,16,112,16,16,0,1,1,4294967295
tileSF_A,4224,208,16,112,16,16,0,1,1,4294967295
tileSF_A,4208,208,16,112,16,16,0,1,1,4294967295
tileSF_A,4192,208,16,112,16,16,0,1,1,4294967295
tileSF_A,4176,208,16,112,16,16,0,1,1,4294967295
tileSF_A,4160,208,16,112,16,16,0,1,1,4294967295
tileSF_A,4144,208,16,112,16,16,0,1,1,4294967295
tileSF_A,4240,224,16,112,16,16,0,1,1,4294967295
tileSF_A,4224,224,16,112,16,16,0,1,1,4294967295
tileSF_A,4208,224,16,112,16,16,0,1,1,4294967295
tileSF_A,4192,224,16,112,16,16,0,1,1,4294967295
tileSF_A,4176,224,16,112,16,16,0,1,1,4294967295
tileSF_A,4160,224,16,112,16,16,0,1,1,4294967295
tileSF_A,4144,224,16,112,16,16,0,1,1,4294967295
tileSF_A,4128,224,16,112,16,16,0,1,1,4294967295
tileSF_A,4112,224,16,112,16,16,0,1,1,4294967295
tileSF_A,4096,224,16,112,16,16,0,1,1,4294967295
tileSF_A,4080,224,16,112,16,16,0,1,1,4294967295
tileSF_A,4016,240,16,112,16,16,0,1,1,4294967295
tileSF_A,4032,240,16,112,16,16,0,1,1,4294967295
tileSF_A,4048,240,16,112,16,16,0,1,1,4294967295
tileSF_A,4064,240,16,112,16,16,0,1,1,4294967295
tileSF_A,4080,240,16,112,16,16,0,1,1,4294967295
tileSF_A,4096,240,16,112,16,16,0,1,1,4294967295
tileSF_A,4112,240,16,112,16,16,0,1,1,4294967295
tileSF_A,4128,240,16,112,16,16,0,1,1,4294967295
tileSF_A,4144,240,16,112,16,16,0,1,1,4294967295
tileSF_A,4160,240,16,112,16,16,0,1,1,4294967295
tileSF_A,4176,240,16,112,16,16,0,1,1,4294967295
tileSF_A,4192,240,16,112,16,16,0,1,1,4294967295
tileSF_A,4208,240,16,112,16,16,0,1,1,4294967295
tileSF_A,4144,256,16,112,16,16,0,1,1,4294967295
tileSF_A,4128,256,16,112,16,16,0,1,1,4294967295
tileSF_A,4112,256,16,112,16,16,0,1,1,4294967295
tileSF_A,4096,256,16,112,16,16,0,1,1,4294967295
tileSF_A,4080,256,16,112,16,16,0,1,1,4294967295
tileSF_A,4064,256,16,112,16,16,0,1,1,4294967295
tileSF_A,4048,256,16,112,16,16,0,1,1,4294967295
tileSF_A,4032,256,16,112,16,16,0,1,1,4294967295
tileSF_A,3984,272,16,112,16,16,0,1,1,4294967295
tileSF_A,4000,272,16,112,16,16,0,1,1,4294967295
tileSF_A,4016,272,16,112,16,16,0,1,1,4294967295
tileSF_A,4032,272,16,112,16,16,0,1,1,4294967295
tileSF_A,4048,272,16,112,16,16,0,1,1,4294967295
tileSF_A,4064,272,16,112,16,16,0,1,1,4294967295
tileSF_A,4016,288,16,112,16,16,0,1,1,4294967295
tileSF_A,4000,288,16,112,16,16,0,1,1,4294967295
tileSF_A,3984,288,16,112,16,16,0,1,1,4294967295
tileSF_A,3968,288,16,112,16,16,0,1,1,4294967295
tileSF_A,4080,272,16,112,16,16,0,1,1,4294967295
tileSF_A,3952,288,16,112,16,16,0,1,1,4294967295
tileSF_A,3936,288,16,112,16,16,0,1,1,4294967295
tileSF_A,3920,288,16,112,16,16,0,1,1,4294967295
tileSF_A,3952,304,16,112,16,16,0,1,1,4294967295
tileSF_A,3936,304,16,112,16,16,0,1,1,4294967295
tileSF_A,3920,304,16,112,16,16,0,1,1,4294967295
tileSF_A,3904,304,16,112,16,16,0,1,1,4294967295
tileSF_A,3888,304,16,112,16,16,0,1,1,4294967295
tileSF_A,3872,304,16,112,16,16,0,1,1,4294967295
tileSF_A,3792,320,16,112,16,16,0,1,1,4294967295
tileSF_A,3808,320,16,112,16,16,0,1,1,4294967295
tileSF_A,3824,320,16,112,16,16,0,1,1,4294967295
tileSF_A,3840,320,16,112,16,16,0,1,1,4294967295
tileSF_A,3856,320,16,112,16,16,0,1,1,4294967295
tileSF_A,3872,320,16,112,16,16,0,1,1,4294967295
tileSF_A,3888,320,16,112,16,16,0,1,1,4294967295
tileSF_A,4256,224,16,112,32,16,0,1,1,4294967295
tileSF_A,4256,208,16,112,32,16,0,1,1,4294967295
tileSF_A,4352,192,16,112,32,16,0,1,1,4294967295
tileSF_A,4272,176,16,112,16,16,0,1,1,4294967295
tileSF_A,4288,176,16,112,16,16,0,1,1,4294967295
tileSF_A,4304,176,16,112,16,16,0,1,1,4294967295
tileSF_A,4320,176,16,112,16,16,0,1,1,4294967295
tileSF_A,4336,176,16,112,16,16,0,1,1,4294967295
tileSF_A,4352,176,16,112,32,16,0,1,1,4294967295
tileSF_A,4256,192,16,112,16,16,0,1,1,4294967295
tileSF_A,4272,192,16,112,16,16,0,1,1,4294967295
tileSF_A,4288,192,16,112,16,16,0,1,1,4294967295
tileSF_A,4304,192,16,112,16,16,0,1,1,4294967295
tileSF_A,4320,192,16,112,16,16,0,1,1,4294967295
tileSF_A,4336,192,16,112,16,16,0,1,1,4294967295
tileSF_A,3584,336,80,128,16,16,0,1,1,4294967295
tileSF_A,3648,320,80,128,16,16,0,1,1,4294967295
tileSF_A,3712,304,80,128,16,16,0,1,1,4294967295
tileSF_A,3776,288,80,128,16,16,0,1,1,4294967295
tileSF_A,3840,272,80,128,16,16,0,1,1,4294967295
tileSF_A,3904,256,80,128,16,16,0,1,1,4294967295
tileSF_A,3968,240,80,128,16,16,0,1,1,4294967295
tileSF_A,4032,224,80,128,16,16,0,1,1,4294967295
tileSF_A,4096,208,80,128,16,16,0,1,1,4294967295
tileSF_A,4160,192,80,128,16,16,0,1,1,4294967295
tileSF_A,4224,176,80,128,16,16,0,1,1,4294967295
tileSF_A,3584,320,176,112,16,16,0,1,1,4294967295
tileSF_A,3648,304,176,112,16,16,0,1,1,4294967295
tileSF_A,3712,288,176,112,16,16,0,1,1,4294967295
tileSF_A,3776,272,176,112,16,16,0,1,1,4294967295
tileSF_A,3840,256,176,112,16,16,0,1,1,4294967295
tileSF_A,3904,240,176,112,16,16,0,1,1,4294967295
tileSF_A,3968,224,176,112,16,16,0,1,1,4294967295
tileSF_A,4032,208,176,112,16,16,0,1,1,4294967295
tileSF_A,4096,192,176,112,16,16,0,1,1,4294967295
tileSF_A,4160,176,176,112,16,16,0,1,1,4294967295
tileSF_A,4272,160,160,112,16,16,0,1,1,4294967295
tileSF_A,4288,160,48,112,16,16,0,1,1,4294967295
tileSF_A,4304,160,48,96,16,16,0,1,1,4294967295
tileSF_A,4304,144,48,64,16,16,0,1,1,4294967295
tileSF_A,4288,144,160,112,16,16,0,1,1,4294967295
tileSF_A,4304,128,160,112,16,16,0,1,1,4294967295
tileSF_A,4512,224,80,0,32,32,0,1,1,4294967295
tileSF_A,4544,224,96,0,32,32,0,1,1,4294967295
tileSF_A,4576,224,96,0,32,32,0,1,1,4294967295
tileSF_A,4608,224,96,0,32,32,0,1,1,4294967295
tileSF_A,4640,224,96,0,32,32,0,1,1,4294967295
tileSF_A,4672,224,96,0,32,32,0,1,1,4294967295
tileSF_A,4704,224,96,0,32,32,0,1,1,4294967295
tileSF_A,4736,224,96,0,32,32,0,1,1,4294967295
tileSF_A,4768,224,96,0,32,32,0,1,1,4294967295
tileSF_A,4512,256,80,16,32,32,0,1,1,4294967295
tileSF_A,4512,288,80,16,32,32,0,1,1,4294967295
tileSF_A,4512,320,80,16,32,32,0,1,1,4294967295
tileSF_A,4512,352,80,16,32,32,0,1,1,4294967295
tileSF_A,4512,384,80,16,32,32,0,1,1,4294967295
tileSF_A,4576,256,96,16,32,32,0,1,1,4294967295
tileSF_A,4608,256,96,16,32,32,0,1,1,4294967295
tileSF_A,4544,256,96,16,32,32,0,1,1,4294967295
tileSF_A,4544,288,96,16,32,32,0,1,1,4294967295
tileSF_A,4544,320,96,16,32,32,0,1,1,4294967295
tileSF_A,4544,352,96,16,32,32,0,1,1,4294967295
tileSF_A,4544,384,96,16,32,32,0,1,1,4294967295
tileSF_A,4576,384,96,16,32,32,0,1,1,4294967295
tileSF_A,4576,352,96,16,32,32,0,1,1,4294967295
tileSF_A,4576,320,96,16,32,32,0,1,1,4294967295
tileSF_A,4576,288,96,16,32,32,0,1,1,4294967295
tileSF_A,4608,288,96,16,32,32,0,1,1,4294967295
tileSF_A,4608,320,96,16,32,32,0,1,1,4294967295
tileSF_A,4608,352,96,16,32,32,0,1,1,4294967295
tileSF_A,4608,384,96,16,32,32,0,1,1,4294967295
tileSF_A,4640,256,96,16,32,32,0,1,1,4294967295
tileSF_A,4640,288,96,16,32,32,0,1,1,4294967295
tileSF_A,4640,320,96,16,32,32,0,1,1,4294967295
tileSF_A,4640,352,96,16,32,32,0,1,1,4294967295
tileSF_A,4640,384,96,16,32,32,0,1,1,4294967295
tileSF_A,4672,384,96,16,32,32,0,1,1,4294967295
tileSF_A,4672,352,96,16,32,32,0,1,1,4294967295
tileSF_A,4672,320,96,16,32,32,0,1,1,4294967295
tileSF_A,4672,288,96,16,32,32,0,1,1,4294967295
tileSF_A,4672,256,96,16,32,32,0,1,1,4294967295
tileSF_A,4704,256,96,16,32,32,0,1,1,4294967295
tileSF_A,4704,288,96,16,32,32,0,1,1,4294967295
tileSF_A,4704,320,96,16,32,32,0,1,1,4294967295
tileSF_A,4704,352,96,16,32,32,0,1,1,4294967295
tileSF_A,4704,384,96,16,32,32,0,1,1,4294967295
tileSF_A,4736,384,96,16,32,32,0,1,1,4294967295
tileSF_A,4736,352,96,16,32,32,0,1,1,4294967295
tileSF_A,4736,320,96,16,32,32,0,1,1,4294967295
tileSF_A,4736,288,96,16,32,32,0,1,1,4294967295
tileSF_A,4736,256,96,16,32,32,0,1,1,4294967295
tileSF_A,4768,256,96,16,32,32,0,1,1,4294967295
tileSF_A,4768,288,96,16,32,32,0,1,1,4294967295
tileSF_A,4768,320,96,16,32,32,0,1,1,4294967295
tileSF_A,4768,352,96,16,32,32,0,1,1,4294967295
tileSF_A,4768,384,96,16,32,32,0,1,1,4294967295
