oExit,0,272,002B62A4,0,1,1,4294967295,0,1
oExit,0,624,0024E6BA,0,1,1,4294967295,0,1
oSignPost,224,112,0026CCB0,0,1,1,4294967295,0,1
oSignPost,144,176,0030A727,0,1,1,4294967295,0,1
oABubblePile,216,464,001F0235,0,1,1,4294967295,0,0
oExit,1456,496,00340E13,0,1,1,4294967295,0,1
oWarpStatue,1408,528,002E373C,0,1,1,4294967295,0,1
oABubblePile,1176,640,002F7B76,0,1,1,4294967295,0,0
oWaterSwitch,416,272,0001909E,0,1,1,4294967295,0,1
oWaterSwitch,544,80,002EB433,0,1,1,4294967295,0,1
oWaterSwitch,640,464,002336B8,0,1,1,4294967295,0,1
oWaterSwitch,928,272,000A2919,0,1,1,4294967295,0,1
oWaterSwitch,992,96,002FF714,0,1,1,4294967295,0,1
oWaterSwitch,480,624,002D585F,0,1,1,4294967295,0,1
oWaterSwitch,1072,632,00212969,0,1,1,4294967295,0,1
oWaterSwitch,160,592,001FD4E6,0,1,1,4294967295,0,1
oWaterFloatPlatform,648,112,0023B13A,0,1,1,4294967295,0,0
oWaterFloatPlatform,520,304,002461EB,0,1,1,4294967295,0,0
oWaterFloatPlatform,712,496,0038F374,0,1,1,4294967295,0,0
oWaterFloatPlatform,968,496,002901AF,0,1,1,4294967295,0,0
oWaterFloatPlatform,776,304,0020D3B5,0,1,1,4294967295,0,0
oWaterFloatPlatform,1032,144,001D22CF,0,1,1,4294967295,0,0
oEventBarrier,1344,400,00186B17,0,1,1,4294967295,0,1
oZeldaBreakPot,312,288,003BBD66,0,1,1,4294967295,0,0
oWeaponLevelUpgrade,1176,448,00301F0D,0,1,1,4294967295,0,1
oPushRock,800,80,0039EF38,0,1,1,4294967295,0,0
oPushRock,1248,80,002BFAA9,0,1,1,4294967295,0,0
oSkullFish,432,464,0028C683,0,1,1,4294967295,0,0
oSkullFish,848,624,00204820,0,1,1,4294967295,0,0
oSkullFish,768,272,0017CFF9,0,1,1,4294967295,0,0
oPlayer1,48,304,0014D874,0,1,1,4294967295,0,0
oWaterVolume,0,368,000FDC69,0,1,1,4294967295,0,1
oInvCollPH,16,304,0014EE90,0,1,1,4294967295,0,0
oInvCollPH,32,304,0033C3FC,0,1,1,4294967295,0,0
oInvCollPH,48,304,00293221,0,1,1,4294967295,0,0
oInvCollPH,112,304,0013E5CF,0,1,1,4294967295,0,0
oInvCollPH,96,304,0038ACD7,0,1,1,4294967295,0,0
oInvCollPH,80,304,0000A0A5,0,1,1,4294967295,0,0
oInvCollPH,64,304,0036D9DB,0,1,1,4294967295,0,0
oInvCollPH,128,304,002B0652,0,1,1,4294967295,0,0
oInvCollPH,144,304,0039FD12,0,1,1,4294967295,0,0
oInvCollPH,160,304,0038FB2C,0,1,1,4294967295,0,0
oInvCollPH,176,304,001C903C,0,1,1,4294967295,0,0
oInvCollPH,176,320,0015AF7B,0,1,1,4294967295,0,0
oInvCollPH,176,336,000B9686,0,1,1,4294967295,0,0
oInvCollPH,176,352,0035D3C6,0,1,1,4294967295,0,0
oInvCollPH,176,368,001688A5,0,1,1,4294967295,0,0
oInvCollPH,176,384,00185AE1,0,1,1,4294967295,0,0
oInvCollPH,176,400,002D55F4,0,1,1,4294967295,0,0
oInvCollPH,160,400,0038159C,0,1,1,4294967295,0,0
oInvCollPH,144,400,002C858F,0,1,1,4294967295,0,0
oInvCollPH,128,400,002050B1,0,1,1,4294967295,0,0
oInvCollPH,112,400,00131C4D,0,1,1,4294967295,0,0
oInvCollPH,96,400,000E57A6,0,1,1,4294967295,0,0
oInvCollPH,80,400,0001F217,0,1,1,4294967295,0,0
oInvCollPH,64,400,00118983,0,1,1,4294967295,0,0
oInvCollPH,48,416,0016B0F9,0,1,1,4294967295,0,0
oInvCollPH,48,432,00209A45,0,1,1,4294967295,0,0
oInvCollPH,48,448,0018286E,0,1,1,4294967295,0,0
oInvCollPH,48,464,00075174,0,1,1,4294967295,0,0
oInvCollPH,48,480,00240DFA,0,1,1,4294967295,0,0
oInvCollPH,48,496,002FC4CC,0,1,1,4294967295,0,0
oInvCollPH,48,512,001CFD72,0,1,1,4294967295,0,0
oInvCollPH,48,528,00223B51,0,1,1,4294967295,0,0
oInvCollPH,48,544,002CB791,0,1,1,4294967295,0,0
oInvCollPH,32,544,0030CCEF,0,1,1,4294967295,0,0
oInvCollPH,16,544,003B36E3,0,1,1,4294967295,0,0
oInvCollPH,0,544,000E940F,0,1,1,4294967295,0,0
oInvCollPH,16,656,0036B3EA,0,1,1,4294967295,0,0
oInvCollPH,32,656,00331D33,0,1,1,4294967295,0,0
oInvCollPH,48,656,002609BD,0,1,1,4294967295,0,0
oInvCollPH,64,656,000046AE,0,1,1,4294967295,0,0
oInvCollPH,80,656,002E4E96,0,1,1,4294967295,0,0
oInvCollPH,96,656,001614D7,0,1,1,4294967295,0,0
oInvCollPH,112,656,00337415,0,1,1,4294967295,0,0
oInvCollPH,128,496,002BE0B6,0,1,1,4294967295,0,0
oInvCollPH,128,512,003274A6,0,1,1,4294967295,0,0
oInvCollPH,128,528,0021D53E,0,1,1,4294967295,0,0
oInvCollPH,128,544,001F8AEC,0,1,1,4294967295,0,0
oInvCollPH,144,544,00193BE2,0,1,1,4294967295,0,0
oInvCollPH,160,544,00214B01,0,1,1,4294967295,0,0
oInvCollPH,176,544,0023B730,0,1,1,4294967295,0,0
oInvCollPH,192,544,002CFAED,0,1,1,4294967295,0,0
oInvCollPH,144,624,003D8268,0,1,1,4294967295,0,0
oInvCollPH,144,480,003E0E5B,0,1,1,4294967295,0,0
oInvCollPH,160,480,0004B592,0,1,1,4294967295,0,0
oInvCollPH,176,480,001CB09E,0,1,1,4294967295,0,0
oInvCollPH,192,480,00111767,0,1,1,4294967295,0,0
oInvCollPH,208,480,00140C54,0,1,1,4294967295,0,0
oInvCollPH,224,480,001033D3,0,1,1,4294967295,0,0
oInvCollPH,240,480,0034D66D,0,1,1,4294967295,0,0
oInvCollPH,128,640,0012B60C,0,1,1,4294967295,0,0
oInvCollPH,144,176,000762B2,0,1,1,4294967295,0,0
oInvCollPH,160,176,00323528,0,1,1,4294967295,0,0
oInvCollPH,128,192,00384303,0,1,1,4294967295,0,0
oInvCollPH,128,208,00236327,0,1,1,4294967295,0,0
oInvCollPH,128,224,0008E241,0,1,1,4294967295,0,0
oInvCollPH,144,224,00155935,0,1,1,4294967295,0,0
oInvCollPH,160,224,0034CE53,0,1,1,4294967295,0,0
oInvCollPH,176,192,00153116,0,1,1,4294967295,0,0
oInvCollPH,48,112,002F6BA9,0,1,1,4294967295,0,0
oInvCollPH,48,128,000AC59A,0,1,1,4294967295,0,0
oInvCollPH,48,144,003274E1,0,1,1,4294967295,0,0
oInvCollPH,48,160,0003ECE1,0,1,1,4294967295,0,0
oInvCollPH,48,176,0038B722,0,1,1,4294967295,0,0
oInvCollPH,48,192,003ABDEC,0,1,1,4294967295,0,0
oInvCollPH,48,208,0023D52C,0,1,1,4294967295,0,0
oInvCollPH,48,224,00306DEF,0,1,1,4294967295,0,0
oInvCollPH,32,224,00276F17,0,1,1,4294967295,0,0
oInvCollPH,16,224,00214033,0,1,1,4294967295,0,0
oInvCollPH,0,224,00144E1C,0,1,1,4294967295,0,0
oInvCollPH,112,48,001121FC,0,1,1,4294967295,0,0
oInvCollPH,112,64,003715AA,0,1,1,4294967295,0,0
oInvCollPH,112,80,001F83A8,0,1,1,4294967295,0,0
oInvCollPH,112,96,0032C60B,0,1,1,4294967295,0,0
oInvCollPH,96,96,0035CF95,0,1,1,4294967295,0,0
oInvCollPH,80,96,001F7565,0,1,1,4294967295,0,0
oInvCollPH,64,96,001BBEE8,0,1,1,4294967295,0,0
oInvCollPH,192,128,00338563,0,1,1,4294967295,0,0
oInvCollPH,192,144,001DE39E,0,1,1,4294967295,0,0
oInvCollPH,192,160,002D6D68,0,1,1,4294967295,0,0
oInvCollPH,192,192,0003986C,0,1,1,4294967295,0,0
oInvCollPH,208,192,00166EAD,0,1,1,4294967295,0,0
oInvCollPH,224,192,000135B5,0,1,1,4294967295,0,0
oInvCollPH,240,192,003FB343,0,1,1,4294967295,0,0
oInvCollPH,256,192,000DDED2,0,1,1,4294967295,0,0
oInvCollPH,272,224,002A2D21,0,1,1,4294967295,0,0
oInvCollPH,288,224,000B037A,0,1,1,4294967295,0,0
oInvCollPH,304,224,000E55BF,0,1,1,4294967295,0,0
oInvCollPH,320,224,0029E692,0,1,1,4294967295,0,0
oInvCollPH,336,224,00374225,0,1,1,4294967295,0,0
oInvCollPH,352,224,002198BA,0,1,1,4294967295,0,0
oInvCollPH,368,224,002F6287,0,1,1,4294967295,0,0
oInvCollPH,368,208,001D3A18,0,1,1,4294967295,0,0
oInvCollPH,368,192,00107163,0,1,1,4294967295,0,0
oInvCollPH,368,176,00218879,0,1,1,4294967295,0,0
oInvCollPH,368,160,00177ED4,0,1,1,4294967295,0,0
oInvCollPH,368,144,001E6569,0,1,1,4294967295,0,0
oInvCollPH,368,128,0011E993,0,1,1,4294967295,0,0
oInvCollPH,368,112,0002DD6E,0,1,1,4294967295,0,0
oInvCollPH,352,112,00315F9A,0,1,1,4294967295,0,0
oInvCollPH,336,112,0009C283,0,1,1,4294967295,0,0
oInvCollPH,320,112,00289A2D,0,1,1,4294967295,0,0
oInvCollPH,304,112,002F9171,0,1,1,4294967295,0,0
oInvCollPH,288,112,0026526C,0,1,1,4294967295,0,0
oInvCollPH,272,112,00228FB1,0,1,1,4294967295,0,0
oInvCollPH,256,112,000FB2FE,0,1,1,4294967295,0,0
oInvCollPH,240,112,0020281F,0,1,1,4294967295,0,0
oInvCollPH,224,112,00125818,0,1,1,4294967295,0,0
oInvCollPH,208,112,001BAACD,0,1,1,4294967295,0,0
oInvCollPH,256,448,003EB8AB,0,1,1,4294967295,0,0
oInvCollPH,256,464,002AEA7A,0,1,1,4294967295,0,0
oInvCollPH,304,432,0021C9F6,0,1,1,4294967295,0,0
oInvCollPH,304,448,003B357E,0,1,1,4294967295,0,0
oInvCollPH,304,464,000F4ED8,0,1,1,4294967295,0,0
oInvCollPH,256,320,0035B937,0,1,1,4294967295,0,0
oInvCollPH,256,336,002D4D56,0,1,1,4294967295,0,0
oInvCollPH,256,352,00333AD1,0,1,1,4294967295,0,0
oInvCollPH,256,368,003DAD68,0,1,1,4294967295,0,0
oInvCollPH,256,384,0016CFA8,0,1,1,4294967295,0,0
oInvCollPH,256,400,0038134A,0,1,1,4294967295,0,0
oInvCollPH,256,416,00234D8C,0,1,1,4294967295,0,0
oInvCollPH,272,304,0024053B,0,1,1,4294967295,0,0
oInvCollPH,288,304,0039E2E3,0,1,1,4294967295,0,0
oInvCollPH,304,304,00016074,0,1,1,4294967295,0,0
oInvCollPH,320,304,003E326B,0,1,1,4294967295,0,0
oInvCollPH,336,304,003791AA,0,1,1,4294967295,0,0
oInvCollPH,352,304,002DFBF2,0,1,1,4294967295,0,0
oInvCollPH,368,304,002F2D10,0,1,1,4294967295,0,0
oInvCollPH,384,304,0023C5E7,0,1,1,4294967295,0,0
oInvCollPH,400,304,00077743,0,1,1,4294967295,0,0
oInvCollPH,416,304,00189CC2,0,1,1,4294967295,0,0
oInvCollPH,432,304,001F58C1,0,1,1,4294967295,0,0
oInvCollPH,448,304,00107DAB,0,1,1,4294967295,0,0
oInvCollPH,464,304,0021CBB7,0,1,1,4294967295,0,0
oInvCollPH,480,304,000F9DD7,0,1,1,4294967295,0,0
oInvCollPH,496,304,000AFFFB,0,1,1,4294967295,0,0
oInvCollPH,496,320,000D3F73,0,1,1,4294967295,0,0
oInvCollPH,496,336,0001011E,0,1,1,4294967295,0,0
oInvCollPH,496,352,0033F327,0,1,1,4294967295,0,0
oInvCollPH,496,368,0026C586,0,1,1,4294967295,0,0
oInvCollPH,496,384,0021E863,0,1,1,4294967295,0,0
oInvCollPH,496,400,0005A502,0,1,1,4294967295,0,0
oInvCollPH,496,416,0032D5A8,0,1,1,4294967295,0,0
oInvCollPH,480,416,0006B761,0,1,1,4294967295,0,0
oInvCollPH,464,416,0017E78F,0,1,1,4294967295,0,0
oInvCollPH,448,416,003F6085,0,1,1,4294967295,0,0
oInvCollPH,432,416,002684F8,0,1,1,4294967295,0,0
oInvCollPH,416,416,001ADA2E,0,1,1,4294967295,0,0
oInvCollPH,400,416,002D74DA,0,1,1,4294967295,0,0
oInvCollPH,384,416,0024D2EC,0,1,1,4294967295,0,0
oInvCollPH,368,416,001A9466,0,1,1,4294967295,0,0
oInvCollPH,352,416,0021A0D3,0,1,1,4294967295,0,0
oInvCollPH,336,416,0025843D,0,1,1,4294967295,0,0
oInvCollPH,320,416,00264DC5,0,1,1,4294967295,0,0
oInvCollPH,304,480,000CD2F8,0,1,1,4294967295,0,0
oInvCollPH,304,496,00096AFC,0,1,1,4294967295,0,0
oInvCollPH,304,512,00376001,0,1,1,4294967295,0,0
oInvCollPH,304,528,0010D34D,0,1,1,4294967295,0,0
oInvCollPH,304,544,00116AB1,0,1,1,4294967295,0,0
oInvCollPH,304,560,000069D0,0,1,1,4294967295,0,0
oInvCollPH,304,576,0028C75E,0,1,1,4294967295,0,0
oInvCollPH,304,592,0012D43A,0,1,1,4294967295,0,0
oInvCollPH,304,608,00109DAF,0,1,1,4294967295,0,0
oInvCollPH,304,624,000647E2,0,1,1,4294967295,0,0
oInvCollPH,304,640,00359FDF,0,1,1,4294967295,0,0
oInvCollPH,304,656,00390877,0,1,1,4294967295,0,0
oInvCollPH,304,672,002647A9,0,1,1,4294967295,0,0
oInvCollPH,304,688,0023DA4F,0,1,1,4294967295,0,0
oInvCollPH,448,128,00303AE2,0,1,1,4294967295,0,0
oInvCollPH,448,144,00104118,0,1,1,4294967295,0,0
oInvCollPH,448,160,00388F83,0,1,1,4294967295,0,0
oInvCollPH,448,176,003AADB4,0,1,1,4294967295,0,0
oInvCollPH,448,192,001CD1FA,0,1,1,4294967295,0,0
oInvCollPH,448,224,002923CB,0,1,1,4294967295,0,0
oInvCollPH,464,224,002E5B06,0,1,1,4294967295,0,0
oInvCollPH,480,224,0030496F,0,1,1,4294967295,0,0
oInvCollPH,592,224,0014C5E5,0,1,1,4294967295,0,0
oInvCollPH,608,224,0002B2DE,0,1,1,4294967295,0,0
oInvCollPH,624,224,003BEB4F,0,1,1,4294967295,0,0
oInvCollPH,624,208,0007AF0C,0,1,1,4294967295,0,0
oInvCollPH,624,192,00115215,0,1,1,4294967295,0,0
oInvCollPH,624,176,003F6E88,0,1,1,4294967295,0,0
oInvCollPH,624,160,000B435F,0,1,1,4294967295,0,0
oInvCollPH,624,144,000C3D1E,0,1,1,4294967295,0,0
oInvCollPH,624,128,000D3139,0,1,1,4294967295,0,0
oInvCollPH,624,112,0005E310,0,1,1,4294967295,0,0
oInvCollPH,608,112,001B167B,0,1,1,4294967295,0,0
oInvCollPH,592,112,00400FD1,0,1,1,4294967295,0,0
oInvCollPH,576,112,003BE9E7,0,1,1,4294967295,0,0
oInvCollPH,560,112,00136133,0,1,1,4294967295,0,0
oInvCollPH,544,112,00358898,0,1,1,4294967295,0,0
oInvCollPH,528,112,00120169,0,1,1,4294967295,0,0
oInvCollPH,512,112,00246DCA,0,1,1,4294967295,0,0
oInvCollPH,496,112,003F5319,0,1,1,4294967295,0,0
oInvCollPH,480,112,003B9839,0,1,1,4294967295,0,0
oInvCollPH,464,112,003055B1,0,1,1,4294967295,0,0
oInvCollPH,976,144,0001D208,0,1,1,4294967295,0,0
oInvCollPH,992,144,0013D180,0,1,1,4294967295,0,0
oInvCollPH,1008,144,0008959B,0,1,1,4294967295,0,0
oInvCollPH,1008,160,0013EFBE,0,1,1,4294967295,0,0
oInvCollPH,1008,176,00144B09,0,1,1,4294967295,0,0
oInvCollPH,1008,192,0023DC62,0,1,1,4294967295,0,0
oInvCollPH,1008,208,00066F19,0,1,1,4294967295,0,0
oInvCollPH,1008,224,0000D07A,0,1,1,4294967295,0,0
oInvCollPH,992,224,0023EFD2,0,1,1,4294967295,0,0
oInvCollPH,976,224,0015B687,0,1,1,4294967295,0,0
oInvCollPH,960,224,00173193,0,1,1,4294967295,0,0
oInvCollPH,896,64,0036C26B,0,1,1,4294967295,0,0
oInvCollPH,896,80,00052CB8,0,1,1,4294967295,0,0
oInvCollPH,944,96,0033FFD3,0,1,1,4294967295,0,0
oInvCollPH,944,80,000E56B7,0,1,1,4294967295,0,0
oInvCollPH,944,64,00285C91,0,1,1,4294967295,0,0
oInvCollPH,944,48,003CE974,0,1,1,4294967295,0,0
oInvCollPH,784,0,001964C0,0,1,1,4294967295,0,0
oInvCollPH,800,0,003F3AE6,0,1,1,4294967295,0,0
oInvCollPH,816,0,001E08B1,0,1,1,4294967295,0,0
oInvCollPH,832,0,0030829E,0,1,1,4294967295,0,0
oInvCollPH,848,0,00283C45,0,1,1,4294967295,0,0
oInvCollPH,864,0,003596E7,0,1,1,4294967295,0,0
oInvCollPH,880,0,003264CB,0,1,1,4294967295,0,0
oInvCollPH,1232,0,002795B4,0,1,1,4294967295,0,0
oInvCollPH,1248,0,00029DC2,0,1,1,4294967295,0,0
oInvCollPH,1264,0,0003EBE6,0,1,1,4294967295,0,0
oInvCollPH,1280,0,002EEEBB,0,1,1,4294967295,0,0
oInvCollPH,1296,0,0026D927,0,1,1,4294967295,0,0
oInvCollPH,1312,0,0014B3C3,0,1,1,4294967295,0,0
oInvCollPH,1328,0,001A5C88,0,1,1,4294967295,0,0
oInvCollPH,1344,16,001BC782,0,1,1,4294967295,0,0
oInvCollPH,1344,32,0007E5E2,0,1,1,4294967295,0,0
oInvCollPH,1344,48,000569AC,0,1,1,4294967295,0,0
oInvCollPH,1344,64,002D8A66,0,1,1,4294967295,0,0
oInvCollPH,1344,80,00240775,0,1,1,4294967295,0,0
oInvCollPH,1136,304,003C4FDD,0,1,1,4294967295,0,0
oInvCollPH,1136,320,003F5CEE,0,1,1,4294967295,0,0
oInvCollPH,1136,336,0007A634,0,1,1,4294967295,0,0
oInvCollPH,1136,352,0001DC47,0,1,1,4294967295,0,0
oInvCollPH,1120,352,0037B065,0,1,1,4294967295,0,0
oInvCollPH,784,496,00285919,0,1,1,4294967295,0,0
oInvCollPH,800,496,0037F99F,0,1,1,4294967295,0,0
oInvCollPH,816,496,0015DBF0,0,1,1,4294967295,0,0
oInvCollPH,832,496,00294FD5,0,1,1,4294967295,0,0
oInvCollPH,848,496,00283F9E,0,1,1,4294967295,0,0
oInvCollPH,864,496,0025D7A9,0,1,1,4294967295,0,0
oInvCollPH,880,496,00163D37,0,1,1,4294967295,0,0
oInvCollPH,896,496,002CA38E,0,1,1,4294967295,0,0
oInvCollPH,912,496,002CDF83,0,1,1,4294967295,0,0
oInvCollPH,928,496,0021BE21,0,1,1,4294967295,0,0
oInvCollPH,944,496,001DC7A0,0,1,1,4294967295,0,0
oInvCollPH,944,512,000ED247,0,1,1,4294967295,0,0
oInvCollPH,944,528,003E50C5,0,1,1,4294967295,0,0
oInvCollPH,944,544,000326A8,0,1,1,4294967295,0,0
oInvCollPH,944,560,003F9EA0,0,1,1,4294967295,0,0
oInvCollPH,768,560,002F894F,0,1,1,4294967295,0,0
oInvCollPH,768,544,0028926D,0,1,1,4294967295,0,0
oInvCollPH,768,528,0027323D,0,1,1,4294967295,0,0
oInvCollPH,768,512,0018FDC1,0,1,1,4294967295,0,0
oInvCollPH,704,656,0018D182,0,1,1,4294967295,0,0
oInvCollPH,688,656,001FC8B8,0,1,1,4294967295,0,0
oInvCollPH,720,656,003CF514,0,1,1,4294967295,0,0
oInvCollPH,736,656,0022E02F,0,1,1,4294967295,0,0
oInvCollPH,752,656,000DB6E0,0,1,1,4294967295,0,0
oInvCollPH,768,656,002C2EFA,0,1,1,4294967295,0,0
oInvCollPH,784,656,00013AFD,0,1,1,4294967295,0,0
oInvCollPH,800,656,002302BD,0,1,1,4294967295,0,0
oInvCollPH,816,656,0002DDCA,0,1,1,4294967295,0,0
oInvCollPH,816,672,0036CCCE,0,1,1,4294967295,0,0
oInvCollPH,816,688,001ABFFF,0,1,1,4294967295,0,0
oInvCollPH,912,656,000120BB,0,1,1,4294967295,0,0
oInvCollPH,960,656,00007B43,0,1,1,4294967295,0,0
oInvCollPH,944,656,001D4325,0,1,1,4294967295,0,0
oInvCollPH,928,656,0016843C,0,1,1,4294967295,0,0
oInvCollPH,384,672,000C2015,0,1,1,4294967295,0,0
oInvCollPH,384,688,0036C6BA,0,1,1,4294967295,0,0
oInvCollPH,400,656,0003EEE3,0,1,1,4294967295,0,0
oInvCollPH,416,656,001E9850,0,1,1,4294967295,0,0
oInvCollPH,432,656,000D7878,0,1,1,4294967295,0,0
oInvCollPH,448,656,001F2C95,0,1,1,4294967295,0,0
oInvCollPH,464,656,002C91C6,0,1,1,4294967295,0,0
oInvCollPH,480,656,00074179,0,1,1,4294967295,0,0
oInvCollPH,496,656,001D1EAC,0,1,1,4294967295,0,0
oInvCollPH,512,656,00191587,0,1,1,4294967295,0,0
oInvCollPH,528,656,002853A6,0,1,1,4294967295,0,0
oInvCollPH,544,656,002A715A,0,1,1,4294967295,0,0
oInvCollPH,560,656,003196BC,0,1,1,4294967295,0,0
oInvCollPH,560,672,00375BB1,0,1,1,4294967295,0,0
oInvCollPH,560,688,000F14AA,0,1,1,4294967295,0,0
oInvCollPH,656,656,001019B2,0,1,1,4294967295,0,0
oInvCollPH,672,656,003D3396,0,1,1,4294967295,0,0
oInvCollPH,640,672,000DAD30,0,1,1,4294967295,0,0
oInvCollPH,640,688,002F1AB5,0,1,1,4294967295,0,0
oInvCollPH,400,496,003C52C4,0,1,1,4294967295,0,0
oInvCollPH,416,496,0036CFC5,0,1,1,4294967295,0,0
oInvCollPH,432,496,001989B5,0,1,1,4294967295,0,0
oInvCollPH,448,496,003D40A0,0,1,1,4294967295,0,0
oInvCollPH,464,496,003EA466,0,1,1,4294967295,0,0
oInvCollPH,480,496,002CB941,0,1,1,4294967295,0,0
oInvCollPH,496,496,001EFE8A,0,1,1,4294967295,0,0
oInvCollPH,512,496,003D820D,0,1,1,4294967295,0,0
oInvCollPH,528,496,001352DA,0,1,1,4294967295,0,0
oInvCollPH,544,496,001A17D5,0,1,1,4294967295,0,0
oInvCollPH,560,496,0032F1C0,0,1,1,4294967295,0,0
oInvCollPH,576,496,003A8C6C,0,1,1,4294967295,0,0
oInvCollPH,592,496,0006A961,0,1,1,4294967295,0,0
oInvCollPH,608,496,002CF59C,0,1,1,4294967295,0,0
oInvCollPH,624,496,000DBB5A,0,1,1,4294967295,0,0
oInvCollPH,640,496,001B4104,0,1,1,4294967295,0,0
oInvCollPH,656,496,00047B90,0,1,1,4294967295,0,0
oInvCollPH,672,496,003747D6,0,1,1,4294967295,0,0
oInvCollPH,688,496,0023E7E3,0,1,1,4294967295,0,0
oInvCollPH,688,512,002F56AB,0,1,1,4294967295,0,0
oInvCollPH,688,528,0002BFE1,0,1,1,4294967295,0,0
oInvCollPH,688,544,003809D6,0,1,1,4294967295,0,0
oInvCollPH,688,560,0034599B,0,1,1,4294967295,0,0
oInvCollPH,384,560,001485B7,0,1,1,4294967295,0,0
oInvCollPH,384,544,0004A2FC,0,1,1,4294967295,0,0
oInvCollPH,384,528,00252AFB,0,1,1,4294967295,0,0
oInvCollPH,384,512,0003F876,0,1,1,4294967295,0,0
oInvCollPH,576,320,002E1792,0,1,1,4294967295,0,0
oInvCollPH,576,336,0032D3AD,0,1,1,4294967295,0,0
oInvCollPH,576,352,001C7FA1,0,1,1,4294967295,0,0
oInvCollPH,576,368,0037D7FF,0,1,1,4294967295,0,0
oInvCollPH,576,384,0030CD90,0,1,1,4294967295,0,0
oInvCollPH,576,400,00029D7E,0,1,1,4294967295,0,0
oInvCollPH,576,416,003A1233,0,1,1,4294967295,0,0
oInvCollPH,592,416,0012D90F,0,1,1,4294967295,0,0
oInvCollPH,608,416,0037D4D0,0,1,1,4294967295,0,0
oInvCollPH,624,416,0016BBF7,0,1,1,4294967295,0,0
oInvCollPH,640,416,001D4126,0,1,1,4294967295,0,0
oInvCollPH,656,416,0030F8B0,0,1,1,4294967295,0,0
oInvCollPH,672,416,002967F2,0,1,1,4294967295,0,0
oInvCollPH,688,416,00339D83,0,1,1,4294967295,0,0
oInvCollPH,704,416,0026D8B3,0,1,1,4294967295,0,0
oInvCollPH,720,416,00102334,0,1,1,4294967295,0,0
oInvCollPH,736,416,003D440F,0,1,1,4294967295,0,0
oInvCollPH,752,416,0019B1E9,0,1,1,4294967295,0,0
oInvCollPH,752,400,00225BA9,0,1,1,4294967295,0,0
oInvCollPH,752,384,000444E6,0,1,1,4294967295,0,0
oInvCollPH,752,368,0000FF0C,0,1,1,4294967295,0,0
oInvCollPH,752,352,001D3EA1,0,1,1,4294967295,0,0
oInvCollPH,752,336,0026D520,0,1,1,4294967295,0,0
oInvCollPH,752,320,003158EA,0,1,1,4294967295,0,0
oInvCollPH,752,304,000DEEFB,0,1,1,4294967295,0,0
oInvCollPH,736,304,00253B0B,0,1,1,4294967295,0,0
oInvCollPH,720,304,0002199D,0,1,1,4294967295,0,0
oInvCollPH,704,304,00025359,0,1,1,4294967295,0,0
oInvCollPH,688,304,0028A12E,0,1,1,4294967295,0,0
oInvCollPH,672,304,000F8B37,0,1,1,4294967295,0,0
oInvCollPH,656,304,0018B7CC,0,1,1,4294967295,0,0
oInvCollPH,640,304,0022277E,0,1,1,4294967295,0,0
oInvCollPH,624,304,001FF206,0,1,1,4294967295,0,0
oInvCollPH,608,304,0003F76E,0,1,1,4294967295,0,0
oInvCollPH,592,304,002DA32D,0,1,1,4294967295,0,0
oInvCollPH,1024,448,0002282C,0,1,1,4294967295,0,0
oInvCollPH,1024,464,0006FC91,0,1,1,4294967295,0,0
oInvCollPH,1024,480,001027A6,0,1,1,4294967295,0,0
oInvCollPH,1024,496,001D1B8A,0,1,1,4294967295,0,0
oInvCollPH,1024,512,001AFE38,0,1,1,4294967295,0,0
oInvCollPH,1024,528,00395E4A,0,1,1,4294967295,0,0
oInvCollPH,1024,544,0038F1CE,0,1,1,4294967295,0,0
oInvCollPH,1024,560,001F1E0A,0,1,1,4294967295,0,0
oInvCollPH,1104,560,0011595E,0,1,1,4294967295,0,0
oInvCollPH,1104,544,0027AF22,0,1,1,4294967295,0,0
oInvCollPH,1104,528,003B1E4B,0,1,1,4294967295,0,0
oInvCollPH,1104,512,0037FC45,0,1,1,4294967295,0,0
oInvCollPH,1104,496,00097DF4,0,1,1,4294967295,0,0
oInvCollPH,1104,480,00400149,0,1,1,4294967295,0,0
oInvCollPH,1104,464,0007CDB2,0,1,1,4294967295,0,0
oInvCollPH,1104,448,000F75A7,0,1,1,4294967295,0,0
oInvCollPH,1104,432,00372AE1,0,1,1,4294967295,0,0
oInvCollPH,1008,416,0009B437,0,1,1,4294967295,0,0
oInvCollPH,992,416,00167F43,0,1,1,4294967295,0,0
oInvCollPH,976,416,003679B8,0,1,1,4294967295,0,0
oInvCollPH,960,416,000E658D,0,1,1,4294967295,0,0
oInvCollPH,944,416,002C3635,0,1,1,4294967295,0,0
oInvCollPH,928,416,00363A2A,0,1,1,4294967295,0,0
oInvCollPH,912,416,002D5B0D,0,1,1,4294967295,0,0
oInvCollPH,896,416,000B796A,0,1,1,4294967295,0,0
oInvCollPH,880,416,00167598,0,1,1,4294967295,0,0
oInvCollPH,864,416,001C77E5,0,1,1,4294967295,0,0
oInvCollPH,848,416,00192E06,0,1,1,4294967295,0,0
oInvCollPH,832,416,000E75FA,0,1,1,4294967295,0,0
oInvCollPH,832,400,001FDF8F,0,1,1,4294967295,0,0
oInvCollPH,832,384,003B2DF8,0,1,1,4294967295,0,0
oInvCollPH,832,368,001890E1,0,1,1,4294967295,0,0
oInvCollPH,832,352,0023B174,0,1,1,4294967295,0,0
oInvCollPH,832,336,0039193A,0,1,1,4294967295,0,0
oInvCollPH,832,320,0036009D,0,1,1,4294967295,0,0
oInvCollPH,848,304,0001F970,0,1,1,4294967295,0,0
oInvCollPH,864,304,001843D5,0,1,1,4294967295,0,0
oInvCollPH,880,304,0020F9BD,0,1,1,4294967295,0,0
oInvCollPH,896,304,00276863,0,1,1,4294967295,0,0
oInvCollPH,912,304,002331AB,0,1,1,4294967295,0,0
oInvCollPH,928,304,000FF113,0,1,1,4294967295,0,0
oInvCollPH,944,304,001BA575,0,1,1,4294967295,0,0
oInvCollPH,960,304,002BBAC0,0,1,1,4294967295,0,0
oInvCollPH,976,304,0025D27D,0,1,1,4294967295,0,0
oInvCollPH,992,304,001D4843,0,1,1,4294967295,0,0
oInvCollPH,1008,304,00389D9C,0,1,1,4294967295,0,0
oInvCollPH,1024,304,003F5F5C,0,1,1,4294967295,0,0
oInvCollPH,1040,304,00142DBF,0,1,1,4294967295,0,0
oInvCollPH,1056,304,0030736F,0,1,1,4294967295,0,0
oInvCollPH,1072,304,0008DCE0,0,1,1,4294967295,0,0
oInvCollPH,1088,304,000AC106,0,1,1,4294967295,0,0
oInvCollPH,1104,304,0001C399,0,1,1,4294967295,0,0
oInvCollPH,1104,368,003F979D,0,1,1,4294967295,0,0
oInvCollPH,1104,384,00359C09,0,1,1,4294967295,0,0
oInvCollPH,1104,400,000890DB,0,1,1,4294967295,0,0
oInvCollPH,1104,416,003052D3,0,1,1,4294967295,0,0
oInvCollPH,976,656,001B2716,0,1,1,4294967295,0,0
oInvCollPH,992,656,00304CBB,0,1,1,4294967295,0,0
oInvCollPH,1008,656,003D22CD,0,1,1,4294967295,0,0
oInvCollPH,1024,656,0016BA05,0,1,1,4294967295,0,0
oInvCollPH,1040,656,00328FC4,0,1,1,4294967295,0,0
oInvCollPH,1056,656,0013D11F,0,1,1,4294967295,0,0
oInvCollPH,1072,656,000DDB58,0,1,1,4294967295,0,0
oInvCollPH,1088,656,0004D2D4,0,1,1,4294967295,0,0
oInvCollPH,1104,656,0018B6EB,0,1,1,4294967295,0,0
oInvCollPH,896,672,000E83A7,0,1,1,4294967295,0,0
oInvCollPH,896,688,0014A3DD,0,1,1,4294967295,0,0
oInvCollPH,1120,656,00256DA6,0,1,1,4294967295,0,0
oInvCollPH,1136,656,00314AFA,0,1,1,4294967295,0,0
oInvCollPH,1152,656,00071062,0,1,1,4294967295,0,0
oInvCollPH,1168,656,00392B85,0,1,1,4294967295,0,0
oInvCollPH,1184,656,0032DC9F,0,1,1,4294967295,0,0
oInvCollPH,1200,656,003BF5E2,0,1,1,4294967295,0,0
oInvCollPH,1280,608,000DA202,0,1,1,4294967295,0,0
oInvCollPH,1280,624,003161DE,0,1,1,4294967295,0,0
oInvCollPH,1280,640,0006EBA3,0,1,1,4294967295,0,0
oInvCollPH,1264,656,0029A9E3,0,1,1,4294967295,0,0
oInvCollPH,1248,656,00045B30,0,1,1,4294967295,0,0
oInvCollPH,1232,656,00204FE1,0,1,1,4294967295,0,0
oInvCollPH,1216,656,0017A09F,0,1,1,4294967295,0,0
oInvCollPH,1280,592,001B4726,0,1,1,4294967295,0,0
oInvCollPH,1280,576,00017234,0,1,1,4294967295,0,0
oInvCollPH,1280,560,00063CC4,0,1,1,4294967295,0,0
oInvCollPH,1280,544,002D3BE9,0,1,1,4294967295,0,0
oInvCollPH,1296,528,000ED002,0,1,1,4294967295,0,0
oInvCollPH,1312,528,000CC29B,0,1,1,4294967295,0,0
oInvCollPH,1328,528,00132806,0,1,1,4294967295,0,0
oInvCollPH,1344,528,0011CF2F,0,1,1,4294967295,0,0
oInvCollPH,1360,528,000FC4E1,0,1,1,4294967295,0,0
oInvCollPH,1376,528,00028940,0,1,1,4294967295,0,0
oInvCollPH,1392,528,003C4F3E,0,1,1,4294967295,0,0
oInvCollPH,896,16,003B1B57,0,1,1,4294967295,0,0
oInvCollPH,896,32,00300E5B,0,1,1,4294967295,0,0
oInvCollPH,960,32,000AE252,0,1,1,4294967295,0,0
oInvCollPH,976,32,00134664,0,1,1,4294967295,0,0
oInvCollPH,992,32,00190C75,0,1,1,4294967295,0,0
oInvCollPH,1008,32,003A9659,0,1,1,4294967295,0,0
oInvCollPH,1024,32,002487D5,0,1,1,4294967295,0,0
oInvCollPH,1040,32,00314ECF,0,1,1,4294967295,0,0
oInvCollPH,1056,32,003D4B4C,0,1,1,4294967295,0,0
oInvCollPH,1072,32,000CE678,0,1,1,4294967295,0,0
oInvCollPH,1088,32,00013EC3,0,1,1,4294967295,0,0
oInvCollPH,1104,32,0014C0F9,0,1,1,4294967295,0,0
oInvCollPH,1120,32,0027A23F,0,1,1,4294967295,0,0
oInvCollPH,1136,32,00365971,0,1,1,4294967295,0,0
oInvCollPH,1152,32,001C22AD,0,1,1,4294967295,0,0
oInvCollPH,1168,32,00076691,0,1,1,4294967295,0,0
oInvCollPH,1184,32,002ED2FD,0,1,1,4294967295,0,0
oInvCollPH,1200,32,0019603B,0,1,1,4294967295,0,0
oInvCollPH,1200,16,0014972C,0,1,1,4294967295,0,0
oInvCollPH,1104,112,0009282F,0,1,1,4294967295,0,0
oInvCollPH,1120,112,0026838F,0,1,1,4294967295,0,0
oInvCollPH,1136,112,002F337E,0,1,1,4294967295,0,0
oInvCollPH,1168,112,0021BD22,0,1,1,4294967295,0,0
oInvCollPH,1184,112,00259FC6,0,1,1,4294967295,0,0
oInvCollPH,1200,112,00160931,0,1,1,4294967295,0,0
oInvCollPH,1088,128,000F9C4F,0,1,1,4294967295,0,0
oInvCollPH,1088,144,002F5C79,0,1,1,4294967295,0,0
oInvCollPH,1088,160,002543BA,0,1,1,4294967295,0,0
oInvCollPH,1088,176,003BFB52,0,1,1,4294967295,0,0
oInvCollPH,1088,192,00007CB7,0,1,1,4294967295,0,0
oInvCollPH,1088,208,000F11FD,0,1,1,4294967295,0,0
oInvCollPH,1088,224,002D57C7,0,1,1,4294967295,0,0
oInvCollPH,1104,224,00116C04,0,1,1,4294967295,0,0
oInvCollPH,1120,224,003427D8,0,1,1,4294967295,0,0
oInvCollPH,1136,224,003A615E,0,1,1,4294967295,0,0
oInvCollPH,1152,224,0032B748,0,1,1,4294967295,0,0
oInvCollPH,1168,224,002228F8,0,1,1,4294967295,0,0
oInvCollPH,1184,224,003E0BFE,0,1,1,4294967295,0,0
oInvCollPH,1200,224,0008B3EA,0,1,1,4294967295,0,0
oInvCollPH,1216,240,000D2CF6,0,1,1,4294967295,0,0
oInvCollPH,1232,112,003E3AFB,0,1,1,4294967295,0,0
oInvCollPH,1248,112,002DD058,0,1,1,4294967295,0,0
oInvCollPH,1264,112,002631AF,0,1,1,4294967295,0,0
oInvCollPH,1280,112,002769AB,0,1,1,4294967295,0,0
oInvCollPH,1296,112,0007563E,0,1,1,4294967295,0,0
oInvCollPH,1328,96,00291DAC,0,1,1,4294967295,0,0
oInvCollPH,1216,272,00247572,0,1,1,4294967295,0,0
oInvCollPH,1216,288,003C9A16,0,1,1,4294967295,0,0
oInvCollPH,1216,304,003CEB6B,0,1,1,4294967295,0,0
oInvCollPH,1216,320,0002F5A4,0,1,1,4294967295,0,0
oInvCollPH,1216,336,0016738A,0,1,1,4294967295,0,0
oInvCollPH,1216,352,00192CB3,0,1,1,4294967295,0,0
oInvCollPH,1216,368,003500EF,0,1,1,4294967295,0,0
oInvCollPH,1232,416,0012F9E1,0,1,1,4294967295,0,0
oInvCollPH,1232,400,001BAA99,0,1,1,4294967295,0,0
oInvCollPH,1248,384,0021E773,0,1,1,4294967295,0,0
oInvCollPH,1264,384,003B5309,0,1,1,4294967295,0,0
oInvCollPH,1280,384,002EADF9,0,1,1,4294967295,0,0
oInvCollPH,1296,384,001FDEE2,0,1,1,4294967295,0,0
oInvCollPH,1312,384,001E9DCF,0,1,1,4294967295,0,0
oInvCollPH,1328,384,0007E811,0,1,1,4294967295,0,0
oInvCollPH,1344,384,002F83F3,0,1,1,4294967295,0,0
oInvCollPH,1360,384,0012AB3F,0,1,1,4294967295,0,0
oInvCollPH,1376,384,001BCB64,0,1,1,4294967295,0,0
oInvCollPH,1392,384,001FB4B9,0,1,1,4294967295,0,0
oInvCollPH,720,112,003AB368,0,1,1,4294967295,0,0
oInvCollPH,736,112,00296DA7,0,1,1,4294967295,0,0
oInvCollPH,752,112,003E91D7,0,1,1,4294967295,0,0
oInvCollPH,768,112,0033B61D,0,1,1,4294967295,0,0
oInvCollPH,784,112,00110C07,0,1,1,4294967295,0,0
oInvCollPH,800,112,000D5006,0,1,1,4294967295,0,0
oInvCollPH,816,112,003ADE22,0,1,1,4294967295,0,0
oInvCollPH,832,112,002FDAE7,0,1,1,4294967295,0,0
oInvCollPH,848,112,0000AA22,0,1,1,4294967295,0,0
oInvCollPH,880,96,002C02C2,0,1,1,4294967295,0,0
oInvCollPH,944,112,002CA9D6,0,1,1,4294967295,0,0
oInvCollPH,944,128,00308298,0,1,1,4294967295,0,0
oInvCollPH,704,128,001BCD5C,0,1,1,4294967295,0,0
oInvCollPH,704,144,00289295,0,1,1,4294967295,0,0
oInvCollPH,704,160,002054AF,0,1,1,4294967295,0,0
oInvCollPH,704,176,002A7657,0,1,1,4294967295,0,0
oInvCollPH,704,192,002E942F,0,1,1,4294967295,0,0
oInvCollPH,704,224,00059819,0,1,1,4294967295,0,0
oInvCollPH,720,224,002B2EF1,0,1,1,4294967295,0,0
oInvCollPH,736,224,003A5C87,0,1,1,4294967295,0,0
oInvCollPH,736,208,00276D39,0,1,1,4294967295,0,0
oInvCollPH,752,192,000202CB,0,1,1,4294967295,0,0
oInvCollPH,768,192,00166548,0,1,1,4294967295,0,0
oInvCollPH,784,192,000C350D,0,1,1,4294967295,0,0
oInvCollPH,800,192,00215A09,0,1,1,4294967295,0,0
oInvCollPH,816,192,000ED91B,0,1,1,4294967295,0,0
oInvCollPH,832,192,002BB345,0,1,1,4294967295,0,0
oInvCollPH,848,224,0017C846,0,1,1,4294967295,0,0
oInvCollPH,864,224,0014EF9D,0,1,1,4294967295,0,0
oInvCollPH,880,224,00108F6E,0,1,1,4294967295,0,0
oInvCollPH,896,224,0004CE74,0,1,1,4294967295,0,0
oInvCollPH,912,224,0009CBE5,0,1,1,4294967295,0,0
oInvCollPH,928,224,00319BCC,0,1,1,4294967295,0,0
oInvCollPH,944,224,0028B3EF,0,1,1,4294967295,0,0
oInvCollPH,752,16,0003ABCF,0,1,1,4294967295,0,0
oInvCollPH,752,32,001E95DC,0,1,1,4294967295,0,0
oInvCollPH,736,32,003992EE,0,1,1,4294967295,0,0
oInvCollPH,720,32,0001D19E,0,1,1,4294967295,0,0
oInvCollPH,704,0,00077643,0,1,1,4294967295,0,0
oInvCollPH,688,0,000E0F7B,0,1,1,4294967295,0,0
oInvCollPH,672,0,00001FBA,0,1,1,4294967295,0,0
oInvCollPH,656,0,0011A6AA,0,1,1,4294967295,0,0
oInvCollPH,640,0,002D70CE,0,1,1,4294967295,0,0
oInvCollPH,608,16,00393CBD,0,1,1,4294967295,0,0
oInvCollPH,608,32,00238594,0,1,1,4294967295,0,0
oInvCollPH,592,32,0000BBF7,0,1,1,4294967295,0,0
oInvCollPH,576,32,001B0695,0,1,1,4294967295,0,0
oInvCollPH,512,32,000AB3D5,0,1,1,4294967295,0,0
oInvCollPH,528,32,001CF15C,0,1,1,4294967295,0,0
oInvCollPH,544,32,002FCB2A,0,1,1,4294967295,0,0
oInvCollPH,560,32,001854D2,0,1,1,4294967295,0,0
oInvCollPH,464,16,0005928D,0,1,1,4294967295,0,0
oInvCollPH,464,32,003FC275,0,1,1,4294967295,0,0
oInvCollPH,480,32,00054915,0,1,1,4294967295,0,0
oInvCollPH,496,32,001464F9,0,1,1,4294967295,0,0
oInvCollPH,128,32,001E3E66,0,1,1,4294967295,0,0
oInvCollPH,144,32,003E5185,0,1,1,4294967295,0,0
oInvCollPH,160,32,003DA04A,0,1,1,4294967295,0,0
oInvCollPH,176,32,0027E1A9,0,1,1,4294967295,0,0
oInvCollPH,192,32,002ED92C,0,1,1,4294967295,0,0
oInvCollPH,208,32,002872E3,0,1,1,4294967295,0,0
oInvCollPH,224,32,003E7E76,0,1,1,4294967295,0,0
oInvCollPH,240,32,001880A5,0,1,1,4294967295,0,0
oInvCollPH,256,32,00268721,0,1,1,4294967295,0,0
oInvCollPH,272,32,0014818F,0,1,1,4294967295,0,0
oInvCollPH,288,32,0007BDA2,0,1,1,4294967295,0,0
oInvCollPH,304,32,002C8681,0,1,1,4294967295,0,0
oInvCollPH,320,32,0018207E,0,1,1,4294967295,0,0
oInvCollPH,336,32,0007DD93,0,1,1,4294967295,0,0
oInvCollPH,352,32,003A7FB7,0,1,1,4294967295,0,0
oInvCollPH,384,0,00121B07,0,1,1,4294967295,0,0
oInvCollPH,400,0,001A19AE,0,1,1,4294967295,0,0
oInvCollPH,416,0,00075120,0,1,1,4294967295,0,0
oInvCollPH,432,0,0006A0DD,0,1,1,4294967295,0,0
oInvCollPH,448,0,002A1BA1,0,1,1,4294967295,0,0
oInvCollPH,400,560,001DA51D,0,1,1,4294967295,0,0
oInvCollPH,416,560,000456B1,0,1,1,4294967295,0,0
oInvCollPH,432,560,003CEB44,0,1,1,4294967295,0,0
oInvCollPH,448,560,002C7AA9,0,1,1,4294967295,0,0
oInvCollPH,464,560,0038747C,0,1,1,4294967295,0,0
oInvCollPH,480,560,0008745F,0,1,1,4294967295,0,0
oInvCollPH,496,560,000F4E83,0,1,1,4294967295,0,0
oInvCollPH,512,560,00187E51,0,1,1,4294967295,0,0
oInvCollPH,528,560,001C1F68,0,1,1,4294967295,0,0
oInvCollPH,544,560,00090596,0,1,1,4294967295,0,0
oInvCollPH,560,560,002434AA,0,1,1,4294967295,0,0
oInvCollPH,576,560,00202CB6,0,1,1,4294967295,0,0
oInvCollPH,592,560,003CFB3E,0,1,1,4294967295,0,0
oInvCollPH,608,560,001F4495,0,1,1,4294967295,0,0
oInvCollPH,624,560,0016AFAF,0,1,1,4294967295,0,0
oInvCollPH,640,560,001277C6,0,1,1,4294967295,0,0
oInvCollPH,656,560,00326A81,0,1,1,4294967295,0,0
oInvCollPH,672,560,002E8147,0,1,1,4294967295,0,0
oInvCollPH,1040,560,00256103,0,1,1,4294967295,0,0
oInvCollPH,1056,560,0019341B,0,1,1,4294967295,0,0
oInvCollPH,1072,560,00363762,0,1,1,4294967295,0,0
oInvCollPH,1088,560,0014C285,0,1,1,4294967295,0,0
oInvCollPH,784,560,000F4BD3,0,1,1,4294967295,0,0
oInvCollPH,800,560,002AED6C,0,1,1,4294967295,0,0
oInvCollPH,816,560,002BBD41,0,1,1,4294967295,0,0
oInvCollPH,832,560,00107275,0,1,1,4294967295,0,0
oInvCollPH,848,560,003B4584,0,1,1,4294967295,0,0
oInvCollPH,864,560,0025C78A,0,1,1,4294967295,0,0
oInvCollPH,880,560,00325AF6,0,1,1,4294967295,0,0
oInvCollPH,896,560,0014AA0D,0,1,1,4294967295,0,0
oInvCollPH,912,560,000B4EAA,0,1,1,4294967295,0,0
oInvCollPH,928,560,0015DFDA,0,1,1,4294967295,0,0
oInvCollPH,1408,384,000F2A43,0,1,1,4294967295,0,0
oInvCollPH,1424,384,0019658A,0,1,1,4294967295,0,0
oInvCollPH,1440,384,001A59E8,0,1,1,4294967295,0,0
oInvCollPH,1456,384,0039B541,0,1,1,4294967295,0,0
oInvCollPH,1408,528,000FEBDC,0,1,1,4294967295,0,0
oInvCollPH,1424,528,000111EA,0,1,1,4294967295,0,0
oInvCollPH,1440,528,00224AF6,0,1,1,4294967295,0,0
oInvCollPH,1456,528,0026E6A0,0,1,1,4294967295,0,0
oInvCollPH,1216,256,00127131,0,1,1,4294967295,0,0
oInvCollPH,1232,432,003FC26C,0,1,1,4294967295,0,0
oInvCollPH,1232,448,0029AE17,0,1,1,4294967295,0,0
oInvCollPH,1216,448,0005958B,0,1,1,4294967295,0,0
oInvCollPH,1216,432,00336E65,0,1,1,4294967295,0,0
oInvCollPH,1216,416,003BAC27,0,1,1,4294967295,0,0
oInvCollPH,1216,384,001ABA08,0,1,1,4294967295,0,0
oInvCollPH,1152,112,00213D52,0,1,1,4294967295,0,0
oInvCollPH,160,624,00306902,0,1,1,4294967295,0,0
oInvCollPH,176,624,003864E6,0,1,1,4294967295,0,0
oInvCollPH,176,640,003D5F19,0,1,1,4294967295,0,0
oInvCollPH,176,656,00237A11,0,1,1,4294967295,0,0
oInvCollPH,176,672,001EB30F,0,1,1,4294967295,0,0
oInvCollPH,176,688,002073F1,0,1,1,4294967295,0,0
oInvCollPH,208,544,00189E80,0,1,1,4294967295,0,0
oInvCollPH,224,544,001E2472,0,1,1,4294967295,0,0
oInvCollPH,240,544,0023DA3C,0,1,1,4294967295,0,0
oInvCollPH,256,560,001DB705,0,1,1,4294967295,0,0
oInvCollPH,256,576,0017064C,0,1,1,4294967295,0,0
oInvCollPH,256,688,00140FAE,0,1,1,4294967295,0,0
oInvCollPH,256,672,002FA8D4,0,1,1,4294967295,0,0
oInvCollPH,256,656,00388144,0,1,1,4294967295,0,0
oInvCollPH,256,640,000EC51F,0,1,1,4294967295,0,0
oInvCollPH,256,624,0005AAA3,0,1,1,4294967295,0,0
oInvCollPH,256,608,000710EB,0,1,1,4294967295,0,0
oInvCollPH,256,592,00099F43,0,1,1,4294967295,0,0
oInvCollPH,480,208,002A74D3,0,1,1,4294967295,0,0
oInvCollPH,496,192,001409EA,0,1,1,4294967295,0,0
oInvCollPH,512,192,003FB3DE,0,1,1,4294967295,0,0
oInvCollPH,528,192,001C0C7C,0,1,1,4294967295,0,0
oInvCollPH,544,192,003528CA,0,1,1,4294967295,0,0
oInvCollPH,560,192,001CAB08,0,1,1,4294967295,0,0
oInvCollPH,576,192,00167828,0,1,1,4294967295,0,0
oInvCollPH,160,208,0023F0A4,0,1,1,4294967295,0,0
oInvCollPH,352,16,0023EE44,0,1,1,4294967295,0,0
oInvCollPH,720,16,000248AD,0,1,1,4294967295,0,0
oInvisibleSolid,0,304,0029225B,0,1,1,4294967295,0,1
oInvisibleSolid,128,480,000C97BE,0,1,1,4294967295,0,1
oInvisibleSolid,0,416,0001ACF3,0,1,1,4294967295,0,1
oInvisibleSolid,0,656,002533E5,0,1,1,4294967295,0,1
oInvisibleSolid,128,0,0016CE97,0,1,1,4294967295,0,1
oInvisibleSolid,0,0,00243DF7,0,1,1,4294967295,0,1
oInvisibleSolid,0,112,00357C65,0,1,1,4294967295,0,1
oInvisibleSolid,128,176,001C0A1B,0,1,1,4294967295,0,1
oInvisibleSolid,192,112,003081F6,0,1,1,4294967295,0,1
oInvisibleSolid,256,304,00003E1B,0,1,1,4294967295,0,1
oInvisibleSolid,576,304,002838B3,0,1,1,4294967295,0,1
oInvisibleSolid,448,112,0014B1C4,0,1,1,4294967295,0,1
oInvisibleSolid,256,432,0020E9A0,0,1,1,4294967295,0,1
oInvisibleSolid,384,496,0009062A,0,1,1,4294967295,0,1
oInvisibleSolid,384,656,0025C233,0,1,1,4294967295,0,1
oInvisibleSolid,1216,0,000B3D11,0,1,1,4294967295,0,1
oInvisibleSolid,896,0,00106F86,0,1,1,4294967295,0,1
oInvisibleSolid,896,48,0022A354,0,1,1,4294967295,0,1
oInvisibleSolid,768,0,0019CC08,0,1,1,4294967295,0,1
oInvisibleSolid,704,112,001D59FE,0,1,1,4294967295,0,1
oInvisibleSolid,960,144,000FF2E7,0,1,1,4294967295,0,1
oInvisibleSolid,832,304,0001FC04,0,1,1,4294967295,0,1
oInvisibleSolid,1024,432,0024C93A,0,1,1,4294967295,0,1
oInvisibleSolid,768,496,000B2781,0,1,1,4294967295,0,1
oInvisibleSolid,1120,304,002BCC89,0,1,1,4294967295,0,1
oInvisibleSolid,1344,0,00086FCC,0,1,1,4294967295,0,1
oInvisibleSolid,1088,112,000CA3E8,0,1,1,4294967295,0,1
oInvisibleSolid,1216,112,000AD48A,0,1,1,4294967295,0,1
oInvisibleSolid,1280,528,0014ECCD,0,1,1,4294967295,0,1
oInvisibleSolid,896,656,000DF8D6,0,1,1,4294967295,0,1
oInvisibleSolid,640,656,0023253F,0,1,1,4294967295,0,1
oInvisibleSolid,864,96,001EE5BA,0,1,1,4294967295,0,1
oInvisibleSolid,1312,96,00210868,0,1,1,4294967295,0,1
oInvisibleSolid,1216,400,0019442D,0,1,1,4294967295,0,1
oInvisibleSolid,128,624,0005068E,0,1,1,4294967295,0,1
oInvisibleSolid,592,208,0034AA5E,0,1,1,4294967295,0,1
oInvisibleSolid,448,208,002CF8D5,0,1,1,4294967295,0,1
oInvisibleSolid,272,208,000D7109,0,1,1,4294967295,0,1
oInvisibleSolid,176,176,002E3B29,0,1,1,4294967295,0,1
oInvisibleSolid,464,0,001CD729,0,1,1,4294967295,0,1
oInvisibleSolid,368,0,00045EEC,0,1,1,4294967295,0,1
oInvisibleSolid,624,0,002A8B11,0,1,1,4294967295,0,1
oInvisibleSolid,720,0,00237AB9,0,1,1,4294967295,0,1
oInvisibleSolid,704,208,0001FD58,0,1,1,4294967295,0,1
oInvisibleSolid,848,208,003C55C4,0,1,1,4294967295,0,1
