oExit,560,224,000E3EC4,0,1,1,4294967295,0,1
oPlayer1,528,256,00020C9D,0,1,1,4294967295,0,0
oStoryObject,216,240,000D4C4D,0,1,1,4294967295,0,1
oInvCollPH,128,48,001F1D45,0,1,1,4294967295,0,0
oInvCollPH,144,48,0029953F,0,1,1,4294967295,0,0
oInvCollPH,160,48,0003A2A2,0,1,1,4294967295,0,0
oInvCollPH,176,48,000E8C49,0,1,1,4294967295,0,0
oInvCollPH,192,48,0035AB13,0,1,1,4294967295,0,0
oInvCollPH,208,48,002D7049,0,1,1,4294967295,0,0
oInvCollPH,224,48,001D3247,0,1,1,4294967295,0,0
oInvCollPH,240,48,00338067,0,1,1,4294967295,0,0
oInvCollPH,256,48,000D176B,0,1,1,4294967295,0,0
oInvCollPH,272,48,00389B48,0,1,1,4294967295,0,0
oInvCollPH,288,48,001E9543,0,1,1,4294967295,0,0
oInvCollPH,304,48,000C174D,0,1,1,4294967295,0,0
oInvCollPH,112,240,001DA175,0,1,1,4294967295,0,0
oInvCollPH,112,208,00086465,0,1,1,4294967295,0,0
oInvCollPH,112,224,000B6EE1,0,1,1,4294967295,0,0
oInvCollPH,112,176,0028F135,0,1,1,4294967295,0,0
oInvCollPH,112,64,003B6699,0,1,1,4294967295,0,0
oInvCollPH,112,80,003E020D,0,1,1,4294967295,0,0
oInvCollPH,112,96,002B1256,0,1,1,4294967295,0,0
oInvCollPH,112,112,0016C015,0,1,1,4294967295,0,0
oInvCollPH,112,128,0001B186,0,1,1,4294967295,0,0
oInvCollPH,112,144,00100097,0,1,1,4294967295,0,0
oInvCollPH,112,160,00392A67,0,1,1,4294967295,0,0
oInvCollPH,112,192,00069351,0,1,1,4294967295,0,0
oInvCollPH,144,256,00161C68,0,1,1,4294967295,0,0
oInvCollPH,160,256,0012D8FF,0,1,1,4294967295,0,0
oInvCollPH,176,256,0011CC07,0,1,1,4294967295,0,0
oInvCollPH,192,256,001345EE,0,1,1,4294967295,0,0
oInvCollPH,208,256,001825FF,0,1,1,4294967295,0,0
oInvCollPH,224,256,002F8AB3,0,1,1,4294967295,0,0
oInvCollPH,240,256,0020365D,0,1,1,4294967295,0,0
oInvCollPH,256,256,00109708,0,1,1,4294967295,0,0
oInvCollPH,272,256,00285B69,0,1,1,4294967295,0,0
oInvCollPH,288,256,00361D41,0,1,1,4294967295,0,0
oInvCollPH,304,256,000C54CB,0,1,1,4294967295,0,0
oInvCollPH,320,256,00372779,0,1,1,4294967295,0,0
oInvCollPH,336,256,0026DD06,0,1,1,4294967295,0,0
oInvCollPH,352,256,0035C5D2,0,1,1,4294967295,0,0
oInvCollPH,368,256,00367B47,0,1,1,4294967295,0,0
oInvCollPH,384,256,000C127B,0,1,1,4294967295,0,0
oInvCollPH,400,256,002D7807,0,1,1,4294967295,0,0
oInvCollPH,416,256,002745A1,0,1,1,4294967295,0,0
oInvCollPH,432,256,003EE993,0,1,1,4294967295,0,0
oInvCollPH,448,256,003B1851,0,1,1,4294967295,0,0
oInvCollPH,464,256,00297722,0,1,1,4294967295,0,0
oInvCollPH,480,256,000D498A,0,1,1,4294967295,0,0
oInvCollPH,496,256,0001C50E,0,1,1,4294967295,0,0
oInvCollPH,512,256,000BDA22,0,1,1,4294967295,0,0
oInvCollPH,528,256,000CE452,0,1,1,4294967295,0,0
oInvCollPH,544,256,000D77B5,0,1,1,4294967295,0,0
oInvCollPH,560,256,001E2E08,0,1,1,4294967295,0,0
oInvCollPH,320,64,00129567,0,1,1,4294967295,0,0
oInvCollPH,320,80,001D2400,0,1,1,4294967295,0,0
oInvCollPH,320,96,000C9641,0,1,1,4294967295,0,0
oInvCollPH,320,112,00267A85,0,1,1,4294967295,0,0
oInvCollPH,320,128,003DCDE1,0,1,1,4294967295,0,0
oInvCollPH,320,144,0028A73B,0,1,1,4294967295,0,0
oInvCollPH,320,160,00332171,0,1,1,4294967295,0,0
oInvCollPH,320,176,00098DAD,0,1,1,4294967295,0,0
oInvCollPH,336,176,001128F2,0,1,1,4294967295,0,0
oInvCollPH,352,176,000B6964,0,1,1,4294967295,0,0
oInvCollPH,368,176,00171958,0,1,1,4294967295,0,0
oInvCollPH,384,176,0035B133,0,1,1,4294967295,0,0
oInvCollPH,400,176,0013E08B,0,1,1,4294967295,0,0
oInvCollPH,416,176,001128B9,0,1,1,4294967295,0,0
oInvCollPH,432,176,00040F44,0,1,1,4294967295,0,0
oInvCollPH,448,176,00383C81,0,1,1,4294967295,0,0
oInvCollPH,464,176,00397FAC,0,1,1,4294967295,0,0
oInvCollPH,480,176,00059F23,0,1,1,4294967295,0,0
oInvCollPH,496,176,000E4E02,0,1,1,4294967295,0,0
oInvCollPH,512,176,001EFF8C,0,1,1,4294967295,0,0
oInvCollPH,528,176,002790A8,0,1,1,4294967295,0,0
oInvCollPH,544,176,0011828A,0,1,1,4294967295,0,0
oInvCollPH,560,176,00362B5D,0,1,1,4294967295,0,0
oInvisibleSolid,0,0,00028F2E,0,1,1,4294967295,0,1
oInvisibleSolid,128,0,00259178,0,1,1,4294967295,0,1
oInvisibleSolid,320,0,0020C239,0,1,1,4294967295,0,1
oInvisibleSolid,128,256,0033246C,0,1,1,4294967295,0,1
