oExit,0,256,000D451D,0,1,1,4294967295,0,1
oWarpStatue,192,288,003F8565,0,1,1,4294967295,0,1
oLevelDecal,320,256,00394DB4,0,1,1,4294967295,0,1
oLevelDecal,384,224,003D407C,0,1,1,4294967295,0,1
oLevelDecal,448,208,000649F7,0,1,1,4294967295,0,1
oExit,1064,160,0034FE55,0,1,1,4294967295,0,1
oSignPost,272,288,0032288B,0,1,1,4294967295,0,1
oBlackCrowTown,1572,193,003FDA8C,0,1,1,4294967295,0,1
oBlackCrowTown,1551,185,00249D22,0,1,1,4294967295,0,0
oNPC_SStoryChar,800,160,003E6349,0,1,1,4294967295,0,1
oNPC_SStoryChar,896,128,0029C63C,0,1,1,4294967295,0,1
oNPC_John,752,160,0002F735,0,1,1,4294967295,0,1
oAPBoost,1744,224,001A776F,0,1,1,4294967295,0,1
oMoneyChest,1648,224,0015F03C,0,1,1,4294967295,0,1
oPlayer1,48,288,001D6B80,0,1,1,4294967295,0,0
oInvCollPH,720,304,000BACF1,0,1,1,4294967295,0,0
oInvCollPH,736,304,002674EA,0,1,1,4294967295,0,0
oInvCollPH,896,128,000CFED6,0,1,1,4294967295,0,0
oInvCollPH,880,144,0030AD22,0,1,1,4294967295,0,0
oInvCollPH,800,160,0007B69A,0,1,1,4294967295,0,0
oInvCollPH,784,160,002AE6BE,0,1,1,4294967295,0,0
oInvCollPH,768,160,0013D73E,0,1,1,4294967295,0,0
oInvCollPH,752,160,001DCE0E,0,1,1,4294967295,0,0
oInvCollPH,864,160,0017F118,0,1,1,4294967295,0,0
oInvCollPH,848,176,00326DDA,0,1,1,4294967295,0,0
oInvCollPH,832,192,001BD160,0,1,1,4294967295,0,0
oInvCollPH,816,208,0006708B,0,1,1,4294967295,0,0
oInvCollPH,16,288,001026EE,0,1,1,4294967295,0,0
oInvCollPH,32,288,002FA255,0,1,1,4294967295,0,0
oInvCollPH,48,288,001BD24C,0,1,1,4294967295,0,0
oInvCollPH,64,288,000DC3E9,0,1,1,4294967295,0,0
oInvCollPH,80,288,00218350,0,1,1,4294967295,0,0
oInvCollPH,96,288,0010319C,0,1,1,4294967295,0,0
oInvCollPH,112,288,00057F46,0,1,1,4294967295,0,0
oInvCollPH,128,288,001CD4F1,0,1,1,4294967295,0,0
oInvCollPH,144,288,003CC126,0,1,1,4294967295,0,0
oInvCollPH,160,288,0027B090,0,1,1,4294967295,0,0
oInvCollPH,176,288,00054C39,0,1,1,4294967295,0,0
oInvCollPH,192,288,003DD6B8,0,1,1,4294967295,0,0
oInvCollPH,208,288,0024AEAF,0,1,1,4294967295,0,0
oInvCollPH,224,288,00067B2B,0,1,1,4294967295,0,0
oInvCollPH,240,288,0026EC99,0,1,1,4294967295,0,0
oInvCollPH,256,288,002FDCD9,0,1,1,4294967295,0,0
oInvCollPH,272,288,001FF2C5,0,1,1,4294967295,0,0
oInvCollPH,288,288,002C947B,0,1,1,4294967295,0,0
oInvCollPH,304,288,0036178C,0,1,1,4294967295,0,0
oInvCollPH,688,336,0028361A,0,1,1,4294967295,0,0
oInvCollPH,800,224,00068D6C,0,1,1,4294967295,0,0
oInvCollPH,464,224,000C3982,0,1,1,4294967295,0,0
oInvCollPH,480,224,0002CB10,0,1,1,4294967295,0,0
oInvCollPH,496,224,0001563D,0,1,1,4294967295,0,0
oInvCollPH,512,224,003E1019,0,1,1,4294967295,0,0
oInvCollPH,528,224,002FE197,0,1,1,4294967295,0,0
oInvCollPH,544,224,000003F9,0,1,1,4294967295,0,0
oInvCollPH,560,224,002E083D,0,1,1,4294967295,0,0
oInvCollPH,576,224,003EA60E,0,1,1,4294967295,0,0
oInvCollPH,592,224,0015452A,0,1,1,4294967295,0,0
oInvCollPH,800,240,00016D7E,0,1,1,4294967295,0,0
oInvCollPH,784,256,000F05B9,0,1,1,4294967295,0,0
oInvCollPH,768,272,001602E2,0,1,1,4294967295,0,0
oInvCollPH,1536,192,0031D8C5,0,1,1,4294967295,0,0
oInvCollPH,1680,224,00339D0D,0,1,1,4294967295,0,0
oInvCollPH,1664,224,00252CFF,0,1,1,4294967295,0,0
oInvCollPH,1648,224,0021E400,0,1,1,4294967295,0,0
oInvCollPH,1632,224,0012C0A9,0,1,1,4294967295,0,0
oInvCollPH,1616,224,00314372,0,1,1,4294967295,0,0
oInvCollPH,1680,336,001A62E8,0,1,1,4294967295,0,0
oInvCollPH,1696,320,001254AA,0,1,1,4294967295,0,0
oInvCollPH,1632,304,002BB00B,0,1,1,4294967295,0,0
oInvCollPH,1696,304,0030C42D,0,1,1,4294967295,0,0
oInvCollPH,1712,288,003C9C99,0,1,1,4294967295,0,0
oInvCollPH,1712,272,0015EBD5,0,1,1,4294967295,0,0
oInvCollPH,1728,256,0027B326,0,1,1,4294967295,0,0
oInvCollPH,1728,240,000C7826,0,1,1,4294967295,0,0
oInvCollPH,1744,240,0006F05B,0,1,1,4294967295,0,0
oInvCollPH,1072,192,001A75C3,0,1,1,4294967295,0,0
oInvCollPH,1008,208,002E1499,0,1,1,4294967295,0,0
oInvCollPH,1120,208,0000E8D7,0,1,1,4294967295,0,0
oInvCollPH,1136,208,0032E6EA,0,1,1,4294967295,0,0
oInvCollPH,1024,240,00246489,0,1,1,4294967295,0,0
oInvCollPH,1024,256,0010BE99,0,1,1,4294967295,0,0
oInvCollPH,1024,272,00048BA3,0,1,1,4294967295,0,0
oInvCollPH,1024,288,000BD2EA,0,1,1,4294967295,0,0
oInvCollPH,1024,304,000A2275,0,1,1,4294967295,0,0
oInvCollPH,1024,320,003357B2,0,1,1,4294967295,0,0
oInvCollPH,1024,336,0032C02A,0,1,1,4294967295,0,0
oInvCollPH,1120,224,00227740,0,1,1,4294967295,0,0
oInvCollPH,1120,240,00341736,0,1,1,4294967295,0,0
oInvCollPH,1120,256,0001769D,0,1,1,4294967295,0,0
oInvCollPH,1120,272,000E9438,0,1,1,4294967295,0,0
oInvCollPH,1120,288,0038A858,0,1,1,4294967295,0,0
oInvCollPH,1120,304,000CA8C3,0,1,1,4294967295,0,0
oInvCollPH,1120,320,0025D5CC,0,1,1,4294967295,0,0
oInvCollPH,1120,336,003852CA,0,1,1,4294967295,0,0
oInvisibleRupLowSlope,320,272,0020881F,0,1,1,4294967295,0,0
oInvisibleRupLowSlope,352,256,0025EF6A,0,1,1,4294967295,0,0
oInvisibleRupLowSlope,384,240,0034436F,0,1,1,4294967295,0,0
oInvisibleRupLowSlope,416,224,0035C1D6,0,1,1,4294967295,0,0
oInvisibleRupLowSlope,816,144,000E745E,0,1,1,4294967295,0,0
oInvisibleRupLowSlope,848,128,001B37CB,0,1,1,4294967295,0,0
oInvisibleRupLowSlope,704,160,001A97F3,0,1,1,4294967295,0,0
oInvisibleRupLowSlope,672,176,000CB331,0,1,1,4294967295,0,0
oInvisibleRupLowSlope,640,192,0030751F,0,1,1,4294967295,0,0
oInvisibleRupLowSlope,608,208,001623D4,0,1,1,4294967295,0,0
oInvisibleSolid,880,128,002DEFBF,0,1,1,4294967295,0,1
oInvisibleSolid,848,144,0030C736,0,1,1,4294967295,0,1
oInvisibleSolid,736,160,002EE1A1,0,1,1,4294967295,0,1
oInvisibleSolid,704,176,001FE6D6,0,1,1,4294967295,0,1
oInvisibleSolid,672,192,003FA010,0,1,1,4294967295,0,1
oInvisibleSolid,640,208,001BC2A7,0,1,1,4294967295,0,1
oInvisibleSolid,448,224,000ADB7A,0,1,1,4294967295,0,1
oInvisibleSolid,416,240,0000B031,0,1,1,4294967295,0,1
oInvisibleSolid,384,256,0037AE46,0,1,1,4294967295,0,1
oInvisibleSolid,352,272,003CADE1,0,1,1,4294967295,0,1
oInvisibleSolid,752,288,001B1E07,0,1,1,4294967295,0,0
oInvisibleSolid,704,320,003CE4BB,0,1,1,4294967295,0,0
oInvisibleSolid,704,288,003D9854,0,1,1,4294967295,0,1
oInvisibleSolid,0,288,002CDBF7,0,1,1,4294967295,0,1
oInvisibleLupLowSlope,1552,192,003A377A,0,1,1,4294967295,0,0
oInvisibleLupLowSlope,1584,208,000A86EE,0,1,1,4294967295,0,0
oInvisibleSolid,1520,192,0009FD5D,0,1,1,4294967295,0,1
oInvisibleSolid,1552,208,0039B8EA,0,1,1,4294967295,0,1
oInvisibleSolid,1568,240,000B4882,0,1,1,4294967295,0,1
oInvisibleSolid,1552,224,0036B0D7,0,1,1,4294967295,0,1
oInvisibleSolid,1584,272,000F235C,0,1,1,4294967295,0,1
oInvisibleSolid,1600,288,00137871,0,1,1,4294967295,0,1
oInvisibleSolid,1616,304,0007F459,0,1,1,4294967295,0,1
oInvisibleSolid,1648,320,002E140B,0,1,1,4294967295,0,1
oInvisibleLupLowSlope,1696,224,002E91B0,0,1,1,4294967295,0,0
oInvisibleSolid,1584,256,000DB28E,0,1,1,4294967295,0,1
oInvisibleSolid,1664,336,0016E09C,0,1,1,4294967295,0,1
oInvisibleRupLowSlope,1024,192,00039B12,0,1,1,4294967295,0,1
oInvisibleLupLowSlope,1088,192,000B47CD,0,1,1,4294967295,0,1
oInvisibleSolid,1056,192,002391B4,0,1,1,4294967295,0,1
oInvisibleSolid,992,208,00029CE5,0,1,1,4294967295,0,1
oInvisibleSolid,1024,224,000BE84F,0,1,1,4294967295,0,1
