tileCastlevaniaB,0,224,48,32,64,64,0,1,1,4294967295
tileCastlevaniaB,0,288,48,32,64,64,0,1,1,4294967295
tileCastlevaniaB,64,224,64,32,64,64,0,1,1,4294967295
tileCastlevaniaB,64,288,64,32,64,64,0,1,1,4294967295
tileCastlevaniaB,0,0,64,64,48,32,0,1,1,4294967295
tileCastlevaniaB,48,0,64,64,48,32,0,1,1,4294967295
tileCastlevaniaB,96,0,64,64,64,32,0,1,1,4294967295
tileCastlevaniaB,224,0,0,32,16,80,0,1,1,4294967295
tileCastlevaniaB,224,80,0,32,16,80,0,1,1,4294967295
tileCastlevaniaB,224,160,0,32,16,80,0,1,1,4294967295
tileCastlevaniaB,224,240,0,32,16,80,0,1,1,4294967295
tileCastlevaniaB,240,0,32,32,16,80,0,1,1,4294967295
tileCastlevaniaB,240,80,32,32,16,80,0,1,1,4294967295
tileCastlevaniaB,240,160,32,32,16,80,0,1,1,4294967295
tileCastlevaniaB,240,240,32,32,16,80,0,1,1,4294967295
tileCastlevaniaB,224,320,0,32,16,32,0,1,1,4294967295
tileCastlevaniaB,240,320,32,32,16,32,0,1,1,4294967295
tileCastlevaniaB,384,0,0,32,16,80,0,1,1,4294967295
tileCastlevaniaB,384,80,0,32,16,80,0,1,1,4294967295
tileCastlevaniaB,384,160,0,32,16,80,0,1,1,4294967295
tileCastlevaniaB,384,240,0,32,16,80,0,1,1,4294967295
tileCastlevaniaB,384,320,0,32,16,32,0,1,1,4294967295
tileCastlevaniaB,400,320,32,32,16,32,0,1,1,4294967295
tileCastlevaniaB,400,0,32,32,16,80,0,1,1,4294967295
tileCastlevaniaB,400,80,32,32,16,80,0,1,1,4294967295
tileCastlevaniaB,400,160,32,32,16,80,0,1,1,4294967295
tileCastlevaniaB,400,240,32,32,16,80,0,1,1,4294967295
tileCastlevaniaB,704,0,48,32,16,48,0,1,1,4294967295
tileCastlevaniaB,704,48,48,48,16,32,0,1,1,4294967295
tileCastlevaniaB,704,80,48,48,16,32,0,1,1,4294967295
tileCastlevaniaB,704,112,48,48,16,32,0,1,1,4294967295
tileCastlevaniaB,720,0,112,32,16,48,0,1,1,4294967295
tileCastlevaniaB,720,48,112,48,16,32,0,1,1,4294967295
tileCastlevaniaB,720,80,112,48,16,32,0,1,1,4294967295
tileCastlevaniaB,720,112,112,48,16,32,0,1,1,4294967295
tileCastlevaniaB,704,144,48,48,16,48,0,1,1,4294967295
tileCastlevaniaB,720,144,112,48,16,48,0,1,1,4294967295
tileCastlevaniaB,176,64,96,96,32,32,0,1,1,4294967295
tileCastlevaniaB,304,240,96,96,32,32,0,1,1,4294967295
tileCastlevaniaB,144,288,96,96,32,32,0,1,1,4294967295
tileCastlevaniaB,48,96,96,96,32,32,0,1,1,4294967295
tileCastlevaniaB,352,112,96,96,32,32,0,1,1,4294967295
tileCastlevaniaB,512,48,96,96,32,32,0,1,1,4294967295
tileCastlevaniaB,480,256,96,96,32,32,0,1,1,4294967295
tileCastlevaniaB,624,320,96,96,32,32,0,1,1,4294967295
tileCastlevaniaB,656,320,96,96,32,32,0,1,1,4294967295
tileCastlevaniaB,688,320,96,96,32,32,0,1,1,4294967295
tileCastlevaniaB,656,288,96,96,32,32,0,1,1,4294967295
tileCastlevaniaB,688,288,96,96,32,32,0,1,1,4294967295
tileCastlevaniaB,720,320,96,96,32,32,0,1,1,4294967295
tileCastlevaniaB,752,320,96,96,32,32,0,1,1,4294967295
tileCastlevaniaB,736,32,96,96,32,32,0,1,1,4294967295
tileCastlevaniaB,736,64,96,96,32,32,0,1,1,4294967295
tileCastlevaniaB,736,96,96,96,32,32,0,1,1,4294967295
tileCastlevaniaB,544,0,0,32,16,80,0,1,1,4294967295
tileCastlevaniaB,544,80,0,32,16,80,0,1,1,4294967295
tileCastlevaniaB,544,160,0,32,16,80,0,1,1,4294967295
tileCastlevaniaB,544,240,0,32,16,80,0,1,1,4294967295
tileCastlevaniaB,560,0,32,32,16,80,0,1,1,4294967295
tileCastlevaniaB,560,80,32,32,16,80,0,1,1,4294967295
tileCastlevaniaB,560,160,32,32,16,80,0,1,1,4294967295
tileCastlevaniaB,560,240,32,32,16,80,0,1,1,4294967295
tileCastlevaniaB,560,320,32,32,16,32,0,1,1,4294967295
tileCastlevaniaB,544,320,0,32,16,32,0,1,1,4294967295
tileCastlevaniaB,864,128,48,32,64,64,0,1,1,4294967295
tileCastlevaniaB,864,64,48,32,64,64,0,1,1,4294967295
tileCastlevaniaB,864,256,48,32,64,64,0,1,1,4294967295
tileCastlevaniaB,864,192,48,32,64,64,0,1,1,4294967295
tileCastlevaniaB,928,64,64,32,64,64,0,1,1,4294967295
tileCastlevaniaB,928,128,64,32,64,64,0,1,1,4294967295
tileCastlevaniaB,928,192,64,32,64,64,0,1,1,4294967295
tileCastlevaniaB,928,256,64,32,64,64,0,1,1,4294967295
tileCastlevaniaB,1056,0,48,32,64,64,0,1,1,4294967295
tileCastlevaniaB,1056,64,48,32,64,64,0,1,1,4294967295
tileCastlevaniaB,1056,128,48,32,64,64,0,1,1,4294967295
tileCastlevaniaB,1056,256,48,32,64,64,0,1,1,4294967295
tileCastlevaniaB,1120,0,64,32,64,64,0,1,1,4294967295
tileCastlevaniaB,1120,64,64,32,64,64,0,1,1,4294967295
tileCastlevaniaB,1312,256,64,32,64,64,0,1,1,4294967295
tileCastlevaniaB,864,0,0,32,16,64,0,1,1,4294967295
tileCastlevaniaB,960,0,0,32,16,64,0,1,1,4294967295
tileCastlevaniaB,880,0,32,32,16,64,0,1,1,4294967295
tileCastlevaniaB,976,0,32,32,16,64,0,1,1,4294967295
tileCastlevaniaB,864,320,0,32,16,32,0,1,1,4294967295
tileCastlevaniaB,1056,320,0,32,16,32,0,1,1,4294967295
tileCastlevaniaB,880,320,32,32,16,32,0,1,1,4294967295
tileCastlevaniaB,1072,320,32,32,16,32,0,1,1,4294967295
tileCastlevaniaB,976,320,32,32,16,32,0,1,1,4294967295
tileCastlevaniaB,960,320,0,32,16,32,0,1,1,4294967295
tileCastlevaniaB,928,320,96,96,32,16,0,1,1,4294967295
tileCastlevaniaB,1056,192,96,96,32,16,0,1,1,4294967295
tileCastlevaniaB,992,160,96,96,32,32,0,1,1,4294967295
tileCastlevaniaB,1024,128,96,96,32,32,0,1,1,4294967295
tileCastlevaniaB,832,112,96,96,32,32,0,1,1,4294967295
tileCastlevaniaB,784,240,96,96,32,16,0,1,1,4294967295
tileCastlevaniaB,640,208,96,112,32,16,0,1,1,4294967295
tileCastlevaniaB,1120,256,64,32,48,64,0,1,1,4294967295
tileCastlevaniaB,1168,256,64,32,48,64,0,1,1,4294967295
tileCastlevaniaB,1216,256,64,32,48,64,0,1,1,4294967295
tileCastlevaniaB,1264,256,64,32,48,64,0,1,1,4294967295
tileCastlevaniaB,1344,192,48,32,16,64,0,1,1,4294967295
tileCastlevaniaB,1344,128,48,32,16,64,0,1,1,4294967295
tileCastlevaniaB,1360,128,112,32,16,64,0,1,1,4294967295
tileCastlevaniaB,1360,192,112,32,16,64,0,1,1,4294967295
tileCastlevaniaB,1360,320,32,32,16,32,0,1,1,4294967295
tileCastlevaniaB,1344,320,0,32,16,32,0,1,1,4294967295
tileCastlevaniaB,1232,80,0,0,48,144,0,1,1,4294967295
tileCastlevaniaB,1232,320,96,96,32,16,0,1,1,4294967295
tileCastlevaniaB,1136,128,96,128,16,16,0,1,1,4294967295
tileCastlevaniaB,1136,144,112,128,16,16,0,1,1,4294967295
tileCastlevaniaB,704,192,0,128,32,16,0,1,1,4294967295
tileCastlevaniaB,112,32,96,128,16,16,0,1,1,4294967295
tileCastlevaniaB,112,48,112,128,16,16,0,1,1,4294967295
tileCastlevaniaB,1440,128,48,32,64,64,0,1,1,4294967295
tileCastlevaniaB,1600,128,64,32,64,64,0,1,1,4294967295
tileCastlevaniaB,1632,64,48,32,16,64,0,1,1,4294967295
tileCastlevaniaB,1632,0,48,32,16,64,0,1,1,4294967295
tileCastlevaniaB,1504,128,64,32,48,64,0,1,1,4294967295
tileCastlevaniaB,1552,128,64,32,48,64,0,1,1,4294967295
tileCastlevaniaB,1648,0,112,32,16,64,0,1,1,4294967295
tileCastlevaniaB,1648,64,112,32,16,64,0,1,1,4294967295
tileCastlevaniaB,1520,64,112,32,16,64,0,1,1,4294967295
tileCastlevaniaB,1504,64,48,32,16,64,0,1,1,4294967295
tileCastlevaniaB,1440,192,48,32,16,32,0,1,1,4294967295
tileCastlevaniaB,1440,224,48,80,16,16,0,1,1,4294967295
tileCastlevaniaB,1456,192,112,32,16,32,0,1,1,4294967295
tileCastlevaniaB,1456,224,112,80,16,16,0,1,1,4294967295
tileCastlevaniaB,1152,128,48,48,16,48,0,1,1,4294967295
tileCastlevaniaB,1168,128,112,48,16,48,0,1,1,4294967295
tileCastlevaniaB,1504,0,48,32,16,32,0,1,1,4294967295
tileCastlevaniaB,1504,32,48,80,16,16,0,1,1,4294967295
tileCastlevaniaB,1520,0,112,32,16,32,0,1,1,4294967295
tileCastlevaniaB,1520,32,112,80,16,16,0,1,1,4294967295
tileCastlevaniaB,1568,64,96,96,32,32,0,1,1,4294967295
tileCastlevaniaB,1584,32,96,96,32,32,0,1,1,4294967295
tileCastlevaniaB,1552,16,96,96,32,32,0,1,1,4294967295
tileCastlevaniaB,1536,48,96,96,32,32,0,1,1,4294967295
tileCastlevaniaB,1360,16,96,96,32,32,0,1,1,4294967295
tileCastlevaniaB,1408,192,96,96,32,32,0,1,1,4294967295
tileCastlevaniaB,1552,192,96,96,32,16,0,1,1,4294967295
tileCastlevaniaB,1616,192,96,96,32,16,0,1,1,4294967295
tileCastlevaniaB,1184,48,112,96,16,32,0,1,1,4294967295
tileCastlevaniaB,1488,96,96,96,16,32,0,1,1,4294967295
tileCastlevaniaB,1200,0,48,96,16,32,0,1,1,4294967295
tileCastlevaniaB,1200,32,48,96,16,32,0,1,1,4294967295
tileCastlevaniaB,1200,64,48,96,16,32,0,1,1,4294967295
tileCastlevaniaB,1200,96,48,96,16,32,0,1,1,4294967295
tileCastlevaniaB,1200,128,48,96,16,32,0,1,1,4294967295
tileCastlevaniaB,1200,160,48,96,16,32,0,1,1,4294967295
tileCastlevaniaB,1200,192,48,96,16,32,0,1,1,4294967295
tileCastlevaniaB,1200,224,48,96,16,32,0,1,1,4294967295
tileCastlevaniaB,1296,0,48,96,16,32,0,1,1,4294967295
tileCastlevaniaB,1296,32,48,96,16,32,0,1,1,4294967295
tileCastlevaniaB,1296,64,48,96,16,32,0,1,1,4294967295
tileCastlevaniaB,1296,96,48,96,16,32,0,1,1,4294967295
tileCastlevaniaB,1296,128,48,96,16,32,0,1,1,4294967295
tileCastlevaniaB,1296,160,48,96,16,32,0,1,1,4294967295
tileCastlevaniaB,1296,192,48,96,16,32,0,1,1,4294967295
tileCastlevaniaB,1296,224,48,96,16,32,0,1,1,4294967295
tileCastlevaniaB,1520,192,48,96,16,32,0,1,1,4294967295
tileCastlevaniaB,1520,224,48,96,16,32,0,1,1,4294967295
tileCastlevaniaB,1520,256,48,96,16,32,0,1,1,4294967295
tileCastlevaniaB,1520,288,48,96,16,32,0,1,1,4294967295
tileCastlevaniaB,1520,320,48,96,16,32,0,1,1,4294967295
tileCastlevaniaB,1600,192,48,96,16,32,0,1,1,4294967295
tileCastlevaniaB,1600,224,48,96,16,32,0,1,1,4294967295
tileCastlevaniaB,1600,256,48,96,16,32,0,1,1,4294967295
tileCastlevaniaB,1600,288,48,96,16,32,0,1,1,4294967295
tileCastlevaniaB,1600,320,48,96,16,32,0,1,1,4294967295
tileCastlevaniaB,1744,144,0,0,48,144,0,1,1,4294967295
tileCastlevaniaB,1856,144,0,0,48,144,0,1,1,4294967295
tileCastlevaniaB,1664,96,48,32,48,16,0,1,1,4294967295
tileCastlevaniaB,1664,112,48,80,48,16,0,1,1,4294967295
tileCastlevaniaB,1712,112,80,80,48,16,0,1,1,4294967295
tileCastlevaniaB,1712,96,80,32,48,16,0,1,1,4294967295
tileCastlevaniaB,1728,0,48,32,16,48,0,1,1,4294967295
tileCastlevaniaB,1728,48,48,64,16,32,0,1,1,4294967295
tileCastlevaniaB,1744,48,112,64,16,32,0,1,1,4294967295
tileCastlevaniaB,1744,0,112,32,16,48,0,1,1,4294967295
tileCastlevaniaB,1664,16,48,64,48,32,0,1,1,4294967295
tileCastlevaniaB,1712,16,112,64,16,32,0,1,1,4294967295
tileCastlevaniaB,1712,0,112,32,16,16,0,1,1,4294967295
tileCastlevaniaB,1664,0,48,32,48,16,0,1,1,4294967295
tileCastlevaniaB,1664,48,96,96,32,32,0,1,1,4294967295
tileCastlevaniaB,1760,32,112,96,16,32,0,1,1,4294967295
tileCastlevaniaB,1680,128,96,96,32,16,0,1,1,4294967295
tileCastlevaniaB,1728,128,48,96,16,32,0,1,1,4294967295
tileCastlevaniaB,1728,160,48,96,16,32,0,1,1,4294967295
tileCastlevaniaB,1728,192,48,96,16,32,0,1,1,4294967295
tileCastlevaniaB,1728,224,48,96,16,32,0,1,1,4294967295
tileCastlevaniaB,1728,256,48,96,16,32,0,1,1,4294967295
tileCastlevaniaB,1728,288,48,96,16,32,0,1,1,4294967295
tileCastlevaniaB,1728,320,48,96,16,32,0,1,1,4294967295
tileCastlevaniaB,1456,288,96,96,32,32,0,1,1,4294967295
tileCastlevaniaB,1648,304,96,96,32,32,0,1,1,4294967295
tileCastlevaniaB,1696,256,96,96,32,32,0,1,1,4294967295
tileCastlevaniaB,1136,320,0,128,48,16,0,1,1,4294967295
tileCastlevaniaB,2032,160,48,32,48,64,0,1,1,4294967295
tileCastlevaniaB,2080,160,64,32,32,64,0,1,1,4294967295
tileCastlevaniaB,2112,160,64,32,32,64,0,1,1,4294967295
tileCastlevaniaB,2208,160,112,32,16,64,0,1,1,4294967295
tileCastlevaniaB,2032,0,48,32,48,48,0,1,1,4294967295
tileCastlevaniaB,2032,48,48,48,48,48,0,1,1,4294967295
tileCastlevaniaB,2080,48,112,48,16,48,0,1,1,4294967295
tileCastlevaniaB,2080,0,112,32,16,48,0,1,1,4294967295
tileCastlevaniaB,2096,0,48,32,48,16,0,1,1,4294967295
tileCastlevaniaB,2096,16,48,80,48,16,0,1,1,4294967295
tileCastlevaniaB,2144,16,112,80,16,16,0,1,1,4294967295
tileCastlevaniaB,2144,0,112,32,16,16,0,1,1,4294967295
tileCastlevaniaB,2144,160,64,32,32,64,0,1,1,4294967295
tileCastlevaniaB,2176,160,64,32,32,64,0,1,1,4294967295
tileCastlevaniaB,2160,0,48,32,48,48,0,1,1,4294967295
tileCastlevaniaB,2160,48,48,48,48,48,0,1,1,4294967295
tileCastlevaniaB,2208,48,64,48,32,48,0,1,1,4294967295
tileCastlevaniaB,2208,0,64,32,32,48,0,1,1,4294967295
tileCastlevaniaB,2240,48,112,48,16,48,0,1,1,4294967295
tileCastlevaniaB,2240,0,112,32,16,48,0,1,1,4294967295
tileCastlevaniaB,2032,224,0,32,16,80,0,1,1,4294967295
tileCastlevaniaB,2192,224,0,32,16,80,0,1,1,4294967295
tileCastlevaniaB,2048,224,32,32,16,80,0,1,1,4294967295
tileCastlevaniaB,2208,224,32,32,16,80,0,1,1,4294967295
tileCastlevaniaB,2032,304,0,32,16,48,0,1,1,4294967295
tileCastlevaniaB,2048,304,32,32,16,48,0,1,1,4294967295
tileCastlevaniaB,2064,224,0,128,48,16,0,1,1,4294967295
tileCastlevaniaB,2112,224,0,128,48,16,0,1,1,4294967295
tileCastlevaniaB,2160,224,0,128,32,16,0,1,1,4294967295
tileCastlevaniaB,2032,96,48,96,16,32,0,1,1,4294967295
tileCastlevaniaB,2032,128,48,96,16,32,0,1,1,4294967295
tileCastlevaniaB,2080,96,48,96,16,32,0,1,1,4294967295
tileCastlevaniaB,2080,128,48,96,16,32,0,1,1,4294967295
tileCastlevaniaB,2160,96,48,96,16,32,0,1,1,4294967295
tileCastlevaniaB,2160,128,48,96,16,32,0,1,1,4294967295
tileCastlevaniaB,2208,96,48,96,16,32,0,1,1,4294967295
tileCastlevaniaB,2208,128,48,96,16,32,0,1,1,4294967295
tileCastlevaniaB,2240,96,48,96,16,32,0,1,1,4294967295
tileCastlevaniaB,2240,128,48,96,16,32,0,1,1,4294967295
tileCastlevaniaB,2240,160,48,96,16,32,0,1,1,4294967295
tileCastlevaniaB,2240,192,48,96,16,32,0,1,1,4294967295
tileCastlevaniaB,2240,224,48,96,16,32,0,1,1,4294967295
tileCastlevaniaB,2240,256,48,96,16,32,0,1,1,4294967295
tileCastlevaniaB,2240,320,48,96,16,32,0,1,1,4294967295
tileCastlevaniaB,1968,64,96,96,32,32,0,1,1,4294967295
tileCastlevaniaB,2128,272,96,96,32,32,0,1,1,4294967295
tileCastlevaniaB,1872,304,96,96,32,32,0,1,1,4294967295
tileCastlevaniaB,1824,176,96,96,32,32,0,1,1,4294967295
tileCastlevaniaB,2128,64,96,96,32,32,0,1,1,4294967295
tileCastlevaniaB,2176,128,96,96,32,32,0,1,1,4294967295
tileCastlevaniaB,2048,96,96,96,32,16,0,1,1,4294967295
tileCastlevaniaB,1840,96,96,96,32,16,0,1,1,4294967295
tileCastlevaniaB,1904,16,96,96,32,16,0,1,1,4294967295
tileCastlevaniaB,1952,256,96,96,32,16,0,1,1,4294967295
tileCastlevaniaB,1712,48,96,96,16,32,0,1,1,4294967295
tileCastlevaniaB,2256,0,48,32,16,48,0,1,1,4294967295
tileCastlevaniaB,2256,48,48,48,16,32,0,1,1,4294967295
tileCastlevaniaB,2256,80,48,48,16,32,0,1,1,4294967295
tileCastlevaniaB,2256,144,48,48,16,48,0,1,1,4294967295
tileCastlevaniaB,2256,112,48,48,16,32,0,1,1,4294967295
tileCastlevaniaB,2272,48,112,48,16,32,0,1,1,4294967295
tileCastlevaniaB,2272,80,112,48,16,32,0,1,1,4294967295
tileCastlevaniaB,2272,112,112,48,16,32,0,1,1,4294967295
tileCastlevaniaB,2272,144,112,48,16,48,0,1,1,4294967295
tileCastlevaniaB,2272,0,112,32,16,48,0,1,1,4294967295
tileCastlevaniaB,2256,256,48,32,48,64,0,1,1,4294967295
tileCastlevaniaB,2304,256,112,32,16,64,0,1,1,4294967295
tileCastlevaniaB,2288,32,48,32,48,16,0,1,1,4294967295
tileCastlevaniaB,2336,32,64,32,32,16,0,1,1,4294967295
tileCastlevaniaB,2368,32,64,32,32,16,0,1,1,4294967295
tileCastlevaniaB,2400,32,64,32,32,16,0,1,1,4294967295
tileCastlevaniaB,2432,32,64,32,32,16,0,1,1,4294967295
tileCastlevaniaB,2464,32,64,32,32,16,0,1,1,4294967295
tileCastlevaniaB,2496,32,64,32,32,16,0,1,1,4294967295
tileCastlevaniaB,2528,32,64,32,32,16,0,1,1,4294967295
tileCastlevaniaB,2560,32,64,32,32,16,0,1,1,4294967295
tileCastlevaniaB,2592,32,112,32,16,16,0,1,1,4294967295
tileCastlevaniaB,2592,48,112,80,16,16,0,1,1,4294967295
tileCastlevaniaB,2288,48,48,80,48,16,0,1,1,4294967295
tileCastlevaniaB,2336,48,64,80,32,16,0,1,1,4294967295
tileCastlevaniaB,2368,48,64,80,32,16,0,1,1,4294967295
tileCastlevaniaB,2400,48,64,80,32,16,0,1,1,4294967295
tileCastlevaniaB,2432,48,64,80,32,16,0,1,1,4294967295
tileCastlevaniaB,2464,48,64,80,32,16,0,1,1,4294967295
tileCastlevaniaB,2496,48,64,80,32,16,0,1,1,4294967295
tileCastlevaniaB,2528,48,64,80,32,16,0,1,1,4294967295
tileCastlevaniaB,2560,48,64,80,32,16,0,1,1,4294967295
tileCastlevaniaB,2608,256,48,32,64,48,0,1,1,4294967295
tileCastlevaniaB,2672,256,64,32,64,48,0,1,1,4294967295
tileCastlevaniaB,2672,304,64,48,64,48,0,1,1,4294967295
tileCastlevaniaB,2608,304,48,48,64,48,0,1,1,4294967295
tileCastlevaniaB,2672,0,48,32,48,48,0,1,1,4294967295
tileCastlevaniaB,2720,0,112,32,16,48,0,1,1,4294967295
tileCastlevaniaB,2672,48,48,48,48,32,0,1,1,4294967295
tileCastlevaniaB,2672,80,48,48,48,32,0,1,1,4294967295
tileCastlevaniaB,2672,112,48,48,48,32,0,1,1,4294967295
tileCastlevaniaB,2672,144,48,48,48,48,0,1,1,4294967295
tileCastlevaniaB,2720,144,112,48,16,48,0,1,1,4294967295
tileCastlevaniaB,2720,48,112,48,16,32,0,1,1,4294967295
tileCastlevaniaB,2720,80,112,48,16,32,0,1,1,4294967295
tileCastlevaniaB,2720,112,112,48,16,32,0,1,1,4294967295
tileCastlevaniaB,2672,192,48,96,16,32,0,1,1,4294967295
tileCastlevaniaB,2672,224,48,96,16,32,0,1,1,4294967295
tileCastlevaniaB,2304,320,48,96,16,32,0,1,1,4294967295
tileCastlevaniaB,2256,320,48,96,16,32,0,1,1,4294967295
tileCastlevaniaB,2336,64,48,96,16,32,0,1,1,4294967295
tileCastlevaniaB,2336,96,48,96,16,32,0,1,1,4294967295
tileCastlevaniaB,2336,128,48,96,16,32,0,1,1,4294967295
tileCastlevaniaB,2336,160,48,96,16,32,0,1,1,4294967295
tileCastlevaniaB,2336,192,48,96,16,32,0,1,1,4294967295
tileCastlevaniaB,2336,224,48,96,16,32,0,1,1,4294967295
tileCastlevaniaB,2336,256,48,96,16,32,0,1,1,4294967295
tileCastlevaniaB,2336,288,48,96,16,32,0,1,1,4294967295
tileCastlevaniaB,2336,320,48,96,16,32,0,1,1,4294967295
tileCastlevaniaB,2416,64,48,96,16,32,0,1,1,4294967295
tileCastlevaniaB,2416,96,48,96,16,32,0,1,1,4294967295
tileCastlevaniaB,2416,128,48,96,16,32,0,1,1,4294967295
tileCastlevaniaB,2416,160,48,96,16,32,0,1,1,4294967295
tileCastlevaniaB,2416,192,48,96,16,32,0,1,1,4294967295
tileCastlevaniaB,2416,224,48,96,16,32,0,1,1,4294967295
tileCastlevaniaB,2416,256,48,96,16,32,0,1,1,4294967295
tileCastlevaniaB,2416,288,48,96,16,32,0,1,1,4294967295
tileCastlevaniaB,2416,320,48,96,16,32,0,1,1,4294967295
tileCastlevaniaB,2496,64,48,96,16,32,0,1,1,4294967295
tileCastlevaniaB,2496,96,48,96,16,32,0,1,1,4294967295
tileCastlevaniaB,2496,128,48,96,16,32,0,1,1,4294967295
tileCastlevaniaB,2496,160,48,96,16,32,0,1,1,4294967295
tileCastlevaniaB,2496,192,48,96,16,32,0,1,1,4294967295
tileCastlevaniaB,2496,224,48,96,16,32,0,1,1,4294967295
tileCastlevaniaB,2496,256,48,96,16,32,0,1,1,4294967295
tileCastlevaniaB,2496,288,48,96,16,32,0,1,1,4294967295
tileCastlevaniaB,2496,320,48,96,16,32,0,1,1,4294967295
tileCastlevaniaB,2576,64,48,96,16,32,0,1,1,4294967295
tileCastlevaniaB,2576,96,48,96,16,32,0,1,1,4294967295
tileCastlevaniaB,2576,128,48,96,16,32,0,1,1,4294967295
tileCastlevaniaB,2576,160,48,96,16,32,0,1,1,4294967295
tileCastlevaniaB,2576,192,48,96,16,32,0,1,1,4294967295
tileCastlevaniaB,2576,224,48,96,16,32,0,1,1,4294967295
tileCastlevaniaB,2576,256,48,96,16,32,0,1,1,4294967295
tileCastlevaniaB,2576,288,48,96,16,32,0,1,1,4294967295
tileCastlevaniaB,2576,320,48,96,16,32,0,1,1,4294967295
tileCastlevaniaB,2432,64,96,96,32,32,0,1,1,4294967295
tileCastlevaniaB,2432,96,96,96,32,32,0,1,1,4294967295
tileCastlevaniaB,2432,128,96,96,32,32,0,1,1,4294967295
tileCastlevaniaB,2432,160,96,96,32,32,0,1,1,4294967295
tileCastlevaniaB,2432,192,96,96,32,32,0,1,1,4294967295
tileCastlevaniaB,2432,224,96,96,32,32,0,1,1,4294967295
tileCastlevaniaB,2432,256,96,96,32,32,0,1,1,4294967295
tileCastlevaniaB,2432,288,96,96,32,32,0,1,1,4294967295
tileCastlevaniaB,2432,320,96,96,32,32,0,1,1,4294967295
tileCastlevaniaB,2464,64,96,96,32,32,0,1,1,4294967295
tileCastlevaniaB,2464,96,96,96,32,32,0,1,1,4294967295
tileCastlevaniaB,2464,128,96,96,32,32,0,1,1,4294967295
tileCastlevaniaB,2464,160,96,96,32,32,0,1,1,4294967295
tileCastlevaniaB,2464,192,96,96,32,32,0,1,1,4294967295
tileCastlevaniaB,2464,224,96,96,32,32,0,1,1,4294967295
tileCastlevaniaB,2464,256,96,96,32,32,0,1,1,4294967295
tileCastlevaniaB,2464,288,96,96,32,32,0,1,1,4294967295
tileCastlevaniaB,2464,320,96,96,32,32,0,1,1,4294967295
tileCastlevaniaB,2384,128,96,96,32,32,0,1,1,4294967295
tileCastlevaniaB,2512,288,96,96,32,32,0,1,1,4294967295
tileCastlevaniaB,2592,224,96,96,32,32,0,1,1,4294967295
tileCastlevaniaB,2640,96,96,96,32,32,0,1,1,4294967295
tileCastlevaniaB,2576,0,96,96,32,32,0,1,1,4294967295
tileCastlevaniaB,2288,160,96,96,32,32,0,1,1,4294967295
tileCastlevaniaB,2400,16,96,112,32,16,0,1,1,4294967295
tileCastlevaniaB,2368,64,0,128,48,16,0,1,1,4294967295
tileCastlevaniaB,2544,64,96,128,16,16,0,1,1,4294967295
tileCastlevaniaB,2544,80,112,128,16,16,0,1,1,4294967295
tileCastlevaniaB,2368,240,96,96,32,16,0,1,1,4294967295
tileCastlevaniaB,2528,176,96,96,32,16,0,1,1,4294967295
tileCastlevaniaB,2288,144,48,128,32,16,0,1,1,4294967295
tileCastlevaniaB,2304,64,96,48,16,32,0,1,1,4294967295
tileCastlevaniaB,2304,96,96,64,16,16,0,1,1,4294967295
tileCastlevaniaB,2304,112,96,64,16,32,0,1,1,4294967295
tileCastlevaniaB,2288,64,96,128,16,16,0,1,1,4294967295
tileCastlevaniaB,2288,80,112,128,16,16,0,1,1,4294967295
tileCastlevaniaB,2320,64,112,96,16,16,0,1,1,4294967295
tileCastlevaniaB,2240,288,48,96,16,32,0,1,1,4294967295
tileCastlevaniaB,2192,304,48,32,16,32,0,1,1,4294967295
tileCastlevaniaB,2208,304,112,32,16,32,0,1,1,4294967295
tileCastlevaniaB,2192,336,48,80,16,16,0,1,1,4294967295
tileCastlevaniaB,2208,336,112,80,16,16,0,1,1,4294967295
