oExit,1904,208,0008516C,0,1,1,4294967295,0,1
oExit,0,224,00031ED3,0,1,1,4294967295,0,1
oMetGeemer,800,208,000A83A3,0,1,1,4294967295,0,1
oMetGeemer,528,176,00079C7E,0,1,1,4294967295,0,1
oMetGeemer,1472,224,002E8AE4,0,1,1,4294967295,0,1
oMetGeemer,1184,224,001BF315,0,1,1,4294967295,0,1
oMetSkree,880,80,001A4BE2,0,1,1,4294967295,0,0
oMetSkree,432,128,002B4A29,0,1,1,4294967295,0,0
oMetSkree,1184,96,002A846A,0,1,1,4294967295,0,0
oMetRipper,376,168,002C4E6B,0,1,1,4294967295,0,1
oMetMultiviola,584,232,00138103,0,1,1,4294967295,0,0
oPlayer1,1856,240,000B5230,0,1,1,4294967295,0,0
oMetroidDoorHolder,1888,208,003C0F3E,0,1,1,4294967295,0,1
oMetroidDoorHolder,16,224,0038304A,0,1,1,4294967295,0,1
oBreakableMetroidWall,224,176,001C6380,0,1,1,4294967295,0,1
oBreakableMetroidWall,528,192,00200BA0,0,1,1,4294967295,0,1
oBreakableMetroidWall,880,192,0020D194,0,1,1,4294967295,0,1
oBreakableMetroidWall,752,144,00277ACB,0,1,1,4294967295,0,1
oBreakableMetroidWall,448,144,0028523F,0,1,1,4294967295,0,1
oMetLava,0,260,0033C77F,0,1,1,4294967295,0,1
oInvCollPH,16,256,002D05E0,0,1,1,4294967295,0,0
oInvCollPH,32,256,00293CFA,0,1,1,4294967295,0,0
oInvCollPH,48,256,000B1CC3,0,1,1,4294967295,0,0
oInvCollPH,64,256,002B172E,0,1,1,4294967295,0,0
oInvCollPH,80,256,000B1883,0,1,1,4294967295,0,0
oInvCollPH,96,256,0003FDDC,0,1,1,4294967295,0,0
oInvCollPH,448,304,000AF0EB,0,1,1,4294967295,0,0
oInvCollPH,496,320,00074625,0,1,1,4294967295,0,0
oInvCollPH,880,320,00258E6D,0,1,1,4294967295,0,0
oInvCollPH,896,320,002C926D,0,1,1,4294967295,0,0
oInvCollPH,368,320,0007841F,0,1,1,4294967295,0,0
oInvCollPH,384,320,001B1BCC,0,1,1,4294967295,0,0
oInvCollPH,400,320,0007D912,0,1,1,4294967295,0,0
oInvCollPH,144,272,003D96D7,0,1,1,4294967295,0,0
oInvCollPH,160,272,0014AAB7,0,1,1,4294967295,0,0
oInvCollPH,176,272,003786CD,0,1,1,4294967295,0,0
oInvCollPH,272,272,00203F33,0,1,1,4294967295,0,0
oInvCollPH,256,272,00045962,0,1,1,4294967295,0,0
oInvCollPH,240,272,0030C0EA,0,1,1,4294967295,0,0
oInvCollPH,224,272,000E3C3D,0,1,1,4294967295,0,0
oInvCollPH,208,272,0012FE68,0,1,1,4294967295,0,0
oInvCollPH,192,272,0030D83A,0,1,1,4294967295,0,0
oInvCollPH,1296,288,0007A19A,0,1,1,4294967295,0,0
oInvCollPH,1824,240,0037AF42,0,1,1,4294967295,0,0
oInvCollPH,1840,240,001DDFB1,0,1,1,4294967295,0,0
oInvCollPH,1856,240,001EDF5E,0,1,1,4294967295,0,0
oInvCollPH,1872,240,0021ADAD,0,1,1,4294967295,0,0
oInvCollPH,1888,240,000494F1,0,1,1,4294967295,0,0
oInvCollPH,1904,240,000CD7CD,0,1,1,4294967295,0,0
oInvCollPH,1632,240,00325544,0,1,1,4294967295,0,0
oInvCollPH,1344,304,00240CA8,0,1,1,4294967295,0,0
oInvCollPH,1360,304,00336FAB,0,1,1,4294967295,0,0
oInvCollPH,1520,288,000D84E8,0,1,1,4294967295,0,0
oInvCollPH,1504,304,0038C61F,0,1,1,4294967295,0,0
oInvCollPH,1440,320,0018FC49,0,1,1,4294967295,0,0
oInvCollPH,1424,320,00012D83,0,1,1,4294967295,0,0
oInvCollPH,1168,320,003AE739,0,1,1,4294967295,0,0
oInvCollPH,1184,320,00267B66,0,1,1,4294967295,0,0
oInvCollPH,528,336,001BE7C8,0,1,1,4294967295,0,0
oInvCollPH,544,336,001311F6,0,1,1,4294967295,0,0
oInvCollPH,560,336,000754AD,0,1,1,4294967295,0,0
oInvCollPH,640,336,001783FA,0,1,1,4294967295,0,0
oInvCollPH,656,336,003A6842,0,1,1,4294967295,0,0
oInvCollPH,672,336,0025CFB6,0,1,1,4294967295,0,0
oInvCollPH,688,336,0033146F,0,1,1,4294967295,0,0
oInvCollPH,704,336,000173E3,0,1,1,4294967295,0,0
oInvCollPH,720,336,000A4180,0,1,1,4294967295,0,0
oInvCollPH,736,336,000AE22F,0,1,1,4294967295,0,0
oInvCollPH,752,336,0032B386,0,1,1,4294967295,0,0
oInvCollPH,768,336,002E1422,0,1,1,4294967295,0,0
oInvCollPH,784,336,0029D1B3,0,1,1,4294967295,0,0
oInvCollPH,800,336,002EF270,0,1,1,4294967295,0,0
oInvCollPH,816,336,000A21B0,0,1,1,4294967295,0,0
oInvCollPH,944,336,0023616B,0,1,1,4294967295,0,0
oInvCollPH,960,336,0027CE65,0,1,1,4294967295,0,0
oInvCollPH,976,336,0036AA0B,0,1,1,4294967295,0,0
oInvCollPH,992,336,00205AF2,0,1,1,4294967295,0,0
oInvCollPH,1008,336,00349263,0,1,1,4294967295,0,0
oInvCollPH,1024,336,002D82D7,0,1,1,4294967295,0,0
oInvCollPH,1072,336,0015D967,0,1,1,4294967295,0,0
oInvCollPH,1088,336,0027DAD5,0,1,1,4294967295,0,0
oInvCollPH,1104,336,003D0414,0,1,1,4294967295,0,0
oInvCollPH,1040,256,00076F1C,0,1,1,4294967295,0,0
oInvCollPH,1040,272,000BF2D6,0,1,1,4294967295,0,0
oInvCollPH,1040,288,000A1E07,0,1,1,4294967295,0,0
oInvCollPH,1040,304,002130C4,0,1,1,4294967295,0,0
oInvCollPH,1040,320,000443CA,0,1,1,4294967295,0,0
oInvCollPH,1120,288,000568A8,0,1,1,4294967295,0,0
oInvCollPH,1120,304,000E1844,0,1,1,4294967295,0,0
oInvCollPH,1120,320,003A9F53,0,1,1,4294967295,0,0
oInvCollPH,1280,256,0032F4E4,0,1,1,4294967295,0,0
oInvCollPH,1280,272,0004631B,0,1,1,4294967295,0,0
oInvCollPH,1376,240,002412EF,0,1,1,4294967295,0,0
oInvCollPH,1376,256,001209DE,0,1,1,4294967295,0,0
oInvCollPH,1376,272,0032D8C6,0,1,1,4294967295,0,0
oInvCollPH,1376,288,001710B3,0,1,1,4294967295,0,0
oInvCollPH,1456,272,0031C5AE,0,1,1,4294967295,0,0
oInvCollPH,1456,288,001E3F34,0,1,1,4294967295,0,0
oInvCollPH,1456,304,003EECA0,0,1,1,4294967295,0,0
oInvCollPH,1520,272,0024AEC8,0,1,1,4294967295,0,0
oInvCollPH,1200,208,00269EA5,0,1,1,4294967295,0,0
oInvCollPH,1200,224,001DF07A,0,1,1,4294967295,0,0
oInvCollPH,1200,240,0019BC48,0,1,1,4294967295,0,0
oInvCollPH,1200,256,00244131,0,1,1,4294967295,0,0
oInvCollPH,1200,272,0012E13D,0,1,1,4294967295,0,0
oInvCollPH,1200,288,000E8394,0,1,1,4294967295,0,0
oInvCollPH,1200,304,000FA7CD,0,1,1,4294967295,0,0
oInvCollPH,1472,240,002685D7,0,1,1,4294967295,0,0
oInvCollPH,1488,240,001EB29E,0,1,1,4294967295,0,0
oInvCollPH,1504,240,00033D9B,0,1,1,4294967295,0,0
oInvCollPH,1520,240,001F97AE,0,1,1,4294967295,0,0
oInvCollPH,432,112,000B5D70,0,1,1,4294967295,0,0
oInvCollPH,448,112,000EFB51,0,1,1,4294967295,0,0
oInvCollPH,512,80,0003F182,0,1,1,4294967295,0,0
oInvCollPH,1072,112,000BA0EF,0,1,1,4294967295,0,0
oInvCollPH,1088,112,0008C7C3,0,1,1,4294967295,0,0
oInvCollPH,1120,96,00129F77,0,1,1,4294967295,0,0
oInvCollPH,1136,96,0006BB47,0,1,1,4294967295,0,0
oInvCollPH,1472,128,0023CC59,0,1,1,4294967295,0,0
oInvCollPH,1488,128,0026D774,0,1,1,4294967295,0,0
oInvCollPH,1504,128,0021D28A,0,1,1,4294967295,0,0
oInvCollPH,1664,144,0025204A,0,1,1,4294967295,0,0
oInvCollPH,1904,160,0017F928,0,1,1,4294967295,0,0
oInvCollPH,1712,128,003C557F,0,1,1,4294967295,0,0
oInvCollPH,1728,128,001C8F96,0,1,1,4294967295,0,0
oInvCollPH,1744,128,0011E01F,0,1,1,4294967295,0,0
oInvCollPH,1760,128,003454F5,0,1,1,4294967295,0,0
oInvCollPH,1776,128,00327FC5,0,1,1,4294967295,0,0
oInvCollPH,1792,128,002840A2,0,1,1,4294967295,0,0
oInvCollPH,1808,128,00285E3C,0,1,1,4294967295,0,0
oInvCollPH,1824,128,00130DEC,0,1,1,4294967295,0,0
oInvCollPH,1392,112,0020EB27,0,1,1,4294967295,0,0
oInvCollPH,1408,112,0005D034,0,1,1,4294967295,0,0
oInvCollPH,1552,112,0019326E,0,1,1,4294967295,0,0
oInvCollPH,1568,112,00304C49,0,1,1,4294967295,0,0
oInvCollPH,1584,112,000444D1,0,1,1,4294967295,0,0
oInvCollPH,1168,80,00324A2E,0,1,1,4294967295,0,0
oInvCollPH,1184,80,00043E6F,0,1,1,4294967295,0,0
oInvCollPH,1200,80,001068FD,0,1,1,4294967295,0,0
oInvCollPH,1216,80,002426D1,0,1,1,4294967295,0,0
oInvCollPH,256,48,002BDCC9,0,1,1,4294967295,0,0
oInvCollPH,272,48,0016EBDD,0,1,1,4294967295,0,0
oInvCollPH,304,64,00074076,0,1,1,4294967295,0,0
oInvCollPH,320,64,0008A1EA,0,1,1,4294967295,0,0
oInvCollPH,336,64,001126BA,0,1,1,4294967295,0,0
oInvCollPH,560,64,001B2939,0,1,1,4294967295,0,0
oInvCollPH,576,64,0030737A,0,1,1,4294967295,0,0
oInvCollPH,592,64,003730CA,0,1,1,4294967295,0,0
oInvCollPH,608,64,0013A854,0,1,1,4294967295,0,0
oInvCollPH,624,64,003386A8,0,1,1,4294967295,0,0
oInvCollPH,640,64,000365B6,0,1,1,4294967295,0,0
oInvCollPH,656,64,0032D029,0,1,1,4294967295,0,0
oInvCollPH,672,64,000EED9E,0,1,1,4294967295,0,0
oInvCollPH,688,64,000C6A5A,0,1,1,4294967295,0,0
oInvCollPH,704,64,003BE5B3,0,1,1,4294967295,0,0
oInvCollPH,720,64,001A6FFB,0,1,1,4294967295,0,0
oInvCollPH,736,64,00246B28,0,1,1,4294967295,0,0
oInvCollPH,752,64,00216658,0,1,1,4294967295,0,0
oInvCollPH,768,64,0016AED4,0,1,1,4294967295,0,0
oInvCollPH,864,64,00022C70,0,1,1,4294967295,0,0
oInvCollPH,880,64,0008755C,0,1,1,4294967295,0,0
oInvCollPH,896,64,003C463B,0,1,1,4294967295,0,0
oInvCollPH,912,64,00041293,0,1,1,4294967295,0,0
oInvCollPH,928,64,003DE425,0,1,1,4294967295,0,0
oInvCollPH,944,64,0002AD7C,0,1,1,4294967295,0,0
oInvCollPH,960,64,002E68DD,0,1,1,4294967295,0,0
oInvCollPH,0,176,002D08E6,0,1,1,4294967295,0,0
oInvCollPH,16,176,001D61F8,0,1,1,4294967295,0,0
oInvCollPH,1696,272,002D096B,0,1,1,4294967295,0,0
oInvCollPH,1712,272,000C5DD7,0,1,1,4294967295,0,0
oInvCollPH,1728,272,00077F2A,0,1,1,4294967295,0,0
oInvCollPH,512,304,0032C997,0,1,1,4294967295,0,0
oInvCollPH,528,288,0012D682,0,1,1,4294967295,0,0
oInvCollPH,528,320,0006E501,0,1,1,4294967295,0,0
oInvCollPH,1056,240,00020C1A,0,1,1,4294967295,0,0
oInvCollPH,1056,256,003D77F0,0,1,1,4294967295,0,0
oInvCollPH,1056,272,00205287,0,1,1,4294967295,0,0
oInvCollPH,1056,288,000C8025,0,1,1,4294967295,0,0
oInvCollPH,1056,304,0018413D,0,1,1,4294967295,0,0
oInvCollPH,1056,320,0034AF97,0,1,1,4294967295,0,0
oInvisibleRupLowSlope,1776,240,001C8792,0,1,1,4294967295,0,0
oInvisibleRupLowSlope,1744,256,002FB001,0,1,1,4294967295,0,0
oInvisibleRupLowSlope,1584,240,003C1773,0,1,1,4294967295,0,0
oInvisibleRupLowSlope,1232,288,003051D0,0,1,1,4294967295,0,0
oInvisibleRupLowSlope,1200,304,00025D25,0,1,1,4294967295,0,0
oInvisibleRupLowSlope,832,320,001AF322,0,1,1,4294967295,0,0
oInvisibleRupLowSlope,576,320,00089FC4,0,1,1,4294967295,0,0
oInvisibleLupLowSlope,1664,256,00039096,0,1,1,4294967295,0,0
oInvisibleLupLowSlope,1392,304,00145D33,0,1,1,4294967295,0,0
oInvisibleLupLowSlope,1312,288,003071BD,0,1,1,4294967295,0,0
oInvisibleLupLowSlope,912,320,00078560,0,1,1,4294967295,0,0
oInvisibleLupLowSlope,464,304,002E6EF0,0,1,1,4294967295,0,0
oInvisibleLupLowSlope,336,304,001A1A1D,0,1,1,4294967295,0,0
oInvisibleLupLowSlope,288,272,003BC3EA,0,1,1,4294967295,0,0
oInvisibleLupLowSlope,112,256,001B7042,0,1,1,4294967295,0,0
oInvisibleRCeilingLowSlope,368,96,00148604,0,1,1,4294967295,0,0
oInvisibleRCeilingLowSlope,784,80,0008B9A7,0,1,1,4294967295,0,0
oInvisibleRCeilingLowSlope,976,80,0035D721,0,1,1,4294967295,0,0
oInvisibleRCeilingLowSlope,1024,112,003C0DEB,0,1,1,4294967295,0,0
oInvisibleRCeilingLowSlope,1232,96,00035A29,0,1,1,4294967295,0,0
oInvisibleRCeilingLowSlope,1280,128,0023783C,0,1,1,4294967295,0,0
oInvisibleRCeilingLowSlope,1424,128,0022A2FA,0,1,1,4294967295,0,0
oInvisibleRCeilingLowSlope,1600,128,0037121A,0,1,1,4294967295,0,0
oInvisibleRCeilingLowSlope,1856,160,00137DF8,0,1,1,4294967295,0,0
oInvisibleLCeilingLowSlope,1680,144,0032B7D4,0,1,1,4294967295,0,0
oInvisibleLCeilingLowSlope,1520,128,0024EA34,0,1,1,4294967295,0,0
oInvisibleLCeilingLowSlope,1344,144,003F2D3D,0,1,1,4294967295,0,0
oInvisibleLCeilingLowSlope,832,80,000C259D,0,1,1,4294967295,0,0
oInvisibleLCeilingLowSlope,528,80,00030CA6,0,1,1,4294967295,0,0
oInvisibleLCeilingLowSlope,464,112,0032611E,0,1,1,4294967295,0,0
oInvisibleLCeilingLowSlope,208,48,001D8D27,0,1,1,4294967295,0,0
oInvisibleLCeilingLowSlope,160,80,003C1BCB,0,1,1,4294967295,0,0
oInvisibleLCeilingLowSlope,112,112,002A27C2,0,1,1,4294967295,0,0
oInvisibleLCeilingLowSlope,48,160,00240AD9,0,1,1,4294967295,0,0
oInvisibleRupSlope,416,304,00306FFB,0,1,1,4294967295,0,0
oInvisibleRupSlope,1136,320,000777C4,0,1,1,4294967295,0,0
oInvisibleRupSlope,1472,304,001D5426,0,1,1,4294967295,0,0
oInvisibleRupSlope,1536,288,002DD9BE,0,1,1,4294967295,0,0
oInvisibleRupSlope,1552,272,0029442F,0,1,1,4294967295,0,0
oInvisibleRupSlope,1568,256,00039A93,0,1,1,4294967295,0,0
oInvisibleLupSlope,1648,240,003FF0E3,0,1,1,4294967295,0,0
oInvisibleLupSlope,624,320,0016BB62,0,1,1,4294967295,0,0
oInvisibleLupSlope,320,288,001667F1,0,1,1,4294967295,0,0
oInvisibleRCeilingSlope,288,64,003C3403,0,1,1,4294967295,0,0
oInvisibleRCeilingSlope,240,48,001026FB,0,1,1,4294967295,0,0
oInvisibleRCeilingSlope,352,80,001F54E8,0,1,1,4294967295,0,0
oInvisibleRCeilingSlope,400,112,000B6E4D,0,1,1,4294967295,0,0
oInvisibleRCeilingSlope,1008,96,001A69EC,0,1,1,4294967295,0,0
oInvisibleRCeilingSlope,1264,112,00398825,0,1,1,4294967295,0,0
oInvisibleRCeilingSlope,1312,144,000E7E6E,0,1,1,4294967295,0,0
oInvisibleRCeilingSlope,1632,144,0010C3ED,0,1,1,4294967295,0,0
oInvisibleRCeilingSlope,1840,144,00316CD7,0,1,1,4294967295,0,0
oInvisibleLCeilingSlope,1376,128,001321E4,0,1,1,4294967295,0,0
oInvisibleLCeilingSlope,1152,96,0032BD30,0,1,1,4294967295,0,0
oInvisibleLCeilingSlope,1104,112,001161B7,0,1,1,4294967295,0,0
oInvisibleLCeilingSlope,496,96,003D1E80,0,1,1,4294967295,0,0
oInvisibleLCeilingSlope,192,64,0032CBD3,0,1,1,4294967295,0,0
oInvisibleLCeilingSlope,144,96,002F17F9,0,1,1,4294967295,0,0
oInvisibleLCeilingSlope,96,128,000DDCB7,0,1,1,4294967295,0,0
oInvisibleLCeilingSlope,80,144,003D80EA,0,1,1,4294967295,0,0
oInvisibleLCeilingSlope,32,176,0039B241,0,1,1,4294967295,0,0
oInvisibleSolid,0,256,000338B5,0,1,1,4294967295,0,1
oInvisibleSolid,112,272,002B5DD6,0,1,1,4294967295,0,1
oInvisibleSolid,288,288,001CD52A,0,1,1,4294967295,0,1
oInvisibleSolid,320,304,002259B0,0,1,1,4294967295,0,0
oInvisibleSolid,320,320,00063197,0,1,1,4294967295,0,1
oInvisibleSolid,432,304,0004D5E5,0,1,1,4294967295,0,1
oInvisibleSolid,512,336,0025F258,0,1,1,4294967295,0,1
oInvisibleSolid,608,320,00199248,0,1,1,4294967295,0,0
oInvisibleSolid,864,320,0038C03B,0,1,1,4294967295,0,1
oInvisibleSolid,1152,320,001B64E0,0,1,1,4294967295,0,1
oInvisibleSolid,1264,288,00029CB8,0,1,1,4294967295,0,1
oInvisibleSolid,1232,304,00197673,0,1,1,4294967295,0,1
oInvisibleSolid,1488,304,0033C32A,0,1,1,4294967295,0,1
oInvisibleSolid,1616,240,0015D989,0,1,1,4294967295,0,1
oInvisibleSolid,1808,240,00171B98,0,1,1,4294967295,0,1
oInvisibleSolid,1776,256,003CDF02,0,1,1,4294967295,0,1
oInvisibleSolid,1584,256,0017F66F,0,1,1,4294967295,0,1
oInvisibleSolid,1552,288,00196979,0,1,1,4294967295,0,0
oInvisibleSolid,1568,272,001F0345,0,1,1,4294967295,0,1
oInvisibleSolid,1456,240,0024FDE8,0,1,1,4294967295,0,1
oInvisibleSolid,1520,256,00206BB0,0,1,1,4294967295,0,1
oInvisibleSolid,1456,256,0026C051,0,1,1,4294967295,0,1
oInvisibleSolid,1376,224,0012ADA6,0,1,1,4294967295,0,1
oInvisibleSolid,1280,240,003B038F,0,1,1,4294967295,0,1
oInvisibleSolid,1200,192,001A5AA9,0,1,1,4294967295,0,1
oInvisibleSolid,1120,272,0003AF56,0,1,1,4294967295,0,1
oInvisibleSolid,1040,240,0010BD3F,0,1,1,4294967295,0,1
oInvisibleSolid,928,256,001FDECB,0,1,1,4294967295,0,0
oInvisibleSolid,832,288,003DDB25,0,1,1,4294967295,0,0
oInvisibleSolid,800,224,003C79E8,0,1,1,4294967295,0,0
oInvisibleSolid,720,272,0013B2B7,0,1,1,4294967295,0,0
oInvisibleSolid,688,176,003DCCEF,0,1,1,4294967295,0,0
oInvisibleSolid,608,256,00141C14,0,1,1,4294967295,0,0
oInvisibleSolid,592,128,001914E5,0,1,1,4294967295,0,0
oInvisibleSolid,432,240,001EF89A,0,1,1,4294967295,0,0
oInvisibleSolid,352,208,003DA06C,0,1,1,4294967295,0,0
oInvisibleSolid,272,128,000A3AE2,0,1,1,4294967295,0,0
oInvisibleSolid,176,224,000673B8,0,1,1,4294967295,0,0
oInvisibleSolid,1888,160,00033814,0,1,1,4294967295,0,1
oInvisibleSolid,1856,144,0000726C,0,1,1,4294967295,0,1
oInvisibleSolid,1648,144,000247B8,0,1,1,4294967295,0,1
oInvisibleSolid,1632,128,0030E0F3,0,1,1,4294967295,0,1
oInvisibleSolid,1456,128,000B2E83,0,1,1,4294967295,0,1
oInvisibleSolid,1328,144,0014280D,0,1,1,4294967295,0,0
oInvisibleSolid,1312,128,000649BF,0,1,1,4294967295,0,1
oInvisibleSolid,1056,112,00157611,0,1,1,4294967295,0,1
oInvisibleSolid,1024,96,0030BD7B,0,1,1,4294967295,0,1
oInvisibleSolid,816,80,002D1A54,0,1,1,4294967295,0,0
oInvisibleSolid,416,112,00322C32,0,1,1,4294967295,0,1
oInvisibleSolid,400,96,00207006,0,1,1,4294967295,0,1
oInvisibleSolid,368,80,0028578C,0,1,1,4294967295,0,1
oInvisibleSolid,1264,96,00119718,0,1,1,4294967295,0,0
oInvisibleSolid,1280,96,00206519,0,1,1,4294967295,0,1
oInvisibleSolid,1008,0,000815F0,0,1,1,4294967295,0,1
oInvisibleSolid,256,0,000BF45E,0,1,1,4294967295,0,1
oInvisibleSolid,192,0,001F98A7,0,1,1,4294967295,0,1
oInvisibleSolid,192,48,0022A308,0,1,1,4294967295,0,0
oInvisibleSolid,304,0,0006B63E,0,1,1,4294967295,0,1
oInvisibleSolid,32,160,001F3E6B,0,1,1,4294967295,0,0
oInvisibleSolid,0,160,003D6964,0,1,1,4294967295,0,1
oInvisibleSolid,80,128,00147CAE,0,1,1,4294967295,0,0
oInvisibleSolid,0,112,0021BF75,0,1,1,4294967295,0,1
oInvisibleSolid,80,112,001242DC,0,1,1,4294967295,0,1
oInvisibleSolid,144,80,00379B94,0,1,1,4294967295,0,0
oInvisibleSolid,0,0,002C2497,0,1,1,4294967295,0,1
oInvisibleSolid,0,80,0024B18F,0,1,1,4294967295,0,1
oInvisibleSolid,512,288,00056676,0,1,1,4294967295,0,1
oGametSpawner,528,304,00382B8D,0,1,1,4294967295,0,1
