oExit,1904,224,00248D59,0,1,1,4294967295,0,1
oExit,40,320,00273E03,0,1,1,4294967295,0,1
oZeldaBreakPot,1136,304,0029E0B2,0,1,1,4294967295,0,0
oZeldaBreakPot,1152,304,000D3C9C,0,1,1,4294967295,0,0
oUseElevator,48,336,003BB156,0,1,1,4294967295,0,1
oCrushingSpike,1584,144,00241BD7,0,1,1,4294967295,0,0
oCrushingSpike,1392,144,001A4E10,0,1,1,4294967295,0,0
oCrushingSpike,1008,144,000EA05F,0,1,1,4294967295,0,0
oCrushingSpike,912,144,00152C2E,0,1,1,4294967295,0,0
oDoomknocker,528,224,002AF62E,0,1,1,4294967295,0,0
oFirebird,1440,288,002A1984,0,1,1,4294967295,0,0
oHammerThrower,1152,320,0000AFD3,0,1,1,4294967295,0,0
oHammerThrower,960,288,003E9A5C,0,1,1,4294967295,0,0
oMegmet,208,224,001445A9,0,1,1,4294967295,0,0
oMegmet,336,224,003AB48F,0,1,1,4294967295,0,0
oOctorok,272,240,003B7B0C,0,1,1,4294967295,0,0
oPlayer1,1872,256,000C9E1B,0,1,1,4294967295,0,0
oInvCollPH,256,256,00161957,0,1,1,4294967295,0,0
oInvCollPH,272,256,003FCB52,0,1,1,4294967295,0,0
oInvCollPH,272,240,0032124B,0,1,1,4294967295,0,0
oInvCollPH,64,304,0027925A,0,1,1,4294967295,0,0
oInvCollPH,64,320,0020A776,0,1,1,4294967295,0,0
oInvCollPH,64,336,002D93DC,0,1,1,4294967295,0,0
oInvCollPH,80,336,00285D4A,0,1,1,4294967295,0,0
oInvCollPH,80,320,00086874,0,1,1,4294967295,0,0
oInvCollPH,80,304,0008D3D8,0,1,1,4294967295,0,0
oInvCollPH,80,288,002C7553,0,1,1,4294967295,0,0
oInvCollPH,16,336,001B8517,0,1,1,4294967295,0,0
oInvCollPH,16,320,0017366A,0,1,1,4294967295,0,0
oInvCollPH,16,304,0029EA25,0,1,1,4294967295,0,0
oInvCollPH,16,288,0016B44B,0,1,1,4294967295,0,0
oInvCollPH,16,272,003B58FA,0,1,1,4294967295,0,0
oInvCollPH,16,256,00208FF7,0,1,1,4294967295,0,0
oInvCollPH,16,240,00196533,0,1,1,4294967295,0,0
oInvCollPH,16,224,001EFA33,0,1,1,4294967295,0,0
oInvCollPH,32,208,0013EAE1,0,1,1,4294967295,0,0
oInvCollPH,48,208,0021FF60,0,1,1,4294967295,0,0
oInvCollPH,48,192,0034F318,0,1,1,4294967295,0,0
oInvCollPH,64,176,00240E3C,0,1,1,4294967295,0,0
oInvCollPH,80,176,0008C309,0,1,1,4294967295,0,0
oInvCollPH,80,160,002579E8,0,1,1,4294967295,0,0
oInvCollPH,80,144,0021DD6D,0,1,1,4294967295,0,0
oInvCollPH,80,128,0016D55D,0,1,1,4294967295,0,0
oInvCollPH,96,112,0005538F,0,1,1,4294967295,0,0
oInvCollPH,112,112,00062FB8,0,1,1,4294967295,0,0
oInvCollPH,128,112,00218731,0,1,1,4294967295,0,0
oInvCollPH,144,112,0006AF1A,0,1,1,4294967295,0,0
oInvCollPH,160,112,0037534B,0,1,1,4294967295,0,0
oInvCollPH,176,112,003D270E,0,1,1,4294967295,0,0
oInvCollPH,192,112,0026FA52,0,1,1,4294967295,0,0
oInvCollPH,208,112,001E5103,0,1,1,4294967295,0,0
oInvCollPH,224,112,003A2BB9,0,1,1,4294967295,0,0
oInvCollPH,240,112,00291866,0,1,1,4294967295,0,0
oInvCollPH,256,112,002420CE,0,1,1,4294967295,0,0
oInvCollPH,272,112,002FB443,0,1,1,4294967295,0,0
oInvCollPH,288,112,00123C36,0,1,1,4294967295,0,0
oInvCollPH,304,112,001F9391,0,1,1,4294967295,0,0
oInvCollPH,320,112,0030227B,0,1,1,4294967295,0,0
oInvCollPH,336,112,003FB04E,0,1,1,4294967295,0,0
oInvCollPH,352,112,001FC664,0,1,1,4294967295,0,0
oInvCollPH,368,112,001668AB,0,1,1,4294967295,0,0
oInvCollPH,384,112,0039913B,0,1,1,4294967295,0,0
oInvCollPH,400,112,000E041C,0,1,1,4294967295,0,0
oInvCollPH,416,112,00047E35,0,1,1,4294967295,0,0
oInvCollPH,432,112,00121A41,0,1,1,4294967295,0,0
oInvCollPH,448,112,00083E09,0,1,1,4294967295,0,0
oInvCollPH,464,112,002BAB8D,0,1,1,4294967295,0,0
oInvCollPH,480,112,000AB577,0,1,1,4294967295,0,0
oInvCollPH,496,112,000DC97D,0,1,1,4294967295,0,0
oInvCollPH,512,112,00225B81,0,1,1,4294967295,0,0
oInvCollPH,528,112,0039995E,0,1,1,4294967295,0,0
oInvCollPH,544,112,0023A76C,0,1,1,4294967295,0,0
oInvCollPH,560,112,00247B28,0,1,1,4294967295,0,0
oInvCollPH,576,112,00342981,0,1,1,4294967295,0,0
oInvCollPH,592,112,0005336E,0,1,1,4294967295,0,0
oInvCollPH,608,112,002C0039,0,1,1,4294967295,0,0
oInvCollPH,624,112,0011B094,0,1,1,4294967295,0,0
oInvCollPH,640,112,0032FCB4,0,1,1,4294967295,0,0
oInvCollPH,656,112,0030341C,0,1,1,4294967295,0,0
oInvCollPH,672,112,0032BD9F,0,1,1,4294967295,0,0
oInvCollPH,688,112,003A2A79,0,1,1,4294967295,0,0
oInvCollPH,704,112,000FF625,0,1,1,4294967295,0,0
oInvCollPH,720,112,003B2363,0,1,1,4294967295,0,0
oInvCollPH,736,112,003B9E58,0,1,1,4294967295,0,0
oInvCollPH,752,112,00360D1A,0,1,1,4294967295,0,0
oInvCollPH,768,112,000C6FDB,0,1,1,4294967295,0,0
oInvCollPH,784,112,000A7104,0,1,1,4294967295,0,0
oInvCollPH,800,112,0000D6F2,0,1,1,4294967295,0,0
oInvCollPH,816,112,00027D7B,0,1,1,4294967295,0,0
oInvCollPH,832,112,00152288,0,1,1,4294967295,0,0
oInvCollPH,848,112,00134191,0,1,1,4294967295,0,0
oInvCollPH,864,112,00246D9C,0,1,1,4294967295,0,0
oInvCollPH,880,112,0011892F,0,1,1,4294967295,0,0
oInvCollPH,896,112,001B5045,0,1,1,4294967295,0,0
oInvCollPH,912,112,00193BA4,0,1,1,4294967295,0,0
oInvCollPH,928,112,0000ACA3,0,1,1,4294967295,0,0
oInvCollPH,944,112,003E6B0C,0,1,1,4294967295,0,0
oInvCollPH,960,112,000F445B,0,1,1,4294967295,0,0
oInvCollPH,976,112,002C24C4,0,1,1,4294967295,0,0
oInvCollPH,992,112,0030B47B,0,1,1,4294967295,0,0
oInvCollPH,1008,112,002C48C3,0,1,1,4294967295,0,0
oInvCollPH,1024,112,002F82BF,0,1,1,4294967295,0,0
oInvCollPH,1040,112,00318290,0,1,1,4294967295,0,0
oInvCollPH,1056,112,00081093,0,1,1,4294967295,0,0
oInvCollPH,1072,112,00298089,0,1,1,4294967295,0,0
oInvCollPH,1088,112,003CA2C2,0,1,1,4294967295,0,0
oInvCollPH,1104,112,00032CB1,0,1,1,4294967295,0,0
oInvCollPH,1120,112,0025D96B,0,1,1,4294967295,0,0
oInvCollPH,1136,112,000BB27D,0,1,1,4294967295,0,0
oInvCollPH,1152,112,000879C5,0,1,1,4294967295,0,0
oInvCollPH,1168,112,0024CE45,0,1,1,4294967295,0,0
oInvCollPH,1184,112,0015A290,0,1,1,4294967295,0,0
oInvCollPH,1200,112,002EBBFF,0,1,1,4294967295,0,0
oInvCollPH,1216,112,00283CD8,0,1,1,4294967295,0,0
oInvCollPH,1232,112,0024DE06,0,1,1,4294967295,0,0
oInvCollPH,1248,112,001B5E7C,0,1,1,4294967295,0,0
oInvCollPH,1264,112,0030BD68,0,1,1,4294967295,0,0
oInvCollPH,1280,112,0021A316,0,1,1,4294967295,0,0
oInvCollPH,1296,112,00363E18,0,1,1,4294967295,0,0
oInvCollPH,1312,112,000540A7,0,1,1,4294967295,0,0
oInvCollPH,1328,112,001F690D,0,1,1,4294967295,0,0
oInvCollPH,1344,112,0004A99F,0,1,1,4294967295,0,0
oInvCollPH,1360,112,0012E4D8,0,1,1,4294967295,0,0
oInvCollPH,1376,112,003C70AC,0,1,1,4294967295,0,0
oInvCollPH,1392,112,00111F83,0,1,1,4294967295,0,0
oInvCollPH,1408,112,00271232,0,1,1,4294967295,0,0
oInvCollPH,1424,112,00140C4F,0,1,1,4294967295,0,0
oInvCollPH,1440,112,0011F80B,0,1,1,4294967295,0,0
oInvCollPH,1456,112,003B2762,0,1,1,4294967295,0,0
oInvCollPH,1472,112,000DC776,0,1,1,4294967295,0,0
oInvCollPH,1488,112,00321B9A,0,1,1,4294967295,0,0
oInvCollPH,1504,112,00228F82,0,1,1,4294967295,0,0
oInvCollPH,1520,112,00227530,0,1,1,4294967295,0,0
oInvCollPH,1536,112,002330CF,0,1,1,4294967295,0,0
oInvCollPH,1552,112,0036F608,0,1,1,4294967295,0,0
oInvCollPH,1568,112,002AA5F8,0,1,1,4294967295,0,0
oInvCollPH,1584,112,0019944B,0,1,1,4294967295,0,0
oInvCollPH,1600,112,001EA5C1,0,1,1,4294967295,0,0
oInvCollPH,1616,112,0038AAE9,0,1,1,4294967295,0,0
oInvCollPH,1632,112,000640E1,0,1,1,4294967295,0,0
oInvCollPH,1648,112,000515F9,0,1,1,4294967295,0,0
oInvCollPH,1664,112,001EB3B9,0,1,1,4294967295,0,0
oInvCollPH,1680,112,000203AD,0,1,1,4294967295,0,0
oInvCollPH,1696,112,001B860A,0,1,1,4294967295,0,0
oInvCollPH,1712,112,003AE980,0,1,1,4294967295,0,0
oInvCollPH,1728,112,003C7FEE,0,1,1,4294967295,0,0
oInvCollPH,1744,112,0022FABC,0,1,1,4294967295,0,0
oInvCollPH,1760,112,00019DBB,0,1,1,4294967295,0,0
oInvCollPH,1776,112,0016B595,0,1,1,4294967295,0,0
oInvCollPH,1792,112,003511A9,0,1,1,4294967295,0,0
oInvCollPH,1808,112,002B1890,0,1,1,4294967295,0,0
oInvCollPH,1824,112,000C1EAE,0,1,1,4294967295,0,0
oInvCollPH,1840,112,0038D8A0,0,1,1,4294967295,0,0
oInvCollPH,1856,112,00148C41,0,1,1,4294967295,0,0
oInvCollPH,1872,112,002B8946,0,1,1,4294967295,0,0
oInvCollPH,1888,112,0027CC43,0,1,1,4294967295,0,0
oInvCollPH,1904,112,0025D105,0,1,1,4294967295,0,0
oInvCollPH,1568,272,001C5D46,0,1,1,4294967295,0,0
oInvCollPH,1584,272,0021ED40,0,1,1,4294967295,0,0
oInvCollPH,1584,256,00102536,0,1,1,4294967295,0,0
oInvCollPH,1728,272,001EEB43,0,1,1,4294967295,0,0
oInvCollPH,1744,256,002FB301,0,1,1,4294967295,0,0
oInvCollPH,1760,256,0005EF4A,0,1,1,4294967295,0,0
oInvCollPH,1776,256,00300122,0,1,1,4294967295,0,0
oInvCollPH,1792,256,000B39CE,0,1,1,4294967295,0,0
oInvCollPH,1808,256,0022BFD2,0,1,1,4294967295,0,0
oInvCollPH,1824,256,000018C0,0,1,1,4294967295,0,0
oInvCollPH,1840,256,000CC008,0,1,1,4294967295,0,0
oInvCollPH,1856,256,00251587,0,1,1,4294967295,0,0
oInvCollPH,1872,256,0016DBF5,0,1,1,4294967295,0,0
oInvCollPH,1888,256,00202666,0,1,1,4294967295,0,0
oInvCollPH,1904,256,0035B5D4,0,1,1,4294967295,0,0
oInvCollPH,1472,272,002781DC,0,1,1,4294967295,0,0
oInvCollPH,1488,272,001DA8EE,0,1,1,4294967295,0,0
oInvCollPH,1488,256,003A9901,0,1,1,4294967295,0,0
oInvCollPH,1376,272,00326E93,0,1,1,4294967295,0,0
oInvCollPH,1392,272,000DE197,0,1,1,4294967295,0,0
oInvCollPH,1392,256,002F61BE,0,1,1,4294967295,0,0
oInvCollPH,1280,272,0024BF4A,0,1,1,4294967295,0,0
oInvCollPH,1296,272,000B474D,0,1,1,4294967295,0,0
oInvCollPH,1296,256,00025231,0,1,1,4294967295,0,0
oInvCollPH,1136,320,000EE6B4,0,1,1,4294967295,0,0
oInvCollPH,1168,320,0015F96C,0,1,1,4294967295,0,0
oInvCollPH,1152,320,00095989,0,1,1,4294967295,0,0
oInvCollPH,1184,272,002A71AA,0,1,1,4294967295,0,0
oInvCollPH,1200,272,00078C1F,0,1,1,4294967295,0,0
oInvCollPH,1200,256,0003E94C,0,1,1,4294967295,0,0
oInvCollPH,1712,288,0022591F,0,1,1,4294967295,0,0
oInvCollPH,1696,288,0011462E,0,1,1,4294967295,0,0
oInvCollPH,1680,288,003D2109,0,1,1,4294967295,0,0
oInvCollPH,1664,288,0022F8E6,0,1,1,4294967295,0,0
oInvCollPH,1648,288,0014865F,0,1,1,4294967295,0,0
oInvCollPH,1632,288,00402513,0,1,1,4294967295,0,0
oInvCollPH,1616,288,001AE87C,0,1,1,4294967295,0,0
oInvCollPH,1600,288,003FA760,0,1,1,4294967295,0,0
oInvCollPH,1552,288,00058232,0,1,1,4294967295,0,0
oInvCollPH,1536,288,001F038A,0,1,1,4294967295,0,0
oInvCollPH,1520,288,003F28B7,0,1,1,4294967295,0,0
oInvCollPH,1504,288,003A29EE,0,1,1,4294967295,0,0
oInvCollPH,1456,288,0005359B,0,1,1,4294967295,0,0
oInvCollPH,1440,288,001413DA,0,1,1,4294967295,0,0
oInvCollPH,1424,288,0006A93D,0,1,1,4294967295,0,0
oInvCollPH,1408,288,0039CC19,0,1,1,4294967295,0,0
oInvCollPH,1360,288,0029B3CA,0,1,1,4294967295,0,0
oInvCollPH,1344,288,0018FFD1,0,1,1,4294967295,0,0
oInvCollPH,1328,288,003DBE48,0,1,1,4294967295,0,0
oInvCollPH,1312,288,003EABC9,0,1,1,4294967295,0,0
oInvCollPH,1264,288,0005B3C2,0,1,1,4294967295,0,0
oInvCollPH,1248,288,001AB297,0,1,1,4294967295,0,0
oInvCollPH,1232,288,0035E364,0,1,1,4294967295,0,0
oInvCollPH,1216,288,0009E5B2,0,1,1,4294967295,0,0
oInvCollPH,1184,304,000F83A5,0,1,1,4294967295,0,0
oInvCollPH,1088,272,00004F6F,0,1,1,4294967295,0,0
oInvCollPH,1104,272,00270DF3,0,1,1,4294967295,0,0
oInvCollPH,1104,256,00241111,0,1,1,4294967295,0,0
oInvCollPH,992,272,0016032E,0,1,1,4294967295,0,0
oInvCollPH,1008,272,00091977,0,1,1,4294967295,0,0
oInvCollPH,1008,256,003E1AC9,0,1,1,4294967295,0,0
oInvCollPH,896,272,0014A974,0,1,1,4294967295,0,0
oInvCollPH,912,272,003CBFD5,0,1,1,4294967295,0,0
oInvCollPH,912,256,003EE4C4,0,1,1,4294967295,0,0
oInvCollPH,800,272,00178484,0,1,1,4294967295,0,0
oInvCollPH,816,272,0038927B,0,1,1,4294967295,0,0
oInvCollPH,816,256,003D735E,0,1,1,4294967295,0,0
oInvCollPH,176,272,000D4078,0,1,1,4294967295,0,0
oInvCollPH,192,272,00331D1A,0,1,1,4294967295,0,0
oInvCollPH,208,272,0026D42C,0,1,1,4294967295,0,0
oInvCollPH,224,272,0005564B,0,1,1,4294967295,0,0
oInvCollPH,240,272,001EBA07,0,1,1,4294967295,0,0
oInvCollPH,160,288,00360772,0,1,1,4294967295,0,0
oInvCollPH,176,288,0031DF9F,0,1,1,4294967295,0,0
oInvCollPH,192,288,000F779C,0,1,1,4294967295,0,0
oInvCollPH,208,288,0028266C,0,1,1,4294967295,0,0
oInvCollPH,224,288,002CD9A0,0,1,1,4294967295,0,0
oInvCollPH,240,288,0015BD3F,0,1,1,4294967295,0,0
oInvCollPH,256,288,002DA4DE,0,1,1,4294967295,0,0
oInvCollPH,272,288,002956D2,0,1,1,4294967295,0,0
oInvCollPH,288,288,0003902C,0,1,1,4294967295,0,0
oInvCollPH,304,288,004031BC,0,1,1,4294967295,0,0
oInvCollPH,320,288,000689D5,0,1,1,4294967295,0,0
oInvCollPH,336,288,002CAFBF,0,1,1,4294967295,0,0
oInvCollPH,352,288,00017342,0,1,1,4294967295,0,0
oInvCollPH,368,288,0023A688,0,1,1,4294967295,0,0
oInvCollPH,368,272,001AB696,0,1,1,4294967295,0,0
oInvCollPH,352,272,00267399,0,1,1,4294967295,0,0
oInvCollPH,336,272,002186CD,0,1,1,4294967295,0,0
oInvCollPH,320,272,0023257C,0,1,1,4294967295,0,0
oInvCollPH,304,272,00300F54,0,1,1,4294967295,0,0
oInvCollPH,288,272,0022F52F,0,1,1,4294967295,0,0
oInvCollPH,448,240,0034AB8A,0,1,1,4294967295,0,0
oInvCollPH,464,240,0026AA47,0,1,1,4294967295,0,0
oInvCollPH,480,240,001C311E,0,1,1,4294967295,0,0
oInvCollPH,496,240,0001DA0A,0,1,1,4294967295,0,0
oInvCollPH,512,240,0007945E,0,1,1,4294967295,0,0
oInvCollPH,528,240,00048EFC,0,1,1,4294967295,0,0
oInvCollPH,544,240,002DBA44,0,1,1,4294967295,0,0
oInvCollPH,560,240,000EE3D6,0,1,1,4294967295,0,0
oInvCollPH,576,240,00182BA1,0,1,1,4294967295,0,0
oInvCollPH,592,240,00355BA0,0,1,1,4294967295,0,0
oInvCollPH,608,240,0006254F,0,1,1,4294967295,0,0
oInvCollPH,624,240,001496AB,0,1,1,4294967295,0,0
oInvCollPH,624,224,00327211,0,1,1,4294967295,0,0
oInvCollPH,608,224,0015EBE7,0,1,1,4294967295,0,0
oInvCollPH,592,224,000BD8B6,0,1,1,4294967295,0,0
oInvCollPH,576,224,001B4D2B,0,1,1,4294967295,0,0
oInvCollPH,560,224,00248293,0,1,1,4294967295,0,0
oInvCollPH,544,224,0016052F,0,1,1,4294967295,0,0
oInvCollPH,528,224,00217B50,0,1,1,4294967295,0,0
oInvCollPH,512,224,0010A4B3,0,1,1,4294967295,0,0
oInvCollPH,496,224,0001E84E,0,1,1,4294967295,0,0
oInvCollPH,480,224,0031DA03,0,1,1,4294967295,0,0
oInvCollPH,464,224,002A9B48,0,1,1,4294967295,0,0
oInvCollPH,704,304,00284852,0,1,1,4294967295,0,0
oInvCollPH,704,320,0001536C,0,1,1,4294967295,0,0
oInvCollPH,704,336,00339A34,0,1,1,4294967295,0,0
oInvCollPH,720,288,002E379E,0,1,1,4294967295,0,0
oInvCollPH,736,288,0012FFAC,0,1,1,4294967295,0,0
oInvCollPH,752,288,000FCABD,0,1,1,4294967295,0,0
oInvCollPH,768,288,000221A0,0,1,1,4294967295,0,0
oInvCollPH,784,288,003A5375,0,1,1,4294967295,0,0
oInvCollPH,832,288,003E92C0,0,1,1,4294967295,0,0
oInvCollPH,848,288,00056187,0,1,1,4294967295,0,0
oInvCollPH,1104,304,0013DF54,0,1,1,4294967295,0,0
oInvCollPH,1104,288,003BCC4A,0,1,1,4294967295,0,0
oInvCollPH,1072,288,0017E7A0,0,1,1,4294967295,0,0
oInvCollPH,1056,288,00362420,0,1,1,4294967295,0,0
oInvCollPH,1040,288,002AE342,0,1,1,4294967295,0,0
oInvCollPH,1024,288,000DBE1B,0,1,1,4294967295,0,0
oInvCollPH,976,288,0025FA84,0,1,1,4294967295,0,0
oInvCollPH,960,288,0027C28B,0,1,1,4294967295,0,0
oInvCollPH,864,288,00153BD0,0,1,1,4294967295,0,0
oInvCollPH,880,288,0013D281,0,1,1,4294967295,0,0
oInvCollPH,928,288,0013DCF3,0,1,1,4294967295,0,0
oInvCollPH,944,288,000C21A7,0,1,1,4294967295,0,0
oInvisibleSolid,0,64,003625CF,0,1,1,4294967295,0,1
oInvisibleSolid,0,128,00401CB7,0,1,1,4294967295,0,1
oInvisibleSolid,0,192,00210F8F,0,1,1,4294967295,0,1
oInvisibleSolid,0,224,00266966,0,1,1,4294967295,0,1
oInvisibleSolid,64,288,002D32ED,0,1,1,4294967295,0,1
oInvisibleSolid,160,272,003A8897,0,1,1,4294967295,0,1
oInvisibleSolid,256,240,0030C497,0,1,1,4294967295,0,1
oInvisibleSolid,448,224,0017C7E2,0,1,1,4294967295,0,1
oInvisibleSolid,704,288,000754E0,0,1,1,4294967295,0,1
oInvisibleSolid,800,256,002C507C,0,1,1,4294967295,0,1
oInvisibleSolid,1120,320,00213339,0,1,1,4294967295,0,1
oInvisibleSolid,1184,288,002C8FFF,0,1,1,4294967295,0,1
oInvisibleSolid,896,256,00000A39,0,1,1,4294967295,0,1
oInvisibleSolid,992,256,002E15CA,0,1,1,4294967295,0,1
oInvisibleSolid,1088,256,00115D17,0,1,1,4294967295,0,1
oInvisibleSolid,1184,256,003CCE7B,0,1,1,4294967295,0,1
oInvisibleSolid,1280,256,001B7844,0,1,1,4294967295,0,1
oInvisibleSolid,1728,256,0027C812,0,1,1,4294967295,0,1
oInvisibleSolid,1376,256,000796E8,0,1,1,4294967295,0,1
oInvisibleSolid,1472,256,002AA96E,0,1,1,4294967295,0,1
oInvisibleSolid,1568,256,002696A2,0,1,1,4294967295,0,1
