oExit,40,16,00372116,0,1,1,4294967295,0,1
oExit,1904,272,00366ACE,0,1,1,4294967295,0,1
oLevelDecal,776,224,000882B5,0,1,1,4294967295,0,1
oLevelDecal,840,224,0015CD9D,0,1,1,4294967295,0,1
oLevelDecal,904,224,0037DAFF,0,1,1,4294967295,0,1
oArrowQuiver,1064,176,00125119,0,1,1,4294967295,0,1
oWeaponLevelUpgrade,1832,176,0039673B,0,1,1,4294967295,0,1
oUseElevator,48,128,001219A4,0,1,1,4294967295,0,0
oBreakRock,256,272,0030A699,0,1,1,4294967295,0,0
oBreakRock,256,240,00001D48,0,1,1,4294967295,0,0
oBreakRock,256,208,0036AE19,0,1,1,4294967295,0,0
oBreakRock,416,192,00382B0C,0,1,1,4294967295,0,0
oBreakRock,480,288,001B0C61,0,1,1,4294967295,0,0
oBreakRock,512,288,000FFBE5,0,1,1,4294967295,0,0
oBreakRock,544,288,00328FCD,0,1,1,4294967295,0,0
oBreakRock,576,288,0018F464,0,1,1,4294967295,0,0
oBreakRock,608,288,003393DB,0,1,1,4294967295,0,0
oBreakRock,640,288,00189EED,0,1,1,4294967295,0,0
oBreakRock,672,272,001F1913,0,1,1,4294967295,0,0
oBreakRock,672,240,001E24FE,0,1,1,4294967295,0,0
oBreakRock,672,208,00215533,0,1,1,4294967295,0,0
oBreakRock,1568,240,000E2DC9,0,1,1,4294967295,0,0
oBreakRock,1568,208,001B6FC2,0,1,1,4294967295,0,0
oBreakRock,1568,176,00147F3E,0,1,1,4294967295,0,0
oBreakRock,1600,240,000F05AE,0,1,1,4294967295,0,0
oPushRock,416,160,000567CD,0,1,1,4294967295,0,0
oPlatformBreak1,1376,272,003F331E,0,1,1,4294967295,0,0
oPlatformBreak1,1392,272,0012E13B,0,1,1,4294967295,0,0
oPlatformBreak1,1408,272,000460DE,0,1,1,4294967295,0,0
oPlatformBreak1,1424,272,00021BF5,0,1,1,4294967295,0,0
oPlatformBreak1,1440,272,001F5D86,0,1,1,4294967295,0,0
oPlatformBreak1,1456,272,0000D452,0,1,1,4294967295,0,0
oPlatformBreak1,1472,272,0025E2B6,0,1,1,4294967295,0,0
oPlatformBreak1,1488,272,00007249,0,1,1,4294967295,0,0
oPlatformBreak1,1504,272,003A1536,0,1,1,4294967295,0,0
oPlatformBreak1,1520,272,00164298,0,1,1,4294967295,0,0
oPlatformBreak1,1536,272,000BCE19,0,1,1,4294967295,0,0
oPlatformBreak1,1552,272,003805AA,0,1,1,4294967295,0,0
oPlatformBreak1,1568,272,003ECCB2,0,1,1,4294967295,0,0
oPlatformBreak1,1584,272,0038F89B,0,1,1,4294967295,0,0
oPlatformBreak1,1600,272,0036DF7A,0,1,1,4294967295,0,0
oPlatformBreak1,1616,272,002630D3,0,1,1,4294967295,0,0
oPlatformBreak1,1632,272,0004300F,0,1,1,4294967295,0,0
oPlatformBreak1,1648,272,003126F3,0,1,1,4294967295,0,0
oPlatformBreak1,1664,272,002F97CA,0,1,1,4294967295,0,0
oPlatformBreak1,1680,272,00029CD8,0,1,1,4294967295,0,0
oPlatformBreak1,1696,272,00035956,0,1,1,4294967295,0,0
oPlatformBreak1,1712,272,003B5C10,0,1,1,4294967295,0,0
oHammerThrower,1408,272,003AD65A,0,1,1,4294967295,0,0
oHammerThrower,624,288,0007F3B3,0,1,1,4294967295,0,0
oHammerThrower,912,304,0001CE1A,0,1,1,4294967295,0,0
oHammerThrower,368,304,000CD287,0,1,1,4294967295,0,0
oHammerThrower,1216,304,000F6B5D,0,1,1,4294967295,0,0
oOctorok,1320,288,001282B4,0,1,1,4294967295,0,0
oPlayer1,80,304,002A0350,0,1,1,4294967295,0,0
oInvCollPH,64,144,003572DD,0,1,1,4294967295,0,0
oInvCollPH,64,160,0015CF7B,0,1,1,4294967295,0,0
oInvCollPH,64,176,00246CEB,0,1,1,4294967295,0,0
oInvCollPH,64,192,0018695B,0,1,1,4294967295,0,0
oInvCollPH,64,208,00100DEF,0,1,1,4294967295,0,0
oInvCollPH,64,224,003F7BF2,0,1,1,4294967295,0,0
oInvCollPH,64,240,002C9A88,0,1,1,4294967295,0,0
oInvCollPH,80,240,003CE13A,0,1,1,4294967295,0,0
oInvCollPH,96,240,00108623,0,1,1,4294967295,0,0
oInvCollPH,112,240,001CF633,0,1,1,4294967295,0,0
oInvCollPH,112,224,000070D6,0,1,1,4294967295,0,0
oInvCollPH,112,208,0035A1EB,0,1,1,4294967295,0,0
oInvCollPH,112,192,003DC363,0,1,1,4294967295,0,0
oInvCollPH,112,176,0025804F,0,1,1,4294967295,0,0
oInvCollPH,112,160,0007E121,0,1,1,4294967295,0,0
oInvCollPH,112,144,002540DB,0,1,1,4294967295,0,0
oInvCollPH,112,128,00043766,0,1,1,4294967295,0,0
oInvCollPH,400,224,002EF6AD,0,1,1,4294967295,0,0
oInvCollPH,416,224,00281265,0,1,1,4294967295,0,0
oInvCollPH,432,224,00094FFF,0,1,1,4294967295,0,0
oInvCollPH,448,224,0018BF38,0,1,1,4294967295,0,0
oInvCollPH,464,224,002E89F0,0,1,1,4294967295,0,0
oInvCollPH,496,320,000F24D2,0,1,1,4294967295,0,0
oInvCollPH,512,320,00300C13,0,1,1,4294967295,0,0
oInvCollPH,528,320,002BE9A8,0,1,1,4294967295,0,0
oInvCollPH,544,320,0021D874,0,1,1,4294967295,0,0
oInvCollPH,560,320,000F24FA,0,1,1,4294967295,0,0
oInvCollPH,576,320,00353695,0,1,1,4294967295,0,0
oInvCollPH,592,320,000D2300,0,1,1,4294967295,0,0
oInvCollPH,608,320,00147777,0,1,1,4294967295,0,0
oInvCollPH,624,320,000460AA,0,1,1,4294967295,0,0
oInvCollPH,640,320,0005018B,0,1,1,4294967295,0,0
oInvCollPH,656,320,00202F09,0,1,1,4294967295,0,0
oInvCollPH,976,208,0004A7A8,0,1,1,4294967295,0,0
oInvCollPH,992,208,001A61A2,0,1,1,4294967295,0,0
oInvCollPH,1008,208,002D04C9,0,1,1,4294967295,0,0
oInvCollPH,1072,192,001AC886,0,1,1,4294967295,0,0
oInvCollPH,1120,144,003AD9C5,0,1,1,4294967295,0,0
oInvCollPH,1120,160,000AC51F,0,1,1,4294967295,0,0
oInvCollPH,1136,160,0014ACE1,0,1,1,4294967295,0,0
oInvCollPH,1152,160,0015E8F9,0,1,1,4294967295,0,0
oInvCollPH,1168,160,0034ECF0,0,1,1,4294967295,0,0
oInvCollPH,1168,144,00088148,0,1,1,4294967295,0,0
oInvCollPH,1168,128,000EC4B4,0,1,1,4294967295,0,0
oInvCollPH,1856,144,00055777,0,1,1,4294967295,0,0
oInvCollPH,1856,160,001C933D,0,1,1,4294967295,0,0
oInvCollPH,1856,176,0012F345,0,1,1,4294967295,0,0
oInvCollPH,1840,192,00373CC4,0,1,1,4294967295,0,0
oInvCollPH,1856,208,003F771F,0,1,1,4294967295,0,0
oInvCollPH,1856,224,00068DB5,0,1,1,4294967295,0,0
oInvCollPH,1872,224,00024C20,0,1,1,4294967295,0,0
oInvCollPH,1888,224,002CB7A8,0,1,1,4294967295,0,0
oInvCollPH,1904,224,0008EED7,0,1,1,4294967295,0,0
oInvCollPH,1360,272,0011315D,0,1,1,4294967295,0,0
oInvCollPH,1360,288,002C3763,0,1,1,4294967295,0,0
oInvCollPH,1328,288,0001417B,0,1,1,4294967295,0,0
oInvCollPH,1744,272,0031EAB0,0,1,1,4294967295,0,0
oInvCollPH,1760,288,0003AE5E,0,1,1,4294967295,0,0
oInvCollPH,1776,288,000CDB92,0,1,1,4294967295,0,0
oInvCollPH,1728,320,000A95A5,0,1,1,4294967295,0,0
oInvCollPH,1728,336,001124DA,0,1,1,4294967295,0,0
oInvCollPH,1792,304,00230079,0,1,1,4294967295,0,0
oInvCollPH,1808,304,003914CF,0,1,1,4294967295,0,0
oInvCollPH,1824,304,000D7CB5,0,1,1,4294967295,0,0
oInvCollPH,1840,304,0010341D,0,1,1,4294967295,0,0
oInvCollPH,1856,304,003C2FF9,0,1,1,4294967295,0,0
oInvCollPH,1872,304,002093D9,0,1,1,4294967295,0,0
oInvCollPH,1888,304,0011D3DD,0,1,1,4294967295,0,0
oInvCollPH,1904,304,003571A5,0,1,1,4294967295,0,0
oInvCollPH,64,96,003A9C51,0,1,1,4294967295,0,0
oInvCollPH,64,112,000841C9,0,1,1,4294967295,0,0
oInvCollPH,128,112,003747AB,0,1,1,4294967295,0,0
oInvCollPH,144,112,0038A710,0,1,1,4294967295,0,0
oInvCollPH,160,112,002AF267,0,1,1,4294967295,0,0
oInvCollPH,176,112,0023FE47,0,1,1,4294967295,0,0
oInvCollPH,192,112,00368199,0,1,1,4294967295,0,0
oInvCollPH,208,112,00387FC9,0,1,1,4294967295,0,0
oInvCollPH,224,112,001E4F63,0,1,1,4294967295,0,0
oInvCollPH,240,112,00125B0B,0,1,1,4294967295,0,0
oInvCollPH,256,112,000B70FB,0,1,1,4294967295,0,0
oInvCollPH,272,112,0035ABDB,0,1,1,4294967295,0,0
oInvCollPH,288,112,0030DB0F,0,1,1,4294967295,0,0
oInvCollPH,304,112,000ACBDB,0,1,1,4294967295,0,0
oInvCollPH,320,112,0011C5BD,0,1,1,4294967295,0,0
oInvCollPH,336,112,000C9FFA,0,1,1,4294967295,0,0
oInvCollPH,352,112,000617F8,0,1,1,4294967295,0,0
oInvCollPH,368,112,00193A7F,0,1,1,4294967295,0,0
oInvCollPH,384,112,002E2BDE,0,1,1,4294967295,0,0
oInvCollPH,400,112,00354244,0,1,1,4294967295,0,0
oInvCollPH,416,112,002095BC,0,1,1,4294967295,0,0
oInvCollPH,432,112,0031B555,0,1,1,4294967295,0,0
oInvCollPH,448,112,001BF995,0,1,1,4294967295,0,0
oInvCollPH,464,112,00025D33,0,1,1,4294967295,0,0
oInvCollPH,512,112,002DFB70,0,1,1,4294967295,0,0
oInvCollPH,528,112,00310640,0,1,1,4294967295,0,0
oInvCollPH,544,112,0001BBE5,0,1,1,4294967295,0,0
oInvCollPH,560,112,0020F10D,0,1,1,4294967295,0,0
oInvCollPH,576,112,0008DE1A,0,1,1,4294967295,0,0
oInvCollPH,592,112,001978BF,0,1,1,4294967295,0,0
oInvCollPH,608,112,00131176,0,1,1,4294967295,0,0
oInvCollPH,624,112,00379192,0,1,1,4294967295,0,0
oInvCollPH,640,112,00193146,0,1,1,4294967295,0,0
oInvCollPH,480,112,002104BD,0,1,1,4294967295,0,0
oInvCollPH,496,112,0000B88B,0,1,1,4294967295,0,0
oInvCollPH,656,112,0021A331,0,1,1,4294967295,0,0
oInvCollPH,672,112,0016F2F6,0,1,1,4294967295,0,0
oInvCollPH,688,112,0039DE61,0,1,1,4294967295,0,0
oInvCollPH,704,112,00322238,0,1,1,4294967295,0,0
oInvCollPH,720,112,002CCD17,0,1,1,4294967295,0,0
oInvCollPH,736,112,0028AD03,0,1,1,4294967295,0,0
oInvCollPH,752,112,000673AD,0,1,1,4294967295,0,0
oInvCollPH,768,112,0033E992,0,1,1,4294967295,0,0
oInvCollPH,784,112,0024FC13,0,1,1,4294967295,0,0
oInvCollPH,800,112,00300C0A,0,1,1,4294967295,0,0
oInvCollPH,816,112,0019ACA2,0,1,1,4294967295,0,0
oInvCollPH,832,112,001FAC02,0,1,1,4294967295,0,0
oInvCollPH,848,112,0030BB55,0,1,1,4294967295,0,0
oInvCollPH,864,112,001F2D8E,0,1,1,4294967295,0,0
oInvCollPH,880,112,001981D2,0,1,1,4294967295,0,0
oInvCollPH,896,112,003EF877,0,1,1,4294967295,0,0
oInvCollPH,912,112,001D1E95,0,1,1,4294967295,0,0
oInvCollPH,928,112,00042BD8,0,1,1,4294967295,0,0
oInvCollPH,944,112,003619BD,0,1,1,4294967295,0,0
oInvCollPH,960,112,00018E08,0,1,1,4294967295,0,0
oInvCollPH,976,112,000A2E28,0,1,1,4294967295,0,0
oInvCollPH,992,112,0029F67C,0,1,1,4294967295,0,0
oInvCollPH,1008,112,003248FA,0,1,1,4294967295,0,0
oInvCollPH,1024,112,001D97DC,0,1,1,4294967295,0,0
oInvCollPH,1040,112,003EC64F,0,1,1,4294967295,0,0
oInvCollPH,1056,112,001302D9,0,1,1,4294967295,0,0
oInvCollPH,1072,112,00187666,0,1,1,4294967295,0,0
oInvCollPH,1088,112,001F7B2F,0,1,1,4294967295,0,0
oInvCollPH,1104,112,003ABE70,0,1,1,4294967295,0,0
oInvCollPH,1184,112,003C40B6,0,1,1,4294967295,0,0
oInvCollPH,1200,112,00185945,0,1,1,4294967295,0,0
oInvCollPH,1216,112,00207DA9,0,1,1,4294967295,0,0
oInvCollPH,1232,112,000348FE,0,1,1,4294967295,0,0
oInvCollPH,1248,112,001F0EBE,0,1,1,4294967295,0,0
oInvCollPH,1264,112,001EF484,0,1,1,4294967295,0,0
oInvCollPH,1280,112,00211C4B,0,1,1,4294967295,0,0
oInvCollPH,1296,112,00195A38,0,1,1,4294967295,0,0
oInvCollPH,1312,112,0007B5F8,0,1,1,4294967295,0,0
oInvCollPH,1328,112,001FEAC1,0,1,1,4294967295,0,0
oInvCollPH,1344,112,00395B75,0,1,1,4294967295,0,0
oInvCollPH,1360,112,00220C01,0,1,1,4294967295,0,0
oInvCollPH,1376,112,002EDB7F,0,1,1,4294967295,0,0
oInvCollPH,1392,112,0028FD55,0,1,1,4294967295,0,0
oInvCollPH,1408,112,000F8AAF,0,1,1,4294967295,0,0
oInvCollPH,1424,112,00140365,0,1,1,4294967295,0,0
oInvCollPH,1440,112,0038F2A2,0,1,1,4294967295,0,0
oInvCollPH,1456,112,00034A10,0,1,1,4294967295,0,0
oInvCollPH,1472,112,00187F55,0,1,1,4294967295,0,0
oInvCollPH,1488,112,0000AF21,0,1,1,4294967295,0,0
oInvCollPH,1504,112,00277178,0,1,1,4294967295,0,0
oInvCollPH,1520,112,003C10CA,0,1,1,4294967295,0,0
oInvCollPH,1536,112,001DF480,0,1,1,4294967295,0,0
oInvCollPH,1552,112,004043AC,0,1,1,4294967295,0,0
oInvCollPH,1568,112,001F8802,0,1,1,4294967295,0,0
oInvCollPH,1584,112,00214798,0,1,1,4294967295,0,0
oInvCollPH,1600,112,000587F2,0,1,1,4294967295,0,0
oInvCollPH,1616,112,000AC5ED,0,1,1,4294967295,0,0
oInvCollPH,1632,112,001ACEB3,0,1,1,4294967295,0,0
oInvCollPH,1648,112,0015562C,0,1,1,4294967295,0,0
oInvCollPH,1664,112,0032D682,0,1,1,4294967295,0,0
oInvCollPH,1680,112,001F6BDC,0,1,1,4294967295,0,0
oInvCollPH,1696,112,0009839E,0,1,1,4294967295,0,0
oInvCollPH,1712,112,0013E1EE,0,1,1,4294967295,0,0
oInvCollPH,1728,112,00323E8A,0,1,1,4294967295,0,0
oInvCollPH,1744,112,001ADF3C,0,1,1,4294967295,0,0
oInvCollPH,1760,112,003D2860,0,1,1,4294967295,0,0
oInvCollPH,1776,112,00210D0D,0,1,1,4294967295,0,0
oInvCollPH,1792,112,0030519D,0,1,1,4294967295,0,0
oInvCollPH,1808,112,000200D8,0,1,1,4294967295,0,0
oInvCollPH,1824,112,0000273F,0,1,1,4294967295,0,0
oInvCollPH,1840,112,00235F04,0,1,1,4294967295,0,0
oInvCollPH,16,80,000724E1,0,1,1,4294967295,0,0
oInvCollPH,16,96,00058028,0,1,1,4294967295,0,0
oInvCollPH,16,112,0017E636,0,1,1,4294967295,0,0
oInvCollPH,16,128,003C8A9B,0,1,1,4294967295,0,0
oInvCollPH,16,144,00051DC3,0,1,1,4294967295,0,0
oInvCollPH,16,160,001B13AE,0,1,1,4294967295,0,0
oInvCollPH,16,176,002E3B14,0,1,1,4294967295,0,0
oInvCollPH,16,192,000242C8,0,1,1,4294967295,0,0
oInvCollPH,16,208,0018840F,0,1,1,4294967295,0,0
oInvCollPH,16,224,0018119F,0,1,1,4294967295,0,0
oInvCollPH,16,240,00032772,0,1,1,4294967295,0,0
oInvCollPH,16,256,000DFB81,0,1,1,4294967295,0,0
oInvCollPH,16,272,0021ECDB,0,1,1,4294967295,0,0
oInvCollPH,16,288,00081B90,0,1,1,4294967295,0,0
oInvCollPH,32,304,0008FDD6,0,1,1,4294967295,0,0
oInvCollPH,48,304,0020290B,0,1,1,4294967295,0,0
oInvCollPH,64,304,003B289F,0,1,1,4294967295,0,0
oInvCollPH,80,304,000A125B,0,1,1,4294967295,0,0
oInvCollPH,96,304,00207F7F,0,1,1,4294967295,0,0
oInvCollPH,112,304,0031133C,0,1,1,4294967295,0,0
oInvCollPH,128,304,0010B87C,0,1,1,4294967295,0,0
oInvCollPH,144,304,000EB83D,0,1,1,4294967295,0,0
oInvCollPH,464,304,00402DFD,0,1,1,4294967295,0,0
oInvCollPH,448,304,000D598C,0,1,1,4294967295,0,0
oInvCollPH,432,304,004013DE,0,1,1,4294967295,0,0
oInvCollPH,416,304,0024C0A5,0,1,1,4294967295,0,0
oInvCollPH,400,304,001A8E1E,0,1,1,4294967295,0,0
oInvCollPH,384,304,00342DE8,0,1,1,4294967295,0,0
oInvCollPH,368,304,0033943F,0,1,1,4294967295,0,0
oInvCollPH,352,304,000BE1BB,0,1,1,4294967295,0,0
oInvCollPH,336,304,002D0D0A,0,1,1,4294967295,0,0
oInvCollPH,320,304,00361660,0,1,1,4294967295,0,0
oInvCollPH,160,304,00137E77,0,1,1,4294967295,0,0
oInvCollPH,176,304,001C3168,0,1,1,4294967295,0,0
oInvCollPH,192,304,002A027E,0,1,1,4294967295,0,0
oInvCollPH,208,304,002D7413,0,1,1,4294967295,0,0
oInvCollPH,224,304,0023BCC2,0,1,1,4294967295,0,0
oInvCollPH,240,304,00190079,0,1,1,4294967295,0,0
oInvCollPH,256,304,000AB965,0,1,1,4294967295,0,0
oInvCollPH,272,304,002E1519,0,1,1,4294967295,0,0
oInvCollPH,288,304,00000355,0,1,1,4294967295,0,0
oInvCollPH,304,304,001EDF13,0,1,1,4294967295,0,0
oInvCollPH,688,304,001C654F,0,1,1,4294967295,0,0
oInvCollPH,704,304,00218FC7,0,1,1,4294967295,0,0
oInvCollPH,720,304,00382B3B,0,1,1,4294967295,0,0
oInvCollPH,736,304,0023D939,0,1,1,4294967295,0,0
oInvCollPH,752,304,002F306B,0,1,1,4294967295,0,0
oInvCollPH,768,304,00136A9B,0,1,1,4294967295,0,0
oInvCollPH,784,304,0014D422,0,1,1,4294967295,0,0
oInvCollPH,800,304,0017352D,0,1,1,4294967295,0,0
oInvCollPH,816,304,0020DD1F,0,1,1,4294967295,0,0
oInvCollPH,832,304,003F4F11,0,1,1,4294967295,0,0
oInvCollPH,848,304,002CF524,0,1,1,4294967295,0,0
oInvCollPH,864,304,003B429F,0,1,1,4294967295,0,0
oInvCollPH,880,304,00080D50,0,1,1,4294967295,0,0
oInvCollPH,896,304,00034FD6,0,1,1,4294967295,0,0
oInvCollPH,912,304,0030A574,0,1,1,4294967295,0,0
oInvCollPH,928,304,002274ED,0,1,1,4294967295,0,0
oInvCollPH,944,304,00174911,0,1,1,4294967295,0,0
oInvCollPH,960,304,002E3E24,0,1,1,4294967295,0,0
oInvCollPH,976,304,00315966,0,1,1,4294967295,0,0
oInvCollPH,992,304,000EF63D,0,1,1,4294967295,0,0
oInvCollPH,1008,304,001EA8BA,0,1,1,4294967295,0,0
oInvCollPH,1024,304,00238C44,0,1,1,4294967295,0,0
oInvCollPH,1040,304,0030C34F,0,1,1,4294967295,0,0
oInvCollPH,1056,304,003AB555,0,1,1,4294967295,0,0
oInvCollPH,1072,304,0024C681,0,1,1,4294967295,0,0
oInvCollPH,1088,304,00334DB8,0,1,1,4294967295,0,0
oInvCollPH,1104,304,0017B858,0,1,1,4294967295,0,0
oInvCollPH,1120,304,002549FC,0,1,1,4294967295,0,0
oInvCollPH,1136,304,001BC1D2,0,1,1,4294967295,0,0
oInvCollPH,1152,304,003F6770,0,1,1,4294967295,0,0
oInvCollPH,1168,304,0004064B,0,1,1,4294967295,0,0
oInvCollPH,1184,304,00151D84,0,1,1,4294967295,0,0
oInvCollPH,1200,304,000AD4B3,0,1,1,4294967295,0,0
oInvCollPH,1216,304,00270AA8,0,1,1,4294967295,0,0
oInvCollPH,1232,304,002B622F,0,1,1,4294967295,0,0
oInvCollPH,1248,304,00017FD6,0,1,1,4294967295,0,0
oInvCollPH,1264,304,0012CFC4,0,1,1,4294967295,0,0
oInvCollPH,1280,304,003987F8,0,1,1,4294967295,0,0
oInvCollPH,1296,304,002238B8,0,1,1,4294967295,0,0
oInvCollPH,1360,304,0035780C,0,1,1,4294967295,0,0
oInvCollPH,1360,320,00042B1A,0,1,1,4294967295,0,0
oInvCollPH,1360,336,00019A09,0,1,1,4294967295,0,0
oInvisibleSolid,0,80,00285045,0,1,1,4294967295,0,1
oInvisibleSolid,64,80,00023B6F,0,1,1,4294967295,0,1
oInvisibleSolid,64,128,000F61ED,0,1,1,4294967295,0,1
oInvisibleSolid,0,304,0011598E,0,1,1,4294967295,0,1
oInvisibleSolid,1728,272,00256698,0,1,1,4294967295,0,1
oInvisibleSolid,1728,288,0032A446,0,1,1,4294967295,0,1
oInvisibleSolid,1728,304,0023E5FE,0,1,1,4294967295,0,1
oInvisibleSolid,1344,272,003A8402,0,1,1,4294967295,0,1
oInvisibleSolid,1312,288,0018FC82,0,1,1,4294967295,0,1
oInvisibleSolid,1120,128,00308DFB,0,1,1,4294967295,0,1
oInvisibleSolid,1856,128,002713DF,0,1,1,4294967295,0,1
oInvisibleSolid,1056,192,003CD117,0,1,1,4294967295,0,1
oInvisibleSolid,960,208,000A22D4,0,1,1,4294967295,0,1
oInvisibleSolid,672,304,00329E29,0,1,1,4294967295,0,1
oInvisibleSolid,480,320,003946FC,0,1,1,4294967295,0,1
oInvisibleSolid,384,224,003A5785,0,1,1,4294967295,0,1
oInvisibleSolid,1824,192,0016FAA5,0,1,1,4294967295,0,1
