oVaultLightbeam,0,0,00150B40,0,1,1,4294967295,0,1
oVaultLightbeam,640,0,00176A22,0,1,1,4294967295,0,1
oExit,320,320,0001C5C5,0,1,1,4294967295,0,1
oMTBird,79,60,001A28A5,0,1,1,4294967295,0,0
oMTBird,105,192,000D6D02,0,1,1,4294967295,0,0
oMTBird,485,158,003CFFAF,0,1,1,4294967295,0,0
oMTBird,538,324,0025313B,0,1,1,4294967295,0,0
oMTBird,475,474,000060B1,0,1,1,4294967295,0,0
oMTBird,531,217,003D3F3E,0,1,1,4294967295,0,0
oMTBird,602,380,00044990,0,1,1,4294967295,0,0
oMTBird,464,349,001A9E1E,0,1,1,4294967295,0,0
oMTBird,418,248,002D152E,0,1,1,4294967295,0,0
oMTBird,127,301,001C5BE5,0,1,1,4294967295,0,0
oMTBird,190,143,002AF02D,0,1,1,4294967295,0,0
oMTBird,215,60,002F9757,0,1,1,4294967295,0,0
oMTBird,227,239,0022FC8E,0,1,1,4294967295,0,0
oMTBird,182,248,0031D06B,0,1,1,4294967295,0,0
oMTBird,398,42,000F6D94,0,1,1,4294967295,0,0
oMTBird,543,140,002A0F25,0,1,1,4294967295,0,0
oMTBird,539,51,0004B86B,0,1,1,4294967295,0,0
oMTBird,405,138,002B13AB,0,1,1,4294967295,0,0
oMTBird,425,94,000E6399,0,1,1,4294967295,0,0
oMTBird,273,42,0027D6FB,0,1,1,4294967295,0,0
oMTBird,233,116,002AE25A,0,1,1,4294967295,0,0
oMTBird,129,83,0020136A,0,1,1,4294967295,0,0
oMTBird,65,162,000403E9,0,1,1,4294967295,0,0
oMTBird,31,251,0012FE82,0,1,1,4294967295,0,0
oMTBird,136,241,00310C48,0,1,1,4294967295,0,0
oMTBird,184,351,00257034,0,1,1,4294967295,0,0
oMTBird,216,330,0035F311,0,1,1,4294967295,0,0
oMTBird,221,291,0014F543,0,1,1,4294967295,0,0
oMTBird,181,197,0028FA22,0,1,1,4294967295,0,0
oMTBird,186,416,000A4EB8,0,1,1,4294967295,0,0
oMTBird,91,356,002F9493,0,1,1,4294967295,0,0
oMTBird,515,543,0019D164,0,1,1,4294967295,0,0
oMTBird,540,452,001C8829,0,1,1,4294967295,0,0
oMTBird,516,393,00140585,0,1,1,4294967295,0,0
oMTBird,436,432,00317919,0,1,1,4294967295,0,0
oMTBird,59,673,00079E15,0,1,1,4294967295,0,0
oMTBird,141,620,0008430D,0,1,1,4294967295,0,0
oMTBird,134,697,0028EA6E,0,1,1,4294967295,0,0
oMTBird,166,656,00173E11,0,1,1,4294967295,0,0
oMTBird,332,641,00293584,0,1,1,4294967295,0,0
oMTBird,323,487,000D1492,0,1,1,4294967295,0,0
oMTBird,267,425,003861D4,0,1,1,4294967295,0,0
oMTBird,325,414,0034B546,0,1,1,4294967295,0,0
oMTBird,378,469,0008DF30,0,1,1,4294967295,0,0
oMTBird,505,600,0036E5EC,0,1,1,4294967295,0,0
oMTBird,515,739,00366D7A,0,1,1,4294967295,0,0
oMTBird,595,800,0002934D,0,1,1,4294967295,0,0
oMTBird,560,701,000F9857,0,1,1,4294967295,0,0
oMTBird,505,819,00076D2D,0,1,1,4294967295,0,0
oMTBird,373,827,001C0098,0,1,1,4294967295,0,0
oMTBird,218,834,00159D83,0,1,1,4294967295,0,0
oMTBird,147,902,000D18AF,0,1,1,4294967295,0,0
oMTBird,106,782,003BCA66,0,1,1,4294967295,0,0
oMTBird,26,765,00264A0C,0,1,1,4294967295,0,0
oMTBird,305,653,00323299,0,1,1,4294967295,0,0
oMTBird,417,675,002CF2BB,0,1,1,4294967295,0,0
oMTBird,433,608,0001280D,0,1,1,4294967295,0,0
oMTBird,272,607,00154A6B,0,1,1,4294967295,0,0
oMTBird,237,676,000AAFB7,0,1,1,4294967295,0,0
oMTBird,313,243,0012BE27,0,1,1,4294967295,0,0
oMTBird,357,217,003CEB9E,0,1,1,4294967295,0,0
oMTBird,342,289,000134F4,0,1,1,4294967295,0,0
oMTBird,475,259,0032BEDB,0,1,1,4294967295,0,0
oMTBird,567,276,0012AF68,0,1,1,4294967295,0,0
oMTBird,592,198,0008F126,0,1,1,4294967295,0,0
oMTBird,328,76,00370B1C,0,1,1,4294967295,0,0
oMTBird,242,188,0039077C,0,1,1,4294967295,0,0
oMTBird,370,112,00378BDA,0,1,1,4294967295,0,0
oMTBird,73,324,00067741,0,1,1,4294967295,0,0
oMTBird,76,607,001F75FD,0,1,1,4294967295,0,0
oMTBird,99,689,003D527B,0,1,1,4294967295,0,0
oMTBird,165,848,00246303,0,1,1,4294967295,0,0
oMTBird,305,873,0030F8BA,0,1,1,4294967295,0,0
oMTBird,328,810,001B8B9B,0,1,1,4294967295,0,0
oMTBird,377,1018,002D72D2,0,1,1,4294967295,0,0
oMTBird,477,996,0000AA06,0,1,1,4294967295,0,0
oMTBird,555,926,00257157,0,1,1,4294967295,0,0
oMTBird,537,863,000F33C1,0,1,1,4294967295,0,0
oMTBird,488,895,0032DD41,0,1,1,4294967295,0,0
oMTBird,594,864,0017BFE6,0,1,1,4294967295,0,0
oMTBird,364,983,0039B764,0,1,1,4294967295,0,0
oMTBird,240,987,0003D953,0,1,1,4294967295,0,0
oMTBird,187,1021,00187829,0,1,1,4294967295,0,0
oMTBird,65,982,001639C5,0,1,1,4294967295,0,0
oMTBird,59,927,0010CCE8,0,1,1,4294967295,0,0
oMTBird,92,970,003DD83A,0,1,1,4294967295,0,0
oMTBird,100,1007,002C5DE1,0,1,1,4294967295,0,0
oMTBird,257,860,003E590B,0,1,1,4294967295,0,0
oBlackCrowTown,29,1042,0023F6CD,0,1,1,4294967295,0,0
oBlackCrowTown,125,1041,002DE878,0,1,1,4294967295,0,1
oBlackCrowTown,349,1042,0038D2D2,0,1,1,4294967295,0,0
oBlackCrowTown,458,1043,0031A83C,0,1,1,4294967295,0,0
oBlackCrowTown,540,1040,003D2C9E,0,1,1,4294967295,0,0
oBlackCrowTown,380,914,001EAAE5,0,1,1,4294967295,0,0
oBlackCrowTown,245,723,000F1400,0,1,1,4294967295,0,0
oBlackCrowTown,260,725,0035D49B,0,1,1,4294967295,0,1
oBlackCrowTown,364,726,0040039A,0,1,1,4294967295,0,1
oBlackCrowTown,251,529,0005E486,0,1,1,4294967295,0,1
oBlackCrowTown,292,131,00106AA3,0,1,1,4294967295,0,0
oBlackCrowTown,347,144,00253213,0,1,1,4294967295,0,0
oBlackCrowTown,333,112,001816AD,0,1,1,4294967295,0,1
oCityBirdA,317,96,003291C7,0,1,1,4294967295,0,0
oDiveBird,224,1056,003AE646,0,1,1,4294967295,0,0
oDiveBird,272,1056,002E9964,0,1,1,4294967295,0,0
oDiveBird,320,1056,0000E461,0,1,1,4294967295,0,0
oDiveBird,400,1056,002BBEC0,0,1,1,4294967295,0,0
oDiveBird,448,1056,00179367,0,1,1,4294967295,0,0
oDiveBird,512,1056,0025AE20,0,1,1,4294967295,0,0
oDiveBird,560,1056,003FD69F,0,1,1,4294967295,0,0
oDiveBird,160,1056,002B01C0,0,1,1,4294967295,0,0
oDiveBird,368,1056,003E0775,0,1,1,4294967295,0,0
oDiveBird,224,928,00352B7D,0,1,1,4294967295,0,0
oDiveBird,288,928,0013A8F7,0,1,1,4294967295,0,0
oDiveBird,352,928,0023BAF7,0,1,1,4294967295,0,0
oDiveBird,432,928,000A8093,0,1,1,4294967295,0,0
oDiveBird,192,928,00196925,0,1,1,4294967295,0,0
oDiveBird,256,928,00031816,0,1,1,4294967295,0,0
oDiveBird,448,928,0028EE03,0,1,1,4294967295,0,0
oDiveBird,288,736,002FEB48,0,1,1,4294967295,0,0
oDiveBird,400,736,00056161,0,1,1,4294967295,0,0
oDiveBird,304,736,0035393A,0,1,1,4294967295,0,0
oDiveBird,352,736,001E01CD,0,1,1,4294967295,0,0
oDiveBird,288,544,003094DB,0,1,1,4294967295,0,0
oDiveBird,336,544,001DE5D2,0,1,1,4294967295,0,0
oDiveBird,384,544,00227264,0,1,1,4294967295,0,0
oDiveBird,320,544,003150E6,0,1,1,4294967295,0,0
oDiveBird,352,544,00366A68,0,1,1,4294967295,0,0
oDiveBird,288,160,00326413,0,1,1,4294967295,0,0
oDiveBird,352,160,0003D218,0,1,1,4294967295,0,0
oDiveBird,320,160,0003876C,0,1,1,4294967295,0,0
oSignPost,80,416,003004B2,0,1,1,4294967295,0,1
oLittleBirdStaticA,92,864,000A25BC,0,1,1,4294967295,0,0
oLittleBirdStaticA,54,864,0006126B,0,1,1,4294967295,0,0
oLittleBirdStaticA,591,992,000618E5,0,1,1,4294967295,0,1
oLittleBirdStaticA,508,929,001DA902,0,1,1,4294967295,0,0
oLittleBirdStaticA,496,931,0010674C,0,1,1,4294967295,0,0
oLittleBirdStaticA,204,738,003E3F58,0,1,1,4294967295,0,1
oLittleBirdStaticA,215,737,000D26F4,0,1,1,4294967295,0,1
oLittleBirdStaticA,224,740,002EE529,0,1,1,4294967295,0,1
oLittleBirdStaticA,331,529,0012580D,0,1,1,4294967295,0,1
oLittleBirdStaticA,348,531,0001FEB8,0,1,1,4294967295,0,0
oLittleBirdStaticA,366,160,0019718D,0,1,1,4294967295,0,0
oLittleBirdStaticA,273,160,002B31BA,0,1,1,4294967295,0,1
oPlayer1,80,1056,001A8D08,0,1,1,4294967295,0,0
oInvisibleSolid,0,1056,003AA9A5,0,1,1,4294967295,0,1
oInvisibleSolid,576,992,002A68C9,0,1,1,4294967295,0,1
oInvisibleSolid,48,864,0025BD8B,0,1,1,4294967295,0,1
oInvisibleSolid,64,800,0032E42D,0,1,1,4294967295,0,1
oInvisibleSolid,128,928,000B48F2,0,1,1,4294967295,0,1
oInvisibleSolid,192,736,0017F312,0,1,1,4294967295,0,1
oInvisibleSolid,528,672,00307AC2,0,1,1,4294967295,0,1
oInvisibleSolid,576,608,003D5C70,0,1,1,4294967295,0,1
oInvisibleSolid,224,544,000DF873,0,1,1,4294967295,0,1
oInvisibleSolid,64,416,00052876,0,1,1,4294967295,0,1
oInvisibleSolid,96,448,0017D8B0,0,1,1,4294967295,0,1
oInvisibleSolid,128,480,0006C166,0,1,1,4294967295,0,1
oInvisibleSolid,256,352,001BE78E,0,1,1,4294967295,0,1
oInvisibleSolid,272,160,002945D9,0,1,1,4294967295,0,1
oInvisibleSolid,72,448,00067098,0,1,1,4294967295,0,1
oInvisibleSolid,104,480,00304297,0,1,1,4294967295,0,1
oInvisibleSolid,136,512,0011BD51,0,1,1,4294967295,0,1
