oExit,1808,1296,00036F62,0,1,1,4294967295,0,1
oExit,0,176,00166DF9,0,1,1,4294967295,0,1
oIceMickeyBlock,384,208,001932FD,0,1,1,4294967295,0,1
oIceMickeyBlock,568,176,00242839,0,1,1,4294967295,0,1
oStrikeChainPoint,736,216,00130B79,0,1,1,4294967295,0,0
oStrikeChainPoint,880,304,001D3795,0,1,1,4294967295,0,0
oStrikeChainPoint,896,416,00234B97,0,1,1,4294967295,0,0
oIceMickeyBlock,1016,416,00049E94,0,1,1,4294967295,0,1
oIceMickeyBlock,1168,376,0036D3D4,0,1,1,4294967295,0,1
oStrikeChainPoint,1016,288,001BAC18,0,1,1,4294967295,0,0
oStrikeChainPoint,1168,224,00070F30,0,1,1,4294967295,0,0
oIceMickeyBlock,1016,184,00302DA9,0,1,1,4294967295,0,1
oStrikeChainPoint,1168,104,003A9E27,0,1,1,4294967295,0,0
oStrikeChainPoint,1304,88,003AA913,0,1,1,4294967295,0,0
oWeaponLevelUpgrade,1576,144,001617CA,0,1,1,4294967295,0,1
oStaticSpikeRed,672,272,0013F478,0,1,1,4294967295,0,0
oStaticSpikeRed,672,304,0028A442,0,1,1,4294967295,0,0
oStaticSpikeRed,640,272,00339DAA,0,1,1,4294967295,0,0
oStaticSpikeRed,608,272,0034BC95,0,1,1,4294967295,0,0
oStaticSpikeRed,608,240,00308B68,0,1,1,4294967295,0,0
oStaticSpikeRed,608,208,0003DADF,0,1,1,4294967295,0,0
oStaticSpikeRed,944,160,003D3457,0,1,1,4294967295,0,0
oStaticSpikeRed,944,192,0024FBE9,0,1,1,4294967295,0,0
oStaticSpikeRed,944,224,0016DC28,0,1,1,4294967295,0,0
oStaticSpikeRed,944,256,0005ECBF,0,1,1,4294967295,0,0
oStaticSpikeRed,944,288,00318431,0,1,1,4294967295,0,0
oStaticSpikeRed,944,320,001F4130,0,1,1,4294967295,0,0
oStaticSpikeRed,944,128,002BC5FC,0,1,1,4294967295,0,0
oStaticSpikeRed,944,96,003BAE15,0,1,1,4294967295,0,0
oStaticSpikeRed,944,64,00319B85,0,1,1,4294967295,0,0
oStaticSpikeRed,944,32,001D50A1,0,1,1,4294967295,0,0
oStaticSpikeRed,944,0,002A1F9A,0,1,1,4294967295,0,0
oStaticSpikeRed,1232,336,003F3C73,0,1,1,4294967295,0,0
oStaticSpikeRed,1232,304,003083DC,0,1,1,4294967295,0,0
oStaticSpikeRed,1232,368,003637EE,0,1,1,4294967295,0,0
oStaticSpikeRed,1232,400,002A3401,0,1,1,4294967295,0,0
oStaticSpikeRed,1232,272,0029FE09,0,1,1,4294967295,0,0
oStaticSpikeRed,1232,240,002A47DC,0,1,1,4294967295,0,0
oStaticSpikeRed,672,336,000B81E8,0,1,1,4294967295,0,0
oStaticSpikeRed,672,368,003A07DC,0,1,1,4294967295,0,0
oStaticSpikeRed,704,368,001E8CBD,0,1,1,4294967295,0,0
oStaticSpikeRed,736,368,000C1BC6,0,1,1,4294967295,0,0
oStaticSpikeRed,768,368,002AFE01,0,1,1,4294967295,0,0
oStaticSpikeRed,800,368,000D046E,0,1,1,4294967295,0,0
oStaticSpikeRed,800,400,000F7DD9,0,1,1,4294967295,0,0
oStaticSpikeRed,800,432,00192A0A,0,1,1,4294967295,0,0
oStaticSpikeRed,800,464,003F361F,0,1,1,4294967295,0,0
oStaticSpikeRed,832,464,002A1FEB,0,1,1,4294967295,0,0
oStaticSpikeRed,832,496,0019D5A6,0,1,1,4294967295,0,0
oStaticSpikeRed,864,496,001C5A9C,0,1,1,4294967295,0,0
oStaticSpikeRed,896,496,00120320,0,1,1,4294967295,0,0
oStaticSpikeRed,928,496,00201999,0,1,1,4294967295,0,0
oStaticSpikeRed,1232,432,0000284B,0,1,1,4294967295,0,0
oStaticSpikeRed,1232,208,00101C45,0,1,1,4294967295,0,0
oStaticSpikeRed,1232,176,003919E8,0,1,1,4294967295,0,0
oStaticSpikeRed,1232,136,003E9C9B,0,1,1,4294967295,0,0
oLargeSnowball,464,384,000DA66D,0,1,1,4294967295,0,0
oLargeSnowball,720,576,003A165B,0,1,1,4294967295,0,0
oLargeSnowball,976,768,003F1C34,0,1,1,4294967295,0,0
oLargeSnowball,1232,960,00113D3F,0,1,1,4294967295,0,0
oPlayer1,1776,1328,00072ECB,0,1,1,4294967295,0,0
oInvCollPH,16,208,002544FA,0,1,1,4294967295,0,0
oInvCollPH,32,208,000ECF27,0,1,1,4294967295,0,0
oInvCollPH,48,208,002538AD,0,1,1,4294967295,0,0
oInvCollPH,64,208,00319F34,0,1,1,4294967295,0,0
oInvCollPH,80,208,0005BC03,0,1,1,4294967295,0,0
oInvCollPH,96,208,000DA8DF,0,1,1,4294967295,0,0
oInvCollPH,112,208,0028AB75,0,1,1,4294967295,0,0
oInvCollPH,128,208,002634C0,0,1,1,4294967295,0,0
oInvCollPH,144,208,000AB2FC,0,1,1,4294967295,0,0
oInvCollPH,160,208,00197B79,0,1,1,4294967295,0,0
oInvCollPH,176,208,0019ACFC,0,1,1,4294967295,0,0
oInvCollPH,1696,1328,003D6DC3,0,1,1,4294967295,0,0
oInvCollPH,1712,1328,00048AF8,0,1,1,4294967295,0,0
oInvCollPH,1728,1328,002D6C75,0,1,1,4294967295,0,0
oInvCollPH,1744,1328,001964D3,0,1,1,4294967295,0,0
oInvCollPH,1760,1328,0029DCD5,0,1,1,4294967295,0,0
oInvCollPH,1776,1328,002756CB,0,1,1,4294967295,0,0
oInvCollPH,1792,1328,0006E951,0,1,1,4294967295,0,0
oInvCollPH,1808,1328,0030DFBA,0,1,1,4294967295,0,0
oInvCollPH,1728,1152,002EF676,0,1,1,4294967295,0,0
oInvCollPH,1744,1152,0021154D,0,1,1,4294967295,0,0
oInvCollPH,1744,1136,0016EF9A,0,1,1,4294967295,0,0
oInvCollPH,1760,1136,002E0F94,0,1,1,4294967295,0,0
oInvCollPH,1776,1136,000DA0D7,0,1,1,4294967295,0,0
oInvCollPH,1776,1152,000B8E1F,0,1,1,4294967295,0,0
oInvCollPH,1760,1184,000069B6,0,1,1,4294967295,0,0
oInvCollPH,1760,1200,002E93A5,0,1,1,4294967295,0,0
oInvCollPH,1760,1216,00053DAE,0,1,1,4294967295,0,0
oInvCollPH,1776,1168,0004A110,0,1,1,4294967295,0,0
oInvCollPH,1776,1184,000B8A0D,0,1,1,4294967295,0,0
oInvCollPH,1776,1200,0018033F,0,1,1,4294967295,0,0
oInvCollPH,1776,1216,0012216E,0,1,1,4294967295,0,0
oInvCollPH,1760,1248,0002C99E,0,1,1,4294967295,0,0
oInvCollPH,1776,1248,00357C8F,0,1,1,4294967295,0,0
oInvCollPH,1792,1248,00182F6C,0,1,1,4294967295,0,0
oInvCollPH,1808,1248,00335126,0,1,1,4294967295,0,0
oInvCollPH,1792,1232,000A2152,0,1,1,4294967295,0,0
oInvCollPH,1808,1232,000A4BDF,0,1,1,4294967295,0,0
oInvCollPH,1504,160,00110E7E,0,1,1,4294967295,0,0
oInvCollPH,1520,160,0033D4E1,0,1,1,4294967295,0,0
oInvCollPH,1536,160,0027018B,0,1,1,4294967295,0,0
oInvCollPH,1664,160,001C00E3,0,1,1,4294967295,0,0
oInvCollPH,1648,160,002D6A52,0,1,1,4294967295,0,0
oInvCollPH,1632,160,003AE70E,0,1,1,4294967295,0,0
oInvCollPH,1616,160,0026B729,0,1,1,4294967295,0,0
oInvCollPH,1552,160,0010FEC1,0,1,1,4294967295,0,0
oInvCollPH,1568,160,000E98C6,0,1,1,4294967295,0,0
oInvCollPH,1584,160,00004052,0,1,1,4294967295,0,0
oInvCollPH,1600,160,001E038F,0,1,1,4294967295,0,0
oInvisibleLupSlope,1648,1296,002F52C0,0,1,1,4294967295,0,0
oInvisibleLupSlope,1632,1280,0019E294,0,1,1,4294967295,0,0
oInvisibleLupLowSlope,1664,1312,001545A0,0,1,1,4294967295,0,0
oInvisibleLupLowSlope,1600,1264,000B6F22,0,1,1,4294967295,0,0
oInvisibleLupLowSlope,1536,1216,00351192,0,1,1,4294967295,0,0
oInvisibleLupLowSlope,1472,1168,001337D1,0,1,1,4294967295,0,0
oInvisibleLupLowSlope,1408,1120,003C7DCA,0,1,1,4294967295,0,0
oInvisibleLupLowSlope,1344,1072,001215E8,0,1,1,4294967295,0,0
oInvisibleLupLowSlope,1280,1024,0029F820,0,1,1,4294967295,0,0
oInvisibleLupLowSlope,1216,976,000DCF4F,0,1,1,4294967295,0,0
oInvisibleLupLowSlope,1152,928,002440AC,0,1,1,4294967295,0,0
oInvisibleLupLowSlope,1088,880,001693FD,0,1,1,4294967295,0,0
oInvisibleLupLowSlope,1024,832,001DE978,0,1,1,4294967295,0,0
oInvisibleLupLowSlope,960,784,000192BC,0,1,1,4294967295,0,0
oInvisibleLupLowSlope,896,736,0020F5E9,0,1,1,4294967295,0,0
oInvisibleLupLowSlope,832,688,001A96BD,0,1,1,4294967295,0,0
oInvisibleLupLowSlope,768,640,001CB832,0,1,1,4294967295,0,0
oInvisibleLupLowSlope,704,592,002ABC46,0,1,1,4294967295,0,0
oInvisibleLupLowSlope,640,544,0013DA40,0,1,1,4294967295,0,0
oInvisibleLupLowSlope,576,496,00009481,0,1,1,4294967295,0,0
oInvisibleLupLowSlope,512,448,002E0D4E,0,1,1,4294967295,0,0
oInvisibleLupLowSlope,448,400,002459AB,0,1,1,4294967295,0,0
oInvisibleLupLowSlope,384,352,00013616,0,1,1,4294967295,0,0
oInvisibleLupLowSlope,320,304,00345396,0,1,1,4294967295,0,0
oInvisibleLupLowSlope,256,256,000808F1,0,1,1,4294967295,0,0
oInvisibleLupLowSlope,192,208,00045C07,0,1,1,4294967295,0,0
oInvisibleLupSlope,224,224,002290C4,0,1,1,4294967295,0,0
oInvisibleLupSlope,240,240,003FF06E,0,1,1,4294967295,0,0
oInvisibleLupSlope,288,272,002D88A4,0,1,1,4294967295,0,0
oInvisibleLupSlope,304,288,00085E01,0,1,1,4294967295,0,0
oInvisibleLupSlope,352,320,001373FF,0,1,1,4294967295,0,0
oInvisibleLupSlope,368,336,002DD35E,0,1,1,4294967295,0,0
oInvisibleLupSlope,416,368,0037AE02,0,1,1,4294967295,0,0
oInvisibleLupSlope,432,384,001D740B,0,1,1,4294967295,0,0
oInvisibleLupSlope,480,416,003AD873,0,1,1,4294967295,0,0
oInvisibleLupSlope,496,432,002DD593,0,1,1,4294967295,0,0
oInvisibleLupSlope,544,464,001D1079,0,1,1,4294967295,0,0
oInvisibleLupSlope,560,480,00082259,0,1,1,4294967295,0,0
oInvisibleLupSlope,608,512,0030ABAE,0,1,1,4294967295,0,0
oInvisibleLupSlope,624,528,0011BFFD,0,1,1,4294967295,0,0
oInvisibleLupSlope,672,560,00141B77,0,1,1,4294967295,0,0
oInvisibleLupSlope,688,576,000128F7,0,1,1,4294967295,0,0
oInvisibleLupSlope,736,608,000980EC,0,1,1,4294967295,0,0
oInvisibleLupSlope,752,624,000419CE,0,1,1,4294967295,0,0
oInvisibleLupSlope,800,656,000B48F3,0,1,1,4294967295,0,0
oInvisibleLupSlope,816,672,003E5878,0,1,1,4294967295,0,0
oInvisibleLupSlope,864,704,000FD806,0,1,1,4294967295,0,0
oInvisibleLupSlope,880,720,00028B07,0,1,1,4294967295,0,0
oInvisibleLupSlope,928,752,002F4DE7,0,1,1,4294967295,0,0
oInvisibleLupSlope,944,768,00218E31,0,1,1,4294967295,0,0
oInvisibleLupSlope,992,800,001E6301,0,1,1,4294967295,0,0
oInvisibleLupSlope,1008,816,000466F3,0,1,1,4294967295,0,0
oInvisibleLupSlope,1056,848,000DDE17,0,1,1,4294967295,0,0
oInvisibleLupSlope,1072,864,003564DE,0,1,1,4294967295,0,0
oInvisibleLupSlope,1120,896,002EF218,0,1,1,4294967295,0,0
oInvisibleLupSlope,1136,912,00311938,0,1,1,4294967295,0,0
oInvisibleLupSlope,1184,944,003A1800,0,1,1,4294967295,0,0
oInvisibleLupSlope,1200,960,000CF321,0,1,1,4294967295,0,0
oInvisibleLupSlope,1248,992,00271443,0,1,1,4294967295,0,0
oInvisibleLupSlope,1264,1008,0007BC54,0,1,1,4294967295,0,0
oInvisibleLupSlope,1312,1040,00323A29,0,1,1,4294967295,0,0
oInvisibleLupSlope,1328,1056,00152AA0,0,1,1,4294967295,0,0
oInvisibleLupSlope,1376,1088,001149F9,0,1,1,4294967295,0,0
oInvisibleLupSlope,1392,1104,0009B464,0,1,1,4294967295,0,0
oInvisibleLupSlope,1440,1136,00295C97,0,1,1,4294967295,0,0
oInvisibleLupSlope,1456,1152,0025E5CB,0,1,1,4294967295,0,0
oInvisibleLupSlope,1504,1184,001640AC,0,1,1,4294967295,0,0
oInvisibleLupSlope,1520,1200,002337B5,0,1,1,4294967295,0,0
oInvisibleLupSlope,1568,1232,0015EE7B,0,1,1,4294967295,0,0
oInvisibleLupSlope,1584,1248,003C6EE5,0,1,1,4294967295,0,0
oInvisibleSolid,1664,1328,00391A3D,0,1,1,4294967295,0,1
oInvisibleSolid,0,208,0026B768,0,1,1,4294967295,0,1
oInvisibleSolid,1648,1312,0012D241,0,1,1,4294967295,0,0
oInvisibleSolid,1632,1296,002A1D76,0,1,1,4294967295,0,0
oInvisibleSolid,1600,1280,0037C5A7,0,1,1,4294967295,0,0
oInvisibleSolid,1616,1280,0037B479,0,1,1,4294967295,0,0
oInvisibleSolid,1584,1264,001DD07A,0,1,1,4294967295,0,0
oInvisibleSolid,1568,1248,0013CDC3,0,1,1,4294967295,0,0
oInvisibleSolid,1536,1232,001347AB,0,1,1,4294967295,0,0
oInvisibleSolid,1552,1232,0030E268,0,1,1,4294967295,0,0
oInvisibleSolid,1520,1216,00040F62,0,1,1,4294967295,0,0
oInvisibleSolid,1504,1200,0012D670,0,1,1,4294967295,0,0
oInvisibleSolid,1472,1184,000DAB77,0,1,1,4294967295,0,0
oInvisibleSolid,1488,1184,003BDE72,0,1,1,4294967295,0,0
oInvisibleSolid,1456,1168,001DC295,0,1,1,4294967295,0,0
oInvisibleSolid,1440,1152,001371F1,0,1,1,4294967295,0,0
oInvisibleSolid,1408,1136,003F3CCE,0,1,1,4294967295,0,0
oInvisibleSolid,1424,1136,002F4F46,0,1,1,4294967295,0,0
oInvisibleSolid,1392,1120,000D7D49,0,1,1,4294967295,0,0
oInvisibleSolid,1376,1104,0014040D,0,1,1,4294967295,0,0
oInvisibleSolid,1344,1088,0024B844,0,1,1,4294967295,0,0
oInvisibleSolid,1360,1088,0015A834,0,1,1,4294967295,0,0
oInvisibleSolid,1328,1072,0011975B,0,1,1,4294967295,0,0
oInvisibleSolid,1312,1056,0028A785,0,1,1,4294967295,0,0
oInvisibleSolid,1296,1040,002E15E5,0,1,1,4294967295,0,0
oInvisibleSolid,1280,1040,001AE696,0,1,1,4294967295,0,0
oInvisibleSolid,1264,1024,002D3BE5,0,1,1,4294967295,0,0
oInvisibleSolid,1248,1008,000B6AB3,0,1,1,4294967295,0,0
oInvisibleSolid,1232,992,0035E5B8,0,1,1,4294967295,0,0
oInvisibleSolid,1216,992,000708D8,0,1,1,4294967295,0,0
oInvisibleSolid,1200,976,000642CA,0,1,1,4294967295,0,0
oInvisibleSolid,1184,960,00345DE3,0,1,1,4294967295,0,0
oInvisibleSolid,1168,944,00126400,0,1,1,4294967295,0,0
oInvisibleSolid,1152,944,00401D52,0,1,1,4294967295,0,0
oInvisibleSolid,1136,928,002EC12D,0,1,1,4294967295,0,0
oInvisibleSolid,1120,912,00208F58,0,1,1,4294967295,0,0
oInvisibleSolid,1104,896,002782A3,0,1,1,4294967295,0,0
oInvisibleSolid,1088,896,0012A4D2,0,1,1,4294967295,0,0
oInvisibleSolid,1072,880,003D96C5,0,1,1,4294967295,0,0
oInvisibleSolid,1056,864,0005E4C8,0,1,1,4294967295,0,0
oInvisibleSolid,1040,848,003C72FC,0,1,1,4294967295,0,0
oInvisibleSolid,1024,848,001A4551,0,1,1,4294967295,0,0
oInvisibleSolid,1008,832,0034CFF2,0,1,1,4294967295,0,0
oInvisibleSolid,992,816,00074035,0,1,1,4294967295,0,0
oInvisibleSolid,976,800,00133A90,0,1,1,4294967295,0,0
oInvisibleSolid,960,800,000786A5,0,1,1,4294967295,0,0
oInvisibleSolid,944,784,0003ED04,0,1,1,4294967295,0,0
oInvisibleSolid,928,768,001ADE23,0,1,1,4294967295,0,0
oInvisibleSolid,912,752,001DDD3B,0,1,1,4294967295,0,0
oInvisibleSolid,896,752,00297742,0,1,1,4294967295,0,0
oInvisibleSolid,880,736,002E3DB2,0,1,1,4294967295,0,0
oInvisibleSolid,864,720,00180CCF,0,1,1,4294967295,0,0
oInvisibleSolid,848,704,001BF7FD,0,1,1,4294967295,0,0
oInvisibleSolid,832,704,0031F410,0,1,1,4294967295,0,0
oInvisibleSolid,816,688,001BC8B9,0,1,1,4294967295,0,0
oInvisibleSolid,800,672,001EBCEC,0,1,1,4294967295,0,0
oInvisibleSolid,784,656,00024BA9,0,1,1,4294967295,0,0
oInvisibleSolid,768,656,0005DDA9,0,1,1,4294967295,0,0
oInvisibleSolid,752,640,0006B538,0,1,1,4294967295,0,0
oInvisibleSolid,736,624,0004DAEE,0,1,1,4294967295,0,0
oInvisibleSolid,720,608,0036DEF9,0,1,1,4294967295,0,0
oInvisibleSolid,704,608,002B299D,0,1,1,4294967295,0,0
oInvisibleSolid,688,592,00271AED,0,1,1,4294967295,0,0
oInvisibleSolid,672,576,002ADE20,0,1,1,4294967295,0,0
oInvisibleSolid,656,560,002D18B7,0,1,1,4294967295,0,0
oInvisibleSolid,640,560,000C5218,0,1,1,4294967295,0,0
oInvisibleSolid,624,544,0020BD90,0,1,1,4294967295,0,0
oInvisibleSolid,608,528,000676FE,0,1,1,4294967295,0,0
oInvisibleSolid,592,512,002A40DB,0,1,1,4294967295,0,0
oInvisibleSolid,576,512,00282DA3,0,1,1,4294967295,0,0
oInvisibleSolid,560,496,00229198,0,1,1,4294967295,0,0
oInvisibleSolid,544,480,001FCF45,0,1,1,4294967295,0,0
oInvisibleSolid,528,464,002743CF,0,1,1,4294967295,0,0
oInvisibleSolid,512,464,003A94C4,0,1,1,4294967295,0,0
oInvisibleSolid,496,448,0026E34C,0,1,1,4294967295,0,0
oInvisibleSolid,480,432,000E1B44,0,1,1,4294967295,0,0
oInvisibleSolid,464,416,000E9375,0,1,1,4294967295,0,0
oInvisibleSolid,448,416,000D286F,0,1,1,4294967295,0,0
oInvisibleSolid,192,224,0018CB50,0,1,1,4294967295,0,0
oInvisibleSolid,208,224,003B0C9A,0,1,1,4294967295,0,0
oInvisibleSolid,224,240,00353559,0,1,1,4294967295,0,0
oInvisibleSolid,240,256,00181C58,0,1,1,4294967295,0,0
oInvisibleSolid,256,272,0010E559,0,1,1,4294967295,0,0
oInvisibleSolid,272,272,001B14F3,0,1,1,4294967295,0,0
oInvisibleSolid,288,288,0038BA3E,0,1,1,4294967295,0,0
oInvisibleSolid,304,304,0008B8F7,0,1,1,4294967295,0,0
oInvisibleSolid,320,320,0019D0D1,0,1,1,4294967295,0,0
oInvisibleSolid,336,320,001352F3,0,1,1,4294967295,0,0
oInvisibleSolid,352,336,002F9C92,0,1,1,4294967295,0,0
oInvisibleSolid,368,352,001A12F6,0,1,1,4294967295,0,0
oInvisibleSolid,384,368,00000E2D,0,1,1,4294967295,0,0
oInvisibleSolid,400,368,001462E0,0,1,1,4294967295,0,0
oInvisibleSolid,416,384,0031543F,0,1,1,4294967295,0,0
oInvisibleSolid,432,400,0001253F,0,1,1,4294967295,0,0
oInvisibleSolid,1728,1136,000ECF7B,0,1,1,4294967295,0,1
oInvisibleSolid,1760,1168,001C07C7,0,1,1,4294967295,0,1
oInvisibleSolid,1760,1232,00084266,0,1,1,4294967295,0,1
oInvisibleRupLowSlope,1456,160,002DD288,0,1,1,4294967295,0,0
oInvisibleLupLowSlope,1680,160,00291EB2,0,1,1,4294967295,0,0
oInvisibleSolid,1456,176,003CD48E,0,1,1,4294967295,0,1
oInvisibleSolid,1488,160,000DCFBE,0,1,1,4294967295,0,1
oInvisibleSolid,1680,176,00168CCF,0,1,1,4294967295,0,1
