tileMagicalCastle,0,320,0,496,64,80,0,1,1,4294967295
tileMagicalCastle,64,320,0,496,64,80,0,1,1,4294967295
tileMagicalCastle,128,384,0,496,64,80,0,1,1,4294967295
tileMagicalCastle,192,384,0,496,64,80,0,1,1,4294967295
tileMagicalCastle,448,384,0,496,64,80,0,1,1,4294967295
tileMagicalCastle,512,320,0,496,64,80,0,1,1,4294967295
tileMagicalCastle,576,384,0,496,64,80,0,1,1,4294967295
tileMagicalCastle,768,384,0,496,64,80,0,1,1,4294967295
tileMagicalCastle,832,384,0,496,64,80,0,1,1,4294967295
tileMagicalCastle,896,384,0,496,64,80,0,1,1,4294967295
tileMagicalCastle,960,384,0,496,64,80,0,1,1,4294967295
tileMagicalCastle,1024,384,0,496,64,80,0,1,1,4294967295
tileMagicalCastle,1088,320,0,496,64,80,0,1,1,4294967295
tileMagicalCastle,1152,256,0,496,64,80,0,1,1,4294967295
tileMagicalCastle,1216,192,0,496,64,80,0,1,1,4294967295
tileMagicalCastle,2240,256,0,496,64,80,0,1,1,4294967295
tileMagicalCastle,2304,256,0,496,64,80,0,1,1,4294967295
tileMagicalCastle,2368,384,0,496,64,80,0,1,1,4294967295
tileMagicalCastle,2432,384,0,496,64,80,0,1,1,4294967295
tileMagicalCastle,2496,384,0,496,64,80,0,1,1,4294967295
tileMagicalCastle,2624,0,0,512,64,112,0,1,1,4294967295
tileMagicalCastle,2624,368,0,512,64,112,0,1,1,4294967295
tileMagicalCastle,2624,176,0,560,64,64,0,1,1,4294967295
tileMagicalCastle,2624,304,0,560,64,64,0,1,1,4294967295
tileMagicalCastle,2624,112,0,512,64,64,0,1,1,4294967295
tileMagicalCastle,2624,240,0,512,64,64,0,1,1,4294967295
tileMagicalCastle,2432,240,0,560,64,80,0,1,1,4294967295
tileMagicalCastle,2496,240,0,560,64,80,0,1,1,4294967295
tileMagicalCastle,2560,240,0,560,64,80,0,1,1,4294967295
tileMagicalCastle,2240,112,0,560,64,80,0,1,1,4294967295
tileMagicalCastle,2304,112,0,560,64,80,0,1,1,4294967295
tileMagicalCastle,2368,112,0,560,64,80,0,1,1,4294967295
tileMagicalCastle,1408,240,0,560,64,80,0,1,1,4294967295
tileMagicalCastle,1472,112,0,560,64,80,0,1,1,4294967295
tileMagicalCastle,896,48,0,560,64,80,0,1,1,4294967295
tileMagicalCastle,832,112,0,560,64,80,0,1,1,4294967295
tileMagicalCastle,512,112,0,560,64,80,0,1,1,4294967295
tileMagicalCastle,0,144,0,560,64,80,0,1,1,4294967295
tileMagicalCastle,64,80,0,560,64,80,0,1,1,4294967295
tileMagicalCastle,128,80,0,560,64,80,0,1,1,4294967295
tileMagicalCastle,192,48,0,560,64,80,0,1,1,4294967295
tileMagicalCastle,256,48,0,560,64,80,0,1,1,4294967295
tileMagicalCastle,320,48,0,560,64,80,0,1,1,4294967295
tileMagicalCastle,384,48,0,560,64,80,0,1,1,4294967295
tileMagicalCastle,448,48,0,560,64,80,0,1,1,4294967295
tileMagicalCastle,576,0,0,576,64,64,0,1,1,4294967295
tileMagicalCastle,640,0,0,576,64,64,0,1,1,4294967295
tileMagicalCastle,704,0,0,576,64,64,0,1,1,4294967295
tileMagicalCastle,768,0,0,576,64,64,0,1,1,4294967295
tileMagicalCastle,960,0,0,576,64,64,0,1,1,4294967295
tileMagicalCastle,1024,0,0,576,64,64,0,1,1,4294967295
tileMagicalCastle,1088,0,0,576,64,64,0,1,1,4294967295
tileMagicalCastle,1152,0,0,576,64,64,0,1,1,4294967295
tileMagicalCastle,1216,0,0,576,64,64,0,1,1,4294967295
tileMagicalCastle,1280,0,0,576,64,64,0,1,1,4294967295
tileMagicalCastle,1344,0,0,576,64,64,0,1,1,4294967295
tileMagicalCastle,1536,0,0,576,64,64,0,1,1,4294967295
tileMagicalCastle,1600,0,0,576,64,64,0,1,1,4294967295
tileMagicalCastle,1664,0,0,576,64,64,0,1,1,4294967295
tileMagicalCastle,1728,0,0,576,64,64,0,1,1,4294967295
tileMagicalCastle,1792,0,0,576,64,64,0,1,1,4294967295
tileMagicalCastle,1856,0,0,576,64,64,0,1,1,4294967295
tileMagicalCastle,1920,0,0,576,64,64,0,1,1,4294967295
tileMagicalCastle,1984,0,0,576,64,64,0,1,1,4294967295
tileMagicalCastle,2048,0,0,576,64,64,0,1,1,4294967295
tileMagicalCastle,2112,0,0,576,64,64,0,1,1,4294967295
tileMagicalCastle,2176,0,0,576,64,64,0,1,1,4294967295
tileMagicalCastle,2048,416,0,496,64,64,0,1,1,4294967295
tileMagicalCastle,1664,416,0,496,64,64,0,1,1,4294967295
tileMagicalCastle,640,448,0,496,64,32,0,1,1,4294967295
tileMagicalCastle,704,448,0,496,64,32,0,1,1,4294967295
tileMagicalCastle,256,448,0,496,64,32,0,1,1,4294967295
tileMagicalCastle,320,448,0,496,64,32,0,1,1,4294967295
tileMagicalCastle,384,448,0,496,64,32,0,1,1,4294967295
tileMagicalCastle,576,128,0,496,64,32,0,1,1,4294967295
tileMagicalCastle,1280,448,0,496,64,32,0,1,1,4294967295
tileMagicalCastle,1344,448,0,496,64,32,0,1,1,4294967295
tileMagicalCastle,1408,448,0,496,64,32,0,1,1,4294967295
tileMagicalCastle,1472,448,0,496,64,32,0,1,1,4294967295
tileMagicalCastle,1536,448,0,496,64,32,0,1,1,4294967295
tileMagicalCastle,1600,448,0,496,64,32,0,1,1,4294967295
tileMagicalCastle,1728,448,0,496,64,32,0,1,1,4294967295
tileMagicalCastle,1792,448,0,496,64,32,0,1,1,4294967295
tileMagicalCastle,1856,448,0,496,64,32,0,1,1,4294967295
tileMagicalCastle,1920,448,0,496,64,32,0,1,1,4294967295
tileMagicalCastle,1984,448,0,496,64,32,0,1,1,4294967295
tileMagicalCastle,2112,448,0,496,64,32,0,1,1,4294967295
tileMagicalCastle,2176,448,0,496,64,32,0,1,1,4294967295
tileMagicalCastle,576,160,0,608,64,32,0,1,1,4294967295
tileMagicalCastle,1664,160,0,496,64,16,0,1,1,4294967295
tileMagicalCastle,1856,160,0,496,64,16,0,1,1,4294967295
tileMagicalCastle,2048,160,0,496,64,16,0,1,1,4294967295
tileMagicalCastle,1664,176,0,624,64,16,0,1,1,4294967295
tileMagicalCastle,1856,176,0,624,64,16,0,1,1,4294967295
tileMagicalCastle,2048,176,0,624,64,16,0,1,1,4294967295
tileMagicalCastle,1472,0,0,560,64,16,0,1,1,4294967295
tileMagicalCastle,1472,16,0,560,64,16,0,1,1,4294967295
tileMagicalCastle,1472,32,0,560,64,16,0,1,1,4294967295
tileMagicalCastle,1472,48,0,560,64,16,0,1,1,4294967295
tileMagicalCastle,1472,64,0,560,64,16,0,1,1,4294967295
tileMagicalCastle,1472,80,0,560,64,16,0,1,1,4294967295
tileMagicalCastle,1472,96,0,560,64,16,0,1,1,4294967295
tileMagicalCastle,1408,224,0,560,64,16,0,1,1,4294967295
tileMagicalCastle,1408,208,0,560,64,16,0,1,1,4294967295
tileMagicalCastle,1408,192,0,560,64,16,0,1,1,4294967295
tileMagicalCastle,1408,176,0,560,64,16,0,1,1,4294967295
tileMagicalCastle,1408,160,0,560,64,16,0,1,1,4294967295
tileMagicalCastle,1408,144,0,560,64,16,0,1,1,4294967295
tileMagicalCastle,1408,128,0,560,64,16,0,1,1,4294967295
tileMagicalCastle,1408,112,0,560,64,16,0,1,1,4294967295
tileMagicalCastle,1408,96,0,560,64,16,0,1,1,4294967295
tileMagicalCastle,1408,80,0,560,64,16,0,1,1,4294967295
tileMagicalCastle,1408,64,0,560,64,16,0,1,1,4294967295
tileMagicalCastle,1408,48,0,560,64,16,0,1,1,4294967295
tileMagicalCastle,1408,32,0,560,64,16,0,1,1,4294967295
tileMagicalCastle,1408,16,0,560,64,16,0,1,1,4294967295
tileMagicalCastle,1408,0,0,560,64,16,0,1,1,4294967295
tileMagicalCastle,896,32,0,560,64,16,0,1,1,4294967295
tileMagicalCastle,896,16,0,560,64,16,0,1,1,4294967295
tileMagicalCastle,896,0,0,560,64,16,0,1,1,4294967295
tileMagicalCastle,832,0,0,560,64,16,0,1,1,4294967295
tileMagicalCastle,832,16,0,560,64,16,0,1,1,4294967295
tileMagicalCastle,832,32,0,560,64,16,0,1,1,4294967295
tileMagicalCastle,832,48,0,560,64,16,0,1,1,4294967295
tileMagicalCastle,832,64,0,560,64,16,0,1,1,4294967295
tileMagicalCastle,832,80,0,560,64,16,0,1,1,4294967295
tileMagicalCastle,832,96,0,560,64,16,0,1,1,4294967295
tileMagicalCastle,512,96,0,560,64,16,0,1,1,4294967295
tileMagicalCastle,512,80,0,560,64,16,0,1,1,4294967295
tileMagicalCastle,512,64,0,560,64,16,0,1,1,4294967295
tileMagicalCastle,512,48,0,560,64,16,0,1,1,4294967295
tileMagicalCastle,512,32,0,560,64,16,0,1,1,4294967295
tileMagicalCastle,512,16,0,560,64,16,0,1,1,4294967295
tileMagicalCastle,512,0,0,560,64,16,0,1,1,4294967295
tileMagicalCastle,512,400,0,560,64,16,0,1,1,4294967295
tileMagicalCastle,512,416,0,560,64,16,0,1,1,4294967295
tileMagicalCastle,512,432,0,560,64,16,0,1,1,4294967295
tileMagicalCastle,512,448,0,560,64,16,0,1,1,4294967295
tileMagicalCastle,512,464,0,560,64,16,0,1,1,4294967295
tileMagicalCastle,448,464,0,560,64,16,0,1,1,4294967295
tileMagicalCastle,576,464,0,560,64,16,0,1,1,4294967295
tileMagicalCastle,768,464,0,560,64,16,0,1,1,4294967295
tileMagicalCastle,832,464,0,560,64,16,0,1,1,4294967295
tileMagicalCastle,896,464,0,560,64,16,0,1,1,4294967295
tileMagicalCastle,960,464,0,560,64,16,0,1,1,4294967295
tileMagicalCastle,1024,464,0,560,64,16,0,1,1,4294967295
tileMagicalCastle,1216,272,0,560,64,16,0,1,1,4294967295
tileMagicalCastle,1216,288,0,560,64,16,0,1,1,4294967295
tileMagicalCastle,1216,304,0,560,64,16,0,1,1,4294967295
tileMagicalCastle,1216,320,0,560,64,16,0,1,1,4294967295
tileMagicalCastle,1216,336,0,560,64,16,0,1,1,4294967295
tileMagicalCastle,1216,352,0,560,64,16,0,1,1,4294967295
tileMagicalCastle,1216,368,0,560,64,16,0,1,1,4294967295
tileMagicalCastle,1216,384,0,560,64,16,0,1,1,4294967295
tileMagicalCastle,1216,400,0,560,64,16,0,1,1,4294967295
tileMagicalCastle,1216,416,0,560,64,16,0,1,1,4294967295
tileMagicalCastle,1216,432,0,560,64,16,0,1,1,4294967295
tileMagicalCastle,1216,448,0,560,64,16,0,1,1,4294967295
tileMagicalCastle,1216,464,0,560,64,16,0,1,1,4294967295
tileMagicalCastle,1152,464,0,560,64,16,0,1,1,4294967295
tileMagicalCastle,1152,448,0,560,64,16,0,1,1,4294967295
tileMagicalCastle,1152,432,0,560,64,16,0,1,1,4294967295
tileMagicalCastle,1152,416,0,560,64,16,0,1,1,4294967295
tileMagicalCastle,1152,400,0,560,64,16,0,1,1,4294967295
tileMagicalCastle,1152,384,0,560,64,16,0,1,1,4294967295
tileMagicalCastle,1152,368,0,560,64,16,0,1,1,4294967295
tileMagicalCastle,1152,352,0,560,64,16,0,1,1,4294967295
tileMagicalCastle,1152,336,0,560,64,16,0,1,1,4294967295
tileMagicalCastle,1088,400,0,560,64,16,0,1,1,4294967295
tileMagicalCastle,1088,416,0,560,64,16,0,1,1,4294967295
tileMagicalCastle,1088,432,0,560,64,16,0,1,1,4294967295
tileMagicalCastle,1088,448,0,560,64,16,0,1,1,4294967295
tileMagicalCastle,1088,464,0,560,64,16,0,1,1,4294967295
tileMagicalCastle,192,464,0,560,64,16,0,1,1,4294967295
tileMagicalCastle,128,464,0,560,64,16,0,1,1,4294967295
tileMagicalCastle,64,464,0,560,64,16,0,1,1,4294967295
tileMagicalCastle,0,464,0,560,64,16,0,1,1,4294967295
tileMagicalCastle,0,448,0,560,64,16,0,1,1,4294967295
tileMagicalCastle,0,432,0,560,64,16,0,1,1,4294967295
tileMagicalCastle,0,416,0,560,64,16,0,1,1,4294967295
tileMagicalCastle,0,400,0,560,64,16,0,1,1,4294967295
tileMagicalCastle,64,400,0,560,64,16,0,1,1,4294967295
tileMagicalCastle,64,416,0,560,64,16,0,1,1,4294967295
tileMagicalCastle,64,432,0,560,64,16,0,1,1,4294967295
tileMagicalCastle,64,448,0,560,64,16,0,1,1,4294967295
tileMagicalCastle,0,128,0,560,64,16,0,1,1,4294967295
tileMagicalCastle,0,112,0,560,64,16,0,1,1,4294967295
tileMagicalCastle,0,96,0,560,64,16,0,1,1,4294967295
tileMagicalCastle,0,80,0,560,64,16,0,1,1,4294967295
tileMagicalCastle,0,64,0,560,64,16,0,1,1,4294967295
tileMagicalCastle,0,48,0,560,64,16,0,1,1,4294967295
tileMagicalCastle,0,32,0,560,64,16,0,1,1,4294967295
tileMagicalCastle,0,16,0,560,64,16,0,1,1,4294967295
tileMagicalCastle,0,0,0,560,64,16,0,1,1,4294967295
tileMagicalCastle,64,0,0,560,64,16,0,1,1,4294967295
tileMagicalCastle,64,16,0,560,64,16,0,1,1,4294967295
tileMagicalCastle,64,32,0,560,64,16,0,1,1,4294967295
tileMagicalCastle,64,48,0,560,64,16,0,1,1,4294967295
tileMagicalCastle,64,64,0,560,64,16,0,1,1,4294967295
tileMagicalCastle,128,64,0,560,64,16,0,1,1,4294967295
tileMagicalCastle,128,48,0,560,64,16,0,1,1,4294967295
tileMagicalCastle,128,32,0,560,64,16,0,1,1,4294967295
tileMagicalCastle,128,16,0,560,64,16,0,1,1,4294967295
tileMagicalCastle,128,0,0,560,64,16,0,1,1,4294967295
tileMagicalCastle,192,0,0,560,64,16,0,1,1,4294967295
tileMagicalCastle,256,0,0,560,64,16,0,1,1,4294967295
tileMagicalCastle,320,0,0,560,64,16,0,1,1,4294967295
tileMagicalCastle,384,0,0,560,64,16,0,1,1,4294967295
tileMagicalCastle,448,0,0,560,64,16,0,1,1,4294967295
tileMagicalCastle,448,16,0,560,64,16,0,1,1,4294967295
tileMagicalCastle,448,32,0,560,64,16,0,1,1,4294967295
tileMagicalCastle,384,32,0,560,64,16,0,1,1,4294967295
tileMagicalCastle,320,32,0,560,64,16,0,1,1,4294967295
tileMagicalCastle,256,32,0,560,64,16,0,1,1,4294967295
tileMagicalCastle,192,32,0,560,64,16,0,1,1,4294967295
tileMagicalCastle,192,16,0,560,64,16,0,1,1,4294967295
tileMagicalCastle,256,16,0,560,64,16,0,1,1,4294967295
tileMagicalCastle,320,16,0,560,64,16,0,1,1,4294967295
tileMagicalCastle,384,16,0,560,64,16,0,1,1,4294967295
tileMagicalCastle,2240,336,0,560,64,16,0,1,1,4294967295
tileMagicalCastle,2240,352,0,560,64,16,0,1,1,4294967295
tileMagicalCastle,2240,368,0,560,64,16,0,1,1,4294967295
tileMagicalCastle,2240,384,0,560,64,16,0,1,1,4294967295
tileMagicalCastle,2240,400,0,560,64,16,0,1,1,4294967295
tileMagicalCastle,2240,416,0,560,64,16,0,1,1,4294967295
tileMagicalCastle,2240,432,0,560,64,16,0,1,1,4294967295
tileMagicalCastle,2240,448,0,560,64,16,0,1,1,4294967295
tileMagicalCastle,2240,464,0,560,64,16,0,1,1,4294967295
tileMagicalCastle,2304,464,0,560,64,16,0,1,1,4294967295
tileMagicalCastle,2304,448,0,560,64,16,0,1,1,4294967295
tileMagicalCastle,2304,432,0,560,64,16,0,1,1,4294967295
tileMagicalCastle,2304,416,0,560,64,16,0,1,1,4294967295
tileMagicalCastle,2304,400,0,560,64,16,0,1,1,4294967295
tileMagicalCastle,2304,384,0,560,64,16,0,1,1,4294967295
tileMagicalCastle,2304,368,0,560,64,16,0,1,1,4294967295
tileMagicalCastle,2304,352,0,560,64,16,0,1,1,4294967295
tileMagicalCastle,2304,336,0,560,64,16,0,1,1,4294967295
tileMagicalCastle,2368,464,0,560,64,16,0,1,1,4294967295
tileMagicalCastle,2432,464,0,560,64,16,0,1,1,4294967295
tileMagicalCastle,2496,464,0,560,64,16,0,1,1,4294967295
tileMagicalCastle,2432,224,0,560,64,16,0,1,1,4294967295
tileMagicalCastle,2432,208,0,560,64,16,0,1,1,4294967295
tileMagicalCastle,2432,192,0,560,64,16,0,1,1,4294967295
tileMagicalCastle,2432,176,0,560,64,16,0,1,1,4294967295
tileMagicalCastle,2432,160,0,560,64,16,0,1,1,4294967295
tileMagicalCastle,2432,144,0,560,64,16,0,1,1,4294967295
tileMagicalCastle,2432,128,0,560,64,16,0,1,1,4294967295
tileMagicalCastle,2432,112,0,560,64,16,0,1,1,4294967295
tileMagicalCastle,2432,96,0,560,64,16,0,1,1,4294967295
tileMagicalCastle,2432,80,0,560,64,16,0,1,1,4294967295
tileMagicalCastle,2432,64,0,560,64,16,0,1,1,4294967295
tileMagicalCastle,2432,48,0,560,64,16,0,1,1,4294967295
tileMagicalCastle,2432,32,0,560,64,16,0,1,1,4294967295
tileMagicalCastle,2432,16,0,560,64,16,0,1,1,4294967295
tileMagicalCastle,2432,0,0,560,64,16,0,1,1,4294967295
tileMagicalCastle,2496,0,0,560,64,16,0,1,1,4294967295
tileMagicalCastle,2496,16,0,560,64,16,0,1,1,4294967295
tileMagicalCastle,2496,32,0,560,64,16,0,1,1,4294967295
tileMagicalCastle,2496,48,0,560,64,16,0,1,1,4294967295
tileMagicalCastle,2496,64,0,560,64,16,0,1,1,4294967295
tileMagicalCastle,2496,80,0,560,64,16,0,1,1,4294967295
tileMagicalCastle,2496,96,0,560,64,16,0,1,1,4294967295
tileMagicalCastle,2496,112,0,560,64,16,0,1,1,4294967295
tileMagicalCastle,2496,128,0,560,64,16,0,1,1,4294967295
tileMagicalCastle,2496,144,0,560,64,16,0,1,1,4294967295
tileMagicalCastle,2496,160,0,560,64,16,0,1,1,4294967295
tileMagicalCastle,2496,176,0,560,64,16,0,1,1,4294967295
tileMagicalCastle,2496,192,0,560,64,16,0,1,1,4294967295
tileMagicalCastle,2496,208,0,560,64,16,0,1,1,4294967295
tileMagicalCastle,2496,224,0,560,64,16,0,1,1,4294967295
tileMagicalCastle,2560,224,0,560,64,16,0,1,1,4294967295
tileMagicalCastle,2560,208,0,560,64,16,0,1,1,4294967295
tileMagicalCastle,2560,192,0,560,64,16,0,1,1,4294967295
tileMagicalCastle,2560,176,0,560,64,16,0,1,1,4294967295
tileMagicalCastle,2560,160,0,560,64,16,0,1,1,4294967295
tileMagicalCastle,2560,144,0,560,64,16,0,1,1,4294967295
tileMagicalCastle,2560,128,0,560,64,16,0,1,1,4294967295
tileMagicalCastle,2560,112,0,560,64,16,0,1,1,4294967295
tileMagicalCastle,2560,96,0,560,64,16,0,1,1,4294967295
tileMagicalCastle,2560,80,0,560,64,16,0,1,1,4294967295
tileMagicalCastle,2560,64,0,560,64,16,0,1,1,4294967295
tileMagicalCastle,2560,48,0,560,64,16,0,1,1,4294967295
tileMagicalCastle,2560,32,0,560,64,16,0,1,1,4294967295
tileMagicalCastle,2560,16,0,560,64,16,0,1,1,4294967295
tileMagicalCastle,2560,0,0,560,64,16,0,1,1,4294967295
tileMagicalCastle,2368,0,0,560,64,16,0,1,1,4294967295
tileMagicalCastle,2368,16,0,560,64,16,0,1,1,4294967295
tileMagicalCastle,2368,32,0,560,64,16,0,1,1,4294967295
tileMagicalCastle,2368,48,0,560,64,16,0,1,1,4294967295
tileMagicalCastle,2368,64,0,560,64,16,0,1,1,4294967295
tileMagicalCastle,2368,80,0,560,64,16,0,1,1,4294967295
tileMagicalCastle,2368,96,0,560,64,16,0,1,1,4294967295
tileMagicalCastle,2304,96,0,560,64,16,0,1,1,4294967295
tileMagicalCastle,2304,80,0,560,64,16,0,1,1,4294967295
tileMagicalCastle,2304,64,0,560,64,16,0,1,1,4294967295
tileMagicalCastle,2304,48,0,560,64,16,0,1,1,4294967295
tileMagicalCastle,2304,32,0,560,64,16,0,1,1,4294967295
tileMagicalCastle,2304,16,0,560,64,16,0,1,1,4294967295
tileMagicalCastle,2304,0,0,560,64,16,0,1,1,4294967295
tileMagicalCastle,2240,96,0,560,64,16,0,1,1,4294967295
tileMagicalCastle,2240,80,0,560,64,16,0,1,1,4294967295
tileMagicalCastle,2240,64,0,560,64,16,0,1,1,4294967295
tileMagicalCastle,2240,48,0,560,64,16,0,1,1,4294967295
tileMagicalCastle,2240,32,0,560,64,16,0,1,1,4294967295
tileMagicalCastle,2240,16,0,560,64,16,0,1,1,4294967295
tileMagicalCastle,2240,0,0,560,64,16,0,1,1,4294967295
tileMagicalCastle,0,224,0,400,64,96,0,1,1,4294967295
tileMagicalCastle,2240,192,0,400,64,48,0,1,1,4294967295
tileMagicalCastle,2304,192,0,400,64,48,0,1,1,4294967295
tileMagicalCastle,2432,320,0,400,64,48,0,1,1,4294967295
tileMagicalCastle,2496,320,0,400,64,48,0,1,1,4294967295
tileMagicalCastle,2240,240,0,480,64,16,0,1,1,4294967295
tileMagicalCastle,2304,240,0,480,64,16,0,1,1,4294967295
tileMagicalCastle,2432,368,0,480,64,16,0,1,1,4294967295
tileMagicalCastle,2496,368,0,480,64,16,0,1,1,4294967295
tileMagicalCastle,1856,64,0,400,64,96,0,1,1,4294967295
tileMagicalCastle,2368,192,0,400,64,64,0,1,1,4294967295
tileMagicalCastle,2560,320,0,400,64,64,0,1,1,4294967295
tileMagicalCastle,2112,64,0,400,64,64,0,1,1,4294967295
tileMagicalCastle,2176,64,0,400,64,64,0,1,1,4294967295
tileMagicalCastle,1920,64,0,400,64,64,0,1,1,4294967295
tileMagicalCastle,1984,64,0,400,64,64,0,1,1,4294967295
tileMagicalCastle,2048,192,0,400,64,64,0,1,1,4294967295
tileMagicalCastle,1856,192,0,400,64,64,0,1,1,4294967295
tileMagicalCastle,1664,192,0,400,64,64,0,1,1,4294967295
tileMagicalCastle,1792,64,0,400,64,64,0,1,1,4294967295
tileMagicalCastle,1536,64,0,400,64,64,0,1,1,4294967295
tileMagicalCastle,1600,64,0,400,64,64,0,1,1,4294967295
tileMagicalCastle,1728,64,0,400,64,64,0,1,1,4294967295
tileMagicalCastle,1472,192,0,400,64,64,0,1,1,4294967295
tileMagicalCastle,1408,320,0,400,64,64,0,1,1,4294967295
tileMagicalCastle,960,64,0,400,64,64,0,1,1,4294967295
tileMagicalCastle,1024,64,0,400,64,64,0,1,1,4294967295
tileMagicalCastle,1088,64,0,400,64,64,0,1,1,4294967295
tileMagicalCastle,1152,64,0,400,64,64,0,1,1,4294967295
tileMagicalCastle,1216,64,0,400,64,64,0,1,1,4294967295
tileMagicalCastle,1280,64,0,400,64,64,0,1,1,4294967295
tileMagicalCastle,1344,64,0,400,64,64,0,1,1,4294967295
tileMagicalCastle,896,128,0,400,64,64,0,1,1,4294967295
tileMagicalCastle,832,192,0,400,64,64,0,1,1,4294967295
tileMagicalCastle,704,64,0,400,64,64,0,1,1,4294967295
tileMagicalCastle,768,64,0,400,64,64,0,1,1,4294967295
tileMagicalCastle,640,64,0,400,64,64,0,1,1,4294967295
tileMagicalCastle,576,64,0,400,64,64,0,1,1,4294967295
tileMagicalCastle,512,192,0,400,64,64,0,1,1,4294967295
tileMagicalCastle,576,192,0,400,64,64,0,1,1,4294967295
tileMagicalCastle,64,160,0,400,64,64,0,1,1,4294967295
tileMagicalCastle,128,160,0,400,64,64,0,1,1,4294967295
tileMagicalCastle,192,128,0,400,64,64,0,1,1,4294967295
tileMagicalCastle,256,128,0,400,64,64,0,1,1,4294967295
tileMagicalCastle,320,128,0,400,64,64,0,1,1,4294967295
tileMagicalCastle,384,128,0,400,64,64,0,1,1,4294967295
tileMagicalCastle,448,128,0,400,64,64,0,1,1,4294967295
tileMagicalCastle,64,224,64,576,64,64,0,1,1,4294967295
tileMagicalCastle,128,224,64,576,64,64,0,1,1,4294967295
tileMagicalCastle,192,224,64,576,64,64,0,1,1,4294967295
tileMagicalCastle,256,224,64,576,64,64,0,1,1,4294967295
tileMagicalCastle,320,224,64,576,64,64,0,1,1,4294967295
tileMagicalCastle,384,224,64,576,64,64,0,1,1,4294967295
tileMagicalCastle,448,224,64,576,64,64,0,1,1,4294967295
tileMagicalCastle,128,288,64,576,64,64,0,1,1,4294967295
tileMagicalCastle,192,288,64,576,64,64,0,1,1,4294967295
tileMagicalCastle,256,288,64,576,64,64,0,1,1,4294967295
tileMagicalCastle,320,288,64,576,64,64,0,1,1,4294967295
tileMagicalCastle,384,288,64,576,64,64,0,1,1,4294967295
tileMagicalCastle,448,288,64,576,64,64,0,1,1,4294967295
tileMagicalCastle,256,352,64,576,64,64,0,1,1,4294967295
tileMagicalCastle,320,352,64,576,64,64,0,1,1,4294967295
tileMagicalCastle,384,352,64,576,64,64,0,1,1,4294967295
tileMagicalCastle,576,288,64,576,64,64,0,1,1,4294967295
tileMagicalCastle,640,288,64,576,64,64,0,1,1,4294967295
tileMagicalCastle,640,224,64,576,64,64,0,1,1,4294967295
tileMagicalCastle,640,160,64,576,64,64,0,1,1,4294967295
tileMagicalCastle,640,352,64,576,64,64,0,1,1,4294967295
tileMagicalCastle,704,160,64,576,64,64,0,1,1,4294967295
tileMagicalCastle,704,224,64,576,64,64,0,1,1,4294967295
tileMagicalCastle,704,288,64,576,64,64,0,1,1,4294967295
tileMagicalCastle,704,352,64,576,64,64,0,1,1,4294967295
tileMagicalCastle,768,160,64,576,64,64,0,1,1,4294967295
tileMagicalCastle,768,224,64,576,64,64,0,1,1,4294967295
tileMagicalCastle,768,288,64,576,64,64,0,1,1,4294967295
tileMagicalCastle,832,288,64,576,64,64,0,1,1,4294967295
tileMagicalCastle,896,288,64,576,64,64,0,1,1,4294967295
tileMagicalCastle,896,224,64,576,64,64,0,1,1,4294967295
tileMagicalCastle,960,160,64,576,64,64,0,1,1,4294967295
tileMagicalCastle,960,224,64,576,64,64,0,1,1,4294967295
tileMagicalCastle,960,288,64,576,64,64,0,1,1,4294967295
tileMagicalCastle,1024,288,64,576,64,64,0,1,1,4294967295
tileMagicalCastle,1024,224,64,576,64,64,0,1,1,4294967295
tileMagicalCastle,1024,160,64,576,64,64,0,1,1,4294967295
tileMagicalCastle,1088,160,64,576,64,64,0,1,1,4294967295
tileMagicalCastle,1088,224,64,576,64,64,0,1,1,4294967295
tileMagicalCastle,1152,160,64,576,64,64,0,1,1,4294967295
tileMagicalCastle,1280,160,64,576,64,64,0,1,1,4294967295
tileMagicalCastle,1344,160,64,576,64,64,0,1,1,4294967295
tileMagicalCastle,1280,224,64,576,64,64,0,1,1,4294967295
tileMagicalCastle,1280,288,64,576,64,64,0,1,1,4294967295
tileMagicalCastle,1280,352,64,576,64,64,0,1,1,4294967295
tileMagicalCastle,1344,224,64,576,64,64,0,1,1,4294967295
tileMagicalCastle,1344,288,64,576,64,64,0,1,1,4294967295
tileMagicalCastle,1344,352,64,576,64,64,0,1,1,4294967295
tileMagicalCastle,1472,352,64,576,64,64,0,1,1,4294967295
tileMagicalCastle,1472,288,64,576,64,64,0,1,1,4294967295
tileMagicalCastle,1536,160,64,576,64,64,0,1,1,4294967295
tileMagicalCastle,1536,224,64,576,64,64,0,1,1,4294967295
tileMagicalCastle,1536,288,64,576,64,64,0,1,1,4294967295
tileMagicalCastle,1536,352,64,576,64,64,0,1,1,4294967295
tileMagicalCastle,1600,160,64,576,64,64,0,1,1,4294967295
tileMagicalCastle,1600,224,64,576,64,64,0,1,1,4294967295
tileMagicalCastle,1600,288,64,576,64,64,0,1,1,4294967295
tileMagicalCastle,1600,352,64,576,64,64,0,1,1,4294967295
tileMagicalCastle,1664,352,64,576,64,64,0,1,1,4294967295
tileMagicalCastle,1664,288,64,576,64,64,0,1,1,4294967295
tileMagicalCastle,1728,352,64,576,64,64,0,1,1,4294967295
tileMagicalCastle,1792,352,64,576,64,64,0,1,1,4294967295
tileMagicalCastle,1856,352,64,576,64,64,0,1,1,4294967295
tileMagicalCastle,1920,352,64,576,64,64,0,1,1,4294967295
tileMagicalCastle,1984,352,64,576,64,64,0,1,1,4294967295
tileMagicalCastle,2048,352,64,576,64,64,0,1,1,4294967295
tileMagicalCastle,2112,352,64,576,64,64,0,1,1,4294967295
tileMagicalCastle,2176,352,64,576,64,64,0,1,1,4294967295
tileMagicalCastle,2368,256,64,576,64,64,0,1,1,4294967295
tileMagicalCastle,1280,416,0,464,64,32,0,1,1,4294967295
tileMagicalCastle,1344,416,0,464,64,32,0,1,1,4294967295
tileMagicalCastle,1408,416,0,464,64,32,0,1,1,4294967295
tileMagicalCastle,1472,416,0,464,64,32,0,1,1,4294967295
tileMagicalCastle,1536,416,0,464,64,32,0,1,1,4294967295
tileMagicalCastle,1600,416,0,464,64,32,0,1,1,4294967295
tileMagicalCastle,1728,416,0,464,64,32,0,1,1,4294967295
tileMagicalCastle,1792,416,0,464,64,32,0,1,1,4294967295
tileMagicalCastle,1856,416,0,464,64,32,0,1,1,4294967295
tileMagicalCastle,1920,416,0,464,64,32,0,1,1,4294967295
tileMagicalCastle,1984,416,0,464,64,32,0,1,1,4294967295
tileMagicalCastle,2112,416,0,464,64,32,0,1,1,4294967295
tileMagicalCastle,2176,416,0,464,64,32,0,1,1,4294967295
tileMagicalCastle,1728,288,64,576,64,64,0,1,1,4294967295
tileMagicalCastle,1792,288,64,576,64,64,0,1,1,4294967295
tileMagicalCastle,1856,288,64,576,64,64,0,1,1,4294967295
tileMagicalCastle,1920,288,64,576,64,64,0,1,1,4294967295
tileMagicalCastle,1984,288,64,576,64,64,0,1,1,4294967295
tileMagicalCastle,2048,288,64,576,64,64,0,1,1,4294967295
tileMagicalCastle,2112,288,64,576,64,64,0,1,1,4294967295
tileMagicalCastle,2176,288,64,576,64,64,0,1,1,4294967295
tileMagicalCastle,2112,224,64,576,64,64,0,1,1,4294967295
tileMagicalCastle,2176,224,64,576,64,64,0,1,1,4294967295
tileMagicalCastle,2112,160,64,576,64,64,0,1,1,4294967295
tileMagicalCastle,2176,160,64,576,64,64,0,1,1,4294967295
tileMagicalCastle,1920,224,64,576,64,64,0,1,1,4294967295
tileMagicalCastle,1984,224,64,576,64,64,0,1,1,4294967295
tileMagicalCastle,1920,160,64,576,64,64,0,1,1,4294967295
tileMagicalCastle,1984,160,64,576,64,64,0,1,1,4294967295
tileMagicalCastle,1728,160,64,576,64,64,0,1,1,4294967295
tileMagicalCastle,1792,160,64,576,64,64,0,1,1,4294967295
tileMagicalCastle,1728,224,64,576,64,64,0,1,1,4294967295
tileMagicalCastle,1792,224,64,576,64,64,0,1,1,4294967295
tileMagicalCastle,960,128,64,608,64,32,0,1,1,4294967295
tileMagicalCastle,1024,128,64,608,64,32,0,1,1,4294967295
tileMagicalCastle,1088,128,64,608,64,32,0,1,1,4294967295
tileMagicalCastle,1152,128,64,608,64,32,0,1,1,4294967295
tileMagicalCastle,1280,128,64,608,64,32,0,1,1,4294967295
tileMagicalCastle,1344,128,64,608,64,32,0,1,1,4294967295
tileMagicalCastle,1472,256,64,608,64,32,0,1,1,4294967295
tileMagicalCastle,1408,384,64,608,64,32,0,1,1,4294967295
tileMagicalCastle,1664,256,64,608,64,32,0,1,1,4294967295
tileMagicalCastle,1856,256,64,608,64,32,0,1,1,4294967295
tileMagicalCastle,2048,256,64,608,64,32,0,1,1,4294967295
tileMagicalCastle,2368,352,0,464,64,32,0,1,1,4294967295
tileMagicalCastle,2368,320,64,592,64,32,0,1,1,4294967295
tileMagicalCastle,2112,128,64,608,64,32,0,1,1,4294967295
tileMagicalCastle,2176,128,64,608,64,32,0,1,1,4294967295
tileMagicalCastle,1920,128,64,608,64,32,0,1,1,4294967295
tileMagicalCastle,1984,128,64,608,64,32,0,1,1,4294967295
tileMagicalCastle,1536,128,64,608,64,32,0,1,1,4294967295
tileMagicalCastle,1600,128,64,608,64,32,0,1,1,4294967295
tileMagicalCastle,1728,128,64,608,64,32,0,1,1,4294967295
tileMagicalCastle,1792,128,64,608,64,32,0,1,1,4294967295
tileMagicalCastle,2560,384,64,576,64,64,0,1,1,4294967295
tileMagicalCastle,2560,448,64,576,64,32,0,1,1,4294967295
tileMagicalCastle,1152,224,0,464,64,32,0,1,1,4294967295
tileMagicalCastle,1088,288,0,464,64,32,0,1,1,4294967295
tileMagicalCastle,1216,160,0,464,64,32,0,1,1,4294967295
tileMagicalCastle,768,352,0,464,64,32,0,1,1,4294967295
tileMagicalCastle,832,352,0,464,64,32,0,1,1,4294967295
tileMagicalCastle,896,352,0,464,64,32,0,1,1,4294967295
tileMagicalCastle,960,352,0,464,64,32,0,1,1,4294967295
tileMagicalCastle,1024,352,0,464,64,32,0,1,1,4294967295
tileMagicalCastle,640,416,0,464,64,32,0,1,1,4294967295
tileMagicalCastle,704,416,0,464,64,32,0,1,1,4294967295
tileMagicalCastle,576,352,0,464,64,32,0,1,1,4294967295
tileMagicalCastle,512,288,0,464,64,32,0,1,1,4294967295
tileMagicalCastle,448,352,0,464,64,32,0,1,1,4294967295
tileMagicalCastle,256,416,0,464,64,32,0,1,1,4294967295
tileMagicalCastle,320,416,0,464,64,32,0,1,1,4294967295
tileMagicalCastle,384,416,0,464,64,32,0,1,1,4294967295
tileMagicalCastle,128,352,0,464,64,32,0,1,1,4294967295
tileMagicalCastle,192,352,0,464,64,32,0,1,1,4294967295
tileMagicalCastle,64,288,0,464,64,32,0,1,1,4294967295
tileMagicalCastle,192,192,64,608,64,32,0,1,1,4294967295
tileMagicalCastle,256,192,64,608,64,32,0,1,1,4294967295
tileMagicalCastle,320,192,64,608,64,32,0,1,1,4294967295
tileMagicalCastle,384,192,64,608,64,32,0,1,1,4294967295
tileMagicalCastle,448,192,64,608,64,32,0,1,1,4294967295
tileMagicalCastle,512,256,64,608,64,32,0,1,1,4294967295
tileMagicalCastle,576,256,64,608,64,32,0,1,1,4294967295
tileMagicalCastle,832,256,64,608,64,32,0,1,1,4294967295
tileMagicalCastle,896,192,64,608,64,32,0,1,1,4294967295
tileMagicalCastle,1216,128,64,608,64,32,0,1,1,4294967295
tileMagicalCastle,768,128,64,608,64,32,0,1,1,4294967295
tileMagicalCastle,640,128,64,608,64,32,0,1,1,4294967295
tileMagicalCastle,704,128,64,608,64,32,0,1,1,4294967295
