oExit,64,272,003E5CCE,0,1,1,4294967295,0,1
oLevelDecal,72,208,00395CFD,0,1,1,4294967295,0,1
oSignPost,784,304,002E6D20,0,1,1,4294967295,0,1
oLevelDecal,4296,64,0024BD08,0,1,1,4294967295,0,1
oExit,4288,144,0018844B,0,1,1,4294967295,0,1
oRedDiamond,2520,72,0001C421,0,1,1,4294967295,0,0
oRedDiamond,1608,88,001903C8,0,1,1,4294967295,0,0
oPlayer1,96,304,00362B60,0,1,1,4294967295,0,0
oBTB_GetOnYoshi,864,304,00220090,0,1,1,4294967295,0,0
oInvisibleSolid,0,304,001E71D7,0,1,1,4294967295,0,1
oInvisibleSolid,304,288,001F88D9,0,1,1,4294967295,0,1
oInvisibleRupLowSlope,272,288,0036E6FE,0,1,1,4294967295,0,0
oInvisibleLupLowSlope,368,288,00173FB0,0,1,1,4294967295,0,0
oInvisibleSolid,512,288,00052147,0,1,1,4294967295,0,1
oInvisibleSolid,704,304,001E8FCC,0,1,1,4294967295,0,1
oInvisibleRupLowSlope,480,288,000FD7F4,0,1,1,4294967295,0,0
oInvisibleRupLowSlope,960,288,0009F543,0,1,1,4294967295,0,0
oInvisibleRupLowSlope,1024,272,002A5DC5,0,1,1,4294967295,0,0
oInvisibleLupLowSlope,1120,272,002E20E6,0,1,1,4294967295,0,0
oInvisibleLupLowSlope,1152,288,0025C3BA,0,1,1,4294967295,0,0
oInvisibleSolid,992,288,002146F1,0,1,1,4294967295,0,1
oInvisibleSolid,1056,272,002BDC8B,0,1,1,4294967295,0,1
oInvisiblePlatform,48,240,0007889F,0,1,1,4294967295,0,1
oInvisibleSolid,704,288,00323D97,0,1,1,4294967295,0,1
oInvisibleLupLowSlope,736,288,0037CA78,0,1,1,4294967295,0,0
oInvisibleSolid,576,304,003C70F2,0,1,1,4294967295,0,1
oInvisibleSolid,4112,176,0036841D,0,1,1,4294967295,0,1
oInvisibleSolid,4048,192,000552B9,0,1,1,4294967295,0,1
oInvisibleSolid,3856,128,00340D16,0,1,1,4294967295,0,1
oInvisibleSolid,2928,288,0035E8FA,0,1,1,4294967295,0,1
oInvisibleLupLowSlope,3280,288,0015DF13,0,1,1,4294967295,0,0
oInvisibleLupLowSlope,3248,272,003441E1,0,1,1,4294967295,0,0
oInvisibleLupLowSlope,3088,256,0009A9CD,0,1,1,4294967295,0,0
oInvisibleLupLowSlope,2992,240,00036E43,0,1,1,4294967295,0,0
oInvisibleLupLowSlope,2960,224,00095908,0,1,1,4294967295,0,0
oInvisibleLupLowSlope,2176,224,00389657,0,1,1,4294967295,0,0
oInvisibleLupLowSlope,2144,208,000C681A,0,1,1,4294967295,0,0
oInvisibleSolid,1472,272,00355FC0,0,1,1,4294967295,0,1
oInvisibleSolid,1792,144,001B98CC,0,1,1,4294967295,0,1
oInvisibleSolid,1568,112,003BEB3C,0,1,1,4294967295,0,1
oInvisibleSolid,1792,0,000F70E9,0,1,1,4294967295,0,1
oInvisibleSolid,2016,208,00401C3E,0,1,1,4294967295,0,1
oInvisibleSolid,2016,224,002B40EC,0,1,1,4294967295,0,1
oInvisibleSolid,2016,240,0027942D,0,1,1,4294967295,0,1
oInvisibleSolid,2240,272,0029173C,0,1,1,4294967295,0,1
oInvisibleSolid,2336,256,00155F4A,0,1,1,4294967295,0,1
oInvisibleSolid,2480,96,001BDE35,0,1,1,4294967295,0,1
oInvisibleSolid,2752,0,002813BB,0,1,1,4294967295,0,1
oInvisibleSolid,2720,208,00127EDE,0,1,1,4294967295,0,1
oInvisibleSolid,2928,224,00391855,0,1,1,4294967295,0,1
oInvisibleSolid,2928,240,00046183,0,1,1,4294967295,0,1
oInvisibleSolid,2928,256,0000D0DE,0,1,1,4294967295,0,1
oInvisibleSolid,2928,272,00401972,0,1,1,4294967295,0,1
oInvisibleSolid,2928,304,002AC67E,0,1,1,4294967295,0,1
oInvisibleSolid,2560,0,000AE52B,0,1,1,4294967295,0,1
oDiamondDoor,2760,144,003B4CB6,0,1,1,4294967295,0,0
oInvisibleSolid,1952,288,000CB498,0,1,1,4294967295,0,1
oInvisibleSolid,1408,320,0006A14D,0,1,1,4294967295,0,1
oInvisibleSolid,2656,272,001B874B,0,1,1,4294967295,0,1
oInvisibleSolid,2848,240,000CC938,0,1,1,4294967295,0,1
oInvisiblePlatform,4256,112,003F14FB,0,1,1,4294967295,0,1
