oExit,784,288,00177C4C,0,1,1,4294967295,0,1
oExit,784,224,002A1C61,0,1,1,4294967295,0,1
oExit,0,224,0031F75E,0,1,1,4294967295,0,1
oExit,0,288,0015A751,0,1,1,4294967295,0,1
oPlayer1,752,304,00022915,0,1,1,4294967295,0,0
oInvCollPH,16,256,0002E4EA,0,1,1,4294967295,0,0
oInvCollPH,32,256,0009D313,0,1,1,4294967295,0,0
oInvCollPH,48,256,001AC3DC,0,1,1,4294967295,0,0
oInvCollPH,64,256,002C2443,0,1,1,4294967295,0,0
oInvCollPH,80,256,0008BFF9,0,1,1,4294967295,0,0
oInvCollPH,96,256,002EB879,0,1,1,4294967295,0,0
oInvCollPH,112,256,003B4884,0,1,1,4294967295,0,0
oInvCollPH,128,256,003ED2FC,0,1,1,4294967295,0,0
oInvCollPH,144,256,000F100F,0,1,1,4294967295,0,0
oInvCollPH,160,256,0028F54F,0,1,1,4294967295,0,0
oInvCollPH,176,256,0022DBD6,0,1,1,4294967295,0,0
oInvCollPH,192,256,0011D0BE,0,1,1,4294967295,0,0
oInvCollPH,208,256,00018494,0,1,1,4294967295,0,0
oInvCollPH,224,256,001FD08B,0,1,1,4294967295,0,0
oInvCollPH,240,256,002C31E2,0,1,1,4294967295,0,0
oInvCollPH,256,256,003271BE,0,1,1,4294967295,0,0
oInvCollPH,272,256,003DF322,0,1,1,4294967295,0,0
oInvCollPH,288,256,002BD247,0,1,1,4294967295,0,0
oInvCollPH,304,256,001BA3DF,0,1,1,4294967295,0,0
oInvCollPH,320,240,001B982E,0,1,1,4294967295,0,0
oInvCollPH,320,224,00130334,0,1,1,4294967295,0,0
oInvCollPH,320,208,00085C4B,0,1,1,4294967295,0,0
oInvCollPH,336,192,0034A08B,0,1,1,4294967295,0,0
oInvCollPH,352,192,0008E443,0,1,1,4294967295,0,0
oInvCollPH,368,192,0034AE12,0,1,1,4294967295,0,0
oInvCollPH,384,192,00199D31,0,1,1,4294967295,0,0
oInvCollPH,400,192,000C6732,0,1,1,4294967295,0,0
oInvCollPH,416,192,0005DEA3,0,1,1,4294967295,0,0
oInvCollPH,432,192,00187414,0,1,1,4294967295,0,0
oInvCollPH,432,208,002AB361,0,1,1,4294967295,0,0
oInvCollPH,432,224,00348E16,0,1,1,4294967295,0,0
oInvCollPH,432,240,0038E25E,0,1,1,4294967295,0,0
oInvCollPH,16,96,000871EE,0,1,1,4294967295,0,0
oInvCollPH,16,112,000C2F99,0,1,1,4294967295,0,0
oInvCollPH,16,128,000FFB3A,0,1,1,4294967295,0,0
oInvCollPH,16,144,0034F4FC,0,1,1,4294967295,0,0
oInvCollPH,16,160,0023419D,0,1,1,4294967295,0,0
oInvCollPH,16,176,003A45E6,0,1,1,4294967295,0,0
oInvCollPH,0,176,00055FD5,0,1,1,4294967295,0,0
oInvCollPH,16,304,002DD8D8,0,1,1,4294967295,0,0
oInvCollPH,32,304,003904DF,0,1,1,4294967295,0,0
oInvCollPH,48,304,002A0AF5,0,1,1,4294967295,0,0
oInvCollPH,64,304,00050468,0,1,1,4294967295,0,0
oInvCollPH,80,304,00390403,0,1,1,4294967295,0,0
oInvCollPH,96,304,00166520,0,1,1,4294967295,0,0
oInvCollPH,112,304,00368DBF,0,1,1,4294967295,0,0
oInvCollPH,128,304,00075B9C,0,1,1,4294967295,0,0
oInvCollPH,144,304,00207DC1,0,1,1,4294967295,0,0
oInvCollPH,160,304,000E5C2A,0,1,1,4294967295,0,0
oInvCollPH,176,304,0008FBAA,0,1,1,4294967295,0,0
oInvCollPH,192,304,000A9696,0,1,1,4294967295,0,0
oInvCollPH,208,304,0033BA70,0,1,1,4294967295,0,0
oInvCollPH,224,304,0014F375,0,1,1,4294967295,0,0
oInvCollPH,240,304,00211136,0,1,1,4294967295,0,0
oInvCollPH,256,304,00205B3B,0,1,1,4294967295,0,0
oInvCollPH,272,304,00269C3F,0,1,1,4294967295,0,0
oInvCollPH,288,304,002D0D97,0,1,1,4294967295,0,0
oInvCollPH,304,304,0031D163,0,1,1,4294967295,0,0
oInvCollPH,320,304,003238CA,0,1,1,4294967295,0,0
oInvCollPH,336,304,00061705,0,1,1,4294967295,0,0
oInvCollPH,352,304,00360D1F,0,1,1,4294967295,0,0
oInvCollPH,368,304,002400F2,0,1,1,4294967295,0,0
oInvCollPH,384,304,0034A7C0,0,1,1,4294967295,0,0
oInvCollPH,400,304,0011E88A,0,1,1,4294967295,0,0
oInvCollPH,416,304,00399A51,0,1,1,4294967295,0,0
oInvCollPH,432,304,0015507B,0,1,1,4294967295,0,0
oInvCollPH,448,304,000EC5C3,0,1,1,4294967295,0,0
oInvCollPH,464,304,001F1BE8,0,1,1,4294967295,0,0
oInvCollPH,480,304,002755FB,0,1,1,4294967295,0,0
oInvCollPH,496,304,00403C83,0,1,1,4294967295,0,0
oInvCollPH,512,304,000EBE76,0,1,1,4294967295,0,0
oInvCollPH,528,304,00383F39,0,1,1,4294967295,0,0
oInvCollPH,544,304,003EDEAF,0,1,1,4294967295,0,0
oInvCollPH,560,304,0006C6F1,0,1,1,4294967295,0,0
oInvCollPH,576,304,000FCF64,0,1,1,4294967295,0,0
oInvCollPH,592,304,003BC9BA,0,1,1,4294967295,0,0
oInvCollPH,608,304,0034FBB7,0,1,1,4294967295,0,0
oInvCollPH,624,304,002F9137,0,1,1,4294967295,0,0
oInvCollPH,640,304,000BF169,0,1,1,4294967295,0,0
oInvCollPH,656,304,000D75D5,0,1,1,4294967295,0,0
oInvCollPH,672,304,002737B0,0,1,1,4294967295,0,0
oInvCollPH,688,304,001DF211,0,1,1,4294967295,0,0
oInvCollPH,704,304,003D6E96,0,1,1,4294967295,0,0
oInvCollPH,720,304,00335F66,0,1,1,4294967295,0,0
oInvCollPH,736,304,003C0A3B,0,1,1,4294967295,0,0
oInvCollPH,752,304,000B1693,0,1,1,4294967295,0,0
oInvCollPH,768,304,0014E5B1,0,1,1,4294967295,0,0
oInvCollPH,784,304,00359E80,0,1,1,4294967295,0,0
oInvCollPH,768,112,00054F6A,0,1,1,4294967295,0,0
oInvCollPH,768,128,003D69FB,0,1,1,4294967295,0,0
oInvCollPH,768,144,0012ECBE,0,1,1,4294967295,0,0
oInvCollPH,768,160,000E9587,0,1,1,4294967295,0,0
oInvCollPH,768,176,0021315D,0,1,1,4294967295,0,0
oInvCollPH,784,176,0022D9E6,0,1,1,4294967295,0,0
oInvCollPH,448,256,003E4136,0,1,1,4294967295,0,0
oInvCollPH,464,256,00338997,0,1,1,4294967295,0,0
oInvCollPH,480,256,00338E2E,0,1,1,4294967295,0,0
oInvCollPH,496,256,0036A708,0,1,1,4294967295,0,0
oInvCollPH,512,256,003DC6B7,0,1,1,4294967295,0,0
oInvCollPH,528,256,0012F16A,0,1,1,4294967295,0,0
oInvCollPH,544,256,0010BA1F,0,1,1,4294967295,0,0
oInvCollPH,560,256,0034E094,0,1,1,4294967295,0,0
oInvCollPH,576,256,003368D4,0,1,1,4294967295,0,0
oInvCollPH,592,256,000E149B,0,1,1,4294967295,0,0
oInvCollPH,608,256,00316EDA,0,1,1,4294967295,0,0
oInvCollPH,624,256,003E4632,0,1,1,4294967295,0,0
oInvCollPH,640,256,0018337C,0,1,1,4294967295,0,0
oInvCollPH,656,256,00208CAF,0,1,1,4294967295,0,0
oInvCollPH,672,256,00065096,0,1,1,4294967295,0,0
oInvCollPH,688,256,001CCC11,0,1,1,4294967295,0,0
oInvCollPH,704,256,0032B39B,0,1,1,4294967295,0,0
oInvCollPH,720,256,0039FA9E,0,1,1,4294967295,0,0
oInvCollPH,736,256,0000C9F5,0,1,1,4294967295,0,0
oInvCollPH,752,256,00016185,0,1,1,4294967295,0,0
oInvCollPH,768,256,001293BA,0,1,1,4294967295,0,0
oInvCollPH,784,256,0029AB22,0,1,1,4294967295,0,0
oInvCollSM,16,272,00180C5C,0,1,1,4294967295,0,0
oInvCollSM,32,272,0000A19D,0,1,1,4294967295,0,0
oInvCollSM,48,272,00109734,0,1,1,4294967295,0,0
oInvCollSM,64,272,0012A326,0,1,1,4294967295,0,0
oInvCollSM,80,272,003741D6,0,1,1,4294967295,0,0
oInvCollSM,96,272,001366C3,0,1,1,4294967295,0,0
oInvCollSM,112,272,001C2375,0,1,1,4294967295,0,0
oInvCollSM,128,272,0031BA2E,0,1,1,4294967295,0,0
oInvCollSM,144,272,00091994,0,1,1,4294967295,0,0
oInvCollSM,160,272,002DC761,0,1,1,4294967295,0,0
oInvCollSM,176,272,003A3C94,0,1,1,4294967295,0,0
oInvCollSM,192,272,0010E10C,0,1,1,4294967295,0,0
oInvCollSM,208,272,0029F463,0,1,1,4294967295,0,0
oInvCollSM,224,272,000F1356,0,1,1,4294967295,0,0
oInvCollSM,240,272,0022156E,0,1,1,4294967295,0,0
oInvCollSM,256,272,0015D985,0,1,1,4294967295,0,0
oInvCollSM,272,272,001278C8,0,1,1,4294967295,0,0
oInvCollSM,288,272,003F71CD,0,1,1,4294967295,0,0
oInvCollSM,304,272,0038B751,0,1,1,4294967295,0,0
oInvCollSM,320,272,002177F3,0,1,1,4294967295,0,0
oInvCollSM,336,272,0029D960,0,1,1,4294967295,0,0
oInvCollSM,352,272,0039A7D3,0,1,1,4294967295,0,0
oInvCollSM,368,272,00369EAB,0,1,1,4294967295,0,0
oInvCollSM,384,272,000FCD2C,0,1,1,4294967295,0,0
oInvCollSM,400,272,002E1527,0,1,1,4294967295,0,0
oInvCollSM,416,272,001B79DF,0,1,1,4294967295,0,0
oInvCollSM,432,272,0032198A,0,1,1,4294967295,0,0
oInvCollSM,448,272,004039A0,0,1,1,4294967295,0,0
oInvCollSM,464,272,0036D59E,0,1,1,4294967295,0,0
oInvCollSM,480,272,001B5347,0,1,1,4294967295,0,0
oInvCollSM,496,272,002BC350,0,1,1,4294967295,0,0
oInvCollSM,512,272,0026B64F,0,1,1,4294967295,0,0
oInvCollSM,528,272,00404672,0,1,1,4294967295,0,0
oInvCollSM,544,272,0004B497,0,1,1,4294967295,0,0
oInvCollSM,560,272,0031C5F2,0,1,1,4294967295,0,0
oInvCollSM,576,272,0030911D,0,1,1,4294967295,0,0
oInvCollSM,592,272,00134832,0,1,1,4294967295,0,0
oInvCollSM,608,272,00311201,0,1,1,4294967295,0,0
oInvCollSM,624,272,00329C0F,0,1,1,4294967295,0,0
oInvCollSM,640,272,002C85EF,0,1,1,4294967295,0,0
oInvCollSM,656,272,0029FD47,0,1,1,4294967295,0,0
oInvCollSM,672,272,001A24C6,0,1,1,4294967295,0,0
oInvCollSM,688,272,00051EBE,0,1,1,4294967295,0,0
oInvCollSM,704,272,003F4C9F,0,1,1,4294967295,0,0
oInvCollSM,720,272,0021DE52,0,1,1,4294967295,0,0
oInvCollSM,736,272,00094B46,0,1,1,4294967295,0,0
oInvCollSM,752,272,0008B32D,0,1,1,4294967295,0,0
oInvCollSM,768,272,00082FF1,0,1,1,4294967295,0,0
oInvCollSM,784,272,00197CB3,0,1,1,4294967295,0,0
oInvCollPH,144,80,002F838A,0,1,1,4294967295,0,0
oInvCollPH,128,80,003A9609,0,1,1,4294967295,0,0
oInvCollPH,112,80,001ECCC1,0,1,1,4294967295,0,0
oInvCollPH,96,80,00009C5A,0,1,1,4294967295,0,0
oInvCollPH,80,80,002B3AF4,0,1,1,4294967295,0,0
oInvCollPH,64,80,000A4122,0,1,1,4294967295,0,0
oInvCollPH,48,80,001212B1,0,1,1,4294967295,0,0
oInvCollPH,32,80,002D9BF1,0,1,1,4294967295,0,0
oInvCollPH,160,80,0008D347,0,1,1,4294967295,0,0
oInvCollPH,176,80,00388893,0,1,1,4294967295,0,0
oInvCollPH,192,80,002EC9AA,0,1,1,4294967295,0,0
oInvCollPH,208,80,0020B346,0,1,1,4294967295,0,0
oInvCollPH,224,80,0027A131,0,1,1,4294967295,0,0
oInvCollPH,240,80,003E4362,0,1,1,4294967295,0,0
oInvCollPH,256,80,00015218,0,1,1,4294967295,0,0
oInvCollPH,272,80,0007780B,0,1,1,4294967295,0,0
oInvCollPH,288,80,003B29AF,0,1,1,4294967295,0,0
oInvCollPH,304,80,002359C2,0,1,1,4294967295,0,0
oInvCollPH,320,80,0038D845,0,1,1,4294967295,0,0
oInvCollPH,336,80,001D7552,0,1,1,4294967295,0,0
oInvCollPH,336,64,003BFBCA,0,1,1,4294967295,0,0
oInvCollPH,336,48,0003BB90,0,1,1,4294967295,0,0
oInvCollPH,336,32,0013E3ED,0,1,1,4294967295,0,0
oInvCollPH,336,16,0014AD9C,0,1,1,4294967295,0,0
oInvCollPH,336,0,00213906,0,1,1,4294967295,0,0
oInvCollPH,416,16,000C9029,0,1,1,4294967295,0,0
oInvCollPH,416,32,0021698D,0,1,1,4294967295,0,0
oInvCollPH,416,48,0008A4E3,0,1,1,4294967295,0,0
oInvCollPH,416,64,0006A6D2,0,1,1,4294967295,0,0
oInvCollPH,416,80,00259DA9,0,1,1,4294967295,0,0
oInvCollPH,432,80,0018F020,0,1,1,4294967295,0,0
oInvCollPH,448,80,0039404B,0,1,1,4294967295,0,0
oInvCollPH,464,80,00338838,0,1,1,4294967295,0,0
oInvCollPH,480,80,00173C67,0,1,1,4294967295,0,0
oInvCollPH,496,80,00214B71,0,1,1,4294967295,0,0
oInvCollPH,512,80,000093A1,0,1,1,4294967295,0,0
oInvCollPH,528,80,00377409,0,1,1,4294967295,0,0
oInvCollPH,544,80,0029FC36,0,1,1,4294967295,0,0
oInvCollPH,560,80,0006F0E8,0,1,1,4294967295,0,0
oInvCollPH,576,80,00271AAC,0,1,1,4294967295,0,0
oInvCollPH,592,80,0003FC00,0,1,1,4294967295,0,0
oInvCollPH,608,80,001C6CD3,0,1,1,4294967295,0,0
oInvCollPH,624,80,003AF636,0,1,1,4294967295,0,0
oInvCollPH,640,80,001EF915,0,1,1,4294967295,0,0
oInvCollPH,656,80,00065F4C,0,1,1,4294967295,0,0
oInvCollPH,672,80,002996DB,0,1,1,4294967295,0,0
oInvCollPH,688,80,00011C82,0,1,1,4294967295,0,0
oInvCollPH,704,80,00193766,0,1,1,4294967295,0,0
oInvCollPH,720,80,001CC544,0,1,1,4294967295,0,0
oInvCollPH,736,80,0026268F,0,1,1,4294967295,0,0
oInvCollPH,752,80,0030E349,0,1,1,4294967295,0,0
oInvCollPH,352,80,001F1013,0,1,1,4294967295,0,0
oInvCollPH,368,80,000FADF6,0,1,1,4294967295,0,0
oInvCollPH,384,80,001C79AB,0,1,1,4294967295,0,0
oInvCollPH,400,80,0000DA48,0,1,1,4294967295,0,0
oInvisibleSolid,0,256,0026F30E,0,1,1,4294967295,0,1
oInvisibleSolidMorph,0,272,00372683,0,1,1,4294967295,0,1
oInvisibleSolid,320,192,002E7992,0,1,1,4294967295,0,1
oInvisibleSolid,0,96,00084F97,0,1,1,4294967295,0,1
oInvisibleSolid,768,96,00254456,0,1,1,4294967295,0,1
oInvisibleSolid,416,0,003CCACD,0,1,1,4294967295,0,1
oInvisibleSolid,0,0,000BB3CE,0,1,1,4294967295,0,1
oInvisibleSolid,0,304,001A6402,0,1,1,4294967295,0,1
oInvisibleSolid,352,0,0007370F,0,1,1,4294967295,0,1
