tileBossRoomA,64,0,16,32,32,32,0,1,1,4294967295
tileBossRoomA,64,32,16,32,32,32,0,1,1,4294967295
tileBossRoomA,64,64,16,32,32,32,0,1,1,4294967295
tileBossRoomA,64,96,16,32,32,32,0,1,1,4294967295
tileBossRoomA,64,128,16,32,32,32,0,1,1,4294967295
tileBossRoomA,96,0,16,32,32,32,0,1,1,4294967295
tileBossRoomA,96,32,16,32,32,32,0,1,1,4294967295
tileBossRoomA,96,64,16,32,32,32,0,1,1,4294967295
tileBossRoomA,96,96,16,32,32,32,0,1,1,4294967295
tileBossRoomA,96,128,16,32,32,32,0,1,1,4294967295
tileBossRoomA,128,0,16,32,32,32,0,1,1,4294967295
tileBossRoomA,128,32,16,32,32,32,0,1,1,4294967295
tileBossRoomA,160,0,16,32,32,32,0,1,1,4294967295
tileBossRoomA,160,32,16,32,32,32,0,1,1,4294967295
tileBossRoomA,192,128,16,32,32,32,0,1,1,4294967295
tileBossRoomA,224,128,16,32,32,32,0,1,1,4294967295
tileBossRoomA,192,96,16,32,32,32,0,1,1,4294967295
tileBossRoomA,224,96,16,32,32,32,0,1,1,4294967295
tileBossRoomA,192,64,16,32,32,32,0,1,1,4294967295
tileBossRoomA,224,64,16,32,32,32,0,1,1,4294967295
tileBossRoomA,192,32,16,32,32,32,0,1,1,4294967295
tileBossRoomA,224,32,16,32,32,32,0,1,1,4294967295
tileBossRoomA,192,0,16,32,32,32,0,1,1,4294967295
tileBossRoomA,224,0,16,32,32,32,0,1,1,4294967295
tileBossRoomA,128,64,16,32,32,32,0,1,1,4294967295
tileBossRoomA,128,96,16,32,32,32,0,1,1,4294967295
tileBossRoomA,128,128,16,32,32,32,0,1,1,4294967295
tileBossRoomA,160,64,16,32,32,32,0,1,1,4294967295
tileBossRoomA,160,96,16,32,32,32,0,1,1,4294967295
tileBossRoomA,160,128,16,32,32,32,0,1,1,4294967295
tileIntermediaryWoods,0,0,80,224,64,32,0,1,1,4294967295
tileIntermediaryWoods,0,32,80,224,64,32,0,1,1,4294967295
tileIntermediaryWoods,0,64,80,224,64,32,0,1,1,4294967295
tileIntermediaryWoods,0,96,80,224,64,32,0,1,1,4294967295
tileIntermediaryWoods,0,128,80,224,64,32,0,1,1,4294967295
tileIntermediaryWoods,256,0,64,224,64,32,0,1,1,4294967295
tileIntermediaryWoods,256,32,64,240,64,32,0,1,1,4294967295
tileBossRoomA,320,64,16,32,32,32,0,1,1,4294967295
tileBossRoomA,352,64,16,32,32,32,0,1,1,4294967295
tileBossRoomA,320,96,16,32,32,32,0,1,1,4294967295
tileBossRoomA,320,128,16,32,32,32,0,1,1,4294967295
tileBossRoomA,352,96,16,32,32,32,0,1,1,4294967295
tileBossRoomA,352,128,16,32,32,32,0,1,1,4294967295
tileIntermediaryWoods,0,160,48,48,96,64,0,1,1,4294967295
tileIntermediaryWoods,96,160,48,48,96,64,0,1,1,4294967295
tileIntermediaryWoods,192,160,48,48,96,64,0,1,1,4294967295
tileIntermediaryWoods,288,160,48,48,96,64,0,1,1,4294967295
tileIntermediaryWoods,384,160,48,48,96,64,0,1,1,4294967295
tileIntermediaryWoods,0,320,48,80,96,32,0,1,1,4294967295
tileIntermediaryWoods,0,224,48,80,96,32,0,1,1,4294967295
tileIntermediaryWoods,0,256,48,80,96,32,0,1,1,4294967295
tileIntermediaryWoods,0,288,48,80,96,32,0,1,1,4294967295
tileIntermediaryWoods,96,224,48,80,96,32,0,1,1,4294967295
tileIntermediaryWoods,96,256,48,80,96,32,0,1,1,4294967295
tileIntermediaryWoods,96,288,48,80,96,32,0,1,1,4294967295
tileIntermediaryWoods,96,320,48,80,96,32,0,1,1,4294967295
tileIntermediaryWoods,192,224,48,80,96,32,0,1,1,4294967295
tileIntermediaryWoods,192,256,48,80,96,32,0,1,1,4294967295
tileIntermediaryWoods,192,288,48,80,96,32,0,1,1,4294967295
tileIntermediaryWoods,192,320,48,80,96,32,0,1,1,4294967295
tileIntermediaryWoods,288,224,48,80,96,32,0,1,1,4294967295
tileIntermediaryWoods,288,256,48,80,96,32,0,1,1,4294967295
tileIntermediaryWoods,288,288,48,80,96,32,0,1,1,4294967295
tileIntermediaryWoods,288,320,48,80,96,32,0,1,1,4294967295
tileIntermediaryWoods,384,224,48,80,96,32,0,1,1,4294967295
tileIntermediaryWoods,384,256,48,80,96,32,0,1,1,4294967295
tileIntermediaryWoods,384,288,48,80,96,32,0,1,1,4294967295
tileIntermediaryWoods,384,320,48,80,96,32,0,1,1,4294967295
tileIntermediaryWoods,320,32,80,240,48,32,0,1,1,4294967295
tileIntermediaryWoods,368,32,80,240,48,32,0,1,1,4294967295
tileIntermediaryWoods,416,32,80,240,64,32,0,1,1,4294967295
tileIntermediaryWoods,416,0,80,224,64,32,0,1,1,4294967295
tileIntermediaryWoods,320,0,80,224,48,32,0,1,1,4294967295
tileIntermediaryWoods,368,0,80,224,48,32,0,1,1,4294967295
tileBossRoomA,448,64,16,32,32,32,0,1,1,4294967295
tileBossRoomA,448,96,16,32,32,32,0,1,1,4294967295
tileBossRoomA,448,128,16,32,32,32,0,1,1,4294967295
tileIntermediaryWoods,576,0,48,80,96,32,0,1,1,4294967295
tileIntermediaryWoods,576,32,48,80,96,32,0,1,1,4294967295
tileIntermediaryWoods,576,64,48,80,96,32,0,1,1,4294967295
tileIntermediaryWoods,576,96,48,80,96,32,0,1,1,4294967295
tileIntermediaryWoods,576,128,48,80,96,32,0,1,1,4294967295
tileIntermediaryWoods,576,160,48,80,96,32,0,1,1,4294967295
tileIntermediaryWoods,576,192,48,80,96,32,0,1,1,4294967295
tileIntermediaryWoods,672,0,48,80,96,32,0,1,1,4294967295
tileIntermediaryWoods,672,32,48,80,96,32,0,1,1,4294967295
tileIntermediaryWoods,672,64,48,80,96,32,0,1,1,4294967295
tileIntermediaryWoods,672,96,48,80,96,32,0,1,1,4294967295
tileIntermediaryWoods,672,128,48,80,96,32,0,1,1,4294967295
tileIntermediaryWoods,672,160,48,80,96,32,0,1,1,4294967295
tileIntermediaryWoods,672,192,48,80,96,32,0,1,1,4294967295
tileIntermediaryWoods,768,0,48,80,96,32,0,1,1,4294967295
tileIntermediaryWoods,768,32,48,80,96,32,0,1,1,4294967295
tileIntermediaryWoods,768,64,48,80,96,32,0,1,1,4294967295
tileIntermediaryWoods,768,96,48,80,96,32,0,1,1,4294967295
tileIntermediaryWoods,768,128,48,80,96,32,0,1,1,4294967295
tileIntermediaryWoods,768,160,48,80,96,32,0,1,1,4294967295
tileIntermediaryWoods,768,192,48,80,96,32,0,1,1,4294967295
tileIntermediaryWoods,576,224,48,80,96,32,0,1,1,4294967295
tileIntermediaryWoods,576,256,48,80,96,32,0,1,1,4294967295
tileIntermediaryWoods,576,288,48,80,96,32,0,1,1,4294967295
tileIntermediaryWoods,576,320,48,80,96,32,0,1,1,4294967295
tileIntermediaryWoods,672,224,48,80,96,32,0,1,1,4294967295
tileIntermediaryWoods,672,256,48,80,96,32,0,1,1,4294967295
tileIntermediaryWoods,672,288,48,80,96,32,0,1,1,4294967295
tileIntermediaryWoods,672,320,48,80,96,32,0,1,1,4294967295
tileIntermediaryWoods,768,224,48,80,96,32,0,1,1,4294967295
tileIntermediaryWoods,768,256,48,80,96,32,0,1,1,4294967295
tileIntermediaryWoods,768,288,48,80,96,32,0,1,1,4294967295
tileIntermediaryWoods,768,320,48,80,96,32,0,1,1,4294967295
tileBossRoomA,480,0,16,32,32,32,0,1,1,4294967295
tileBossRoomA,480,32,16,32,32,32,0,1,1,4294967295
tileBossRoomA,512,0,16,32,32,32,0,1,1,4294967295
tileBossRoomA,512,32,16,32,32,32,0,1,1,4294967295
tileBossRoomA,544,0,16,32,32,32,0,1,1,4294967295
tileBossRoomA,544,32,16,32,32,32,0,1,1,4294967295
tileBossRoomA,480,64,16,32,32,32,0,1,1,4294967295
tileBossRoomA,480,96,16,32,32,32,0,1,1,4294967295
tileBossRoomA,512,128,16,32,32,32,0,1,1,4294967295
tileBossRoomA,480,128,16,32,32,32,0,1,1,4294967295
tileBossRoomA,512,64,16,32,32,32,0,1,1,4294967295
tileBossRoomA,512,96,16,32,32,32,0,1,1,4294967295
tileBossRoomA,544,64,16,32,32,32,0,1,1,4294967295
tileBossRoomA,544,96,16,32,32,32,0,1,1,4294967295
tileBossRoomA,544,128,16,32,32,32,0,1,1,4294967295
tileBossRoomA,480,160,16,32,32,32,0,1,1,4294967295
tileBossRoomA,512,160,16,32,32,32,0,1,1,4294967295
tileBossRoomA,544,160,16,32,32,32,0,1,1,4294967295
tileBossRoomA,480,288,16,32,32,32,0,1,1,4294967295
tileBossRoomA,512,288,16,32,32,32,0,1,1,4294967295
tileBossRoomA,544,288,16,32,32,32,0,1,1,4294967295
tileBossRoomA,480,320,16,32,32,32,0,1,1,4294967295
tileBossRoomA,512,320,16,32,32,32,0,1,1,4294967295
tileBossRoomA,544,320,16,32,32,32,0,1,1,4294967295
tileIntermediaryWoods,576,352,48,80,96,32,0,1,1,4294967295
tileIntermediaryWoods,576,384,48,80,96,32,0,1,1,4294967295
tileIntermediaryWoods,384,352,48,80,96,32,0,1,1,4294967295
tileIntermediaryWoods,384,384,48,80,96,32,0,1,1,4294967295
tileIntermediaryWoods,672,352,48,80,96,32,0,1,1,4294967295
tileIntermediaryWoods,672,384,48,80,96,32,0,1,1,4294967295
tileIntermediaryWoods,768,352,48,80,96,32,0,1,1,4294967295
tileIntermediaryWoods,768,384,48,80,96,32,0,1,1,4294967295
tileIntermediaryWoods,0,352,48,80,96,32,0,1,1,4294967295
tileIntermediaryWoods,0,384,48,80,96,32,0,1,1,4294967295
tileIntermediaryWoods,96,352,48,80,96,32,0,1,1,4294967295
tileIntermediaryWoods,96,384,48,80,96,32,0,1,1,4294967295
tileIntermediaryWoods,192,352,48,80,96,32,0,1,1,4294967295
tileIntermediaryWoods,192,384,48,80,96,32,0,1,1,4294967295
tileIntermediaryWoods,288,352,48,80,96,32,0,1,1,4294967295
tileIntermediaryWoods,288,384,48,80,96,32,0,1,1,4294967295
tileBossRoomA,480,352,16,32,32,32,0,1,1,4294967295
tileBossRoomA,512,352,16,32,32,32,0,1,1,4294967295
tileBossRoomA,544,352,16,32,32,32,0,1,1,4294967295
tileBossRoomA,480,384,16,32,32,32,0,1,1,4294967295
tileBossRoomA,512,384,16,32,32,32,0,1,1,4294967295
tileBossRoomA,544,384,16,32,32,32,0,1,1,4294967295
tileGateA,448,416,16,128,32,32,0,1,1,4294967295
tileGateA,576,416,16,128,32,32,0,1,1,4294967295
tileGateA,576,448,16,128,32,32,0,1,1,4294967295
tileGateA,448,448,16,128,32,32,0,1,1,4294967295
tileGateA,448,480,16,128,32,32,0,1,1,4294967295
tileGateA,416,416,16,128,32,32,0,1,1,4294967295
tileGateA,416,448,16,128,32,32,0,1,1,4294967295
tileGateA,416,480,16,128,32,32,0,1,1,4294967295
tileGateA,384,416,16,128,32,32,0,1,1,4294967295
tileGateA,384,448,16,128,32,32,0,1,1,4294967295
tileGateA,384,480,16,128,32,32,0,1,1,4294967295
tileGateA,0,416,16,128,32,32,0,1,1,4294967295
tileGateA,32,416,16,128,32,32,0,1,1,4294967295
tileGateA,64,416,16,128,32,32,0,1,1,4294967295
tileGateA,96,416,16,128,32,32,0,1,1,4294967295
tileGateA,128,416,16,128,32,32,0,1,1,4294967295
tileGateA,160,416,16,128,32,32,0,1,1,4294967295
tileGateA,192,416,16,128,32,32,0,1,1,4294967295
tileGateA,224,416,16,128,32,32,0,1,1,4294967295
tileGateA,256,416,16,128,32,32,0,1,1,4294967295
tileGateA,288,416,16,128,32,32,0,1,1,4294967295
tileGateA,320,416,16,128,32,32,0,1,1,4294967295
tileGateA,352,416,16,128,32,32,0,1,1,4294967295
tileGateA,0,448,16,128,32,32,0,1,1,4294967295
tileGateA,32,448,16,128,32,32,0,1,1,4294967295
tileGateA,64,448,16,128,32,32,0,1,1,4294967295
tileGateA,96,448,16,128,32,32,0,1,1,4294967295
tileGateA,128,448,16,128,32,32,0,1,1,4294967295
tileGateA,160,448,16,128,32,32,0,1,1,4294967295
tileGateA,0,480,16,128,32,32,0,1,1,4294967295
tileGateA,32,480,16,128,32,32,0,1,1,4294967295
tileGateA,64,480,16,128,32,32,0,1,1,4294967295
tileGateA,96,480,16,128,32,32,0,1,1,4294967295
tileGateA,128,480,16,128,32,32,0,1,1,4294967295
tileGateA,160,480,16,128,32,32,0,1,1,4294967295
tileGateA,608,416,16,128,32,32,0,1,1,4294967295
tileGateA,640,416,16,128,32,32,0,1,1,4294967295
tileGateA,672,416,16,128,32,32,0,1,1,4294967295
tileGateA,704,416,16,128,32,32,0,1,1,4294967295
tileGateA,736,416,16,128,32,32,0,1,1,4294967295
tileGateA,768,416,16,128,32,32,0,1,1,4294967295
tileGateA,800,416,16,128,32,32,0,1,1,4294967295
tileGateA,832,416,16,128,32,32,0,1,1,4294967295
tileGateA,608,448,16,128,32,32,0,1,1,4294967295
tileGateA,640,448,16,128,32,32,0,1,1,4294967295
tileGateA,672,448,16,128,32,32,0,1,1,4294967295
tileGateA,704,448,16,128,32,32,0,1,1,4294967295
tileGateA,736,448,16,128,32,32,0,1,1,4294967295
tileGateA,768,448,16,128,32,32,0,1,1,4294967295
tileGateA,800,448,16,128,32,32,0,1,1,4294967295
tileGateA,832,448,16,128,32,32,0,1,1,4294967295
tileGateA,576,480,16,128,32,32,0,1,1,4294967295
tileGateA,608,480,16,128,32,32,0,1,1,4294967295
tileGateA,640,480,16,128,32,32,0,1,1,4294967295
tileGateA,672,480,16,128,32,32,0,1,1,4294967295
tileGateA,704,480,16,128,32,32,0,1,1,4294967295
tileGateA,736,480,16,128,32,32,0,1,1,4294967295
tileGateA,768,480,16,128,32,32,0,1,1,4294967295
tileGateA,800,480,16,128,32,32,0,1,1,4294967295
tileGateA,832,480,16,128,32,32,0,1,1,4294967295
tileGateA,480,416,16,16,32,32,0,1,1,4294967295
tileGateA,480,448,16,16,32,32,0,1,1,4294967295
tileGateA,480,480,16,16,32,32,0,1,1,4294967295
tileGateA,512,416,16,16,32,32,0,1,1,4294967295
tileGateA,512,448,16,16,32,32,0,1,1,4294967295
tileGateA,512,480,16,16,32,32,0,1,1,4294967295
tileGateA,544,416,16,16,32,32,0,1,1,4294967295
tileGateA,544,448,16,16,32,32,0,1,1,4294967295
tileGateA,544,480,16,16,32,32,0,1,1,4294967295
tileGateA,464,512,0,128,16,64,0,1,1,4294967295
tileGateA,464,576,0,128,16,64,0,1,1,4294967295
tileGateA,576,512,0,128,16,64,0,1,1,4294967295
tileGateA,576,576,0,128,16,64,0,1,1,4294967295
tileGateA,464,640,0,128,16,64,0,1,1,4294967295
tileGateA,576,640,0,128,16,64,0,1,1,4294967295
tileGateA,416,512,0,128,16,64,0,1,1,4294967295
tileGateA,416,576,0,128,16,64,0,1,1,4294967295
tileGateA,416,640,0,128,16,64,0,1,1,4294967295
tileGateA,624,512,0,128,16,64,0,1,1,4294967295
tileGateA,624,576,0,128,16,64,0,1,1,4294967295
tileGateA,624,640,0,128,16,64,0,1,1,4294967295
tileGateA,432,512,16,128,32,32,0,1,1,4294967295
tileGateA,432,544,16,128,32,32,0,1,1,4294967295
tileGateA,432,576,16,128,32,32,0,1,1,4294967295
tileGateA,432,608,16,128,32,32,0,1,1,4294967295
tileGateA,432,640,16,128,32,32,0,1,1,4294967295
tileGateA,432,672,16,128,32,32,0,1,1,4294967295
tileGateA,592,512,16,128,32,32,0,1,1,4294967295
tileGateA,592,544,16,128,32,32,0,1,1,4294967295
tileGateA,592,576,16,128,32,32,0,1,1,4294967295
tileGateA,592,608,16,128,32,32,0,1,1,4294967295
tileGateA,592,640,16,128,32,32,0,1,1,4294967295
tileGateA,592,672,16,128,32,32,0,1,1,4294967295
tileGateA,480,608,16,16,32,32,0,1,1,4294967295
tileGateA,480,672,16,16,32,32,0,1,1,4294967295
tileGateA,512,672,16,16,32,32,0,1,1,4294967295
tileGateA,544,672,16,16,32,32,0,1,1,4294967295
tileGateA,512,512,16,16,32,32,0,1,1,4294967295
tileGateA,512,544,16,16,32,32,0,1,1,4294967295
tileGateA,512,576,16,16,32,32,0,1,1,4294967295
tileGateA,512,608,16,16,32,32,0,1,1,4294967295
tileGateA,512,640,16,16,32,32,0,1,1,4294967295
tileGateA,544,512,16,16,32,32,0,1,1,4294967295
tileGateA,544,608,16,16,32,32,0,1,1,4294967295
tileGateA,416,800,16,128,32,32,0,1,1,4294967295
tileGateA,416,704,16,128,32,32,0,1,1,4294967295
tileGateA,416,736,16,128,32,32,0,1,1,4294967295
tileGateA,416,768,16,128,32,32,0,1,1,4294967295
tileGateA,448,704,16,128,32,32,0,1,1,4294967295
tileGateA,448,736,16,128,32,32,0,1,1,4294967295
tileGateA,448,768,16,128,32,32,0,1,1,4294967295
tileGateA,448,800,16,128,32,32,0,1,1,4294967295
tileGateA,480,800,16,128,32,32,0,1,1,4294967295
tileGateA,512,800,16,128,32,32,0,1,1,4294967295
tileGateA,544,800,16,128,32,32,0,1,1,4294967295
tileGateA,0,512,16,128,32,32,0,1,1,4294967295
tileGateA,0,544,16,128,32,32,0,1,1,4294967295
tileGateA,0,576,16,128,32,32,0,1,1,4294967295
tileGateA,0,608,16,128,32,32,0,1,1,4294967295
tileGateA,0,640,16,128,32,32,0,1,1,4294967295
tileGateA,0,672,16,128,32,32,0,1,1,4294967295
tileGateA,0,704,16,128,32,32,0,1,1,4294967295
tileGateA,0,736,16,128,32,32,0,1,1,4294967295
tileGateA,0,768,16,128,32,32,0,1,1,4294967295
tileGateA,0,800,16,128,32,32,0,1,1,4294967295
tileGateA,32,800,16,128,32,32,0,1,1,4294967295
tileGateA,64,800,16,128,32,32,0,1,1,4294967295
tileGateA,96,800,16,128,32,32,0,1,1,4294967295
tileGateA,128,800,16,128,32,32,0,1,1,4294967295
tileGateA,160,800,16,128,32,32,0,1,1,4294967295
tileGateA,192,800,16,128,32,32,0,1,1,4294967295
tileGateA,224,800,16,128,32,32,0,1,1,4294967295
tileGateA,256,800,16,128,32,32,0,1,1,4294967295
tileGateA,288,800,16,128,32,32,0,1,1,4294967295
tileGateA,320,800,16,128,32,32,0,1,1,4294967295
tileGateA,352,800,16,128,32,32,0,1,1,4294967295
tileGateA,384,800,16,128,32,32,0,1,1,4294967295
tileGateA,384,512,16,128,32,32,0,1,1,4294967295
tileGateA,384,544,16,128,32,32,0,1,1,4294967295
tileGateA,384,576,16,128,32,32,0,1,1,4294967295
tileGateA,384,608,16,128,32,32,0,1,1,4294967295
tileGateA,384,640,16,128,32,32,0,1,1,4294967295
tileGateA,384,672,16,128,32,32,0,1,1,4294967295
tileGateA,384,704,16,128,32,32,0,1,1,4294967295
tileGateA,384,736,16,128,32,32,0,1,1,4294967295
tileGateA,384,768,16,128,32,32,0,1,1,4294967295
tileGateA,32,512,16,128,32,32,0,1,1,4294967295
tileGateA,64,512,16,128,32,32,0,1,1,4294967295
tileGateA,96,512,16,128,32,32,0,1,1,4294967295
tileGateA,128,512,16,128,32,32,0,1,1,4294967295
tileGateA,160,512,16,128,32,32,0,1,1,4294967295
tileGateA,32,544,16,128,32,32,0,1,1,4294967295
tileGateA,64,544,16,128,32,32,0,1,1,4294967295
tileGateA,96,544,16,128,32,32,0,1,1,4294967295
tileGateA,128,544,16,128,32,32,0,1,1,4294967295
tileGateA,160,544,16,128,32,32,0,1,1,4294967295
tileGateA,32,576,16,128,32,32,0,1,1,4294967295
tileGateA,64,576,16,128,32,32,0,1,1,4294967295
tileGateA,96,576,16,128,32,32,0,1,1,4294967295
tileGateA,128,576,16,128,32,32,0,1,1,4294967295
tileGateA,160,576,16,128,32,32,0,1,1,4294967295
tileGateA,32,608,16,128,32,32,0,1,1,4294967295
tileGateA,64,608,16,128,32,32,0,1,1,4294967295
tileGateA,96,608,16,128,32,32,0,1,1,4294967295
tileGateA,128,608,16,128,32,32,0,1,1,4294967295
tileGateA,160,608,16,128,32,32,0,1,1,4294967295
tileGateA,32,640,16,128,32,32,0,1,1,4294967295
tileGateA,64,640,16,128,32,32,0,1,1,4294967295
tileGateA,96,640,16,128,32,32,0,1,1,4294967295
tileGateA,128,640,16,128,32,32,0,1,1,4294967295
tileGateA,160,640,16,128,32,32,0,1,1,4294967295
tileGateA,32,672,16,128,32,32,0,1,1,4294967295
tileGateA,64,672,16,128,32,32,0,1,1,4294967295
tileGateA,96,672,16,128,32,32,0,1,1,4294967295
tileGateA,128,672,16,128,32,32,0,1,1,4294967295
tileGateA,160,672,16,128,32,32,0,1,1,4294967295
tileGateA,192,672,16,128,32,32,0,1,1,4294967295
tileGateA,224,672,16,128,32,32,0,1,1,4294967295
tileGateA,256,672,16,128,32,32,0,1,1,4294967295
tileGateA,288,672,16,128,32,32,0,1,1,4294967295
tileGateA,320,672,16,128,32,32,0,1,1,4294967295
tileGateA,352,672,16,128,32,32,0,1,1,4294967295
tileGateA,32,704,16,128,32,32,0,1,1,4294967295
tileGateA,64,704,16,128,32,32,0,1,1,4294967295
tileGateA,96,704,16,128,32,32,0,1,1,4294967295
tileGateA,128,704,16,128,32,32,0,1,1,4294967295
tileGateA,160,704,16,128,32,32,0,1,1,4294967295
tileGateA,192,704,16,128,32,32,0,1,1,4294967295
tileGateA,224,704,16,128,32,32,0,1,1,4294967295
tileGateA,256,704,16,128,32,32,0,1,1,4294967295
tileGateA,288,704,16,128,32,32,0,1,1,4294967295
tileGateA,320,704,16,128,32,32,0,1,1,4294967295
tileGateA,352,704,16,128,32,32,0,1,1,4294967295
tileGateA,32,736,16,128,32,32,0,1,1,4294967295
tileGateA,64,736,16,128,32,32,0,1,1,4294967295
tileGateA,96,736,16,128,32,32,0,1,1,4294967295
tileGateA,128,736,16,128,32,32,0,1,1,4294967295
tileGateA,160,736,16,128,32,32,0,1,1,4294967295
tileGateA,192,736,16,128,32,32,0,1,1,4294967295
tileGateA,224,736,16,128,32,32,0,1,1,4294967295
tileGateA,256,736,16,128,32,32,0,1,1,4294967295
tileGateA,288,736,16,128,32,32,0,1,1,4294967295
tileGateA,320,736,16,128,32,32,0,1,1,4294967295
tileGateA,352,736,16,128,32,32,0,1,1,4294967295
tileGateA,32,768,16,128,32,32,0,1,1,4294967295
tileGateA,64,768,16,128,32,32,0,1,1,4294967295
tileGateA,96,768,16,128,32,32,0,1,1,4294967295
tileGateA,128,768,16,128,32,32,0,1,1,4294967295
tileGateA,160,768,16,128,32,32,0,1,1,4294967295
tileGateA,192,768,16,128,32,32,0,1,1,4294967295
tileGateA,224,768,16,128,32,32,0,1,1,4294967295
tileGateA,256,768,16,128,32,32,0,1,1,4294967295
tileGateA,288,768,16,128,32,32,0,1,1,4294967295
tileGateA,320,768,16,128,32,32,0,1,1,4294967295
tileGateA,352,768,16,128,32,32,0,1,1,4294967295
tileGateA,0,832,16,128,32,32,0,1,1,4294967295
tileGateA,32,832,16,128,32,32,0,1,1,4294967295
tileGateA,64,832,16,128,32,32,0,1,1,4294967295
tileGateA,96,832,16,128,32,32,0,1,1,4294967295
tileGateA,128,832,16,128,32,32,0,1,1,4294967295
tileGateA,160,832,16,128,32,32,0,1,1,4294967295
tileGateA,192,832,16,128,32,32,0,1,1,4294967295
tileGateA,224,832,16,128,32,32,0,1,1,4294967295
tileGateA,256,832,16,128,32,32,0,1,1,4294967295
tileGateA,288,832,16,128,32,32,0,1,1,4294967295
tileGateA,320,832,16,128,32,32,0,1,1,4294967295
tileGateA,352,832,16,128,32,32,0,1,1,4294967295
tileGateA,384,832,16,128,32,32,0,1,1,4294967295
tileGateA,416,832,16,128,32,32,0,1,1,4294967295
tileGateA,448,832,16,128,32,32,0,1,1,4294967295
tileGateA,480,832,16,128,32,32,0,1,1,4294967295
tileGateA,512,832,16,128,32,32,0,1,1,4294967295
tileGateA,544,832,16,128,32,32,0,1,1,4294967295
tileGateA,576,832,16,128,32,32,0,1,1,4294967295
tileGateA,576,800,16,128,32,32,0,1,1,4294967295
tileGateA,608,800,16,128,32,32,0,1,1,4294967295
tileGateA,608,832,16,128,32,32,0,1,1,4294967295
tileGateA,480,544,16,64,32,32,0,1,1,4294967295
tileGateA,544,544,16,64,32,32,0,1,1,4294967295
tileGateA,480,640,16,64,32,32,0,1,1,4294967295
tileGateA,544,640,16,64,32,32,0,1,1,4294967295
tileGateA,480,512,16,16,32,32,0,1,1,4294967295
tileBossRoomA,560,224,16,32,16,32,0,1,1,4294967295
tileBossRoomA,560,256,16,32,16,32,0,1,1,4294967295
tileBossRoomA,480,224,16,32,16,32,0,1,1,4294967295
tileBossRoomA,480,256,16,32,16,32,0,1,1,4294967295
tileGateA,480,576,16,16,32,32,0,1,1,4294967295
tileGateA,544,576,16,16,32,32,0,1,1,4294967295
tileGateA,480,704,16,16,32,32,0,1,1,4294967295
tileGateA,480,736,16,16,32,32,0,1,1,4294967295
tileGateA,576,704,0,112,64,16,0,1,1,4294967295
tileGateA,608,720,48,112,16,16,0,1,1,4294967295
tileGateA,592,720,0,112,16,16,0,1,1,4294967295
tileGateA,544,704,16,16,32,32,0,1,1,4294967295
tileGateA,544,736,16,16,32,32,0,1,1,4294967295
tileGateA,544,768,16,16,32,32,0,1,1,4294967295
tileGateA,512,704,16,16,32,32,0,1,1,4294967295
tileGateA,512,736,16,16,32,32,0,1,1,4294967295
tileGateA,512,768,16,16,32,32,0,1,1,4294967295
tileGateA,480,768,16,16,32,32,0,1,1,4294967295
tileGateA,576,736,16,16,32,32,0,1,1,4294967295
tileGateA,608,736,16,16,32,32,0,1,1,4294967295
tileGateA,576,768,16,16,32,32,0,1,1,4294967295
tileGateA,608,768,16,16,32,32,0,1,1,4294967295
tileGateA,576,720,16,16,16,16,0,1,1,4294967295
tileGateA,624,720,16,16,16,16,0,1,1,4294967295
tileGateA,640,512,16,128,32,32,0,1,1,4294967295
tileGateA,672,512,16,128,32,32,0,1,1,4294967295
tileGateA,704,512,16,128,32,32,0,1,1,4294967295
tileGateA,736,512,16,128,32,32,0,1,1,4294967295
tileGateA,768,512,16,128,32,32,0,1,1,4294967295
tileGateA,800,512,16,128,32,32,0,1,1,4294967295
tileGateA,832,512,16,128,32,32,0,1,1,4294967295
tileGateA,832,544,16,128,32,32,0,1,1,4294967295
tileGateA,832,576,16,128,32,32,0,1,1,4294967295
tileGateA,832,608,16,128,32,32,0,1,1,4294967295
tileGateA,832,640,16,128,32,32,0,1,1,4294967295
tileGateA,832,672,16,128,32,32,0,1,1,4294967295
tileGateA,640,672,16,128,32,32,0,1,1,4294967295
tileGateA,672,672,16,128,32,32,0,1,1,4294967295
tileGateA,704,672,16,128,32,32,0,1,1,4294967295
tileGateA,736,672,16,128,32,32,0,1,1,4294967295
tileGateA,768,672,16,128,32,32,0,1,1,4294967295
tileGateA,800,672,16,128,32,32,0,1,1,4294967295
tileGateA,640,640,16,128,32,32,0,1,1,4294967295
tileGateA,672,640,16,128,32,32,0,1,1,4294967295
tileGateA,704,640,16,128,32,32,0,1,1,4294967295
tileGateA,736,640,16,128,32,32,0,1,1,4294967295
tileGateA,768,640,16,128,32,32,0,1,1,4294967295
tileGateA,800,640,16,128,32,32,0,1,1,4294967295
tileGateA,640,608,16,128,32,32,0,1,1,4294967295
tileGateA,672,608,16,128,32,32,0,1,1,4294967295
tileGateA,704,608,16,128,32,32,0,1,1,4294967295
tileGateA,736,608,16,128,32,32,0,1,1,4294967295
tileGateA,768,608,16,128,32,32,0,1,1,4294967295
tileGateA,800,608,16,128,32,32,0,1,1,4294967295
tileGateA,640,576,16,128,32,32,0,1,1,4294967295
tileGateA,672,576,16,128,32,32,0,1,1,4294967295
tileGateA,704,576,16,128,32,32,0,1,1,4294967295
tileGateA,736,576,16,128,32,32,0,1,1,4294967295
tileGateA,768,576,16,128,32,32,0,1,1,4294967295
tileGateA,800,576,16,128,32,32,0,1,1,4294967295
tileGateA,640,544,16,128,32,32,0,1,1,4294967295
tileGateA,672,544,16,128,32,32,0,1,1,4294967295
tileGateA,704,544,16,128,32,32,0,1,1,4294967295
tileGateA,736,544,16,128,32,32,0,1,1,4294967295
tileGateA,768,544,16,128,32,32,0,1,1,4294967295
tileGateA,800,544,16,128,32,32,0,1,1,4294967295
tileGateA,640,800,16,128,32,32,0,1,1,4294967295
tileGateA,672,800,16,128,32,32,0,1,1,4294967295
tileGateA,704,800,16,128,32,32,0,1,1,4294967295
tileGateA,736,800,16,128,32,32,0,1,1,4294967295
tileGateA,768,800,16,128,32,32,0,1,1,4294967295
tileGateA,800,800,16,128,32,32,0,1,1,4294967295
tileGateA,832,800,16,128,32,32,0,1,1,4294967295
tileGateA,640,832,16,128,32,32,0,1,1,4294967295
tileGateA,672,832,16,128,32,32,0,1,1,4294967295
tileGateA,704,832,16,128,32,32,0,1,1,4294967295
tileGateA,736,832,16,128,32,32,0,1,1,4294967295
tileGateA,768,832,16,128,32,32,0,1,1,4294967295
tileGateA,800,832,16,128,32,32,0,1,1,4294967295
tileGateA,832,832,16,128,32,32,0,1,1,4294967295
tileGateA,640,736,16,16,32,32,0,1,1,4294967295
tileGateA,672,736,16,16,32,32,0,1,1,4294967295
tileGateA,704,736,16,16,32,32,0,1,1,4294967295
tileGateA,736,736,16,16,32,32,0,1,1,4294967295
tileGateA,768,736,16,16,32,32,0,1,1,4294967295
tileGateA,800,736,16,16,32,32,0,1,1,4294967295
tileGateA,832,736,16,16,32,32,0,1,1,4294967295
tileGateA,640,768,16,16,32,32,0,1,1,4294967295
tileGateA,672,768,16,16,32,32,0,1,1,4294967295
tileGateA,704,768,16,16,32,32,0,1,1,4294967295
tileGateA,736,768,16,16,32,32,0,1,1,4294967295
tileGateA,768,768,16,16,32,32,0,1,1,4294967295
tileGateA,800,768,16,16,32,32,0,1,1,4294967295
tileGateA,832,768,16,16,32,32,0,1,1,4294967295
tileGateA,672,704,0,112,64,16,0,1,1,4294967295
tileGateA,768,704,0,112,64,16,0,1,1,4294967295
tileGateA,832,704,16,16,32,32,0,1,1,4294967295
tileGateA,736,704,16,16,32,32,0,1,1,4294967295
tileGateA,640,704,16,16,32,32,0,1,1,4294967295
tileGateA,704,720,48,112,16,16,0,1,1,4294967295
tileGateA,800,720,48,112,16,16,0,1,1,4294967295
tileGateA,688,720,0,112,16,16,0,1,1,4294967295
tileGateA,784,720,0,112,16,16,0,1,1,4294967295
tileGateA,672,720,16,16,16,16,0,1,1,4294967295
tileGateA,720,720,16,16,16,16,0,1,1,4294967295
tileGateA,768,720,16,16,16,16,0,1,1,4294967295
tileGateA,816,720,16,16,16,16,0,1,1,4294967295
tileGateA,864,800,16,128,32,32,0,1,1,4294967295
tileGateA,896,800,16,128,32,32,0,1,1,4294967295
tileGateA,928,800,16,128,32,32,0,1,1,4294967295
tileGateA,960,800,16,128,32,32,0,1,1,4294967295
tileGateA,864,832,16,128,32,32,0,1,1,4294967295
tileGateA,896,832,16,128,32,32,0,1,1,4294967295
tileGateA,928,832,16,128,32,32,0,1,1,4294967295
tileGateA,960,832,16,128,32,32,0,1,1,4294967295
tileCastlevaniaA,0,864,0,0,192,160,0,1,1,4294967295
tileCastlevaniaA,192,864,0,0,192,160,0,1,1,4294967295
tileCastlevaniaA,384,864,0,0,192,160,0,1,1,4294967295
tileCastlevaniaA,576,864,0,0,192,160,0,1,1,4294967295
tileCastlevaniaA,768,864,0,0,192,160,0,1,1,4294967295
tileCastlevaniaA,0,1024,0,0,192,160,0,1,1,4294967295
tileCastlevaniaA,192,1024,0,0,192,160,0,1,1,4294967295
tileCastlevaniaA,384,1024,0,0,192,160,0,1,1,4294967295
tileCastlevaniaA,576,1024,0,0,192,160,0,1,1,4294967295
tileCastlevaniaA,768,1024,0,0,192,160,0,1,1,4294967295
tileCastlevaniaA,960,864,0,0,192,160,0,1,1,4294967295
tileCastlevaniaA,960,1024,0,0,192,160,0,1,1,4294967295
tileZelda2,224,448,0,0,160,208,0,1,1,4294967295
tileGateA,192,448,16,128,32,32,0,1,1,4294967295
tileGateA,192,480,16,128,32,32,0,1,1,4294967295
tileGateA,192,512,16,128,32,32,0,1,1,4294967295
tileGateA,192,544,16,128,32,32,0,1,1,4294967295
tileGateA,192,576,16,128,32,32,0,1,1,4294967295
tileGateA,192,608,16,128,32,32,0,1,1,4294967295
tileGateA,192,640,16,128,32,32,0,1,1,4294967295
tileGateA,224,656,16,144,32,16,0,1,1,4294967295
tileGateA,256,656,16,144,32,16,0,1,1,4294967295
tileGateA,288,656,16,144,32,16,0,1,1,4294967295
tileGateA,320,656,16,144,32,16,0,1,1,4294967295
tileGateA,352,656,16,144,32,16,0,1,1,4294967295
tileGateA,992,800,16,128,32,32,0,1,1,4294967295
tileGateA,1024,800,16,128,32,32,0,1,1,4294967295
tileGateA,1056,800,16,128,32,32,0,1,1,4294967295
tileGateA,1088,800,16,128,32,32,0,1,1,4294967295
tileGateA,1120,800,16,128,32,32,0,1,1,4294967295
tileGateA,992,832,16,128,32,32,0,1,1,4294967295
tileGateA,1024,832,16,128,32,32,0,1,1,4294967295
tileGateA,1056,832,16,128,32,32,0,1,1,4294967295
tileGateA,1088,832,16,128,32,32,0,1,1,4294967295
tileGateA,1120,832,16,128,32,32,0,1,1,4294967295
tileMM_A1,928,736,0,0,64,64,0,1,1,4294967295
tileMM_A1,992,672,0,0,64,48,0,1,1,4294967295
tileMM_A1,992,720,0,16,64,32,0,1,1,4294967295
tileMM_A1,992,752,0,16,64,48,0,1,1,4294967295
tileMM_A1,864,448,64,48,128,64,0,1,1,4294967295
tileMM_A1,864,384,64,48,128,64,0,1,1,4294967295
tileMM_A1,864,320,64,48,128,64,0,1,1,4294967295
tileMM_A1,864,256,64,48,128,64,0,1,1,4294967295
tileMM_A1,864,192,64,48,128,64,0,1,1,4294967295
tileMM_A1,864,128,64,48,128,64,0,1,1,4294967295
tileMM_A1,864,64,64,48,128,64,0,1,1,4294967295
tileMM_A1,864,0,64,48,128,64,0,1,1,4294967295
tileMM_A1,864,512,0,32,48,32,0,1,1,4294967295
tileMM_A1,944,512,16,32,48,32,0,1,1,4294967295
tileMM_A1,912,512,16,32,32,32,0,1,1,4294967295
tileMM_A2,864,544,128,0,64,96,0,1,1,4294967295
tileMM_A2,864,640,128,0,64,96,0,1,1,4294967295
tileMM_A2,928,544,128,0,64,96,0,1,1,4294967295
tileMM_A2,928,640,128,0,64,96,0,1,1,4294967295
tileMM_A2,864,736,128,0,64,32,0,1,1,4294967295
tileMM_A2,864,768,128,64,64,32,0,1,1,4294967295
tileMM_A1,1056,608,0,0,64,48,0,1,1,4294967295
tileMM_A1,1056,752,0,16,64,48,0,1,1,4294967295
tileMM_A1,1056,656,0,16,64,32,0,1,1,4294967295
tileMM_A1,1056,688,0,16,64,32,0,1,1,4294967295
tileMM_A1,1056,720,0,16,64,32,0,1,1,4294967295
tileMM_A1,992,384,64,48,128,64,0,1,1,4294967295
tileMM_A1,992,320,64,48,128,64,0,1,1,4294967295
tileMM_A1,992,0,64,48,128,64,0,1,1,4294967295
tileMM_A1,992,64,64,48,128,64,0,1,1,4294967295
tileMM_A1,992,128,64,48,128,64,0,1,1,4294967295
tileMM_A1,992,192,64,48,128,64,0,1,1,4294967295
tileMM_A1,992,256,64,48,128,64,0,1,1,4294967295
tileMM_A1,992,448,0,32,48,32,0,1,1,4294967295
tileMM_A1,1072,448,16,32,48,32,0,1,1,4294967295
tileMM_A1,1040,448,16,32,32,32,0,1,1,4294967295
tileMM_A2,992,480,32,0,64,32,0,1,1,4294967295
tileMM_A2,992,512,32,64,64,32,0,1,1,4294967295
tileMM_A2,992,544,128,0,64,64,0,1,1,4294967295
tileMM_A2,1056,480,128,0,64,64,0,1,1,4294967295
tileMM_A2,1056,544,128,32,64,64,0,1,1,4294967295
tileMM_A2,992,608,128,32,64,64,0,1,1,4294967295
tileMetA,1120,0,0,0,64,64,0,1,1,4294967295
tileMetA,1120,64,0,0,64,64,0,1,1,4294967295
tileMetA,1120,128,0,0,64,64,0,1,1,4294967295
tileMetA,1120,192,0,0,64,64,0,1,1,4294967295
tileMetA,1120,256,0,0,64,64,0,1,1,4294967295
tileMetA,1120,320,0,0,64,64,0,1,1,4294967295
tileMetA,1120,384,0,0,64,64,0,1,1,4294967295
tileMetA,1120,608,0,0,64,64,0,1,1,4294967295
tileMetA,1120,672,0,0,64,64,0,1,1,4294967295
tileMetA,1120,736,0,0,64,64,0,1,1,4294967295
tileMetA,1184,608,0,0,64,64,0,1,1,4294967295
tileMetA,1248,608,0,0,64,64,0,1,1,4294967295
tileMetA,1312,608,0,0,64,64,0,1,1,4294967295
tileMetA,1184,736,0,0,64,64,0,1,1,4294967295
tileMetA,1248,736,0,0,64,64,0,1,1,4294967295
tileMetA,1312,736,0,0,64,64,0,1,1,4294967295
tileMetA,1184,384,0,0,64,64,0,1,1,4294967295
tileMetA,1248,384,0,0,64,64,0,1,1,4294967295
tileMetA,1312,384,0,0,64,64,0,1,1,4294967295
tileMetA,1184,320,0,0,64,64,0,1,1,4294967295
tileMetA,1248,320,0,0,64,64,0,1,1,4294967295
tileMetA,1312,320,0,0,64,64,0,1,1,4294967295
tileMetA,1184,0,0,0,64,64,0,1,1,4294967295
tileMetA,1184,64,0,0,64,64,0,1,1,4294967295
tileMetA,1184,128,0,0,64,64,0,1,1,4294967295
tileMetA,1184,192,0,0,64,64,0,1,1,4294967295
tileMetA,1184,256,0,0,64,64,0,1,1,4294967295
tileMetA,1248,256,0,0,64,64,0,1,1,4294967295
tileMetA,1312,256,0,0,64,64,0,1,1,4294967295
tileMetA,1248,192,0,0,64,64,0,1,1,4294967295
tileMetA,1312,192,0,0,64,64,0,1,1,4294967295
tileMetA,1248,128,0,0,64,64,0,1,1,4294967295
tileMetA,1312,128,0,0,64,64,0,1,1,4294967295
tileMetA,1248,64,0,0,64,64,0,1,1,4294967295
tileMetA,1312,64,0,0,64,64,0,1,1,4294967295
tileMetA,1248,0,0,0,64,64,0,1,1,4294967295
tileMetA,1312,0,0,0,64,64,0,1,1,4294967295
tileMetA,1120,448,160,0,32,32,0,1,1,4294967295
tileMetA,1152,448,160,0,32,32,0,1,1,4294967295
tileMetA,1184,448,160,0,32,32,0,1,1,4294967295
tileMetA,1216,448,160,0,32,32,0,1,1,4294967295
tileMetA,1248,448,160,0,32,32,0,1,1,4294967295
tileMetA,1280,448,160,0,32,32,0,1,1,4294967295
tileMetA,1312,448,160,0,32,32,0,1,1,4294967295
tileMetA,1344,448,160,0,32,32,0,1,1,4294967295
tileMetA,1376,448,160,0,32,32,0,1,1,4294967295
tileMetA,1408,448,160,0,32,32,0,1,1,4294967295
tileMetA,1440,448,160,0,32,32,0,1,1,4294967295
tileMetA,1472,448,160,0,32,32,0,1,1,4294967295
tileMetA,1504,448,160,0,32,32,0,1,1,4294967295
tileMetA,1536,448,160,0,32,32,0,1,1,4294967295
tileMetA,1568,448,160,0,32,32,0,1,1,4294967295
tileMetA,1600,448,160,0,32,32,0,1,1,4294967295
tileMetA,1632,448,160,0,32,32,0,1,1,4294967295
tileMetA,1664,448,160,0,32,32,0,1,1,4294967295
tileMetA,1376,608,0,0,64,64,0,1,1,4294967295
tileMetA,1440,608,0,0,64,64,0,1,1,4294967295
tileMetA,1504,608,0,0,64,64,0,1,1,4294967295
tileMetA,1568,608,0,0,64,64,0,1,1,4294967295
tileMetA,1632,608,0,0,64,64,0,1,1,4294967295
tileMetA,1376,736,0,0,64,64,0,1,1,4294967295
tileMetA,1440,736,0,0,64,64,0,1,1,4294967295
tileMetA,1504,736,0,0,64,64,0,1,1,4294967295
tileMetA,1568,736,0,0,64,64,0,1,1,4294967295
tileMetA,1632,736,0,0,64,64,0,1,1,4294967295
tileMetA,1632,672,0,0,64,64,0,1,1,4294967295
tileMetA,1376,384,0,0,64,64,0,1,1,4294967295
tileMetA,1440,384,0,0,64,64,0,1,1,4294967295
tileMetA,1504,384,0,0,64,64,0,1,1,4294967295
tileMetA,1568,384,0,0,64,64,0,1,1,4294967295
tileMetA,1632,384,0,0,64,64,0,1,1,4294967295
tileMetA,1376,320,0,0,64,64,0,1,1,4294967295
tileMetA,1440,320,0,0,64,64,0,1,1,4294967295
tileMetA,1504,320,0,0,64,64,0,1,1,4294967295
tileMetA,1568,320,0,0,64,64,0,1,1,4294967295
tileMetA,1632,320,0,0,64,64,0,1,1,4294967295
tileMetA,1376,256,0,0,64,64,0,1,1,4294967295
tileMetA,1440,256,0,0,64,64,0,1,1,4294967295
tileMetA,1504,256,0,0,64,64,0,1,1,4294967295
tileMetA,1568,256,0,0,64,64,0,1,1,4294967295
tileMetA,1632,256,0,0,64,64,0,1,1,4294967295
tileMetA,1376,192,0,0,64,64,0,1,1,4294967295
tileMetA,1440,192,0,0,64,64,0,1,1,4294967295
tileMetA,1504,192,0,0,64,64,0,1,1,4294967295
tileMetA,1568,192,0,0,64,64,0,1,1,4294967295
tileMetA,1632,192,0,0,64,64,0,1,1,4294967295
tileMetA,1376,128,0,0,64,64,0,1,1,4294967295
tileMetA,1440,128,0,0,64,64,0,1,1,4294967295
tileMetA,1504,128,0,0,64,64,0,1,1,4294967295
tileMetA,1568,128,0,0,64,64,0,1,1,4294967295
tileMetA,1632,128,0,0,64,64,0,1,1,4294967295
tileMetA,1376,64,0,0,64,64,0,1,1,4294967295
tileMetA,1440,64,0,0,64,64,0,1,1,4294967295
tileMetA,1504,64,0,0,64,64,0,1,1,4294967295
tileMetA,1568,64,0,0,64,64,0,1,1,4294967295
tileMetA,1632,64,0,0,64,64,0,1,1,4294967295
tileMetA,1376,0,0,0,64,64,0,1,1,4294967295
tileMetA,1440,0,0,0,64,64,0,1,1,4294967295
tileMetA,1504,0,0,0,64,64,0,1,1,4294967295
tileMetA,1568,0,0,0,64,64,0,1,1,4294967295
tileMetA,1632,0,0,0,64,64,0,1,1,4294967295
editorGridSpacingA,1696,480,0,0,128,128,0,1,1,4294967295
editorGridSpacingA,1696,352,0,0,128,128,0,1,1,4294967295
editorGridSpacingA,1824,352,0,0,128,128,0,1,1,4294967295
editorGridSpacingA,1824,480,0,0,128,128,0,1,1,4294967295
editorGridSpacingA,1952,352,0,0,128,128,0,1,1,4294967295
editorGridSpacingA,1952,480,0,0,128,128,0,1,1,4294967295
editorGridSpacingA,1696,224,0,0,128,128,0,1,1,4294967295
editorGridSpacingA,1824,224,0,0,128,128,0,1,1,4294967295
editorGridSpacingA,1952,224,0,0,128,128,0,1,1,4294967295
tileCastleOfDoom,1184,672,160,224,32,32,0,1,1,4294967295
tileCastleOfDoom,1184,704,160,224,32,32,0,1,1,4294967295
tileCastleOfDoom,1216,672,160,224,32,32,0,1,1,4294967295
tileCastleOfDoom,1216,704,160,224,32,32,0,1,1,4294967295
tileCastleOfDoom,1248,672,160,224,32,32,0,1,1,4294967295
tileCastleOfDoom,1280,672,160,224,32,32,0,1,1,4294967295
tileCastleOfDoom,1312,672,160,224,32,32,0,1,1,4294967295
tileCastleOfDoom,1344,672,160,224,32,32,0,1,1,4294967295
tileCastleOfDoom,1376,672,160,224,32,32,0,1,1,4294967295
tileCastleOfDoom,1408,672,160,224,32,32,0,1,1,4294967295
tileCastleOfDoom,1440,672,160,224,32,32,0,1,1,4294967295
tileCastleOfDoom,1472,672,160,224,32,32,0,1,1,4294967295
tileCastleOfDoom,1504,672,160,224,32,32,0,1,1,4294967295
tileCastleOfDoom,1536,672,160,224,32,32,0,1,1,4294967295
tileCastleOfDoom,1568,672,160,224,32,32,0,1,1,4294967295
tileCastleOfDoom,1600,672,160,224,32,32,0,1,1,4294967295
tileCastleOfDoom,1248,704,160,224,32,32,0,1,1,4294967295
tileCastleOfDoom,1280,704,160,224,32,32,0,1,1,4294967295
tileCastleOfDoom,1312,704,160,224,32,32,0,1,1,4294967295
tileCastleOfDoom,1344,704,160,224,32,32,0,1,1,4294967295
tileCastleOfDoom,1376,704,160,224,32,32,0,1,1,4294967295
tileCastleOfDoom,1408,704,160,224,32,32,0,1,1,4294967295
tileCastleOfDoom,1440,704,160,224,32,32,0,1,1,4294967295
tileCastleOfDoom,1472,704,160,224,32,32,0,1,1,4294967295
tileCastleOfDoom,1504,704,160,224,32,32,0,1,1,4294967295
tileCastleOfDoom,1536,704,160,224,32,32,0,1,1,4294967295
tileCastleOfDoom,1568,704,160,224,32,32,0,1,1,4294967295
tileCastleOfDoom,1600,704,160,224,32,32,0,1,1,4294967295
tileCastleOfDoom,1152,800,0,0,192,288,0,1,1,4294967295
tileCastleOfDoom,1344,800,0,0,192,288,0,1,1,4294967295
tileCastleOfDoom,1536,800,0,0,192,288,0,1,1,4294967295
tileEarthTemple,1696,608,0,112,96,96,0,1,1,4294967295
tileEarthTemple,1792,608,0,112,96,96,0,1,1,4294967295
tileEarthTemple,1888,608,0,112,96,96,0,1,1,4294967295
tileEarthTemple,1696,704,0,112,96,96,0,1,1,4294967295
tileEarthTemple,1792,704,0,112,96,96,0,1,1,4294967295
tileEarthTemple,1888,800,0,112,96,96,0,1,1,4294967295
tileEarthTemple,1888,704,0,112,96,96,0,1,1,4294967295
tileEarthTemple,1888,896,0,112,96,96,0,1,1,4294967295
tileEarthTemple,1888,992,0,112,96,96,0,1,1,4294967295
tileEarthTemple,1888,1088,0,112,96,96,0,1,1,4294967295
tileEarthTemple,1792,800,0,112,96,96,0,1,1,4294967295
tileEarthTemple,1792,896,0,112,96,96,0,1,1,4294967295
tileEarthTemple,1792,992,0,112,96,96,0,1,1,4294967295
tileEarthTemple,1792,1088,0,112,96,96,0,1,1,4294967295
tileEarthTemple,1728,800,32,112,64,96,0,1,1,4294967295
tileEarthTemple,1728,896,32,112,64,96,0,1,1,4294967295
tileEarthTemple,1728,992,32,112,64,96,0,1,1,4294967295
tileEarthTemple,1696,1088,0,112,96,96,0,1,1,4294967295
tileEarthTemple,1600,1088,0,112,96,96,0,1,1,4294967295
tileEarthTemple,1984,608,0,112,96,96,0,1,1,4294967295
tileEarthTemple,2080,608,0,112,96,96,0,1,1,4294967295
tileEarthTemple,1984,704,0,112,96,96,0,1,1,4294967295
tileEarthTemple,1984,800,0,112,96,96,0,1,1,4294967295
tileEarthTemple,1984,896,0,112,96,96,0,1,1,4294967295
tileEarthTemple,2080,704,0,112,96,96,0,1,1,4294967295
tileEarthTemple,2080,800,0,112,96,96,0,1,1,4294967295
tileEarthTemple,2080,896,0,112,96,96,0,1,1,4294967295
tileEarthTemple,1984,992,0,112,96,96,0,1,1,4294967295
tileEarthTemple,1984,1088,0,112,96,96,0,1,1,4294967295
tileEarthTemple,2080,992,0,112,96,96,0,1,1,4294967295
tileEarthTemple,2080,1088,0,112,96,96,0,1,1,4294967295
tileEarthTemple,1504,1088,0,112,96,96,0,1,1,4294967295
tileEarthTemple,1408,1088,0,112,96,96,0,1,1,4294967295
tileEarthTemple,1312,1088,0,112,96,96,0,1,1,4294967295
tileEarthTemple,1216,1088,0,112,96,96,0,1,1,4294967295
tileEarthTemple,1152,1088,96,0,64,48,0,1,1,4294967295
tileEarthTemple,1152,1136,96,0,64,48,0,1,1,4294967295
tileEarthTemple,2080,560,0,0,96,48,0,1,1,4294967295
tileEarthTemple,2080,544,0,32,96,16,0,1,1,4294967295
tileEarthTemple,2080,448,0,112,96,96,0,1,1,4294967295
tileEarthTemple,2080,192,0,112,96,96,0,1,1,4294967295
tileEarthTemple,2080,96,0,112,96,96,0,1,1,4294967295
tileEarthTemple,2080,0,0,112,96,96,0,1,1,4294967295
tileEarthTemple,1696,128,0,112,96,96,0,1,1,4294967295
tileEarthTemple,1792,128,0,112,96,96,0,1,1,4294967295
tileEarthTemple,1888,128,0,112,96,96,0,1,1,4294967295
tileEarthTemple,1984,128,0,112,96,96,0,1,1,4294967295
tileEarthTemple,1696,32,0,112,96,96,0,1,1,4294967295
tileEarthTemple,1792,32,0,112,96,96,0,1,1,4294967295
tileEarthTemple,1888,32,0,112,96,96,0,1,1,4294967295
tileEarthTemple,1984,32,0,112,96,96,0,1,1,4294967295
tileEarthTemple,1696,0,0,0,160,32,0,1,1,4294967295
tileEarthTemple,1920,0,0,0,160,32,0,1,1,4294967295
tileEarthTemple,1856,0,32,0,64,32,0,1,1,4294967295
tileEarthTemple,2080,288,64,48,64,64,0,1,1,4294967295
tileEarthTemple,2144,288,64,48,64,64,0,1,1,4294967295
tileEarthTemple,2208,288,64,48,64,64,0,1,1,4294967295
tileEarthTemple,2272,288,64,48,64,64,0,1,1,4294967295
tileEarthTemple,2336,288,64,48,64,64,0,1,1,4294967295
tileEarthTemple,2400,288,64,48,64,64,0,1,1,4294967295
tileEarthTemple,2464,288,64,48,64,64,0,1,1,4294967295
tileEarthTemple,2528,288,64,48,64,64,0,1,1,4294967295
tileEarthTemple,2656,288,64,48,64,64,0,1,1,4294967295
tileEarthTemple,2656,352,64,48,64,64,0,1,1,4294967295
tileEarthTemple,2656,416,64,48,64,64,0,1,1,4294967295
tileEarthTemple,2656,480,64,48,64,64,0,1,1,4294967295
tileEarthTemple,2176,544,0,112,96,96,0,1,1,4294967295
tileEarthTemple,2272,544,0,112,96,96,0,1,1,4294967295
tileEarthTemple,2368,544,0,112,96,96,0,1,1,4294967295
tileEarthTemple,2464,544,0,112,96,96,0,1,1,4294967295
tileEarthTemple,2560,544,0,112,96,96,0,1,1,4294967295
tileEarthTemple,2560,640,0,112,96,96,0,1,1,4294967295
tileEarthTemple,2592,288,64,48,64,64,0,1,1,4294967295
tileEarthTemple,2176,640,0,112,96,96,0,1,1,4294967295
tileEarthTemple,2176,736,0,112,96,96,0,1,1,4294967295
tileEarthTemple,2272,640,0,112,96,96,0,1,1,4294967295
tileEarthTemple,2368,640,0,112,96,96,0,1,1,4294967295
tileEarthTemple,2464,640,0,112,96,96,0,1,1,4294967295
tileEarthTemple,2720,640,0,112,96,96,0,1,1,4294967295
tileEarthTemple,2720,544,0,112,96,96,0,1,1,4294967295
tileEarthTemple,2816,640,0,112,96,96,0,1,1,4294967295
tileEarthTemple,2816,544,0,112,96,96,0,1,1,4294967295
tileEarthTemple,2272,736,0,112,96,96,0,1,1,4294967295
tileEarthTemple,2368,736,0,112,96,96,0,1,1,4294967295
tileEarthTemple,2176,832,0,112,96,96,0,1,1,4294967295
tileEarthTemple,2176,928,0,112,96,96,0,1,1,4294967295
tileEarthTemple,2176,1024,0,112,96,96,0,1,1,4294967295
tileEarthTemple,2272,832,0,112,96,96,0,1,1,4294967295
tileEarthTemple,2272,928,0,112,96,96,0,1,1,4294967295
tileEarthTemple,2272,1024,0,112,96,96,0,1,1,4294967295
tileEarthTemple,2368,832,0,112,96,96,0,1,1,4294967295
tileEarthTemple,2368,928,0,112,96,96,0,1,1,4294967295
tileEarthTemple,2368,1024,0,112,96,96,0,1,1,4294967295
tileEarthTemple,2176,1120,32,0,64,32,0,1,1,4294967295
tileEarthTemple,2176,1152,32,0,64,32,0,1,1,4294967295
tileEarthTemple,2240,1120,32,0,64,32,0,1,1,4294967295
tileEarthTemple,2304,1120,32,0,64,32,0,1,1,4294967295
tileEarthTemple,2240,1152,32,0,64,32,0,1,1,4294967295
tileEarthTemple,2368,1120,64,0,96,32,0,1,1,4294967295
tileEarthTemple,2368,1152,64,0,96,32,0,1,1,4294967295
tileEarthTemple,2304,1152,32,0,64,32,0,1,1,4294967295
tileEarthTemple,2912,544,0,112,96,96,0,1,1,4294967295
tileEarthTemple,3008,544,0,112,96,96,0,1,1,4294967295
tileEarthTemple,3104,544,0,112,96,96,0,1,1,4294967295
tileEarthTemple,2912,640,0,112,96,96,0,1,1,4294967295
tileEarthTemple,3008,640,0,112,96,96,0,1,1,4294967295
tileEarthTemple,3104,640,0,112,96,96,0,1,1,4294967295
tileEarthTemple,2176,0,0,112,96,96,0,1,1,4294967295
tileEarthTemple,2176,96,0,112,96,96,0,1,1,4294967295
tileEarthTemple,2176,192,0,112,96,96,0,1,1,4294967295
tileEarthTemple,2176,448,0,112,96,96,0,1,1,4294967295
tileEarthTemple,2272,448,0,112,96,96,0,1,1,4294967295
tileEarthTemple,2368,448,0,112,96,96,0,1,1,4294967295
tileEarthTemple,2464,448,0,112,96,96,0,1,1,4294967295
tileEarthTemple,2560,448,0,112,96,96,0,1,1,4294967295
tileEarthTemple,2272,192,0,112,96,96,0,1,1,4294967295
tileEarthTemple,2368,192,0,112,96,96,0,1,1,4294967295
tileEarthTemple,2464,192,0,112,96,96,0,1,1,4294967295
tileEarthTemple,2560,192,0,112,96,96,0,1,1,4294967295
tileEarthTemple,2272,96,0,112,96,96,0,1,1,4294967295
tileEarthTemple,2368,96,0,112,96,96,0,1,1,4294967295
tileEarthTemple,2464,96,0,112,96,96,0,1,1,4294967295
tileEarthTemple,2560,96,0,112,96,96,0,1,1,4294967295
tileEarthTemple,2272,0,0,112,96,96,0,1,1,4294967295
tileEarthTemple,2368,0,0,112,96,96,0,1,1,4294967295
tileEarthTemple,2464,0,0,112,96,96,0,1,1,4294967295
tileEarthTemple,2560,0,0,112,96,96,0,1,1,4294967295
tileEarthTemple,2656,0,96,0,64,48,0,1,1,4294967295
tileEarthTemple,2656,48,96,0,64,48,0,1,1,4294967295
tileEarthTemple,2656,96,96,0,64,48,0,1,1,4294967295
tileEarthTemple,2656,144,96,0,64,48,0,1,1,4294967295
tileEarthTemple,2656,192,96,0,64,48,0,1,1,4294967295
tileEarthTemple,2656,240,96,0,64,48,0,1,1,4294967295
tileEarthTemple,2720,496,0,0,160,48,0,1,1,4294967295
tileEarthTemple,2880,496,0,0,160,48,0,1,1,4294967295
tileEarthTemple,3040,496,0,0,160,48,0,1,1,4294967295
tileEarthTemple,2720,480,0,32,160,16,0,1,1,4294967295
tileEarthTemple,2880,480,0,32,160,16,0,1,1,4294967295
tileEarthTemple,3040,480,0,32,160,16,0,1,1,4294967295
tileEarthTemple,2720,0,0,112,96,96,0,1,1,4294967295
tileEarthTemple,2816,0,0,112,96,96,0,1,1,4294967295
tileEarthTemple,2912,0,0,112,96,96,0,1,1,4294967295
tileEarthTemple,3008,0,0,112,96,96,0,1,1,4294967295
tileEarthTemple,3104,0,0,112,96,96,0,1,1,4294967295
tileEarthTemple,2720,96,0,112,96,96,0,1,1,4294967295
tileEarthTemple,2816,96,0,112,96,96,0,1,1,4294967295
tileEarthTemple,2912,96,0,112,96,96,0,1,1,4294967295
tileEarthTemple,3008,96,0,112,96,96,0,1,1,4294967295
tileEarthTemple,3104,96,0,112,96,96,0,1,1,4294967295
tileEarthTemple,2720,192,0,112,96,96,0,1,1,4294967295
tileEarthTemple,2816,192,0,112,96,96,0,1,1,4294967295
tileEarthTemple,2912,192,0,112,96,96,0,1,1,4294967295
tileEarthTemple,3008,192,0,112,96,96,0,1,1,4294967295
tileEarthTemple,3104,192,0,112,96,96,0,1,1,4294967295
tileEarthTemple,2720,288,0,112,96,96,0,1,1,4294967295
tileEarthTemple,2816,288,0,112,96,96,0,1,1,4294967295
tileEarthTemple,2912,288,0,112,96,96,0,1,1,4294967295
tileEarthTemple,3008,288,0,112,96,96,0,1,1,4294967295
tileEarthTemple,3104,288,0,112,96,96,0,1,1,4294967295
tileEarthTemple,2720,384,0,112,96,96,0,1,1,4294967295
tileEarthTemple,2816,384,0,112,96,96,0,1,1,4294967295
tileEarthTemple,2912,384,0,112,96,96,0,1,1,4294967295
tileEarthTemple,3008,384,0,112,96,96,0,1,1,4294967295
tileEarthTemple,3104,384,0,112,96,96,0,1,1,4294967295
tileEarthTemple,2912,736,0,112,96,96,0,1,1,4294967295
tileEarthTemple,3008,736,0,112,96,96,0,1,1,4294967295
tileEarthTemple,3104,736,0,112,96,96,0,1,1,4294967295
tileEarthTemple,2912,832,0,112,96,96,0,1,1,4294967295
tileEarthTemple,2912,928,0,112,96,96,0,1,1,4294967295
tileEarthTemple,2912,1024,0,112,96,96,0,1,1,4294967295
tileEarthTemple,3008,832,0,112,96,96,0,1,1,4294967295
tileEarthTemple,3008,928,0,112,96,96,0,1,1,4294967295
tileEarthTemple,3008,1024,0,112,96,96,0,1,1,4294967295
tileEarthTemple,3104,832,0,112,96,96,0,1,1,4294967295
tileEarthTemple,3104,928,0,112,96,96,0,1,1,4294967295
tileEarthTemple,3104,1024,0,112,96,96,0,1,1,4294967295
tileEarthTemple,2912,1136,0,0,160,48,0,1,1,4294967295
tileEarthTemple,3072,1136,0,0,128,48,0,1,1,4294967295
tileEarthTemple,3072,1120,0,32,128,16,0,1,1,4294967295
tileEarthTemple,2912,1120,0,32,160,16,0,1,1,4294967295
tileIntermediaryWoods,2464,1120,0,192,32,32,0,1,1,4294967295
tileIntermediaryWoods,2496,1104,0,192,32,32,0,1,1,4294967295
tileIntermediaryWoods,2528,1088,0,192,32,32,0,1,1,4294967295
tileIntermediaryWoods,2560,1072,0,192,32,32,0,1,1,4294967295
tileIntermediaryWoods,2880,1120,32,192,32,32,0,1,1,4294967295
tileIntermediaryWoods,2848,1104,32,192,32,32,0,1,1,4294967295
tileIntermediaryWoods,2816,1088,32,192,32,32,0,1,1,4294967295
tileIntermediaryWoods,2784,1072,32,192,32,32,0,1,1,4294967295
tileIntermediaryWoods,2592,1072,64,48,64,64,0,1,1,4294967295
tileIntermediaryWoods,2656,1072,64,48,64,64,0,1,1,4294967295
tileIntermediaryWoods,2720,1072,64,48,64,64,0,1,1,4294967295
tileIntermediaryWoods,2592,1136,64,80,64,32,0,1,1,4294967295
tileIntermediaryWoods,2656,1136,64,80,64,32,0,1,1,4294967295
tileIntermediaryWoods,2720,1136,64,80,64,32,0,1,1,4294967295
tileIntermediaryWoods,2784,1136,64,80,64,32,0,1,1,4294967295
tileIntermediaryWoods,2528,1136,64,80,64,32,0,1,1,4294967295
tileIntermediaryWoods,2528,1120,64,96,64,16,0,1,1,4294967295
tileIntermediaryWoods,2784,1120,64,96,64,16,0,1,1,4294967295
tileIntermediaryWoods,2848,1152,64,96,64,16,0,1,1,4294967295
tileIntermediaryWoods,2464,1152,64,96,64,16,0,1,1,4294967295
tileIntermediaryWoods,2848,1136,96,80,32,16,0,1,1,4294967295
tileIntermediaryWoods,2784,1104,96,80,32,16,0,1,1,4294967295
tileIntermediaryWoods,2560,1104,64,80,32,16,0,1,1,4294967295
tileIntermediaryWoods,2496,1136,64,80,32,16,0,1,1,4294967295
tileIntermediaryWoods,2464,1168,64,80,64,16,0,1,1,4294967295
tileIntermediaryWoods,2528,1168,64,80,64,16,0,1,1,4294967295
tileIntermediaryWoods,2592,1168,64,80,64,16,0,1,1,4294967295
tileIntermediaryWoods,2656,1168,64,80,64,16,0,1,1,4294967295
tileIntermediaryWoods,2720,1168,64,80,64,16,0,1,1,4294967295
tileIntermediaryWoods,2784,1168,64,80,64,16,0,1,1,4294967295
tileIntermediaryWoods,2848,1168,64,80,64,16,0,1,1,4294967295
tileIntermediaryWoods,2592,1008,160,64,16,64,0,1,1,4294967295
tileIntermediaryWoods,2768,1008,160,64,16,64,0,1,1,4294967295
tileIntermediaryWoods,2848,944,80,32,64,16,0,1,1,4294967295
tileIntermediaryWoods,2464,944,80,32,64,16,0,1,1,4294967295
tileWindTemple,2656,544,112,16,32,96,0,1,1,4294967295
tileWindTemple,2656,640,112,16,32,96,0,1,1,4294967295
tileWindTemple,2688,544,112,16,32,96,0,1,1,4294967295
tileWindTemple,2688,640,112,16,32,96,0,1,1,4294967295
tileWindTemple,2080,352,0,160,96,32,0,1,1,4294967295
tileWindTemple,2176,352,0,160,96,32,0,1,1,4294967295
tileWindTemple,2272,352,0,160,96,32,0,1,1,4294967295
tileWindTemple,2368,352,0,160,96,32,0,1,1,4294967295
tileWindTemple,2464,352,0,160,96,32,0,1,1,4294967295
tileWindTemple,2560,352,0,160,96,32,0,1,1,4294967295
tileWindTemple,2080,384,0,160,96,32,0,1,1,4294967295
tileWindTemple,2080,416,0,160,96,32,0,1,1,4294967295
tileWindTemple,2176,384,0,160,96,32,0,1,1,4294967295
tileWindTemple,2176,416,0,160,96,32,0,1,1,4294967295
tileWindTemple,2272,384,0,160,96,32,0,1,1,4294967295
tileWindTemple,2272,416,0,160,96,32,0,1,1,4294967295
tileWindTemple,2368,384,0,160,96,32,0,1,1,4294967295
tileWindTemple,2368,416,0,160,96,32,0,1,1,4294967295
tileWindTemple,2464,384,0,160,96,32,0,1,1,4294967295
tileWindTemple,2464,416,0,160,96,32,0,1,1,4294967295
tileWindTemple,2560,384,0,160,96,32,0,1,1,4294967295
tileWindTemple,2560,416,0,160,96,32,0,1,1,4294967295
tileBossRoomA,496,256,128,144,64,32,0,1,1,4294967295
tileBossRoomA,256,112,128,96,64,32,0,1,1,4294967295
tileBossRoomA,256,144,128,160,64,16,0,1,1,4294967295
tileBossRoomA,384,144,128,160,64,16,0,1,1,4294967295
tileBossRoomA,384,112,128,96,64,32,0,1,1,4294967295
tileBossRoomA,496,224,128,96,64,32,0,1,1,4294967295
tileIntermediaryWoods,2672,1008,80,32,16,16,0,1,1,4294967295
tileIntermediaryWoods,2688,1008,128,32,16,16,0,1,1,4294967295
