oExit,0,256,000F02A1,0,1,1,4294967295,0,1
oExit,624,256,002F4DDA,0,1,1,4294967295,0,1
oSignPost,240,288,0029E2B6,0,1,1,4294967295,0,1
oSwitchHolder,480,80,0023BE7E,0,1,1,4294967295,0,1
oSwitchBarrier,320,224,00369149,0,1,1,4294967295,0,1
oPlayer1,48,288,00293759,0,1,1,4294967295,0,0
oInvCollPH,464,256,0027B128,0,1,1,4294967295,0,0
oInvCollPH,480,256,0027D8E2,0,1,1,4294967295,0,0
oInvCollPH,16,288,0031F408,0,1,1,4294967295,0,0
oInvCollPH,32,288,000F736B,0,1,1,4294967295,0,0
oInvCollPH,48,288,003D0808,0,1,1,4294967295,0,0
oInvCollPH,64,288,002FDC72,0,1,1,4294967295,0,0
oInvCollPH,80,288,00297BE0,0,1,1,4294967295,0,0
oInvCollPH,96,288,001A62ED,0,1,1,4294967295,0,0
oInvCollPH,112,288,003E2A26,0,1,1,4294967295,0,0
oInvCollPH,128,288,003224BE,0,1,1,4294967295,0,0
oInvCollPH,144,288,0007CA7B,0,1,1,4294967295,0,0
oInvCollPH,160,288,00392875,0,1,1,4294967295,0,0
oInvCollPH,176,288,00372C8D,0,1,1,4294967295,0,0
oInvCollPH,192,288,0038291A,0,1,1,4294967295,0,0
oInvCollPH,208,288,000154D6,0,1,1,4294967295,0,0
oInvCollPH,304,288,0005AD56,0,1,1,4294967295,0,0
oInvCollPH,288,288,003C0755,0,1,1,4294967295,0,0
oInvCollPH,272,288,00044794,0,1,1,4294967295,0,0
oInvCollPH,256,288,00291651,0,1,1,4294967295,0,0
oInvCollPH,384,288,00069D1B,0,1,1,4294967295,0,0
oInvCollPH,368,288,001010A3,0,1,1,4294967295,0,0
oInvCollPH,352,288,000517B5,0,1,1,4294967295,0,0
oInvCollPH,336,288,001CA656,0,1,1,4294967295,0,0
oInvCollPH,320,288,00180E16,0,1,1,4294967295,0,0
oInvCollPH,560,288,002EDF4C,0,1,1,4294967295,0,0
oInvCollPH,608,288,001E7CE9,0,1,1,4294967295,0,0
oInvCollPH,592,288,00161437,0,1,1,4294967295,0,0
oInvCollPH,576,288,0007A1CA,0,1,1,4294967295,0,0
oInvCollPH,624,288,003CE8FC,0,1,1,4294967295,0,0
oInvCollPH,512,288,003BAD06,0,1,1,4294967295,0,0
oInvCollPH,528,288,002C4748,0,1,1,4294967295,0,0
oInvCollPH,544,288,0008A900,0,1,1,4294967295,0,0
oInvCollPH,448,272,0012F91F,0,1,1,4294967295,0,0
oInvCollPH,432,288,002482EC,0,1,1,4294967295,0,0
oInvCollPH,416,288,0027750C,0,1,1,4294967295,0,0
oInvCollPH,400,288,00092FB7,0,1,1,4294967295,0,0
oInvCollPH,496,256,00345EF1,0,1,1,4294967295,0,0
oInvCollPH,224,288,00181F56,0,1,1,4294967295,0,0
oInvCollPH,240,288,00298E5B,0,1,1,4294967295,0,0
oInvCollPH,496,272,0007B942,0,1,1,4294967295,0,0
oInvCollPH,304,112,00224C18,0,1,1,4294967295,0,0
oInvCollPH,320,96,000FBDF7,0,1,1,4294967295,0,0
oInvCollPH,336,96,000444D3,0,1,1,4294967295,0,0
oInvCollPH,352,96,003DF99E,0,1,1,4294967295,0,0
oInvCollPH,352,112,003F4006,0,1,1,4294967295,0,0
oInvCollPH,320,144,00394043,0,1,1,4294967295,0,0
oInvCollPH,320,160,000F205D,0,1,1,4294967295,0,0
oInvCollPH,320,176,000DD0EA,0,1,1,4294967295,0,0
oInvCollPH,320,192,000DB107,0,1,1,4294967295,0,0
oInvCollPH,320,208,00085F67,0,1,1,4294967295,0,0
oInvCollPH,336,208,002F538A,0,1,1,4294967295,0,0
oInvCollPH,336,192,000290FC,0,1,1,4294967295,0,0
oInvCollPH,336,176,0003560F,0,1,1,4294967295,0,0
oInvCollPH,336,160,001D5114,0,1,1,4294967295,0,0
oInvCollPH,336,144,003552F3,0,1,1,4294967295,0,0
oInvCollPH,336,128,0037A14E,0,1,1,4294967295,0,0
oInvCollPH,464,112,000A9797,0,1,1,4294967295,0,0
oInvCollPH,480,112,0039CEB8,0,1,1,4294967295,0,0
oInvCollPH,480,96,000CE48B,0,1,1,4294967295,0,0
oInvisibleSolid,0,288,0001B089,0,1,1,4294967295,0,1
oInvisibleSolid,448,256,001330E3,0,1,1,4294967295,0,1
oInvisibleSolid,304,96,000F6004,0,1,1,4294967295,0,1
oInvisibleSolid,320,128,003A60BA,0,1,1,4294967295,0,1
oInvisibleSolid,464,96,003966A8,0,1,1,4294967295,0,1
