oExit,0,256,000F02A1,0,1,1,4294967295,0,1
oExit,464,256,002F7AAC,0,1,1,4294967295,0,1
oZeldaBreakPot,272,272,0016951F,0,1,1,4294967295,0,1
oWeaponLevelUpgrade,376,272,001AF966,0,1,1,4294967295,0,1
oPlayer1,240,288,00293759,0,1,1,4294967295,0,0
oInvCollPH,464,288,0027B128,0,1,1,4294967295,0,0
oInvCollPH,16,288,0031F408,0,1,1,4294967295,0,0
oInvCollPH,32,288,000F736B,0,1,1,4294967295,0,0
oInvCollPH,48,288,003D0808,0,1,1,4294967295,0,0
oInvCollPH,64,288,002FDC72,0,1,1,4294967295,0,0
oInvCollPH,80,288,00297BE0,0,1,1,4294967295,0,0
oInvCollPH,96,288,001A62ED,0,1,1,4294967295,0,0
oInvCollPH,112,288,003E2A26,0,1,1,4294967295,0,0
oInvCollPH,128,288,003224BE,0,1,1,4294967295,0,0
oInvCollPH,144,288,0007CA7B,0,1,1,4294967295,0,0
oInvCollPH,160,288,00392875,0,1,1,4294967295,0,0
oInvCollPH,176,288,00372C8D,0,1,1,4294967295,0,0
oInvCollPH,192,288,0038291A,0,1,1,4294967295,0,0
oInvCollPH,208,288,000154D6,0,1,1,4294967295,0,0
oInvCollPH,224,288,001E0361,0,1,1,4294967295,0,0
oInvCollPH,304,288,0005AD56,0,1,1,4294967295,0,0
oInvCollPH,288,288,003C0755,0,1,1,4294967295,0,0
oInvCollPH,272,288,00044794,0,1,1,4294967295,0,0
oInvCollPH,256,288,00291651,0,1,1,4294967295,0,0
oInvCollPH,240,288,000DFC88,0,1,1,4294967295,0,0
oInvCollPH,384,288,00069D1B,0,1,1,4294967295,0,0
oInvCollPH,368,288,001010A3,0,1,1,4294967295,0,0
oInvCollPH,352,288,000517B5,0,1,1,4294967295,0,0
oInvCollPH,336,288,001CA656,0,1,1,4294967295,0,0
oInvCollPH,320,288,00180E16,0,1,1,4294967295,0,0
oInvCollPH,448,288,0012F91F,0,1,1,4294967295,0,0
oInvCollPH,432,288,002482EC,0,1,1,4294967295,0,0
oInvCollPH,416,288,0027750C,0,1,1,4294967295,0,0
oInvCollPH,400,288,00092FB7,0,1,1,4294967295,0,0
oInvisibleSolid,0,288,0001B089,0,1,1,4294967295,0,1
