tileSeedEscapeA_Normal,544,288,0,144,32,32,0,1,1,4294967295
tileSeedEscapeA_Normal,1024,1040,16,160,16,16,0,1,1,4294967295
tileSeedEscapeA_Normal,960,288,0,0,32,16,0,1,1,4294967295
tileSeedEscapeA_Normal,960,304,0,48,32,16,0,1,1,4294967295
tileSeedEscapeA_Normal,992,288,64,0,32,16,0,1,1,4294967295
tileSeedEscapeA_Normal,992,304,64,48,32,16,0,1,1,4294967295
tileSeedEscapeA_Normal,1120,192,0,64,32,64,0,1,1,4294967295
tileSeedEscapeA_Normal,1120,256,0,64,32,64,0,1,1,4294967295
tileSeedEscapeA_Normal,1152,192,96,32,32,32,0,1,1,4294967295
tileSeedEscapeA_Normal,1184,192,96,32,32,32,0,1,1,4294967295
tileSeedEscapeA_Normal,1216,192,96,32,32,32,0,1,1,4294967295
tileSeedEscapeA_Normal,1248,192,96,32,32,32,0,1,1,4294967295
tileSeedEscapeA_Normal,1152,288,96,32,32,32,0,1,1,4294967295
tileSeedEscapeA_Normal,1184,288,96,32,32,32,0,1,1,4294967295
tileSeedEscapeA_Normal,1216,288,96,32,32,32,0,1,1,4294967295
tileSeedEscapeA_Normal,1248,288,96,32,32,32,0,1,1,4294967295
tileSeedEscapeA_Normal,1248,224,96,32,32,32,0,1,1,4294967295
tileSeedEscapeA_Normal,1248,256,96,32,32,32,0,1,1,4294967295
tileSeedEscapeA_Normal,1152,224,96,32,32,32,0,1,1,4294967295
tileSeedEscapeA_Normal,1184,224,96,32,32,32,0,1,1,4294967295
tileSeedEscapeA_Normal,1216,224,96,32,32,32,0,1,1,4294967295
tileSeedEscapeA_Normal,1152,256,96,32,32,32,0,1,1,4294967295
tileSeedEscapeA_Normal,1184,256,96,32,32,32,0,1,1,4294967295
tileSeedEscapeA_Normal,1216,256,96,32,32,32,0,1,1,4294967295
