oWS_Propeller,368,352,00099B19,0,1,1,4294967295,0,0
oWS_Propeller,400,352,00375522,0,1,1,4294967295,0,0
oWS_Propeller,1616,336,002DF5F2,0,1,1,4294967295,0,0
oWS_Propeller,624,352,000F1829,0,1,1,4294967295,0,0
oExit,0,144,0008DA0E,0,1,1,4294967295,0,1
oExit,0,256,002E4C66,0,1,1,4294967295,0,1
oExit,5456,208,003E4AA5,0,1,1,4294967295,0,1
oWS_WarPanelTurret,3944,232,0007B75B,0,1,1,4294967295,0,0
oWS_WarPanelTurret,4216,216,0033051F,0,1,1,4294967295,0,0
oWS_WarPanelTurret,4472,280,0020D0D2,0,1,1,4294967295,0,0
oWS_WarPanelTurret,4680,312,00330C28,0,1,1,4294967295,0,0
oWS_WarPanelTurret,4840,136,0002DBF8,0,1,1,4294967295,0,0
oWS_WarPanelTurret,5112,136,00341F58,0,1,1,4294967295,0,1
oWS_WarPanelTurret,5240,296,000F1B9E,0,1,1,4294967295,0,1
oHealingPost,208,208,002A7ED2,0,1,1,4294967295,0,0
oSwitchHolder,784,160,00127BCF,0,1,1,4294967295,0,1
oEventBarrier,320,224,0000046E,0,1,1,4294967295,0,1
oEventBarrier,1712,224,000DD9BF,0,1,1,4294967295,0,1
oStrikeChainPoint,284,352,002315F5,0,1,1,4294967295,0,0
oStrikeChainPoint,196,304,0019D8FE,0,1,1,4294967295,0,0
oStrikeChainPoint,124,352,00352527,0,1,1,4294967295,0,0
oWeaponLevelUpgrade,2368,48,00107B1B,0,1,1,4294967295,0,1
oStrikeChainPoint,3140,272,002FAF76,0,1,1,4294967295,0,0
oStrikeChainPoint,3228,240,0008B484,0,1,1,4294967295,0,0
oStrikeChainPoint,3332,304,002576EB,0,1,1,4294967295,0,0
oStrikeChainPoint,3508,224,002D5DD1,0,1,1,4294967295,0,0
oStrikeChainPoint,3332,208,001C71AA,0,1,1,4294967295,0,0
oStrikeChainPoint,3044,320,001CE937,0,1,1,4294967295,0,0
oStrikeChainPoint,3836,208,0017698F,0,1,1,4294967295,0,0
oStrikeChainPoint,4068,232,001A4B46,0,1,1,4294967295,0,0
oStrikeChainPoint,4324,280,001159DB,0,1,1,4294967295,0,0
oStrikeChainPoint,4580,312,00146532,0,1,1,4294967295,0,0
oZeldaBreakPot,4704,160,00228274,0,1,1,4294967295,0,1
oZeldaBreakPot,4720,160,0008DA70,0,1,1,4294967295,0,1
oZeldaBreakPot,4736,160,0036CDAE,0,1,1,4294967295,0,1
oZeldaBreakPot,4752,160,000D5082,0,1,1,4294967295,0,1
oZeldaBreakPot,5072,192,00116408,0,1,1,4294967295,0,1
oZeldaBreakPot,5088,192,000F1FD3,0,1,1,4294967295,0,1
oZeldaBreakPot,5104,192,00217110,0,1,1,4294967295,0,1
oZeldaBreakPot,5120,192,00279602,0,1,1,4294967295,0,1
oStrikeChainPoint,3836,280,00216FCA,0,1,1,4294967295,0,0
oStrikeChainPoint,4068,288,00328CF1,0,1,1,4294967295,0,0
oStrikeChainPoint,3140,336,0009D845,0,1,1,4294967295,0,0
oStrikeChainPoint,3508,288,003EE306,0,1,1,4294967295,0,0
oCheckpointSpot,2816,128,00186DFF,0,1,1,4294967295,0,1
oStrikeChainPoint,3228,352,0027472F,0,1,1,4294967295,0,0
oStrikeChainPoint,3388,176,00160BB1,0,1,1,4294967295,0,0
oStrikeChainPoint,3012,368,001DBDD1,0,1,1,4294967295,0,0
oStrikeChainPoint,3140,384,001F71FA,0,1,1,4294967295,0,0
oStrikeChainPoint,3332,384,0029995C,0,1,1,4294967295,0,0
oStrikeChainPoint,3772,352,000FB083,0,1,1,4294967295,0,0
oStrikeChainPoint,4068,336,003ABF9F,0,1,1,4294967295,0,0
oStrikeChainPoint,4324,384,000C1141,0,1,1,4294967295,0,0
oStrikeChainPoint,4580,400,003B296B,0,1,1,4294967295,0,0
oStrikeChainPoint,3508,336,00171B63,0,1,1,4294967295,0,0
oStrikeChainPoint,4324,216,001E4207,0,1,1,4294967295,0,0
oStrikeChainPoint,4708,288,00026B3E,0,1,1,4294967295,0,0
oStrikeChainPoint,3980,272,00158880,0,1,1,4294967295,0,0
oStrikeChainPoint,4188,272,001BD45E,0,1,1,4294967295,0,0
oStrikeChainPoint,4188,352,002DE676,0,1,1,4294967295,0,0
oStrikeChainPoint,4444,368,000049EE,0,1,1,4294967295,0,0
oStrikeChainPoint,4444,224,00318796,0,1,1,4294967295,0,0
oZeldaBreakPot,2272,192,0037E7BC,0,1,1,4294967295,0,1
oZeldaBreakPot,2288,192,001D700F,0,1,1,4294967295,0,1
oZeldaBreakPot,2304,192,0036787F,0,1,1,4294967295,0,1
oZeldaBreakPot,2320,192,000E0A80,0,1,1,4294967295,0,1
oZeldaBreakPot,2256,192,0016F670,0,1,1,4294967295,0,1
oZeldaBreakPot,2336,192,0022C221,0,1,1,4294967295,0,1
oEventBarrier,4576,48,002103DB,0,1,1,4294967295,0,1
oEventBarrier,1056,32,003C9FF1,0,1,1,4294967295,0,1
oWS_LightningTrap,144,40,000E9539,0,1,1,4294967295,0,1
oWS_LightningTrap,2700,32,00259BCE,0,1,1,4294967295,0,1
oWS_LightningTrap,2692,32,0039F968,0,1,1,4294967295,0,1
oWS_LightningTrap,2684,32,00197B87,0,1,1,4294967295,0,1
oWS_LightningTrap,2676,32,00050BFA,0,1,1,4294967295,0,1
oWS_LightningTrap,1376,376,003A5BB0,0,1,1,4294967295,0,1
oWS_LightningTrap,1216,376,0014046A,0,1,1,4294967295,0,1
oWS_LightningTrap,3584,184,001A1B0D,0,1,1,4294967295,0,1
oWS_LightningTrap,3572,336,0007212E,0,1,1,4294967295,0,1
oWS_LightningTrap,3580,336,00116557,0,1,1,4294967295,0,1
oWS_LightningTrap,4904,400,002A4454,0,1,1,4294967295,0,1
oWS_LightningTrap,4952,400,0039C3CE,0,1,1,4294967295,0,1
oTimedSwitch,4992,320,0006776C,0,1,1,4294967295,0,1
oTimedSwitch,5232,320,0016D115,0,1,1,4294967295,0,1
oTimedSwitch,4880,112,00000538,0,1,1,4294967295,0,1
oWS_TargetingWarTurret,940,284,00064E26,0,1,1,4294967295,0,1
oWS_WarshipLatch,2544,128,000D5A43,0,1,1,4294967295,0,0
oWS_WarshipLatch,2640,128,001C3957,0,1,1,4294967295,0,0
oWS_ScrewWarTurret,3664,112,000A2FCD,0,1,1,4294967295,0,0
oWS_ScrewWarTurret,4000,112,00237F7B,0,1,1,4294967295,0,0
oWS_ScrewWarTurret,4400,112,002B463B,0,1,1,4294967295,0,0
oCHAOS_AdvancedTurret,4928,64,000859D7,0,1,1,4294967295,0,1
oPlayerIdle,48,176,00184931,0,1,1,4294967295,0,1
oPlayer1,48,288,000DE17D,0,1,1,4294967295,0,0
oSpikeZone,1888,0,00223FBE,0,1,1,4294967295,0,1
oSpikeZone,1056,224,002AA6E7,0,1,1,4294967295,0,1
oSpikeZone,1120,224,00384787,0,1,1,4294967295,0,1
oSpikeZone,1184,224,00070A32,0,1,1,4294967295,0,1
oSpikeZone,1248,224,0013E8AA,0,1,1,4294967295,0,1
oSpikeZone,1312,224,00210CEE,0,1,1,4294967295,0,1
oSpikeZone,1376,224,000415DC,0,1,1,4294967295,0,1
oSpikeZone,1424,224,000FD6FF,0,1,1,4294967295,0,1
oSpikeZone,3656,112,0025F535,0,1,1,4294967295,0,1
oSpikeZone,3992,112,003DC678,0,1,1,4294967295,0,1
oSpikeZone,4392,112,0034B8B7,0,1,1,4294967295,0,1
oScaledTrapZone,96,16,000B82CD,0,1,1,4294967295,0,1
oSpikeZone,4608,0,002C775E,0,1,1,4294967295,0,1
oInvCollPH,16,176,00070694,0,1,1,4294967295,0,0
oInvCollPH,32,176,00021371,0,1,1,4294967295,0,0
oInvCollPH,48,176,0039AD20,0,1,1,4294967295,0,0
oInvCollSH,16,288,0005C05E,0,1,1,4294967295,0,0
oInvCollSH,32,288,002E917B,0,1,1,4294967295,0,0
oInvCollSH,48,288,000D2B70,0,1,1,4294967295,0,0
oInvCollPH,64,176,00041383,0,1,1,4294967295,0,0
oInvCollPH,80,176,00224339,0,1,1,4294967295,0,0
oInvCollPH,96,176,000BE22E,0,1,1,4294967295,0,0
oInvCollPH,112,176,0034A7DE,0,1,1,4294967295,0,0
oInvCollPH,128,176,0000FF7B,0,1,1,4294967295,0,0
oInvCollPH,144,176,0023084B,0,1,1,4294967295,0,0
oInvCollPH,208,208,00130854,0,1,1,4294967295,0,0
oInvCollPH,272,240,0029A100,0,1,1,4294967295,0,0
oInvCollPH,288,240,000173E1,0,1,1,4294967295,0,0
oInvCollPH,304,240,001AEE5F,0,1,1,4294967295,0,0
oInvCollPH,320,240,001BC807,0,1,1,4294967295,0,0
oInvCollPH,336,240,0001A5E8,0,1,1,4294967295,0,0
oInvCollPH,400,240,002F0124,0,1,1,4294967295,0,0
oInvCollPH,384,240,002DA67C,0,1,1,4294967295,0,0
oInvCollPH,368,240,003A24AA,0,1,1,4294967295,0,0
oInvCollPH,352,240,0036ABF9,0,1,1,4294967295,0,0
oInvCollPH,416,240,00053268,0,1,1,4294967295,0,0
oInvCollPH,432,240,00085A84,0,1,1,4294967295,0,0
oInvCollPH,448,240,0005E565,0,1,1,4294967295,0,0
oInvCollPH,464,240,00384710,0,1,1,4294967295,0,0
oInvCollSH,64,288,00391644,0,1,1,4294967295,0,0
oInvCollSH,80,288,0031235D,0,1,1,4294967295,0,0
oInvCollSH,96,288,000C1437,0,1,1,4294967295,0,0
oInvCollSH,112,288,001B7ED4,0,1,1,4294967295,0,0
oInvCollSH,368,352,002ACCCC,0,1,1,4294967295,0,0
oInvCollSH,384,352,0026575D,0,1,1,4294967295,0,0
oInvCollSH,400,352,0027B5D8,0,1,1,4294967295,0,0
oInvCollSH,416,352,0009B56E,0,1,1,4294967295,0,0
oInvCollSH,432,352,00087EA3,0,1,1,4294967295,0,0
oInvCollSH,448,352,00313FA5,0,1,1,4294967295,0,0
oInvCollSH,464,352,0026A349,0,1,1,4294967295,0,0
oInvCollSM,336,144,001DCF42,0,1,1,4294967295,0,0
oInvCollSM,352,144,00124DCF,0,1,1,4294967295,0,0
oInvCollSM,368,144,00201455,0,1,1,4294967295,0,0
oInvCollSM,384,144,002F490D,0,1,1,4294967295,0,0
oInvCollSM,400,144,00099649,0,1,1,4294967295,0,0
oInvCollSM,416,96,0005D4E6,0,1,1,4294967295,0,0
oInvCollSM,400,32,003B8F17,0,1,1,4294967295,0,0
oInvCollSM,416,32,001BDE19,0,1,1,4294967295,0,0
oInvCollSM,432,32,0030B2A8,0,1,1,4294967295,0,0
oInvCollSM,448,32,000533E0,0,1,1,4294967295,0,0
oInvCollSM,464,32,001EA865,0,1,1,4294967295,0,0
oInvCollSM,496,64,003B5274,0,1,1,4294967295,0,0
oInvCollSM,512,64,0025478A,0,1,1,4294967295,0,0
oInvCollSM,528,64,002FB38B,0,1,1,4294967295,0,0
oInvCollSM,544,64,0038CFC7,0,1,1,4294967295,0,0
oInvCollSM,560,64,000F2088,0,1,1,4294967295,0,0
oInvCollSM,592,112,00196498,0,1,1,4294967295,0,0
oInvCollSM,624,176,0019417C,0,1,1,4294967295,0,0
oInvCollSM,640,176,0024CD71,0,1,1,4294967295,0,0
oInvCollSM,656,176,00292701,0,1,1,4294967295,0,0
oInvCollSM,672,176,000AAF2C,0,1,1,4294967295,0,0
oInvCollSM,688,176,002C0801,0,1,1,4294967295,0,0
oInvCollSM,336,208,002E959C,0,1,1,4294967295,0,0
oInvCollSM,352,208,001A93D8,0,1,1,4294967295,0,0
oInvCollSM,368,208,00377891,0,1,1,4294967295,0,0
oInvCollSM,384,208,000A85C9,0,1,1,4294967295,0,0
oInvCollSM,400,208,0013BD08,0,1,1,4294967295,0,0
oInvCollSM,416,208,0015C557,0,1,1,4294967295,0,0
oInvCollSM,432,208,003A09F2,0,1,1,4294967295,0,0
oInvCollSM,448,208,000AABB3,0,1,1,4294967295,0,0
oInvCollSM,464,208,00402D31,0,1,1,4294967295,0,0
oInvCollSM,688,208,0022054E,0,1,1,4294967295,0,0
oInvCollSM,672,208,000CE196,0,1,1,4294967295,0,0
oInvCollSM,656,208,0030400B,0,1,1,4294967295,0,0
oInvCollSM,640,208,0011D7CF,0,1,1,4294967295,0,0
oInvCollSM,624,208,00039D64,0,1,1,4294967295,0,0
oInvCollSM,608,208,000FA362,0,1,1,4294967295,0,0
oInvCollSM,592,208,00317AB1,0,1,1,4294967295,0,0
oInvCollSM,576,208,000E2068,0,1,1,4294967295,0,0
oInvCollSM,560,208,00077932,0,1,1,4294967295,0,0
oInvCollSM,544,208,0037ECCB,0,1,1,4294967295,0,0
oInvCollSM,480,208,001C6481,0,1,1,4294967295,0,0
oInvCollSM,496,208,00333F11,0,1,1,4294967295,0,0
oInvCollSM,512,208,002E8820,0,1,1,4294967295,0,0
oInvCollSM,528,208,002AFC76,0,1,1,4294967295,0,0
oInvCollPH,400,128,00022FF2,0,1,1,4294967295,0,0
oInvCollPH,400,80,000A7513,0,1,1,4294967295,0,0
oInvCollPH,416,64,000AF21D,0,1,1,4294967295,0,0
oInvCollPH,432,64,00212ED9,0,1,1,4294967295,0,0
oInvCollPH,448,64,000CBB14,0,1,1,4294967295,0,0
oInvCollPH,448,80,002BAD9B,0,1,1,4294967295,0,0
oInvCollPH,320,16,0010877D,0,1,1,4294967295,0,0
oInvCollPH,304,32,0012BF28,0,1,1,4294967295,0,0
oInvCollPH,320,48,003AE7FC,0,1,1,4294967295,0,0
oInvCollPH,320,64,000A0BF2,0,1,1,4294967295,0,0
oInvCollPH,320,80,001D913C,0,1,1,4294967295,0,0
oInvCollPH,320,96,001CADA1,0,1,1,4294967295,0,0
oInvCollPH,320,112,002FD0E4,0,1,1,4294967295,0,0
oInvCollPH,320,128,00041933,0,1,1,4294967295,0,0
oInvCollPH,368,112,0024F069,0,1,1,4294967295,0,0
oInvCollPH,368,96,002DC5A2,0,1,1,4294967295,0,0
oInvCollPH,368,80,002C7928,0,1,1,4294967295,0,0
oInvCollPH,368,64,000C8F15,0,1,1,4294967295,0,0
oInvCollPH,368,48,002C5959,0,1,1,4294967295,0,0
oInvCollPH,480,48,00047709,0,1,1,4294967295,0,0
oInvCollPH,576,80,001437E3,0,1,1,4294967295,0,0
oInvCollPH,576,96,00255C89,0,1,1,4294967295,0,0
oInvCollPH,688,0,001D09B5,0,1,1,4294967295,0,0
oInvCollPH,688,16,0029358D,0,1,1,4294967295,0,0
oInvCollPH,688,32,003220DC,0,1,1,4294967295,0,0
oInvCollPH,688,48,002E89C6,0,1,1,4294967295,0,0
oInvCollPH,688,64,0019957D,0,1,1,4294967295,0,0
oInvCollPH,688,80,0012BDB6,0,1,1,4294967295,0,0
oInvCollPH,688,96,001A7BD1,0,1,1,4294967295,0,0
oInvCollPH,688,112,002D4F36,0,1,1,4294967295,0,0
oInvCollPH,688,128,0000785F,0,1,1,4294967295,0,0
oInvCollPH,688,144,0038E2FF,0,1,1,4294967295,0,0
oInvCollPH,688,160,000E85AF,0,1,1,4294967295,0,0
oInvCollPH,608,128,0024A0FA,0,1,1,4294967295,0,0
oInvCollPH,608,144,00077E8C,0,1,1,4294967295,0,0
oInvCollPH,608,160,001930EA,0,1,1,4294967295,0,0
oInvCollPH,432,112,00307194,0,1,1,4294967295,0,0
oInvCollPH,432,128,00081E2C,0,1,1,4294967295,0,0
oInvCollPH,464,96,0010025B,0,1,1,4294967295,0,0
oInvCollPH,480,96,002722D0,0,1,1,4294967295,0,0
oInvCollPH,496,96,00287E6D,0,1,1,4294967295,0,0
oInvCollPH,512,96,0023EBAD,0,1,1,4294967295,0,0
oInvCollPH,528,96,00085BEC,0,1,1,4294967295,0,0
oInvCollPH,544,96,003B7405,0,1,1,4294967295,0,0
oInvCollPH,544,112,0017503D,0,1,1,4294967295,0,0
oInvCollPH,544,128,003E3304,0,1,1,4294967295,0,0
oInvCollPH,432,160,00348533,0,1,1,4294967295,0,0
oInvCollPH,560,144,000A4297,0,1,1,4294967295,0,0
oInvCollPH,576,144,001D84CE,0,1,1,4294967295,0,0
oInvCollPH,576,160,002C4FBA,0,1,1,4294967295,0,0
oInvCollPH,320,192,002FA126,0,1,1,4294967295,0,0
oInvCollPH,336,176,003D7944,0,1,1,4294967295,0,0
oInvCollPH,352,176,00155035,0,1,1,4294967295,0,0
oInvCollPH,368,176,0020BD42,0,1,1,4294967295,0,0
oInvCollPH,384,176,000D3149,0,1,1,4294967295,0,0
oInvCollPH,400,176,001DF29D,0,1,1,4294967295,0,0
oInvCollPH,416,176,0029E0A5,0,1,1,4294967295,0,0
oInvCollPH,576,176,00080821,0,1,1,4294967295,0,0
oInvCollPH,576,192,0008FF5C,0,1,1,4294967295,0,0
oInvCollPH,480,240,001391DA,0,1,1,4294967295,0,0
oInvCollPH,496,240,0004FED1,0,1,1,4294967295,0,0
oInvCollPH,512,240,001E2B85,0,1,1,4294967295,0,0
oInvCollPH,528,240,000A24FE,0,1,1,4294967295,0,0
oInvCollPH,544,240,00014D8A,0,1,1,4294967295,0,0
oInvCollPH,560,240,0021E2D0,0,1,1,4294967295,0,0
oInvCollPH,576,240,0030844A,0,1,1,4294967295,0,0
oInvCollPH,592,240,000D6544,0,1,1,4294967295,0,0
oInvCollPH,608,240,00239693,0,1,1,4294967295,0,0
oInvCollPH,624,240,001A7A48,0,1,1,4294967295,0,0
oInvCollPH,640,240,00162E3D,0,1,1,4294967295,0,0
oInvCollPH,656,240,001B45E6,0,1,1,4294967295,0,0
oInvCollPH,672,240,00210891,0,1,1,4294967295,0,0
oInvCollPH,688,240,00347ED7,0,1,1,4294967295,0,0
oInvCollPH,704,240,00288AB7,0,1,1,4294967295,0,0
oInvCollPH,720,240,002BF2A9,0,1,1,4294967295,0,0
oInvCollPH,736,240,00257545,0,1,1,4294967295,0,0
oInvCollPH,752,240,00159FF3,0,1,1,4294967295,0,0
oInvCollPH,768,240,0009C827,0,1,1,4294967295,0,0
oInvCollPH,784,240,000E02C3,0,1,1,4294967295,0,0
oInvCollPH,800,240,002B62C9,0,1,1,4294967295,0,0
oInvCollPH,816,240,000696BA,0,1,1,4294967295,0,0
oInvCollPH,832,240,0006E66F,0,1,1,4294967295,0,0
oInvCollPH,848,240,000DA038,0,1,1,4294967295,0,0
oInvCollPH,864,240,000541C0,0,1,1,4294967295,0,0
oInvCollPH,880,240,0008CD3A,0,1,1,4294967295,0,0
oInvCollPH,896,240,0003B739,0,1,1,4294967295,0,0
oInvCollPH,912,240,002DAA84,0,1,1,4294967295,0,0
oInvCollPH,928,240,00251A63,0,1,1,4294967295,0,0
oInvCollPH,944,240,003FC9A6,0,1,1,4294967295,0,0
oInvCollPH,1040,208,00026CB4,0,1,1,4294967295,0,0
oInvCollPH,1056,208,000BB054,0,1,1,4294967295,0,0
oInvCollPH,1072,208,002C7037,0,1,1,4294967295,0,0
oInvCollPH,1088,208,0027D5D3,0,1,1,4294967295,0,0
oInvCollPH,1104,208,00096A31,0,1,1,4294967295,0,0
oInvCollPH,1120,208,002D603F,0,1,1,4294967295,0,0
oInvCollPH,1136,208,001F4D27,0,1,1,4294967295,0,0
oInvCollSH,480,352,00101EE9,0,1,1,4294967295,0,0
oInvCollSH,496,352,00039814,0,1,1,4294967295,0,0
oInvCollSH,512,352,00275B75,0,1,1,4294967295,0,0
oInvCollSH,528,352,000EC46A,0,1,1,4294967295,0,0
oInvCollSH,544,352,00210530,0,1,1,4294967295,0,0
oInvCollSH,560,352,003E52F3,0,1,1,4294967295,0,0
oInvCollSH,576,352,002ECFAB,0,1,1,4294967295,0,0
oInvCollSH,592,352,0023DC9E,0,1,1,4294967295,0,0
oInvCollSH,608,352,0015ADED,0,1,1,4294967295,0,0
oInvCollSH,624,352,0028BC3C,0,1,1,4294967295,0,0
oInvCollSH,720,336,00134AA5,0,1,1,4294967295,0,0
oInvCollSH,736,336,000D15DD,0,1,1,4294967295,0,0
oInvCollSH,752,336,0019AF36,0,1,1,4294967295,0,0
oInvCollSH,848,352,00086B70,0,1,1,4294967295,0,0
oInvCollSH,864,352,0010F5B2,0,1,1,4294967295,0,0
oInvCollSH,880,352,000DE5CD,0,1,1,4294967295,0,0
oInvCollSH,936,320,00115AEE,0,1,1,4294967295,0,0
oInvCollSH,1136,336,003D64CA,0,1,1,4294967295,0,0
oInvCollSH,1152,336,001FAF4A,0,1,1,4294967295,0,0
oInvCollSH,1168,336,0009B468,0,1,1,4294967295,0,0
oInvCollSH,1184,336,0024DC32,0,1,1,4294967295,0,0
oInvCollSH,1200,336,000223D3,0,1,1,4294967295,0,0
oInvCollSH,1216,336,00307D58,0,1,1,4294967295,0,0
oInvCollSH,1232,336,0008D8AE,0,1,1,4294967295,0,0
oInvCollPH,1264,208,0022B34C,0,1,1,4294967295,0,0
oInvCollPH,1248,208,000D7CD5,0,1,1,4294967295,0,0
oInvCollPH,1232,208,0010472A,0,1,1,4294967295,0,0
oInvCollPH,1216,208,000BA06C,0,1,1,4294967295,0,0
oInvCollPH,1200,208,0035EF95,0,1,1,4294967295,0,0
oInvCollPH,1184,208,00370466,0,1,1,4294967295,0,0
oInvCollPH,1168,208,000FE2F1,0,1,1,4294967295,0,0
oInvCollPH,1152,208,003F0488,0,1,1,4294967295,0,0
oInvCollPH,1056,16,00232D43,0,1,1,4294967295,0,0
oInvCollPH,1072,16,000DD192,0,1,1,4294967295,0,0
oInvCollPH,1088,16,0027A927,0,1,1,4294967295,0,0
oInvCollPH,1104,16,002B8DDD,0,1,1,4294967295,0,0
oInvCollPH,1120,16,0009B2C6,0,1,1,4294967295,0,0
oInvCollPH,1456,0,000D8C93,0,1,1,4294967295,0,0
oInvCollPH,1456,16,001BCCCB,0,1,1,4294967295,0,0
oInvCollPH,1440,16,002B9C0F,0,1,1,4294967295,0,0
oInvCollPH,1424,16,001EC1EA,0,1,1,4294967295,0,0
oInvCollPH,1408,16,0040000A,0,1,1,4294967295,0,0
oInvCollPH,1392,16,002FB399,0,1,1,4294967295,0,0
oInvCollPH,1200,16,001A56E6,0,1,1,4294967295,0,0
oInvCollPH,1184,16,0015956D,0,1,1,4294967295,0,0
oInvCollPH,1168,16,002D6429,0,1,1,4294967295,0,0
oInvCollPH,1152,16,002164E2,0,1,1,4294967295,0,0
oInvCollPH,1136,16,003CABB0,0,1,1,4294967295,0,0
oInvCollPH,1312,16,0036DC88,0,1,1,4294967295,0,0
oInvCollPH,1328,16,00261567,0,1,1,4294967295,0,0
oInvCollPH,1344,16,00301151,0,1,1,4294967295,0,0
oInvCollPH,1360,16,0027016D,0,1,1,4294967295,0,0
oInvCollPH,1376,16,001DFE06,0,1,1,4294967295,0,0
oInvCollPH,1216,16,0026AEE2,0,1,1,4294967295,0,0
oInvCollPH,1232,16,0031C09C,0,1,1,4294967295,0,0
oInvCollPH,1248,16,003C6320,0,1,1,4294967295,0,0
oInvCollPH,1264,16,002A2EE0,0,1,1,4294967295,0,0
oInvCollPH,1280,16,0031D583,0,1,1,4294967295,0,0
oInvCollPH,1296,16,002F0220,0,1,1,4294967295,0,0
oInvCollPH,1328,208,003FF60A,0,1,1,4294967295,0,0
oInvCollPH,1312,208,00182DAE,0,1,1,4294967295,0,0
oInvCollPH,1296,208,00045A65,0,1,1,4294967295,0,0
oInvCollPH,1280,208,0004D6FA,0,1,1,4294967295,0,0
oInvCollPH,1392,208,001590B4,0,1,1,4294967295,0,0
oInvCollPH,1376,208,001CE7E1,0,1,1,4294967295,0,0
oInvCollPH,1360,208,0022284D,0,1,1,4294967295,0,0
oInvCollPH,1344,208,0014A019,0,1,1,4294967295,0,0
oInvCollPH,1456,208,00240207,0,1,1,4294967295,0,0
oInvCollPH,1440,208,0019C625,0,1,1,4294967295,0,0
oInvCollPH,1424,208,00000560,0,1,1,4294967295,0,0
oInvCollPH,1408,208,00061362,0,1,1,4294967295,0,0
oInvCollPH,1520,208,003A1F3B,0,1,1,4294967295,0,0
oInvCollPH,1504,208,0009FA27,0,1,1,4294967295,0,0
oInvCollPH,1488,208,000E0BBF,0,1,1,4294967295,0,0
oInvCollPH,1472,208,00338CCB,0,1,1,4294967295,0,0
oInvCollPH,736,16,001BD82F,0,1,1,4294967295,0,0
oInvCollPH,736,32,001398A6,0,1,1,4294967295,0,0
oInvCollPH,736,48,000E2590,0,1,1,4294967295,0,0
oInvCollPH,736,64,002E8A06,0,1,1,4294967295,0,0
oInvCollPH,736,80,0036BFC1,0,1,1,4294967295,0,0
oInvCollPH,736,96,002838E7,0,1,1,4294967295,0,0
oInvCollPH,736,112,0039B383,0,1,1,4294967295,0,0
oInvCollPH,736,128,00090EA7,0,1,1,4294967295,0,0
oInvCollPH,752,128,00198108,0,1,1,4294967295,0,0
oInvCollPH,768,128,000ED6BC,0,1,1,4294967295,0,0
oInvCollPH,784,128,000D682D,0,1,1,4294967295,0,0
oInvCollPH,800,128,00236B29,0,1,1,4294967295,0,0
oInvCollPH,816,128,0037D25C,0,1,1,4294967295,0,0
oInvCollPH,816,112,001A8541,0,1,1,4294967295,0,0
oInvCollPH,816,96,0034EF54,0,1,1,4294967295,0,0
oInvCollPH,816,80,00068454,0,1,1,4294967295,0,0
oInvCollPH,816,64,002E50FF,0,1,1,4294967295,0,0
oInvCollPH,816,48,0032512A,0,1,1,4294967295,0,0
oInvCollPH,816,32,0010FDF6,0,1,1,4294967295,0,0
oInvCollPH,816,16,001DDF41,0,1,1,4294967295,0,0
oInvCollPH,816,0,001899AA,0,1,1,4294967295,0,0
oInvCollSH,1360,336,0024A4C2,0,1,1,4294967295,0,0
oInvCollSH,1376,336,00353CB2,0,1,1,4294967295,0,0
oInvCollSH,1392,336,0029946A,0,1,1,4294967295,0,0
oInvCollSH,1408,336,000F225D,0,1,1,4294967295,0,0
oInvCollSH,1424,336,000BCF06,0,1,1,4294967295,0,0
oInvCollSH,1440,336,00364807,0,1,1,4294967295,0,0
oInvCollSH,1456,336,001D879D,0,1,1,4294967295,0,0
oInvCollPH,1536,208,003A8AF3,0,1,1,4294967295,0,0
oInvCollPH,1552,208,0019F094,0,1,1,4294967295,0,0
oInvCollPH,1568,208,0003F581,0,1,1,4294967295,0,0
oInvCollPH,1584,208,00293FBA,0,1,1,4294967295,0,0
oInvCollPH,1600,208,0035F84C,0,1,1,4294967295,0,0
oInvCollPH,1616,208,0033C1C9,0,1,1,4294967295,0,0
oInvCollPH,1568,160,000D8F21,0,1,1,4294967295,0,0
oInvCollPH,1568,176,0037B6BD,0,1,1,4294967295,0,0
oInvCollPH,1568,192,000E0BA9,0,1,1,4294967295,0,0
oInvCollPH,1584,144,0002D296,0,1,1,4294967295,0,0
oInvCollPH,1600,144,00076390,0,1,1,4294967295,0,0
oInvCollPH,1616,144,00347FDB,0,1,1,4294967295,0,0
oInvCollPH,1616,160,0030CA90,0,1,1,4294967295,0,0
oInvCollPH,1616,176,00190ED9,0,1,1,4294967295,0,0
oInvCollPH,1616,192,0009B23E,0,1,1,4294967295,0,0
oInvCollPH,1664,160,00203299,0,1,1,4294967295,0,0
oInvCollPH,1664,176,0001FF72,0,1,1,4294967295,0,0
oInvCollPH,1664,192,00058D3E,0,1,1,4294967295,0,0
oInvCollPH,1680,208,003E277E,0,1,1,4294967295,0,0
oInvCollPH,1696,208,00237721,0,1,1,4294967295,0,0
oInvCollPH,1712,208,001C7340,0,1,1,4294967295,0,0
oInvCollPH,1728,208,001112E9,0,1,1,4294967295,0,0
oInvCollPH,1744,208,0009673E,0,1,1,4294967295,0,0
oInvCollPH,1760,208,000F4DF9,0,1,1,4294967295,0,0
oInvCollPH,1776,208,002C81E7,0,1,1,4294967295,0,0
oInvCollPH,1680,144,003D669C,0,1,1,4294967295,0,0
oInvCollPH,1696,144,00235C3D,0,1,1,4294967295,0,0
oInvCollPH,1712,144,00337E40,0,1,1,4294967295,0,0
oInvCollPH,1712,160,000339CE,0,1,1,4294967295,0,0
oInvCollPH,1712,176,0024F0D8,0,1,1,4294967295,0,0
oInvCollPH,1712,192,001882B3,0,1,1,4294967295,0,0
oInvCollSH,1584,336,00222AA6,0,1,1,4294967295,0,0
oInvCollSH,1600,336,001D0324,0,1,1,4294967295,0,0
oInvCollSH,1616,336,0002AF49,0,1,1,4294967295,0,0
oInvCollSH,1680,336,00010077,0,1,1,4294967295,0,0
oInvCollSH,1696,336,0015756A,0,1,1,4294967295,0,0
oInvCollSH,1712,336,0028FEF9,0,1,1,4294967295,0,0
oInvCollPH,1840,208,00167EA9,0,1,1,4294967295,0,0
oInvCollPH,1824,208,00024918,0,1,1,4294967295,0,0
oInvCollPH,1808,208,000992E8,0,1,1,4294967295,0,0
oInvCollPH,1792,208,002D1703,0,1,1,4294967295,0,0
oInvCollPH,1904,208,001C0AE6,0,1,1,4294967295,0,0
oInvCollPH,1888,208,001C6BDB,0,1,1,4294967295,0,0
oInvCollPH,1872,208,002F4DD8,0,1,1,4294967295,0,0
oInvCollPH,1856,208,00336A5A,0,1,1,4294967295,0,0
oInvCollPH,1872,64,002DE425,0,1,1,4294967295,0,0
oInvCollPH,1888,64,0026694E,0,1,1,4294967295,0,0
oInvCollPH,1904,64,0022E195,0,1,1,4294967295,0,0
oInvCollPH,1920,64,003D4B91,0,1,1,4294967295,0,0
oInvCollPH,1936,64,001457CC,0,1,1,4294967295,0,0
oInvCollPH,1952,64,00215058,0,1,1,4294967295,0,0
oInvCollPH,1968,64,00025CDF,0,1,1,4294967295,0,0
oInvCollPH,2080,64,0038A7DE,0,1,1,4294967295,0,0
oInvCollPH,2064,64,0008CEDC,0,1,1,4294967295,0,0
oInvCollPH,2096,64,002C1C8F,0,1,1,4294967295,0,0
oInvCollPH,2048,64,00255374,0,1,1,4294967295,0,0
oInvCollPH,2032,64,0000B114,0,1,1,4294967295,0,0
oInvCollPH,2016,64,00120FA6,0,1,1,4294967295,0,0
oInvCollPH,2000,64,00088704,0,1,1,4294967295,0,0
oInvCollPH,1984,64,0029EC46,0,1,1,4294967295,0,0
oInvCollPH,224,272,00264A68,0,1,1,4294967295,0,0
oInvCollPH,224,288,001FBC7C,0,1,1,4294967295,0,0
oInvCollPH,224,304,001950B9,0,1,1,4294967295,0,0
oInvCollPH,240,304,002EE3F8,0,1,1,4294967295,0,0
oInvCollPH,240,288,0030DD25,0,1,1,4294967295,0,0
oInvCollPH,240,272,003422D4,0,1,1,4294967295,0,0
oInvCollPH,240,256,001EB4FE,0,1,1,4294967295,0,0
oInvCollPH,1920,16,00197662,0,1,1,4294967295,0,0
oInvCollPH,1920,32,002355E4,0,1,1,4294967295,0,0
oInvCollPH,1920,48,002EDD1D,0,1,1,4294967295,0,0
oInvCollSH,1928,304,0001CC9F,0,1,1,4294967295,0,0
oInvCollSH,1944,304,00045FE0,0,1,1,4294967295,0,0
oInvCollSH,1960,304,000C7488,0,1,1,4294967295,0,0
oInvCollSH,1976,304,002C773C,0,1,1,4294967295,0,0
oInvCollSH,1992,304,003FB38C,0,1,1,4294967295,0,0
oInvCollPH,2320,48,000614D5,0,1,1,4294967295,0,0
oInvCollPH,2320,32,002D3863,0,1,1,4294967295,0,0
oInvCollPH,2320,16,002E6631,0,1,1,4294967295,0,0
oInvCollPH,2320,0,002233D3,0,1,1,4294967295,0,0
oInvCollPH,2112,64,002B19D9,0,1,1,4294967295,0,0
oInvCollPH,2128,64,00217335,0,1,1,4294967295,0,0
oInvCollPH,2144,64,001ADA9E,0,1,1,4294967295,0,0
oInvCollPH,2160,64,002C8EEC,0,1,1,4294967295,0,0
oInvCollPH,2176,64,000035DF,0,1,1,4294967295,0,0
oInvCollPH,2192,64,001B0DE7,0,1,1,4294967295,0,0
oInvCollPH,2208,64,0006DE36,0,1,1,4294967295,0,0
oInvCollPH,2224,64,0005887A,0,1,1,4294967295,0,0
oInvCollPH,2240,64,0032092E,0,1,1,4294967295,0,0
oInvCollPH,2256,64,002E0998,0,1,1,4294967295,0,0
oInvCollPH,2272,64,0020F6E5,0,1,1,4294967295,0,0
oInvCollPH,2288,64,003B04F2,0,1,1,4294967295,0,0
oInvCollPH,2304,64,002EAC23,0,1,1,4294967295,0,0
oInvCollPH,2320,64,00118862,0,1,1,4294967295,0,0
oInvCollPH,2336,64,0033254E,0,1,1,4294967295,0,0
oInvCollPH,2352,64,00387AF4,0,1,1,4294967295,0,0
oInvCollPH,2368,64,001F763B,0,1,1,4294967295,0,0
oInvCollPH,2384,64,0002A960,0,1,1,4294967295,0,0
oInvCollPH,2480,96,0008B150,0,1,1,4294967295,0,0
oInvCollPH,2496,96,002FDB89,0,1,1,4294967295,0,0
oInvCollPH,2512,96,0005E3D0,0,1,1,4294967295,0,0
oInvCollPH,2528,96,0025460A,0,1,1,4294967295,0,0
oInvCollPH,2544,96,00120BCE,0,1,1,4294967295,0,0
oInvCollPH,2640,96,00346993,0,1,1,4294967295,0,0
oInvCollPH,2656,96,00233CB5,0,1,1,4294967295,0,0
oInvCollPH,2672,96,001373C7,0,1,1,4294967295,0,0
oInvCollPH,2688,96,002F70A3,0,1,1,4294967295,0,0
oInvCollPH,2704,96,002285D0,0,1,1,4294967295,0,0
oInvCollPH,2720,96,001B2035,0,1,1,4294967295,0,0
oInvCollPH,2736,96,001C769C,0,1,1,4294967295,0,0
oInvCollSH,2256,208,00212EE4,0,1,1,4294967295,0,0
oInvCollSH,2272,208,003B536A,0,1,1,4294967295,0,0
oInvCollSH,2288,208,00179DDD,0,1,1,4294967295,0,0
oInvCollSH,2304,208,003DBAD9,0,1,1,4294967295,0,0
oInvCollSH,2320,208,0026F581,0,1,1,4294967295,0,0
oInvCollSH,2336,208,0028A5DF,0,1,1,4294967295,0,0
oInvCollSH,2352,208,00389C61,0,1,1,4294967295,0,0
oInvCollSH,2512,304,00274CCF,0,1,1,4294967295,0,0
oInvCollSH,2528,304,00347351,0,1,1,4294967295,0,0
oInvCollSH,2544,304,001747CB,0,1,1,4294967295,0,0
oInvCollSH,2640,256,00335927,0,1,1,4294967295,0,0
oInvCollSH,2656,256,000D39F2,0,1,1,4294967295,0,0
oInvCollSH,2672,256,00059308,0,1,1,4294967295,0,0
oInvCollPH,2688,16,00275243,0,1,1,4294967295,0,0
oInvCollPH,2704,32,002237FA,0,1,1,4294967295,0,0
oInvCollPH,2704,48,0015A02C,0,1,1,4294967295,0,0
oInvCollPH,2704,64,000E8D87,0,1,1,4294967295,0,0
oInvCollPH,2688,80,0026546C,0,1,1,4294967295,0,0
oInvCollPH,2784,0,000A31D3,0,1,1,4294967295,0,0
oInvCollPH,2784,16,00164D9B,0,1,1,4294967295,0,0
oInvCollPH,2784,32,001F4B01,0,1,1,4294967295,0,0
oInvCollPH,2784,48,003FF024,0,1,1,4294967295,0,0
oInvCollPH,2784,64,003B21BF,0,1,1,4294967295,0,0
oInvCollPH,2784,80,001C56D0,0,1,1,4294967295,0,0
oInvCollPH,2752,96,002641D0,0,1,1,4294967295,0,0
oInvCollPH,2768,96,002FA68B,0,1,1,4294967295,0,0
oInvCollPH,2784,96,000A2495,0,1,1,4294967295,0,0
oInvCollPH,2800,96,0034E25D,0,1,1,4294967295,0,0
oInvCollPH,2912,128,0033EA17,0,1,1,4294967295,0,0
oInvCollPH,2928,128,0011AF25,0,1,1,4294967295,0,0
oInvCollPH,3056,128,00326BC2,0,1,1,4294967295,0,0
oInvCollPH,3040,128,002EB3ED,0,1,1,4294967295,0,0
oInvCollPH,3024,128,00165D4A,0,1,1,4294967295,0,0
oInvCollPH,3008,128,003AF33E,0,1,1,4294967295,0,0
oInvCollPH,2992,128,001B36F7,0,1,1,4294967295,0,0
oInvCollPH,2976,128,00208697,0,1,1,4294967295,0,0
oInvCollPH,2960,128,003BA469,0,1,1,4294967295,0,0
oInvCollPH,2944,128,00120333,0,1,1,4294967295,0,0
oInvCollPH,3152,128,0020760E,0,1,1,4294967295,0,0
oInvCollPH,3136,128,001BA5B2,0,1,1,4294967295,0,0
oInvCollPH,3120,128,002FDDCD,0,1,1,4294967295,0,0
oInvCollPH,3216,128,001B6D4C,0,1,1,4294967295,0,0
oInvCollPH,3200,128,003D5F37,0,1,1,4294967295,0,0
oInvCollPH,3184,128,0012CF09,0,1,1,4294967295,0,0
oInvCollPH,3168,128,00108BE4,0,1,1,4294967295,0,0
oInvCollPH,3280,128,0029D7B7,0,1,1,4294967295,0,0
oInvCollPH,3264,128,002B58FD,0,1,1,4294967295,0,0
oInvCollPH,3248,128,00173C33,0,1,1,4294967295,0,0
oInvCollPH,3232,128,0016BA3D,0,1,1,4294967295,0,0
oInvCollPH,3344,128,003874C3,0,1,1,4294967295,0,0
oInvCollPH,3328,128,001EE040,0,1,1,4294967295,0,0
oInvCollPH,3312,128,001B0564,0,1,1,4294967295,0,0
oInvCollPH,3296,128,000D400D,0,1,1,4294967295,0,0
oInvCollPH,3360,128,002BB16A,0,1,1,4294967295,0,0
oInvCollPH,3376,128,00056B03,0,1,1,4294967295,0,0
oInvCollPH,2896,176,00028574,0,1,1,4294967295,0,0
oInvCollPH,2912,176,002810F2,0,1,1,4294967295,0,0
oInvCollPH,2928,176,00258C99,0,1,1,4294967295,0,0
oInvCollPH,2944,176,0033E8A5,0,1,1,4294967295,0,0
oInvCollPH,2960,176,0016DB1B,0,1,1,4294967295,0,0
oInvCollPH,2976,176,000B6211,0,1,1,4294967295,0,0
oInvCollPH,2992,176,0024C06F,0,1,1,4294967295,0,0
oInvCollPH,3008,176,00288F7C,0,1,1,4294967295,0,0
oInvCollPH,3024,176,00374C0D,0,1,1,4294967295,0,0
oInvCollPH,3216,176,001C1D0B,0,1,1,4294967295,0,0
oInvCollPH,3200,176,0023C357,0,1,1,4294967295,0,0
oInvCollPH,3184,176,003E0F9D,0,1,1,4294967295,0,0
oInvCollPH,3168,176,00245433,0,1,1,4294967295,0,0
oInvCollPH,3152,176,0000271D,0,1,1,4294967295,0,0
oInvCollPH,3136,176,003E912D,0,1,1,4294967295,0,0
oInvCollPH,3120,176,003D9729,0,1,1,4294967295,0,0
oInvCollPH,3104,176,0033F7CB,0,1,1,4294967295,0,0
oInvCollPH,3072,176,0014D9EF,0,1,1,4294967295,0,0
oInvCollPH,3088,176,002938F6,0,1,1,4294967295,0,0
oInvCollPH,3040,176,000F5A28,0,1,1,4294967295,0,0
oInvCollPH,3056,176,000B2623,0,1,1,4294967295,0,0
oInvCollSH,2816,256,000F8690,0,1,1,4294967295,0,0
oInvCollSH,2832,256,000703D5,0,1,1,4294967295,0,0
oInvCollSH,2848,256,0005F9A5,0,1,1,4294967295,0,0
oInvCollSH,2872,288,0022CA85,0,1,1,4294967295,0,0
oInvCollPH,3392,128,000B7DA2,0,1,1,4294967295,0,0
oInvCollPH,3408,128,00165E3C,0,1,1,4294967295,0,0
oInvCollPH,3424,128,00170830,0,1,1,4294967295,0,0
oInvCollPH,3440,128,0030F57C,0,1,1,4294967295,0,0
oInvCollPH,3456,128,0039AA0D,0,1,1,4294967295,0,0
oInvCollPH,3472,128,00261092,0,1,1,4294967295,0,0
oInvCollPH,3488,128,002B7C40,0,1,1,4294967295,0,0
oInvCollPH,3504,128,0010B557,0,1,1,4294967295,0,0
oInvCollPH,3520,128,0034EA57,0,1,1,4294967295,0,0
oInvCollPH,3536,128,0013A993,0,1,1,4294967295,0,0
oInvCollPH,3552,128,00233CB8,0,1,1,4294967295,0,0
oInvCollPH,3568,128,00069D72,0,1,1,4294967295,0,0
oInvCollPH,3632,144,001429B7,0,1,1,4294967295,0,0
oInvCollPH,3648,144,0029C942,0,1,1,4294967295,0,0
oInvCollPH,3664,144,001ED24F,0,1,1,4294967295,0,0
oInvCollPH,3680,144,001273A4,0,1,1,4294967295,0,0
oInvCollPH,3696,144,001FA9A0,0,1,1,4294967295,0,0
oInvCollPH,3712,144,003C2BB9,0,1,1,4294967295,0,0
oInvCollPH,3728,144,0017C902,0,1,1,4294967295,0,0
oInvCollPH,4528,176,0023CB61,0,1,1,4294967295,0,0
oInvCollPH,4544,176,00202A88,0,1,1,4294967295,0,0
oInvCollPH,4560,176,0008B7DE,0,1,1,4294967295,0,0
oInvCollPH,4592,32,00203100,0,1,1,4294967295,0,0
oInvCollPH,4608,32,0022218A,0,1,1,4294967295,0,0
oInvCollPH,4624,32,000FFB2A,0,1,1,4294967295,0,0
oInvCollPH,4640,32,00298EF5,0,1,1,4294967295,0,0
oInvCollPH,4656,32,00344CFA,0,1,1,4294967295,0,0
oInvCollPH,4672,32,001BD46C,0,1,1,4294967295,0,0
oInvCollPH,4688,32,0001BEE3,0,1,1,4294967295,0,0
oInvCollPH,4704,32,0029DA78,0,1,1,4294967295,0,0
oInvCollPH,4720,32,001EBED1,0,1,1,4294967295,0,0
oInvCollPH,4736,32,00033A3D,0,1,1,4294967295,0,0
oInvCollPH,4752,32,003DDAFF,0,1,1,4294967295,0,0
oInvCollPH,3744,144,0025FAAB,0,1,1,4294967295,0,0
oInvCollPH,3760,144,0037285B,0,1,1,4294967295,0,0
oInvCollPH,3776,144,003F3D49,0,1,1,4294967295,0,0
oInvCollPH,3792,144,002988EE,0,1,1,4294967295,0,0
oInvCollPH,3808,144,0033E512,0,1,1,4294967295,0,0
oInvCollPH,3824,144,002119C8,0,1,1,4294967295,0,0
oInvCollPH,3840,144,000570FE,0,1,1,4294967295,0,0
oInvCollPH,3856,144,003D5E1D,0,1,1,4294967295,0,0
oInvCollPH,3872,144,003EFFF7,0,1,1,4294967295,0,0
oInvCollPH,3888,144,0024B63B,0,1,1,4294967295,0,0
oInvCollPH,3904,144,00228AD8,0,1,1,4294967295,0,0
oInvCollPH,3920,144,00082E43,0,1,1,4294967295,0,0
oInvCollPH,3936,144,0028EF17,0,1,1,4294967295,0,0
oInvCollPH,3952,144,00047101,0,1,1,4294967295,0,0
oInvCollPH,3968,144,0014DDF7,0,1,1,4294967295,0,0
oInvCollPH,3984,144,002B9C5C,0,1,1,4294967295,0,0
oInvCollPH,4000,144,0030FDFC,0,1,1,4294967295,0,0
oInvCollPH,4016,144,0000B4C3,0,1,1,4294967295,0,0
oInvCollPH,4032,144,00119DE0,0,1,1,4294967295,0,0
oInvCollPH,4048,144,001CD11D,0,1,1,4294967295,0,0
oInvCollPH,4064,144,002BED24,0,1,1,4294967295,0,0
oInvCollPH,4080,144,0011BB07,0,1,1,4294967295,0,0
oInvCollPH,4096,144,00243B30,0,1,1,4294967295,0,0
oInvCollPH,4112,144,0004FA25,0,1,1,4294967295,0,0
oInvCollPH,4128,144,00209EEE,0,1,1,4294967295,0,0
oInvCollPH,4144,144,0029DB66,0,1,1,4294967295,0,0
oInvCollPH,4160,144,0001A35D,0,1,1,4294967295,0,0
oInvCollPH,4176,144,0037EDDB,0,1,1,4294967295,0,0
oInvCollPH,4192,144,002B7701,0,1,1,4294967295,0,0
oInvCollPH,4208,144,0027DEDD,0,1,1,4294967295,0,0
oInvCollPH,4224,144,00036CF8,0,1,1,4294967295,0,0
oInvCollPH,4240,144,000C5F74,0,1,1,4294967295,0,0
oInvCollPH,4256,144,00047951,0,1,1,4294967295,0,0
oInvCollPH,4272,144,003EAE52,0,1,1,4294967295,0,0
oInvCollPH,4288,144,000FDBBA,0,1,1,4294967295,0,0
oInvCollPH,4304,144,002A3736,0,1,1,4294967295,0,0
oInvCollPH,4320,144,00387F5E,0,1,1,4294967295,0,0
oInvCollPH,4336,144,002A357F,0,1,1,4294967295,0,0
oInvCollPH,4352,144,000A851C,0,1,1,4294967295,0,0
oInvCollPH,4368,144,001DC47D,0,1,1,4294967295,0,0
oInvCollPH,4384,144,00193CB9,0,1,1,4294967295,0,0
oInvCollPH,4400,144,002075D2,0,1,1,4294967295,0,0
oInvCollPH,4416,144,0009FF0E,0,1,1,4294967295,0,0
oInvCollPH,4432,144,003B870E,0,1,1,4294967295,0,0
oInvCollSH,4720,176,003FAE27,0,1,1,4294967295,0,0
oInvCollSH,4736,176,002F356A,0,1,1,4294967295,0,0
oInvCollSH,4752,176,00278381,0,1,1,4294967295,0,0
oInvCollSH,4912,256,00175756,0,1,1,4294967295,0,0
oInvCollSH,4928,256,00328DA0,0,1,1,4294967295,0,0
oInvCollSH,4944,256,0012CAE5,0,1,1,4294967295,0,0
oInvCollSH,5088,208,003BDD1A,0,1,1,4294967295,0,0
oInvCollSH,5104,208,002F8E18,0,1,1,4294967295,0,0
oInvCollSH,5120,208,001BF15A,0,1,1,4294967295,0,0
oInvCollPH,5360,240,0015A9AE,0,1,1,4294967295,0,0
oInvCollPH,5376,240,00046F7F,0,1,1,4294967295,0,0
oInvCollPH,5392,240,001F5C93,0,1,1,4294967295,0,0
oInvCollPH,5408,240,003A737E,0,1,1,4294967295,0,0
oInvCollPH,5424,240,00243DA1,0,1,1,4294967295,0,0
oInvCollPH,5440,240,0018B822,0,1,1,4294967295,0,0
oInvCollPH,5456,240,0022A80D,0,1,1,4294967295,0,0
oInvCollPH,5328,32,001727D2,0,1,1,4294967295,0,0
oInvCollPH,4768,32,003B997F,0,1,1,4294967295,0,0
oInvCollPH,4784,32,001B48DE,0,1,1,4294967295,0,0
oInvCollPH,4800,32,000FE078,0,1,1,4294967295,0,0
oInvCollPH,4816,32,002BF3D1,0,1,1,4294967295,0,0
oInvCollPH,4832,32,00078F38,0,1,1,4294967295,0,0
oInvCollPH,4848,32,001F8B34,0,1,1,4294967295,0,0
oInvCollPH,4864,32,0039F546,0,1,1,4294967295,0,0
oInvCollPH,4880,32,0024100B,0,1,1,4294967295,0,0
oInvCollPH,4896,32,002195DA,0,1,1,4294967295,0,0
oInvCollPH,4912,32,0006E228,0,1,1,4294967295,0,0
oInvCollPH,4928,32,001C2C6F,0,1,1,4294967295,0,0
oInvCollPH,4944,32,003459B2,0,1,1,4294967295,0,0
oInvCollPH,4960,32,0005D53F,0,1,1,4294967295,0,0
oInvCollPH,4976,32,001B5127,0,1,1,4294967295,0,0
oInvCollPH,4992,32,0020D104,0,1,1,4294967295,0,0
oInvCollPH,5008,32,00215442,0,1,1,4294967295,0,0
oInvCollPH,5024,32,00100C6D,0,1,1,4294967295,0,0
oInvCollPH,5040,32,0024369D,0,1,1,4294967295,0,0
oInvCollPH,5056,32,002B99CB,0,1,1,4294967295,0,0
oInvCollPH,5072,32,00217360,0,1,1,4294967295,0,0
oInvCollPH,5088,32,003FF8F6,0,1,1,4294967295,0,0
oInvCollPH,5104,32,002507D2,0,1,1,4294967295,0,0
oInvCollPH,5120,32,000C2880,0,1,1,4294967295,0,0
oInvCollPH,5136,32,001B36C8,0,1,1,4294967295,0,0
oInvCollPH,5152,32,00346749,0,1,1,4294967295,0,0
oInvCollPH,5168,32,00009C75,0,1,1,4294967295,0,0
oInvCollPH,5184,32,001FE6BA,0,1,1,4294967295,0,0
oInvCollPH,5200,32,002D1363,0,1,1,4294967295,0,0
oInvCollPH,5216,32,0033E45D,0,1,1,4294967295,0,0
oInvCollPH,5232,32,002C80C0,0,1,1,4294967295,0,0
oInvCollPH,5248,32,0038D669,0,1,1,4294967295,0,0
oInvCollPH,5264,32,00392621,0,1,1,4294967295,0,0
oInvCollPH,5280,32,001CFED5,0,1,1,4294967295,0,0
oInvCollPH,5296,32,00307941,0,1,1,4294967295,0,0
oInvCollPH,5312,32,00003BE9,0,1,1,4294967295,0,0
oInvCollPH,4896,288,00219428,0,1,1,4294967295,0,0
oInvCollPH,4896,304,002E013C,0,1,1,4294967295,0,0
oInvCollPH,4896,320,0009C892,0,1,1,4294967295,0,0
oInvCollPH,4912,320,0012E789,0,1,1,4294967295,0,0
oInvCollPH,4928,320,00065435,0,1,1,4294967295,0,0
oInvCollPH,4944,320,00158C45,0,1,1,4294967295,0,0
oInvCollPH,4944,304,00231AE8,0,1,1,4294967295,0,0
oInvCollPH,4944,288,0030174C,0,1,1,4294967295,0,0
oInvCollPH,4944,272,0033C69C,0,1,1,4294967295,0,0
oInvCollPH,4928,272,00082E4F,0,1,1,4294967295,0,0
oInvCollPH,4912,272,000A1F94,0,1,1,4294967295,0,0
oInvCollPH,5344,48,00394F3C,0,1,1,4294967295,0,0
oInvCollPH,5344,64,00072006,0,1,1,4294967295,0,0
oInvCollPH,5344,80,0017EA85,0,1,1,4294967295,0,0
oInvCollPH,5360,80,0036D3C8,0,1,1,4294967295,0,0
oInvCollPH,5376,80,0008B5FF,0,1,1,4294967295,0,0
oInvCollPH,5392,80,000D7E1B,0,1,1,4294967295,0,0
oInvCollPH,5392,64,001FB4F7,0,1,1,4294967295,0,0
oInvCollPH,5392,48,002F4E7C,0,1,1,4294967295,0,0
oInvCollPH,5392,32,002B3F73,0,1,1,4294967295,0,0
oInvCollPH,5376,32,000C7D13,0,1,1,4294967295,0,0
oInvCollPH,5360,32,0015B15B,0,1,1,4294967295,0,0
oInvCollPH,4640,16,002F0781,0,1,1,4294967295,0,0
oInvCollPH,4784,0,0015D7F6,0,1,1,4294967295,0,0
oInvCollPH,4784,16,00032D4A,0,1,1,4294967295,0,0
oInvCollSH,5088,336,0026847C,0,1,1,4294967295,0,0
oInvCollSH,5104,336,00077911,0,1,1,4294967295,0,0
oInvCollSH,5120,336,00360795,0,1,1,4294967295,0,0
oInvCollPH,112,32,000C1A87,0,1,1,4294967295,0,0
oInvCollPH,128,32,001D59F8,0,1,1,4294967295,0,0
oInvCollPH,288,32,000BD9EF,0,1,1,4294967295,0,0
oInvCollPH,2672,16,002CC456,0,1,1,4294967295,0,0
oInvCollPH,3664,176,0025B257,0,1,1,4294967295,0,0
oInvCollPH,2816,96,00303EB1,0,1,1,4294967295,0,0
oInvisibleSolid,0,176,001CF6E3,0,1,1,4294967295,0,1
oInvisibleSlimSolid,0,288,001F806C,0,1,1,4294967295,0,1
oInvisibleSolid,256,240,002A5196,0,1,1,4294967295,0,1
oInvisibleSolid,192,208,0035AD95,0,1,1,4294967295,0,1
oInvisibleSlimSolid,352,352,00032301,0,1,1,4294967295,0,1
oInvisibleLupSlope,160,176,001262C5,0,1,1,4294967295,0,0
oInvisibleLupSlope,176,192,0009E81A,0,1,1,4294967295,0,0
oInvisibleLupSlope,224,208,00167D17,0,1,1,4294967295,0,0
oInvisibleLupSlope,240,224,000A1C11,0,1,1,4294967295,0,0
oInvisibleRCeilingSlope,160,192,0001927F,0,1,1,4294967295,0,0
oInvisibleRCeilingSlope,176,208,0013AFA7,0,1,1,4294967295,0,0
oInvisibleRCeilingSlope,224,224,0003CCC0,0,1,1,4294967295,0,0
oInvisibleRCeilingSlope,240,240,00379ECB,0,1,1,4294967295,0,0
oInvisibleSolidMorph,320,208,001A00F4,0,1,1,4294967295,0,1
oInvisibleSolidMorph,320,144,0010EA14,0,1,1,4294967295,0,1
oInvisibleSolidMorph,400,96,002087A8,0,1,1,4294967295,0,1
oInvisibleSolidMorph,384,32,002437E7,0,1,1,4294967295,0,1
oInvisibleSolidMorph,480,64,0032149C,0,1,1,4294967295,0,1
oInvisibleSolidMorph,576,112,0014FD4E,0,1,1,4294967295,0,1
oInvisibleSolidMorph,608,176,0032928C,0,1,1,4294967295,0,1
oInvisibleSolid,400,64,0035F04C,0,1,1,4294967295,0,1
oInvisibleSolid,432,96,00329A55,0,1,1,4294967295,0,1
oInvisibleSolid,432,144,00373315,0,1,1,4294967295,0,1
oInvisibleSolid,320,176,001BB1CC,0,1,1,4294967295,0,1
oInvisibleSolid,384,128,003046F7,0,1,1,4294967295,0,1
oInvisibleSolid,320,0,00051F76,0,1,1,4294967295,0,1
oInvisibleSolid,384,0,002C9F32,0,1,1,4294967295,0,1
oInvisibleSolid,480,0,0000D5B8,0,1,1,4294967295,0,1
oInvisibleSolid,576,0,00019FFC,0,1,1,4294967295,0,1
oInvisibleSolid,608,0,00146EF4,0,1,1,4294967295,0,1
oInvisibleRupLowSlope,992,208,0038F4FE,0,1,1,4294967295,0,0
oInvisibleRupLowSlope,960,224,0010169B,0,1,1,4294967295,0,0
oInvisibleLCeilingLowSlope,960,240,003B662A,0,1,1,4294967295,0,0
oInvisibleLCeilingLowSlope,992,224,003F9BA5,0,1,1,4294967295,0,0
oInvisibleSolid,1024,208,000DC27F,0,1,1,4294967295,0,1
oInvisibleSlimSolid,704,336,00093E48,0,1,1,4294967295,0,1
oInvisibleSlimSolid,832,352,002C183E,0,1,1,4294967295,0,1
oInvisibleSlimSolid,920,320,0019E25C,0,1,1,4294967295,0,1
oInvisibleSlimSolid,1120,336,003D80E9,0,1,1,4294967295,0,1
oInvisibleSolid,1056,0,0022A29D,0,1,1,4294967295,0,1
oInvisibleSolid,736,0,00232937,0,1,1,4294967295,0,1
oInvisibleSlimSolid,1344,336,002260CD,0,1,1,4294967295,0,1
oInvisibleSolid,1664,208,002F91B3,0,1,1,4294967295,0,1
oInvisibleSolid,1568,144,00004358,0,1,1,4294967295,0,1
oInvisibleSolid,1664,144,0013660E,0,1,1,4294967295,0,1
oInvisibleSlimSolid,1568,336,0037880A,0,1,1,4294967295,0,1
oInvisibleSlimSolid,1664,336,000E90DC,0,1,1,4294967295,0,1
oInvisibleSolid,1856,64,003E5918,0,1,1,4294967295,0,1
oInvisibleSolid,224,256,001BC14B,0,1,1,4294967295,0,1
oInvisibleSolid,1920,0,000C9E90,0,1,1,4294967295,0,1
oInvisibleSlimSolid,1912,304,000C7E73,0,1,1,4294967295,0,1
oInvisibleSolid,2624,96,0033BCAF,0,1,1,4294967295,0,1
oInvisibleSolid,2464,96,003B8171,0,1,1,4294967295,0,1
oInvisibleLupLowSlope,2400,64,003D82D5,0,1,1,4294967295,0,0
oInvisibleLupLowSlope,2432,80,003B5DA9,0,1,1,4294967295,0,0
oInvisibleRCeilingLowSlope,2400,80,001C4865,0,1,1,4294967295,0,0
oInvisibleRCeilingLowSlope,2432,96,0035F473,0,1,1,4294967295,0,0
oInvisibleSlimSolid,2240,208,000B4414,0,1,1,4294967295,0,1
oInvisibleSlimSolid,2496,304,0004370D,0,1,1,4294967295,0,1
oInvisibleSlimSolid,2624,256,00394CC8,0,1,1,4294967295,0,1
oInvisibleSolid,2704,0,0029F1DD,0,1,1,4294967295,0,1
oInvisibleSolid,2896,128,001AB0B3,0,1,1,4294967295,0,1
oInvisibleLupLowSlope,2832,96,0016D3CB,0,1,1,4294967295,0,0
oInvisibleLupLowSlope,2864,112,00294A34,0,1,1,4294967295,0,0
oInvisibleRCeilingLowSlope,2832,112,0002CC5F,0,1,1,4294967295,0,0
oInvisibleRCeilingLowSlope,2864,128,0010953D,0,1,1,4294967295,0,0
oInvisibleSolid,3104,128,002294E2,0,1,1,4294967295,0,1
oInvisibleSolid,2880,176,00036C7D,0,1,1,4294967295,0,1
oInvisibleRupLowSlope,3232,160,0035DEF6,0,1,1,4294967295,0,0
oInvisibleRupLowSlope,3264,144,000DC984,0,1,1,4294967295,0,0
oInvisibleLCeilingLowSlope,3232,176,002A76D5,0,1,1,4294967295,0,0
oInvisibleLCeilingLowSlope,3264,160,001E4D1C,0,1,1,4294967295,0,0
oInvisibleLCeilingLowSlope,3296,144,001E9A8B,0,1,1,4294967295,0,0
oInvisibleSlimSolid,2800,256,000A9C7B,0,1,1,4294967295,0,1
oInvisibleSlimSolid,2856,288,0015CE9D,0,1,1,4294967295,0,1
oInvisibleLupLowSlope,3584,128,000536A9,0,1,1,4294967295,0,0
oInvisibleRCeilingLowSlope,3584,144,00334A60,0,1,1,4294967295,0,0
oInvisibleSolid,3616,144,003BF39A,0,1,1,4294967295,0,1
oInvisibleLupLowSlope,4448,144,000B349C,0,1,1,4294967295,0,0
oInvisibleLupLowSlope,4480,160,002317DE,0,1,1,4294967295,0,0
oInvisibleRCeilingLowSlope,4448,160,0005A8E6,0,1,1,4294967295,0,0
oInvisibleRCeilingLowSlope,4480,176,0033CB7A,0,1,1,4294967295,0,0
oInvisibleSolid,4512,176,00279AC4,0,1,1,4294967295,0,1
oInvisibleSolid,4576,32,003D6DB3,0,1,1,4294967295,0,1
oInvisibleSlimSolid,4704,176,000F3618,0,1,1,4294967295,0,1
oInvisibleSlimSolid,4896,256,00223DC9,0,1,1,4294967295,0,1
oInvisibleSlimSolid,5072,208,0025C3FF,0,1,1,4294967295,0,1
oInvisibleSolid,5336,240,00256099,0,1,1,4294967295,0,1
oInvisibleSolid,4896,272,0028D1BF,0,1,1,4294967295,0,1
oInvisibleSolid,5344,32,003FEEC9,0,1,1,4294967295,0,1
oTimeSwBarrier,5376,96,0037BD95,0,1,1,4294967295,0,1
oInvisibleSolid,4640,0,003BD3DD,0,1,1,4294967295,0,1
oInvisibleSlimSolid,5072,336,00291DF3,0,1,1,4294967295,0,1
oInvisibleSolid,96,32,0034F99A,0,1,1,4294967295,0,1
oInvisibleSolid,272,32,0027D968,0,1,1,4294967295,0,1
oInvisibleSolid,2672,0,0025B2BA,0,1,1,4294967295,0,1
oInvisibleSolid,2672,80,002D8B96,0,1,1,4294967295,0,1
oInvisibleSolid,1136,368,0031D07C,0,1,1,4294967295,0,0
oInvisibleSolid,1360,368,002BDC85,0,1,1,4294967295,0,0
oInvisibleSolid,1440,368,001D095C,0,1,1,4294967295,0,0
oInvisibleSolid,1216,368,0029C147,0,1,1,4294967295,0,0
oInvisibleSolid,3568,176,000E4CB5,0,1,1,4294967295,0,0
oInvisibleSolid,3648,176,001E73DA,0,1,1,4294967295,0,0
oInvisibleSolid,3568,336,0010B0A0,0,1,1,4294967295,0,0
oInvisibleSolid,4896,336,0003EF62,0,1,1,4294967295,0,0
oInvisibleSolid,4944,336,0033AB59,0,1,1,4294967295,0,0
oInvisibleSolid,4896,400,00140ACB,0,1,1,4294967295,0,0
oInvisibleSolid,4944,400,002BEC6C,0,1,1,4294967295,0,0
