oExit,0,896,001B44FF,0,1,1,4294967295,0,1
oExit,1424,896,00323293,0,1,1,4294967295,0,1
oExit,1424,160,001ACD51,0,1,1,4294967295,0,1
oMoneyChest,128,512,0026DAD9,0,1,1,4294967295,0,1
oMissilePack,560,464,0023630B,0,1,1,4294967295,0,1
oMetroidCheckpoint,112,896,001BD518,0,1,1,4294967295,0,0
oMetGeemer,720,848,001A0227,0,1,1,4294967295,0,1
oMetGeemer,672,496,00133FB2,0,1,1,4294967295,0,1
oMetGeemer,144,320,001A5513,0,1,1,4294967295,0,1
oMetGeemer,992,512,0029F233,0,1,1,4294967295,0,1
oMetRipper,288,544,0008C56E,0,1,1,4294967295,0,1
oMetSkree,288,752,000CFB90,0,1,1,4294967295,0,0
oMetSkree,528,208,002075F9,0,1,1,4294967295,0,0
oMetSkree,1040,288,00382F65,0,1,1,4294967295,0,0
oMetSkree,1088,768,0007EDFB,0,1,1,4294967295,0,0
oMetSmallSidehopper,960,592,0013E556,0,1,1,4294967295,0,0
oPlayer1,64,928,0032C1C1,0,1,1,4294967295,0,0
oMetroidDoorHolder,16,896,001C5674,0,1,1,4294967295,0,1
oMetroidDoorHolder,1408,896,002E5D9C,0,1,1,4294967295,0,1
oMetroidDoorHolder,1408,160,00166ED5,0,1,1,4294967295,0,1
oBreakableMetroidWall,608,464,0018A03C,0,1,1,4294967295,0,1
oBreakableMetroidWall,624,464,00081D7E,0,1,1,4294967295,0,1
oBreakableMetroidWall,640,464,001B4DB8,0,1,1,4294967295,0,1
oBreakableMetroidWall,656,464,002BC89B,0,1,1,4294967295,0,1
oInvCollPH,16,928,0012164D,0,1,1,4294967295,0,0
oInvCollPH,32,928,0027E57A,0,1,1,4294967295,0,0
oInvCollPH,48,928,003F9590,0,1,1,4294967295,0,0
oInvCollPH,64,928,0016892F,0,1,1,4294967295,0,0
oInvCollPH,80,928,00330D3A,0,1,1,4294967295,0,0
oInvCollPH,96,928,002A2ED0,0,1,1,4294967295,0,0
oInvCollPH,112,928,002FB1B4,0,1,1,4294967295,0,0
oInvCollPH,128,928,00050690,0,1,1,4294967295,0,0
oInvCollPH,144,928,002CA4A9,0,1,1,4294967295,0,0
oInvCollPH,160,928,002C6C74,0,1,1,4294967295,0,0
oInvCollPH,176,928,002C70F0,0,1,1,4294967295,0,0
oInvCollSM,464,448,000F9887,0,1,1,4294967295,0,0
oInvCollSM,480,448,00142F92,0,1,1,4294967295,0,0
oInvCollSM,496,448,0014E59F,0,1,1,4294967295,0,0
oInvCollSM,368,960,0012CBCC,0,1,1,4294967295,0,0
oInvCollSM,384,960,00098728,0,1,1,4294967295,0,0
oInvCollSM,400,960,00047995,0,1,1,4294967295,0,0
oInvCollSM,416,960,0037D901,0,1,1,4294967295,0,0
oInvCollSM,432,960,003EF8C4,0,1,1,4294967295,0,0
oInvCollSM,448,960,0008146C,0,1,1,4294967295,0,0
oInvCollSM,464,960,0009EFDE,0,1,1,4294967295,0,0
oInvCollSM,480,960,002F6D90,0,1,1,4294967295,0,0
oInvCollSM,496,960,00351466,0,1,1,4294967295,0,0
oInvCollSM,512,960,0010E42F,0,1,1,4294967295,0,0
oInvCollSM,528,960,001864B6,0,1,1,4294967295,0,0
oInvCollSM,544,960,00262E19,0,1,1,4294967295,0,0
oInvCollSM,560,960,003C22AC,0,1,1,4294967295,0,0
oInvCollPH,80,592,00342C69,0,1,1,4294967295,0,0
oInvCollPH,96,592,00197EA0,0,1,1,4294967295,0,0
oInvCollPH,112,592,001A1180,0,1,1,4294967295,0,0
oInvCollPH,128,592,001BEEBD,0,1,1,4294967295,0,0
oInvCollPH,144,592,0024A41B,0,1,1,4294967295,0,0
oInvCollPH,160,592,0032F5AB,0,1,1,4294967295,0,0
oInvCollPH,160,608,000A6AAB,0,1,1,4294967295,0,0
oInvCollPH,160,624,00324E05,0,1,1,4294967295,0,0
oInvCollPH,160,640,00326D3D,0,1,1,4294967295,0,0
oInvCollPH,144,640,002E47CC,0,1,1,4294967295,0,0
oInvCollPH,128,640,001B7595,0,1,1,4294967295,0,0
oInvCollPH,112,640,001724E1,0,1,1,4294967295,0,0
oInvCollPH,96,640,002026A8,0,1,1,4294967295,0,0
oInvCollPH,80,640,001271FF,0,1,1,4294967295,0,0
oInvCollPH,64,640,001C29C0,0,1,1,4294967295,0,0
oInvCollPH,96,528,001DB6F9,0,1,1,4294967295,0,0
oInvCollPH,96,544,00055FEB,0,1,1,4294967295,0,0
oInvCollPH,112,512,002F9CA1,0,1,1,4294967295,0,0
oInvCollPH,128,512,0010F02D,0,1,1,4294967295,0,0
oInvCollPH,144,512,002FBBE6,0,1,1,4294967295,0,0
oInvCollPH,160,416,0006A002,0,1,1,4294967295,0,0
oInvCollPH,160,432,000B92A3,0,1,1,4294967295,0,0
oInvCollPH,160,448,001BFB26,0,1,1,4294967295,0,0
oInvCollPH,160,464,00336FAE,0,1,1,4294967295,0,0
oInvCollPH,160,480,000006B7,0,1,1,4294967295,0,0
oInvCollPH,160,496,00331407,0,1,1,4294967295,0,0
oInvCollPH,208,400,0023892A,0,1,1,4294967295,0,0
oInvCollPH,208,416,00244CFD,0,1,1,4294967295,0,0
oInvCollPH,208,432,000AF197,0,1,1,4294967295,0,0
oInvCollPH,208,448,001FF2F5,0,1,1,4294967295,0,0
oInvCollPH,208,464,000ACCC1,0,1,1,4294967295,0,0
oInvCollPH,208,480,002AB9A7,0,1,1,4294967295,0,0
oInvCollPH,208,496,0039180B,0,1,1,4294967295,0,0
oInvCollPH,208,512,00075BE1,0,1,1,4294967295,0,0
oInvCollPH,208,528,0004E701,0,1,1,4294967295,0,0
oInvCollPH,208,544,002E8995,0,1,1,4294967295,0,0
oInvCollPH,80,336,003604BD,0,1,1,4294967295,0,0
oInvCollPH,96,336,001EE36A,0,1,1,4294967295,0,0
oInvCollPH,112,336,00248C1F,0,1,1,4294967295,0,0
oInvCollPH,128,336,002B5BF4,0,1,1,4294967295,0,0
oInvCollPH,144,336,003BE8DE,0,1,1,4294967295,0,0
oInvCollPH,64,384,00067BE7,0,1,1,4294967295,0,0
oInvCollPH,80,384,0034B044,0,1,1,4294967295,0,0
oInvCollPH,96,384,0017DEFE,0,1,1,4294967295,0,0
oInvCollPH,112,384,00060EE7,0,1,1,4294967295,0,0
oInvCollPH,128,384,002A7DB5,0,1,1,4294967295,0,0
oInvCollPH,144,384,000A1CE3,0,1,1,4294967295,0,0
oInvCollPH,160,336,002D3EA4,0,1,1,4294967295,0,0
oInvCollPH,176,336,0031FF75,0,1,1,4294967295,0,0
oInvCollPH,192,336,000BC39F,0,1,1,4294967295,0,0
oInvCollPH,208,336,001232EB,0,1,1,4294967295,0,0
oInvCollPH,208,352,0039116E,0,1,1,4294967295,0,0
oInvCollPH,208,368,0016838C,0,1,1,4294967295,0,0
oInvCollPH,208,384,002CE7F2,0,1,1,4294967295,0,0
oInvCollPH,256,688,0004E947,0,1,1,4294967295,0,0
oInvCollPH,272,688,002B35AC,0,1,1,4294967295,0,0
oInvCollPH,288,688,000462CC,0,1,1,4294967295,0,0
oInvCollPH,304,688,00335560,0,1,1,4294967295,0,0
oInvCollPH,320,688,00320380,0,1,1,4294967295,0,0
oInvCollPH,336,688,001CA81B,0,1,1,4294967295,0,0
oInvCollPH,240,704,002329AD,0,1,1,4294967295,0,0
oInvCollPH,240,720,002AE6EA,0,1,1,4294967295,0,0
oInvCollPH,240,736,0026A25D,0,1,1,4294967295,0,0
oInvCollPH,256,736,001EAC6B,0,1,1,4294967295,0,0
oInvCollPH,272,736,0039C6B3,0,1,1,4294967295,0,0
oInvCollPH,288,736,001DBAAD,0,1,1,4294967295,0,0
oInvCollPH,304,736,00042549,0,1,1,4294967295,0,0
oInvCollPH,320,736,0031B218,0,1,1,4294967295,0,0
oInvCollPH,336,736,003DD544,0,1,1,4294967295,0,0
oInvCollPH,352,736,00097CFA,0,1,1,4294967295,0,0
oInvCollPH,368,736,0026794B,0,1,1,4294967295,0,0
oInvCollPH,384,736,00129AD6,0,1,1,4294967295,0,0
oInvCollPH,400,736,0012D05B,0,1,1,4294967295,0,0
oInvCollPH,400,720,0008FDAD,0,1,1,4294967295,0,0
oInvCollPH,400,704,000DE5C6,0,1,1,4294967295,0,0
oInvCollPH,400,688,001EC7E8,0,1,1,4294967295,0,0
oInvCollPH,448,400,00361D6C,0,1,1,4294967295,0,0
oInvCollPH,448,416,00186485,0,1,1,4294967295,0,0
oInvCollPH,448,432,001345F5,0,1,1,4294967295,0,0
oInvCollPH,496,432,001F57C7,0,1,1,4294967295,0,0
oInvCollPH,496,416,002BD15A,0,1,1,4294967295,0,0
oInvCollPH,496,400,003353A6,0,1,1,4294967295,0,0
oInvCollPH,496,384,003C91A4,0,1,1,4294967295,0,0
oInvCollPH,608,400,00366B8B,0,1,1,4294967295,0,0
oInvCollPH,608,416,001EE0BD,0,1,1,4294967295,0,0
oInvCollPH,608,432,0018A559,0,1,1,4294967295,0,0
oInvCollPH,656,384,002C60A8,0,1,1,4294967295,0,0
oInvCollPH,656,400,000249C1,0,1,1,4294967295,0,0
oInvCollPH,656,416,0014BE1F,0,1,1,4294967295,0,0
oInvCollPH,656,432,00170999,0,1,1,4294967295,0,0
oInvCollPH,464,320,0031192E,0,1,1,4294967295,0,0
oInvCollPH,480,320,00139695,0,1,1,4294967295,0,0
oInvCollPH,496,320,002E88B7,0,1,1,4294967295,0,0
oInvCollPH,512,320,0017E693,0,1,1,4294967295,0,0
oInvCollPH,528,320,002115B4,0,1,1,4294967295,0,0
oInvCollPH,544,320,002DF761,0,1,1,4294967295,0,0
oInvCollPH,560,320,000F907F,0,1,1,4294967295,0,0
oInvCollPH,576,320,000E9EEB,0,1,1,4294967295,0,0
oInvCollPH,592,320,003211A3,0,1,1,4294967295,0,0
oInvCollPH,448,336,00121F08,0,1,1,4294967295,0,0
oInvCollPH,448,352,0038B090,0,1,1,4294967295,0,0
oInvCollPH,448,368,0015E567,0,1,1,4294967295,0,0
oInvCollPH,608,320,00162B31,0,1,1,4294967295,0,0
oInvCollPH,624,320,00106C77,0,1,1,4294967295,0,0
oInvCollPH,640,320,000BFF46,0,1,1,4294967295,0,0
oInvCollPH,656,320,0028F107,0,1,1,4294967295,0,0
oInvCollPH,656,336,0028C1E2,0,1,1,4294967295,0,0
oInvCollPH,656,352,001DAF4E,0,1,1,4294967295,0,0
oInvCollPH,656,368,00286662,0,1,1,4294967295,0,0
oInvCollPH,512,368,003C6BC8,0,1,1,4294967295,0,0
oInvCollPH,528,368,0035383A,0,1,1,4294967295,0,0
oInvCollPH,544,368,00383393,0,1,1,4294967295,0,0
oInvCollPH,560,368,000A0467,0,1,1,4294967295,0,0
oInvCollPH,576,368,00095A74,0,1,1,4294967295,0,0
oInvCollPH,592,368,003B7DE3,0,1,1,4294967295,0,0
oInvCollPH,704,368,0035F524,0,1,1,4294967295,0,0
oInvCollPH,720,368,002ED2B9,0,1,1,4294967295,0,0
oInvCollPH,1136,288,001DF324,0,1,1,4294967295,0,0
oInvCollPH,1152,288,002849E3,0,1,1,4294967295,0,0
oInvCollPH,1168,288,0009AAE6,0,1,1,4294967295,0,0
oInvCollPH,832,496,001866A0,0,1,1,4294967295,0,0
oInvCollPH,848,496,0039E1E6,0,1,1,4294967295,0,0
oInvCollPH,864,496,000E967C,0,1,1,4294967295,0,0
oInvCollPH,880,496,003DAB5E,0,1,1,4294967295,0,0
oInvCollPH,896,496,0034AF66,0,1,1,4294967295,0,0
oInvCollPH,912,496,0036889B,0,1,1,4294967295,0,0
oInvCollPH,928,496,002480A0,0,1,1,4294967295,0,0
oInvCollPH,944,496,003F28F5,0,1,1,4294967295,0,0
oInvCollPH,960,496,0005878E,0,1,1,4294967295,0,0
oInvCollPH,976,496,002E54BD,0,1,1,4294967295,0,0
oInvCollPH,992,496,0024C70E,0,1,1,4294967295,0,0
oInvCollPH,1008,496,003AFD97,0,1,1,4294967295,0,0
oInvCollPH,1184,432,00361176,0,1,1,4294967295,0,0
oInvCollPH,1184,448,001CBECC,0,1,1,4294967295,0,0
oInvCollPH,1184,464,002EBC7F,0,1,1,4294967295,0,0
oInvCollPH,1232,400,0009981A,0,1,1,4294967295,0,0
oInvCollPH,1232,416,001FF670,0,1,1,4294967295,0,0
oInvCollPH,1232,432,001293A4,0,1,1,4294967295,0,0
oInvCollPH,1232,448,0005BBED,0,1,1,4294967295,0,0
oInvCollPH,1232,464,001D7D3E,0,1,1,4294967295,0,0
oInvCollPH,1280,432,000D3E2D,0,1,1,4294967295,0,0
oInvCollPH,1280,448,003E9D22,0,1,1,4294967295,0,0
oInvCollPH,1280,464,00398E1C,0,1,1,4294967295,0,0
oInvCollPH,1200,928,003155C4,0,1,1,4294967295,0,0
oInvCollPH,1216,928,0000961E,0,1,1,4294967295,0,0
oInvCollPH,1232,928,0028F5CF,0,1,1,4294967295,0,0
oInvCollPH,1248,928,000CFD45,0,1,1,4294967295,0,0
oInvCollPH,1264,928,00015435,0,1,1,4294967295,0,0
oInvCollPH,1280,928,002CC9AB,0,1,1,4294967295,0,0
oInvCollPH,1296,928,001350BF,0,1,1,4294967295,0,0
oInvCollPH,1312,928,000E7548,0,1,1,4294967295,0,0
oInvCollPH,1328,928,0024CE8E,0,1,1,4294967295,0,0
oInvCollPH,1344,928,000B0085,0,1,1,4294967295,0,0
oInvCollPH,1360,928,003871DB,0,1,1,4294967295,0,0
oInvCollPH,1376,928,00134E6D,0,1,1,4294967295,0,0
oInvCollPH,1392,928,002BDB49,0,1,1,4294967295,0,0
oInvCollPH,1408,928,00174161,0,1,1,4294967295,0,0
oInvCollPH,1424,928,003C6C8D,0,1,1,4294967295,0,0
oInvCollPH,1328,720,002935A1,0,1,1,4294967295,0,0
oInvCollPH,1328,736,003EE7D1,0,1,1,4294967295,0,0
oInvCollPH,1328,752,003F95E9,0,1,1,4294967295,0,0
oInvCollPH,1328,768,002E31FF,0,1,1,4294967295,0,0
oInvCollPH,1328,784,0013C602,0,1,1,4294967295,0,0
oInvCollPH,1328,800,00005020,0,1,1,4294967295,0,0
oInvCollPH,1328,816,002E90DA,0,1,1,4294967295,0,0
oInvCollPH,1328,832,0005FF96,0,1,1,4294967295,0,0
oInvCollPH,1328,848,000450DE,0,1,1,4294967295,0,0
oInvCollPH,1344,848,000CF29E,0,1,1,4294967295,0,0
oInvCollPH,1360,848,0022C14E,0,1,1,4294967295,0,0
oInvCollPH,1376,848,00227980,0,1,1,4294967295,0,0
oInvCollPH,1392,848,00040188,0,1,1,4294967295,0,0
oInvCollPH,1408,848,003C3389,0,1,1,4294967295,0,0
oInvCollPH,1424,848,00139152,0,1,1,4294967295,0,0
oInvCollPH,368,912,00106D72,0,1,1,4294967295,0,0
oInvCollPH,384,912,001DA6F9,0,1,1,4294967295,0,0
oInvCollPH,400,912,001C8EDF,0,1,1,4294967295,0,0
oInvCollPH,416,912,003A016D,0,1,1,4294967295,0,0
oInvCollPH,432,912,00012320,0,1,1,4294967295,0,0
oInvCollPH,448,912,0020DAF3,0,1,1,4294967295,0,0
oInvCollPH,352,928,0032128D,0,1,1,4294967295,0,0
oInvCollPH,352,944,001D0BE9,0,1,1,4294967295,0,0
oInvCollPH,560,912,0018D542,0,1,1,4294967295,0,0
oInvCollPH,560,928,00095F9F,0,1,1,4294967295,0,0
oInvCollPH,560,944,00191C6C,0,1,1,4294967295,0,0
oInvCollPH,512,880,00171EE5,0,1,1,4294967295,0,0
oInvCollPH,560,896,002DF205,0,1,1,4294967295,0,0
oInvCollPH,528,800,000DEDB5,0,1,1,4294967295,0,0
oInvCollPH,528,816,001FBDB8,0,1,1,4294967295,0,0
oInvCollPH,528,832,002944F5,0,1,1,4294967295,0,0
oInvCollPH,528,848,00049E87,0,1,1,4294967295,0,0
oInvCollPH,528,864,0012AF6A,0,1,1,4294967295,0,0
oInvCollPH,544,784,0007559C,0,1,1,4294967295,0,0
oInvCollPH,560,784,00022268,0,1,1,4294967295,0,0
oInvCollPH,576,784,002AD65B,0,1,1,4294967295,0,0
oInvCollPH,592,784,001A4895,0,1,1,4294967295,0,0
oInvCollPH,608,784,000C6818,0,1,1,4294967295,0,0
oInvCollPH,576,880,002B1F0A,0,1,1,4294967295,0,0
oInvCollPH,592,880,0005B189,0,1,1,4294967295,0,0
oInvCollPH,608,880,00324C50,0,1,1,4294967295,0,0
oInvCollPH,608,864,0035ECC3,0,1,1,4294967295,0,0
oInvCollPH,608,848,000706A9,0,1,1,4294967295,0,0
oInvCollPH,624,832,003B4CEF,0,1,1,4294967295,0,0
oInvCollPH,656,688,00093DC3,0,1,1,4294967295,0,0
oInvCollPH,672,688,002167EC,0,1,1,4294967295,0,0
oInvCollPH,688,688,001E380A,0,1,1,4294967295,0,0
oInvCollPH,704,688,001C0213,0,1,1,4294967295,0,0
oInvCollPH,720,688,0038871C,0,1,1,4294967295,0,0
oInvCollPH,736,688,000AB3C5,0,1,1,4294967295,0,0
oInvCollPH,640,704,00098154,0,1,1,4294967295,0,0
oInvCollPH,640,720,0002F8D9,0,1,1,4294967295,0,0
oInvCollPH,640,736,00038D2B,0,1,1,4294967295,0,0
oInvCollPH,640,752,002F449B,0,1,1,4294967295,0,0
oInvCollPH,640,768,0033D49D,0,1,1,4294967295,0,0
oInvCollPH,816,688,0001879E,0,1,1,4294967295,0,0
oInvCollPH,816,704,0029B477,0,1,1,4294967295,0,0
oInvCollPH,816,720,00377BBF,0,1,1,4294967295,0,0
oInvCollPH,816,736,003A00AE,0,1,1,4294967295,0,0
oInvCollPH,816,752,0032BBDC,0,1,1,4294967295,0,0
oInvCollPH,816,768,000CB13E,0,1,1,4294967295,0,0
oInvCollPH,816,784,003D172B,0,1,1,4294967295,0,0
oInvCollPH,816,800,002FE0A6,0,1,1,4294967295,0,0
oInvCollPH,816,816,001DF419,0,1,1,4294967295,0,0
oInvCollPH,816,832,0004386C,0,1,1,4294967295,0,0
oInvCollPH,800,832,00220DE3,0,1,1,4294967295,0,0
oInvCollPH,784,832,003A8D94,0,1,1,4294967295,0,0
oInvCollPH,768,832,0001C525,0,1,1,4294967295,0,0
oInvCollPH,752,832,001D6FB9,0,1,1,4294967295,0,0
oInvCollPH,736,832,0003AFE3,0,1,1,4294967295,0,0
oInvCollPH,720,832,0026665A,0,1,1,4294967295,0,0
oInvCollPH,704,832,0032E3C9,0,1,1,4294967295,0,0
oInvCollPH,688,832,00188B9D,0,1,1,4294967295,0,0
oInvCollPH,672,832,001AA272,0,1,1,4294967295,0,0
oInvCollPH,656,832,000B704A,0,1,1,4294967295,0,0
oInvCollPH,640,832,000DCA4A,0,1,1,4294967295,0,0
oInvCollPH,768,592,0033D0BA,0,1,1,4294967295,0,0
oInvCollPH,784,592,0028D847,0,1,1,4294967295,0,0
oInvCollPH,800,592,00222DFF,0,1,1,4294967295,0,0
oInvCollPH,816,592,003E665A,0,1,1,4294967295,0,0
oInvCollPH,752,608,0010069D,0,1,1,4294967295,0,0
oInvCollPH,752,624,0032CB1B,0,1,1,4294967295,0,0
oInvCollPH,752,640,0008E626,0,1,1,4294967295,0,0
oInvCollPH,752,656,0037B8FD,0,1,1,4294967295,0,0
oInvCollPH,752,672,0022533A,0,1,1,4294967295,0,0
oInvCollPH,816,672,002C59F3,0,1,1,4294967295,0,0
oInvCollPH,816,656,001340C0,0,1,1,4294967295,0,0
oInvCollPH,848,592,0018B64B,0,1,1,4294967295,0,0
oInvCollPH,864,592,002C54E0,0,1,1,4294967295,0,0
oInvCollPH,880,592,0015F4A6,0,1,1,4294967295,0,0
oInvCollPH,896,592,0006149B,0,1,1,4294967295,0,0
oInvCollPH,912,592,0039D8D3,0,1,1,4294967295,0,0
oInvCollPH,928,592,000F6CD7,0,1,1,4294967295,0,0
oInvCollPH,944,592,00149197,0,1,1,4294967295,0,0
oInvCollPH,960,592,003BF48F,0,1,1,4294967295,0,0
oInvCollPH,976,592,003873BE,0,1,1,4294967295,0,0
oInvCollPH,992,592,00170134,0,1,1,4294967295,0,0
oInvCollPH,1008,592,001EFC7F,0,1,1,4294967295,0,0
oInvCollPH,832,640,0033EAB3,0,1,1,4294967295,0,0
oInvCollPH,848,640,0025B7BA,0,1,1,4294967295,0,0
oInvCollPH,864,640,0028136B,0,1,1,4294967295,0,0
oInvCollPH,880,640,002C8577,0,1,1,4294967295,0,0
oInvCollPH,896,640,0027A44F,0,1,1,4294967295,0,0
oInvCollPH,912,640,000828DE,0,1,1,4294967295,0,0
oInvCollPH,928,640,0017AFB5,0,1,1,4294967295,0,0
oInvCollPH,944,640,001F33AE,0,1,1,4294967295,0,0
oInvCollPH,960,640,0009C989,0,1,1,4294967295,0,0
oInvCollPH,976,640,003555B7,0,1,1,4294967295,0,0
oInvCollPH,992,640,00362753,0,1,1,4294967295,0,0
oInvCollPH,1008,640,00355F16,0,1,1,4294967295,0,0
oInvCollPH,352,560,00283950,0,1,1,4294967295,0,0
oInvCollPH,352,576,001417ED,0,1,1,4294967295,0,0
oInvCollPH,352,592,002BFAF0,0,1,1,4294967295,0,0
oInvCollPH,352,608,001B91D6,0,1,1,4294967295,0,0
oInvCollPH,352,624,00358D7A,0,1,1,4294967295,0,0
oInvCollPH,352,640,002FD7BB,0,1,1,4294967295,0,0
oInvCollPH,352,656,001BDD0D,0,1,1,4294967295,0,0
oInvCollPH,352,672,000D8595,0,1,1,4294967295,0,0
oInvCollPH,400,672,0014A4C2,0,1,1,4294967295,0,0
oInvCollPH,400,656,00075D18,0,1,1,4294967295,0,0
oInvCollPH,400,640,0004505F,0,1,1,4294967295,0,0
oInvCollPH,400,624,003D03B3,0,1,1,4294967295,0,0
oInvCollPH,400,608,000A9175,0,1,1,4294967295,0,0
oInvCollPH,400,592,0023B742,0,1,1,4294967295,0,0
oInvCollPH,400,576,0033077C,0,1,1,4294967295,0,0
oInvCollPH,400,560,000B62EB,0,1,1,4294967295,0,0
oInvCollPH,400,544,000D9B14,0,1,1,4294967295,0,0
oInvCollPH,368,480,0000CA96,0,1,1,4294967295,0,0
oInvCollPH,384,480,002613FC,0,1,1,4294967295,0,0
oInvCollPH,400,480,00341CCA,0,1,1,4294967295,0,0
oInvCollPH,416,480,003A982F,0,1,1,4294967295,0,0
oInvCollPH,432,480,0033E9A0,0,1,1,4294967295,0,0
oInvCollPH,448,480,000E94B6,0,1,1,4294967295,0,0
oInvCollPH,464,480,000AB53F,0,1,1,4294967295,0,0
oInvCollPH,480,480,0004ED6E,0,1,1,4294967295,0,0
oInvCollPH,592,480,0039E566,0,1,1,4294967295,0,0
oInvCollPH,576,480,002E8FEA,0,1,1,4294967295,0,0
oInvCollPH,560,480,001269C4,0,1,1,4294967295,0,0
oInvCollPH,544,480,000C90BD,0,1,1,4294967295,0,0
oInvCollPH,528,480,0038D605,0,1,1,4294967295,0,0
oInvCollPH,512,480,002347A9,0,1,1,4294967295,0,0
oInvCollPH,496,480,002FC8A6,0,1,1,4294967295,0,0
oInvCollPH,352,496,0009BEAA,0,1,1,4294967295,0,0
oInvCollPH,352,512,0001215C,0,1,1,4294967295,0,0
oInvCollPH,352,528,003D68AB,0,1,1,4294967295,0,0
oInvCollPH,416,528,0016969E,0,1,1,4294967295,0,0
oInvCollPH,432,528,001D88BD,0,1,1,4294967295,0,0
oInvCollPH,448,528,003638F4,0,1,1,4294967295,0,0
oInvCollPH,464,528,0010AE80,0,1,1,4294967295,0,0
oInvCollPH,480,528,001CF544,0,1,1,4294967295,0,0
oInvCollPH,496,528,00182D6B,0,1,1,4294967295,0,0
oInvCollPH,512,528,000BD791,0,1,1,4294967295,0,0
oInvCollPH,528,528,00006CCC,0,1,1,4294967295,0,0
oInvCollPH,544,528,002C3FB3,0,1,1,4294967295,0,0
oInvCollPH,560,528,00200943,0,1,1,4294967295,0,0
oInvCollPH,576,528,00244713,0,1,1,4294967295,0,0
oInvCollPH,592,528,00119D8D,0,1,1,4294967295,0,0
oInvCollPH,608,528,001E4D88,0,1,1,4294967295,0,0
oInvCollPH,624,528,002D4A64,0,1,1,4294967295,0,0
oInvCollPH,640,528,0017011B,0,1,1,4294967295,0,0
oInvCollPH,656,528,00261217,0,1,1,4294967295,0,0
oInvCollPH,656,512,00208C68,0,1,1,4294967295,0,0
oInvCollPH,656,496,002363DD,0,1,1,4294967295,0,0
oInvCollPH,656,480,000D2E14,0,1,1,4294967295,0,0
oInvCollPH,320,992,000E05B3,0,1,1,4294967295,0,0
oInvCollPH,336,992,0006B9C0,0,1,1,4294967295,0,0
oInvCollPH,352,992,001ECB62,0,1,1,4294967295,0,0
oInvCollPH,368,992,001FF3DB,0,1,1,4294967295,0,0
oInvCollPH,384,992,002FE7BF,0,1,1,4294967295,0,0
oInvCollPH,400,992,000B0410,0,1,1,4294967295,0,0
oInvCollPH,416,992,001D0E40,0,1,1,4294967295,0,0
oInvCollPH,432,992,003EAC02,0,1,1,4294967295,0,0
oInvCollPH,448,992,0012598E,0,1,1,4294967295,0,0
oInvCollPH,464,992,000343BF,0,1,1,4294967295,0,0
oInvCollPH,480,992,003799EA,0,1,1,4294967295,0,0
oInvCollPH,496,992,002F8785,0,1,1,4294967295,0,0
oInvCollPH,512,992,002D643D,0,1,1,4294967295,0,0
oInvCollPH,528,992,0029C60D,0,1,1,4294967295,0,0
oInvCollPH,544,992,0036D989,0,1,1,4294967295,0,0
oInvCollPH,560,992,000E0ED9,0,1,1,4294967295,0,0
oInvCollPH,576,992,002A43D7,0,1,1,4294967295,0,0
oInvCollPH,592,992,0020EE9F,0,1,1,4294967295,0,0
oInvCollPH,608,992,00167077,0,1,1,4294967295,0,0
oInvCollPH,624,992,00395116,0,1,1,4294967295,0,0
oInvCollPH,640,992,00180E8F,0,1,1,4294967295,0,0
oInvCollPH,656,992,00312510,0,1,1,4294967295,0,0
oInvCollPH,672,992,00200F2B,0,1,1,4294967295,0,0
oInvCollPH,688,992,0034361D,0,1,1,4294967295,0,0
oInvCollPH,704,992,001F3E78,0,1,1,4294967295,0,0
oInvCollPH,720,992,0006C8C7,0,1,1,4294967295,0,0
oInvCollPH,736,992,00134921,0,1,1,4294967295,0,0
oInvCollPH,752,992,000EF4B5,0,1,1,4294967295,0,0
oInvCollPH,768,992,0014A6EA,0,1,1,4294967295,0,0
oInvCollPH,784,992,0010E314,0,1,1,4294967295,0,0
oInvCollPH,800,992,00248835,0,1,1,4294967295,0,0
oInvCollPH,816,992,00381122,0,1,1,4294967295,0,0
oInvCollPH,832,992,001C28F9,0,1,1,4294967295,0,0
oInvCollPH,848,992,00259E9B,0,1,1,4294967295,0,0
oInvCollPH,864,992,002864FE,0,1,1,4294967295,0,0
oInvCollPH,880,992,0017A0A6,0,1,1,4294967295,0,0
oInvCollPH,896,992,002CD082,0,1,1,4294967295,0,0
oInvCollPH,912,992,000543DB,0,1,1,4294967295,0,0
oInvCollPH,928,992,0031F665,0,1,1,4294967295,0,0
oInvCollPH,944,992,0033A0D5,0,1,1,4294967295,0,0
oInvCollPH,960,992,00188B2D,0,1,1,4294967295,0,0
oInvCollPH,976,992,0012775F,0,1,1,4294967295,0,0
oInvCollPH,992,992,003DB390,0,1,1,4294967295,0,0
oInvCollPH,1008,992,002E53DB,0,1,1,4294967295,0,0
oInvCollPH,1024,992,0007AFC7,0,1,1,4294967295,0,0
oInvCollPH,1040,992,001787AF,0,1,1,4294967295,0,0
oInvCollPH,848,304,0020446C,0,1,1,4294967295,0,0
oInvCollPH,848,320,000A8220,0,1,1,4294967295,0,0
oInvCollPH,848,336,003D1F6F,0,1,1,4294967295,0,0
oInvCollPH,848,352,001916AC,0,1,1,4294967295,0,0
oInvCollPH,848,368,00377D2F,0,1,1,4294967295,0,0
oInvCollPH,848,384,002B804A,0,1,1,4294967295,0,0
oInvCollPH,864,384,0025AF63,0,1,1,4294967295,0,0
oInvCollPH,880,384,00257F20,0,1,1,4294967295,0,0
oInvCollPH,896,384,0010F01F,0,1,1,4294967295,0,0
oInvCollPH,912,384,00283E9E,0,1,1,4294967295,0,0
oInvCollPH,928,384,003C1FB0,0,1,1,4294967295,0,0
oInvCollPH,944,384,0029EBE1,0,1,1,4294967295,0,0
oInvCollPH,960,384,00324D88,0,1,1,4294967295,0,0
oInvCollPH,960,368,0038CFA2,0,1,1,4294967295,0,0
oInvCollPH,960,352,001EA341,0,1,1,4294967295,0,0
oInvCollPH,960,336,0014D548,0,1,1,4294967295,0,0
oInvCollPH,960,320,001EE1DA,0,1,1,4294967295,0,0
oInvCollPH,960,304,0027B944,0,1,1,4294967295,0,0
oInvCollPH,960,288,0009008B,0,1,1,4294967295,0,0
oInvCollPH,1392,112,001CB711,0,1,1,4294967295,0,0
oInvCollPH,1408,112,00158A03,0,1,1,4294967295,0,0
oInvCollPH,1424,112,00281C38,0,1,1,4294967295,0,0
oInvCollPH,1360,80,0010C3D5,0,1,1,4294967295,0,0
oInvCollPH,1376,80,0002D97D,0,1,1,4294967295,0,0
oInvCollPH,1328,192,000FA643,0,1,1,4294967295,0,0
oInvCollPH,1344,192,00147F51,0,1,1,4294967295,0,0
oInvCollPH,1360,192,002D58FD,0,1,1,4294967295,0,0
oInvCollPH,1376,192,003F91B7,0,1,1,4294967295,0,0
oInvCollPH,1312,208,003B601E,0,1,1,4294967295,0,0
oInvCollPH,1312,224,0010A536,0,1,1,4294967295,0,0
oInvCollPH,1312,240,00379708,0,1,1,4294967295,0,0
oInvCollPH,1312,256,003A1710,0,1,1,4294967295,0,0
oInvCollPH,1312,272,000D1D9F,0,1,1,4294967295,0,0
oInvCollPH,1328,272,0031C69C,0,1,1,4294967295,0,0
oInvCollPH,1344,272,003ADBDA,0,1,1,4294967295,0,0
oInvCollPH,1392,192,00036E97,0,1,1,4294967295,0,0
oInvCollPH,1408,192,0003F2DD,0,1,1,4294967295,0,0
oInvCollPH,1424,192,00313086,0,1,1,4294967295,0,0
oInvCollPH,1360,304,000BEE86,0,1,1,4294967295,0,0
oInvCollPH,1360,320,003DBD83,0,1,1,4294967295,0,0
oInvCollPH,1360,336,00120E5F,0,1,1,4294967295,0,0
oInvCollPH,1360,352,00317B33,0,1,1,4294967295,0,0
oInvCollPH,1360,368,000B9F5C,0,1,1,4294967295,0,0
oInvCollPH,1360,384,003F1807,0,1,1,4294967295,0,0
oInvCollPH,1360,400,0021BC6F,0,1,1,4294967295,0,0
oInvCollPH,1360,416,000FF26B,0,1,1,4294967295,0,0
oInvCollPH,1360,432,002C87D0,0,1,1,4294967295,0,0
oInvCollPH,1360,448,0011EFCB,0,1,1,4294967295,0,0
oInvCollPH,1360,464,00186979,0,1,1,4294967295,0,0
oInvCollPH,1024,752,003073D8,0,1,1,4294967295,0,0
oInvCollPH,1040,752,00161896,0,1,1,4294967295,0,0
oInvCollPH,1056,752,003F5B06,0,1,1,4294967295,0,0
oInvCollPH,1072,752,00177959,0,1,1,4294967295,0,0
oInvCollPH,1088,752,003AD23E,0,1,1,4294967295,0,0
oInvCollPH,1024,736,000B9235,0,1,1,4294967295,0,0
oInvCollPH,1024,720,00270E95,0,1,1,4294967295,0,0
oInvCollPH,1024,704,0008E5AE,0,1,1,4294967295,0,0
oInvCollPH,1024,688,00198C8E,0,1,1,4294967295,0,0
oInvCollPH,1024,672,000B1129,0,1,1,4294967295,0,0
oInvCollPH,1024,656,003E01DE,0,1,1,4294967295,0,0
oInvCollPH,1104,752,00187407,0,1,1,4294967295,0,0
oInvCollPH,1120,752,0011531D,0,1,1,4294967295,0,0
oInvCollPH,1136,752,002F11A3,0,1,1,4294967295,0,0
oInvCollPH,1152,752,000DA5EC,0,1,1,4294967295,0,0
oInvCollPH,1168,752,00063364,0,1,1,4294967295,0,0
oInvCollPH,1168,736,001C8B36,0,1,1,4294967295,0,0
oInvCollPH,1168,720,0026FF7C,0,1,1,4294967295,0,0
oInvCollPH,1168,704,002FDEF1,0,1,1,4294967295,0,0
oInvCollPH,1040,592,00145476,0,1,1,4294967295,0,0
oInvCollPH,1056,592,00077983,0,1,1,4294967295,0,0
oInvCollPH,1072,592,0030833F,0,1,1,4294967295,0,0
oInvCollPH,1088,592,000185DC,0,1,1,4294967295,0,0
oInvCollPH,1104,592,0017D7F1,0,1,1,4294967295,0,0
oInvCollPH,1120,592,0004968D,0,1,1,4294967295,0,0
oInvCollPH,1136,592,00289C03,0,1,1,4294967295,0,0
oInvCollPH,48,128,00287EA6,0,1,1,4294967295,0,0
oInvCollPH,48,144,00187023,0,1,1,4294967295,0,0
oInvCollPH,48,160,00042A6A,0,1,1,4294967295,0,0
oInvCollPH,48,176,0006249A,0,1,1,4294967295,0,0
oInvCollPH,48,192,000F2C59,0,1,1,4294967295,0,0
oInvCollPH,48,208,00378E86,0,1,1,4294967295,0,0
oInvCollPH,48,224,00366ED1,0,1,1,4294967295,0,0
oInvCollPH,48,240,0011C8E8,0,1,1,4294967295,0,0
oInvCollPH,48,256,00347A98,0,1,1,4294967295,0,0
oInvCollPH,48,272,002F5CD4,0,1,1,4294967295,0,0
oInvCollPH,48,288,0002FBD0,0,1,1,4294967295,0,0
oInvCollPH,48,304,001835D1,0,1,1,4294967295,0,0
oInvCollPH,48,320,001A678A,0,1,1,4294967295,0,0
oInvCollPH,48,400,0006D43D,0,1,1,4294967295,0,0
oInvCollPH,48,416,0020803C,0,1,1,4294967295,0,0
oInvCollPH,48,432,0036D79A,0,1,1,4294967295,0,0
oInvCollPH,48,448,00131407,0,1,1,4294967295,0,0
oInvCollPH,48,464,000398A8,0,1,1,4294967295,0,0
oInvCollPH,48,480,0037B5E6,0,1,1,4294967295,0,0
oInvCollPH,48,496,00032056,0,1,1,4294967295,0,0
oInvCollPH,48,512,003834CC,0,1,1,4294967295,0,0
oInvCollPH,48,528,001A6379,0,1,1,4294967295,0,0
oInvCollPH,48,544,002338F4,0,1,1,4294967295,0,0
oInvCollPH,48,560,0037EA1D,0,1,1,4294967295,0,0
oInvCollPH,48,576,002A4103,0,1,1,4294967295,0,0
oInvCollPH,48,656,00308D3B,0,1,1,4294967295,0,0
oInvCollPH,48,672,001BF99B,0,1,1,4294967295,0,0
oInvCollPH,48,688,001D2F2E,0,1,1,4294967295,0,0
oInvCollPH,48,704,0011ABF2,0,1,1,4294967295,0,0
oInvCollPH,48,720,00175CAA,0,1,1,4294967295,0,0
oInvCollPH,48,736,002EA24F,0,1,1,4294967295,0,0
oInvCollPH,48,752,00185F03,0,1,1,4294967295,0,0
oInvCollPH,48,768,001643BB,0,1,1,4294967295,0,0
oInvCollPH,48,784,0015935A,0,1,1,4294967295,0,0
oInvCollPH,48,800,0025ECCA,0,1,1,4294967295,0,0
oInvCollPH,48,816,00174EC5,0,1,1,4294967295,0,0
oInvCollPH,48,832,003283E1,0,1,1,4294967295,0,0
oInvCollPH,48,848,000EFACF,0,1,1,4294967295,0,0
oInvCollPH,32,848,0001581B,0,1,1,4294967295,0,0
oInvCollPH,16,848,001D7C74,0,1,1,4294967295,0,0
oInvCollPH,0,848,00054E9B,0,1,1,4294967295,0,0
oInvCollPH,336,144,0015CBFF,0,1,1,4294967295,0,0
oInvCollPH,336,160,001808A0,0,1,1,4294967295,0,0
oInvCollPH,336,176,003903B8,0,1,1,4294967295,0,0
oInvCollPH,336,192,00129EB1,0,1,1,4294967295,0,0
oInvCollPH,352,192,001CDA2B,0,1,1,4294967295,0,0
oInvCollPH,368,192,00013F47,0,1,1,4294967295,0,0
oInvCollPH,384,192,000E8766,0,1,1,4294967295,0,0
oInvCollPH,400,192,002BD7CE,0,1,1,4294967295,0,0
oInvCollPH,416,192,002639E8,0,1,1,4294967295,0,0
oInvCollPH,432,192,000A3983,0,1,1,4294967295,0,0
oInvCollPH,448,192,001BD457,0,1,1,4294967295,0,0
oInvCollPH,464,192,0022B510,0,1,1,4294967295,0,0
oInvCollPH,480,192,0019D5EE,0,1,1,4294967295,0,0
oInvCollPH,640,128,0032DF19,0,1,1,4294967295,0,0
oInvCollPH,640,144,00272D7F,0,1,1,4294967295,0,0
oInvCollPH,640,160,002AECEA,0,1,1,4294967295,0,0
oInvCollPH,640,176,0007CC19,0,1,1,4294967295,0,0
oInvCollPH,640,192,0003F27C,0,1,1,4294967295,0,0
oInvCollPH,624,192,002C2F26,0,1,1,4294967295,0,0
oInvCollPH,608,192,0020A93B,0,1,1,4294967295,0,0
oInvCollPH,592,192,0028D0D9,0,1,1,4294967295,0,0
oInvCollPH,576,192,001EBD8A,0,1,1,4294967295,0,0
oInvCollPH,496,192,001D340E,0,1,1,4294967295,0,0
oInvCollPH,512,192,003DA850,0,1,1,4294967295,0,0
oInvCollPH,528,192,003F30E1,0,1,1,4294967295,0,0
oInvCollPH,544,192,002F462C,0,1,1,4294967295,0,0
oInvCollPH,560,192,00261AF0,0,1,1,4294967295,0,0
oInvCollPH,320,112,00107CA0,0,1,1,4294967295,0,0
oInvCollPH,304,112,000D5859,0,1,1,4294967295,0,0
oInvCollPH,288,112,00079942,0,1,1,4294967295,0,0
oInvCollPH,272,112,002A002E,0,1,1,4294967295,0,0
oInvCollPH,256,112,0021D9A7,0,1,1,4294967295,0,0
oInvCollPH,240,112,00240BD6,0,1,1,4294967295,0,0
oInvCollPH,224,112,002F0965,0,1,1,4294967295,0,0
oInvCollPH,208,112,0008A63F,0,1,1,4294967295,0,0
oInvCollPH,192,112,00382B44,0,1,1,4294967295,0,0
oInvCollPH,176,112,00180C31,0,1,1,4294967295,0,0
oInvCollPH,64,112,000246B3,0,1,1,4294967295,0,0
oInvCollPH,80,112,0005D3F4,0,1,1,4294967295,0,0
oInvCollPH,96,112,0006F04E,0,1,1,4294967295,0,0
oInvCollPH,112,112,0008BD2D,0,1,1,4294967295,0,0
oInvCollPH,128,112,001ACC26,0,1,1,4294967295,0,0
oInvCollPH,144,112,003C725B,0,1,1,4294967295,0,0
oInvCollPH,160,112,001E6CDE,0,1,1,4294967295,0,0
oInvCollPH,640,112,0024DF03,0,1,1,4294967295,0,0
oInvCollPH,640,96,0032D44D,0,1,1,4294967295,0,0
oInvCollPH,1088,48,00198361,0,1,1,4294967295,0,0
oInvCollPH,1104,48,003F83D9,0,1,1,4294967295,0,0
oInvCollPH,1120,48,00329B94,0,1,1,4294967295,0,0
oInvCollPH,1136,48,001D4CD2,0,1,1,4294967295,0,0
oInvCollPH,1152,48,002C82B4,0,1,1,4294967295,0,0
oInvCollPH,1168,48,0010474B,0,1,1,4294967295,0,0
oInvCollPH,1184,48,002F1B68,0,1,1,4294967295,0,0
oInvCollPH,1200,48,002CB83A,0,1,1,4294967295,0,0
oInvCollPH,1216,48,003609FB,0,1,1,4294967295,0,0
oInvCollPH,1232,48,00268C17,0,1,1,4294967295,0,0
oInvCollPH,1344,48,003713B9,0,1,1,4294967295,0,0
oInvCollPH,1328,48,0016A2CD,0,1,1,4294967295,0,0
oInvCollPH,1312,48,0027D8A4,0,1,1,4294967295,0,0
oInvCollPH,1296,48,0038A857,0,1,1,4294967295,0,0
oInvCollPH,1280,48,00391C4B,0,1,1,4294967295,0,0
oInvCollPH,1264,48,0006363D,0,1,1,4294967295,0,0
oInvCollPH,1248,48,0028A576,0,1,1,4294967295,0,0
oInvCollPH,656,80,000BEDF7,0,1,1,4294967295,0,0
oInvCollPH,672,80,002536F3,0,1,1,4294967295,0,0
oInvCollPH,688,80,000CAA24,0,1,1,4294967295,0,0
oInvCollPH,704,80,0017FCD8,0,1,1,4294967295,0,0
oInvCollPH,720,80,00051C47,0,1,1,4294967295,0,0
oInvCollPH,736,80,003E854E,0,1,1,4294967295,0,0
oInvCollPH,752,80,002AAD02,0,1,1,4294967295,0,0
oInvCollPH,768,80,0025E500,0,1,1,4294967295,0,0
oInvCollPH,784,80,00215F62,0,1,1,4294967295,0,0
oInvCollPH,800,80,002D1D9F,0,1,1,4294967295,0,0
oInvCollPH,816,80,002B191A,0,1,1,4294967295,0,0
oInvCollPH,832,80,003D5E39,0,1,1,4294967295,0,0
oInvCollPH,1168,480,002A4D2C,0,1,1,4294967295,0,0
oInvCollPH,1200,480,000E0928,0,1,1,4294967295,0,0
oInvCollPH,1216,480,0029959F,0,1,1,4294967295,0,0
oInvCollPH,1248,480,000EA556,0,1,1,4294967295,0,0
oInvCollPH,1264,480,000550E2,0,1,1,4294967295,0,0
oInvCollPH,1296,480,000A2DF3,0,1,1,4294967295,0,0
oInvCollPH,1312,480,0002D15A,0,1,1,4294967295,0,0
oInvCollPH,1328,480,0030BD98,0,1,1,4294967295,0,0
oInvCollPH,1344,480,00319A90,0,1,1,4294967295,0,0
oInvCollPH,1152,496,0014F4F6,0,1,1,4294967295,0,0
oInvCollPH,1152,512,000BFA43,0,1,1,4294967295,0,0
oInvCollPH,1152,528,001C8735,0,1,1,4294967295,0,0
oInvCollPH,1152,544,0014ECB6,0,1,1,4294967295,0,0
oInvCollPH,1152,560,0001E122,0,1,1,4294967295,0,0
oInvCollPH,1152,576,00394601,0,1,1,4294967295,0,0
oInvCollPH,1184,688,0020537B,0,1,1,4294967295,0,0
oInvCollPH,1200,688,0010F211,0,1,1,4294967295,0,0
oInvCollPH,1216,688,00305E01,0,1,1,4294967295,0,0
oInvCollPH,1232,688,0031527D,0,1,1,4294967295,0,0
oInvCollPH,1248,688,002B0359,0,1,1,4294967295,0,0
oInvCollPH,1264,688,001BFFFE,0,1,1,4294967295,0,0
oInvCollPH,1280,688,0019C213,0,1,1,4294967295,0,0
oInvCollPH,1296,688,0018234F,0,1,1,4294967295,0,0
oInvCollPH,1312,688,002AF83F,0,1,1,4294967295,0,0
oInvCollPH,976,272,00363C1A,0,1,1,4294967295,0,0
oInvCollPH,992,272,0026891D,0,1,1,4294967295,0,0
oInvCollPH,1008,272,002A9C99,0,1,1,4294967295,0,0
oInvCollPH,1024,272,0005A1B5,0,1,1,4294967295,0,0
oInvCollPH,1040,272,001B37D5,0,1,1,4294967295,0,0
oInvCollPH,1056,272,00326B79,0,1,1,4294967295,0,0
oInvCollPH,1072,272,001682B0,0,1,1,4294967295,0,0
oInvCollPH,1072,256,003FE021,0,1,1,4294967295,0,0
oInvCollPH,1072,240,002530E7,0,1,1,4294967295,0,0
oInvCollPH,1072,224,000432B7,0,1,1,4294967295,0,0
oInvCollPH,1072,208,000C3664,0,1,1,4294967295,0,0
oInvCollPH,1072,192,003AC48C,0,1,1,4294967295,0,0
oInvCollPH,1072,176,00215607,0,1,1,4294967295,0,0
oInvCollPH,1072,160,00066695,0,1,1,4294967295,0,0
oInvCollPH,1072,144,00114E9C,0,1,1,4294967295,0,0
oInvCollPH,1072,128,00025BBC,0,1,1,4294967295,0,0
oInvCollPH,1072,112,002CA036,0,1,1,4294967295,0,0
oInvCollPH,1072,96,001D6FCC,0,1,1,4294967295,0,0
oInvCollPH,1072,80,0031FA68,0,1,1,4294967295,0,0
oInvCollPH,1072,64,002F6370,0,1,1,4294967295,0,0
oInvCollPH,848,272,00387C38,0,1,1,4294967295,0,0
oInvCollPH,848,256,000E0952,0,1,1,4294967295,0,0
oInvCollPH,848,240,003AAD98,0,1,1,4294967295,0,0
oInvCollPH,848,224,00334B21,0,1,1,4294967295,0,0
oInvCollPH,848,208,002C7316,0,1,1,4294967295,0,0
oInvCollPH,848,192,00319879,0,1,1,4294967295,0,0
oInvCollPH,848,176,0036789C,0,1,1,4294967295,0,0
oInvCollPH,848,160,003B45BE,0,1,1,4294967295,0,0
oInvCollPH,848,144,002745C0,0,1,1,4294967295,0,0
oInvCollPH,848,128,0004AFDD,0,1,1,4294967295,0,0
oInvCollPH,848,112,003B69F9,0,1,1,4294967295,0,0
oInvCollPH,848,96,001A1A6F,0,1,1,4294967295,0,0
oInvCollPH,416,816,0031B9F0,0,1,1,4294967295,0,0
oInvCollPH,432,816,003508FB,0,1,1,4294967295,0,0
oInvCollSM,112,560,0020A6DB,0,1,1,4294967295,0,0
oInvCollSM,128,560,00050E44,0,1,1,4294967295,0,0
oInvCollSM,144,560,0006CEF6,0,1,1,4294967295,0,0
oInvCollSM,160,560,0014EB66,0,1,1,4294967295,0,0
oInvCollSM,176,560,000A4206,0,1,1,4294967295,0,0
oInvCollSM,192,560,0037A453,0,1,1,4294967295,0,0
oInvCollSM,208,560,0025B23A,0,1,1,4294967295,0,0
oInvCollPH,768,432,003DEC43,0,1,1,4294967295,0,0
oInvCollPH,784,432,0003D5C7,0,1,1,4294967295,0,0
oInvCollPH,608,480,0025EF55,0,1,1,4294967295,0,0
oInvCollPH,624,480,002BFBE0,0,1,1,4294967295,0,0
oInvCollPH,640,480,00269BBC,0,1,1,4294967295,0,0
oInvCollSM,624,448,00369B42,0,1,1,4294967295,0,0
oInvCollSM,640,448,001171EE,0,1,1,4294967295,0,0
oInvCollSM,656,448,00149F7C,0,1,1,4294967295,0,0
oInvisibleSolid,0,928,0014279D,0,1,1,4294967295,0,1
oInvisibleLupLowSlope,192,928,000D3001,0,1,1,4294967295,0,0
oInvisibleLupLowSlope,224,944,0023B67B,0,1,1,4294967295,0,0
oInvisibleLupLowSlope,256,960,0012084D,0,1,1,4294967295,0,0
oInvisibleLupLowSlope,288,976,0024EACD,0,1,1,4294967295,0,0
oInvisibleSolidMorph,448,448,002AA13A,0,1,1,4294967295,0,1
oInvisibleSolidMorph,352,960,003561B9,0,1,1,4294967295,0,1
oInvisibleSolid,448,384,002E6A35,0,1,1,4294967295,0,1
oInvisibleSolid,448,320,0005C8A9,0,1,1,4294967295,0,1
oInvisibleSolid,608,384,0037691D,0,1,1,4294967295,0,1
oInvisibleSolid,352,480,000343A2,0,1,1,4294967295,0,1
oInvisibleSolid,96,512,0033AED0,0,1,1,4294967295,0,1
oInvisibleSolid,160,400,002CEEC9,0,1,1,4294967295,0,1
oInvisibleSolid,64,336,0014BAA1,0,1,1,4294967295,0,1
oInvisibleSolid,240,688,0023A81D,0,1,1,4294967295,0,1
oInvisibleSolid,64,592,0019D6A7,0,1,1,4294967295,0,1
oInvisibleSolid,0,128,00385AA1,0,1,1,4294967295,0,1
oInvisibleSolid,0,0,002F0A80,0,1,1,4294967295,0,1
oInvisibleSolid,336,128,000727E5,0,1,1,4294967295,0,1
oInvisibleSolid,656,0,0010C8FE,0,1,1,4294967295,0,1
oInvisibleSolid,848,0,000BE042,0,1,1,4294967295,0,1
oInvisibleSolid,848,288,001FAAC0,0,1,1,4294967295,0,1
oInvisibleSolid,1088,0,0034536A,0,1,1,4294967295,0,1
oInvisibleSolid,1360,64,000FE094,0,1,1,4294967295,0,1
oInvisibleSolid,1392,96,0017FF11,0,1,1,4294967295,0,1
oInvisibleSolid,1312,192,000E0D08,0,1,1,4294967295,0,1
oInvisibleSolid,1360,288,00332D34,0,1,1,4294967295,0,1
oInvisibleSolid,1152,480,000690A7,0,1,1,4294967295,0,1
oInvisibleSolid,1328,704,00124C8E,0,1,1,4294967295,0,1
oInvisibleSolid,1024,592,0021638B,0,1,1,4294967295,0,1
oInvisibleSolid,832,592,00367A48,0,1,1,4294967295,0,1
oInvisibleSolid,752,592,000ED02E,0,1,1,4294967295,0,1
oInvisibleSolid,640,688,003DE19D,0,1,1,4294967295,0,1
oInvisibleSolid,528,784,001F2F57,0,1,1,4294967295,0,1
oInvisibleRupLowSlope,1056,976,002B5382,0,1,1,4294967295,0,0
oInvisibleRupLowSlope,1088,960,002E882E,0,1,1,4294967295,0,0
oInvisibleRupLowSlope,1120,944,003EF773,0,1,1,4294967295,0,0
oInvisibleRupLowSlope,1152,928,0012F054,0,1,1,4294967295,0,0
oInvisibleRupSlope,464,896,00152724,0,1,1,4294967295,0,0
oInvisibleRupSlope,480,880,001B53DD,0,1,1,4294967295,0,0
oInvisibleSolid,480,896,003AD8DA,0,1,1,4294967295,0,0
oInvisibleSolid,496,880,0027F831,0,1,1,4294967295,0,1
oInvisibleSolid,352,912,002CDFBD,0,1,1,4294967295,0,1
oInvisibleSolid,224,960,001A762A,0,1,1,4294967295,0,1
oInvisibleSolid,256,976,003BF92A,0,1,1,4294967295,0,1
oInvisibleSolid,288,992,00018244,0,1,1,4294967295,0,1
oInvisibleSolid,1088,976,002E9ADB,0,1,1,4294967295,0,1
oInvisibleSolid,1120,960,0009D8ED,0,1,1,4294967295,0,1
oInvisibleSolid,1152,944,00228A57,0,1,1,4294967295,0,1
oInvisibleSolid,1184,928,00294D87,0,1,1,4294967295,0,1
oInvisibleSolid,688,368,003BB326,0,1,1,4294967295,0,1
oInvisibleSolid,816,496,000A4894,0,1,1,4294967295,0,1
oInvisibleSolid,1120,288,003D3745,0,1,1,4294967295,0,1
oInvisibleSolid,1184,416,00216D9A,0,1,1,4294967295,0,1
oInvisibleSolid,1232,384,0031150F,0,1,1,4294967295,0,1
oInvisibleSolid,1280,416,000882C9,0,1,1,4294967295,0,1
oInvisibleSolid,624,784,00277100,0,1,1,4294967295,0,1
oInvisibleSolid,352,544,0037499B,0,1,1,4294967295,0,1
oGametSpawner,928,1008,0034EB33,0,1,1,4294967295,0,1
oInvisibleSolid,192,944,000B8E27,0,1,1,4294967295,0,1
oInvisibleSolid,400,816,0016DFC2,0,1,1,4294967295,0,1
oInvisibleSolidMorph,96,560,003A0197,0,1,1,4294967295,0,1
oInvisibleSolid,752,432,002D85B6,0,1,1,4294967295,0,1
oInvisibleSolidMorph,608,448,000425A0,0,1,1,4294967295,0,1
