tileMetD,0,272,128,0,48,32,0,1,1,4294967295
tileMetD,48,272,128,0,48,32,0,1,1,4294967295
tileMetD,96,272,128,0,48,32,0,1,1,4294967295
tileMetD,48,160,128,0,48,32,0,1,1,4294967295
tileMetD,96,160,128,0,48,32,0,1,1,4294967295
tileMetD,144,160,128,0,48,32,0,1,1,4294967295
tileMetD,192,160,128,0,48,32,0,1,1,4294967295
tileMetD,240,160,128,0,48,32,0,1,1,4294967295
tileMetD,288,160,128,0,48,32,0,1,1,4294967295
tileMetD,336,160,128,0,48,32,0,1,1,4294967295
tileMetD,384,160,128,0,48,32,0,1,1,4294967295
tileMetD,432,160,128,0,48,32,0,1,1,4294967295
tileMetD,480,160,128,0,48,32,0,1,1,4294967295
tileMetD,528,160,128,0,48,32,0,1,1,4294967295
tileMetD,576,160,128,0,48,32,0,1,1,4294967295
tileMetD,624,160,128,0,48,32,0,1,1,4294967295
tileMetD,672,160,128,0,48,32,0,1,1,4294967295
tileMetD,720,160,128,0,48,32,0,1,1,4294967295
tileMetD,768,160,128,0,48,32,0,1,1,4294967295
tileMetD,816,160,128,0,48,32,0,1,1,4294967295
tileMetD,864,160,128,0,48,32,0,1,1,4294967295
tileMetD,912,160,128,0,48,32,0,1,1,4294967295
tileMetD,960,160,128,0,48,32,0,1,1,4294967295
tileMetD,1008,160,128,0,48,32,0,1,1,4294967295
tileMetD,1056,160,128,0,48,32,0,1,1,4294967295
tileMetD,1104,160,128,0,48,32,0,1,1,4294967295
tileMetD,1152,160,128,0,48,32,0,1,1,4294967295
tileMetD,1200,160,128,0,48,32,0,1,1,4294967295
tileMetD,1248,160,128,0,48,32,0,1,1,4294967295
tileMetD,1296,160,128,0,48,32,0,1,1,4294967295
tileMetD,1344,160,128,0,48,32,0,1,1,4294967295
tileMetD,1392,160,128,0,48,32,0,1,1,4294967295
tileMetD,1440,160,128,0,48,32,0,1,1,4294967295
tileMetD,1488,160,128,0,48,32,0,1,1,4294967295
tileMetD,1536,160,128,0,48,32,0,1,1,4294967295
tileMetD,1584,160,128,0,48,32,0,1,1,4294967295
tileMetD,1632,160,128,0,48,32,0,1,1,4294967295
tileMetD,1680,160,128,0,48,32,0,1,1,4294967295
tileMetD,1728,160,128,0,48,32,0,1,1,4294967295
tileMetD,1776,160,128,0,48,32,0,1,1,4294967295
tileMetD,48,192,112,32,64,32,0,1,1,4294967295
tileMetD,112,192,112,32,64,32,0,1,1,4294967295
tileMetD,176,192,112,32,64,32,0,1,1,4294967295
tileMetD,240,192,112,32,64,32,0,1,1,4294967295
tileMetD,304,192,112,32,64,32,0,1,1,4294967295
tileMetD,368,192,112,32,64,32,0,1,1,4294967295
tileMetD,432,192,112,32,64,32,0,1,1,4294967295
tileMetD,496,192,112,32,64,32,0,1,1,4294967295
tileMetD,64,224,128,80,32,48,0,1,1,4294967295
tileMetD,128,256,128,112,32,16,0,1,1,4294967295
tileMetD,192,240,128,96,32,32,0,1,1,4294967295
tileMetD,272,272,128,0,32,32,0,1,1,4294967295
tileMetD,352,272,128,0,32,32,0,1,1,4294967295
tileMetD,432,272,128,0,32,32,0,1,1,4294967295
tileMetD,512,272,128,0,48,32,0,1,1,4294967295
tileMetD,560,272,128,0,48,32,0,1,1,4294967295
tileMetD,608,272,128,0,48,32,0,1,1,4294967295
tileMetD,656,272,128,0,48,32,0,1,1,4294967295
tileMetD,704,272,128,0,48,32,0,1,1,4294967295
tileMetD,752,272,128,0,48,32,0,1,1,4294967295
tileMetD,800,272,128,0,48,32,0,1,1,4294967295
tileMetD,848,272,128,0,48,32,0,1,1,4294967295
tileMetD,896,272,128,0,48,32,0,1,1,4294967295
tileMetD,944,272,128,0,48,32,0,1,1,4294967295
tileMetD,992,272,128,0,48,32,0,1,1,4294967295
tileMetD,1040,272,128,0,48,32,0,1,1,4294967295
tileMetD,1088,272,128,0,48,32,0,1,1,4294967295
tileMetD,1136,272,128,0,48,32,0,1,1,4294967295
tileMetD,1184,272,128,0,48,32,0,1,1,4294967295
tileMetD,1232,272,128,0,48,32,0,1,1,4294967295
tileMetD,1280,272,128,0,48,32,0,1,1,4294967295
tileMetD,1328,272,128,0,48,32,0,1,1,4294967295
tileMetD,1376,272,128,0,48,32,0,1,1,4294967295
tileMetD,1424,272,128,0,48,32,0,1,1,4294967295
tileMetD,1472,272,128,0,48,32,0,1,1,4294967295
tileMetD,1520,272,128,0,48,32,0,1,1,4294967295
tileMetD,1568,272,128,0,48,32,0,1,1,4294967295
tileMetD,1616,272,128,0,48,32,0,1,1,4294967295
tileMetD,1664,272,128,0,48,32,0,1,1,4294967295
tileMetD,1712,272,128,0,48,32,0,1,1,4294967295
tileMetD,560,192,112,32,64,32,0,1,1,4294967295
tileMetD,624,192,112,32,64,32,0,1,1,4294967295
tileMetD,688,192,112,32,64,32,0,1,1,4294967295
tileMetD,752,192,112,32,64,32,0,1,1,4294967295
tileMetD,816,192,112,32,64,32,0,1,1,4294967295
tileMetD,880,192,112,32,64,32,0,1,1,4294967295
tileMetD,944,192,112,32,64,32,0,1,1,4294967295
tileMetD,1008,192,112,32,64,32,0,1,1,4294967295
tileMetD,1072,192,112,32,64,32,0,1,1,4294967295
tileMetD,1136,192,112,32,64,32,0,1,1,4294967295
tileMetD,1200,192,112,32,64,32,0,1,1,4294967295
tileMetD,1264,192,112,32,64,32,0,1,1,4294967295
tileMetD,1328,192,112,32,64,32,0,1,1,4294967295
tileMetD,1392,192,112,32,64,32,0,1,1,4294967295
tileMetD,1456,192,112,32,64,32,0,1,1,4294967295
tileMetD,1520,192,112,32,64,32,0,1,1,4294967295
tileMetD,1584,192,112,32,64,32,0,1,1,4294967295
tileMetD,1648,192,112,32,64,32,0,1,1,4294967295
tileMetD,1712,192,112,32,64,32,0,1,1,4294967295
tileMetD,1728,224,128,80,32,48,0,1,1,4294967295
tileMetD,1344,224,128,80,32,48,0,1,1,4294967295
tileMetD,1024,224,128,80,32,48,0,1,1,4294967295
tileMetD,832,224,128,80,32,48,0,1,1,4294967295
tileMetD,512,224,128,80,32,48,0,1,1,4294967295
tileMetD,704,240,128,96,32,32,0,1,1,4294967295
tileMetD,1216,240,128,96,32,32,0,1,1,4294967295
tileMetD,1536,240,128,96,32,32,0,1,1,4294967295
tileMetD,1600,256,128,112,32,16,0,1,1,4294967295
tileMetD,1664,256,128,112,32,16,0,1,1,4294967295
tileMetD,1472,256,128,112,32,16,0,1,1,4294967295
tileMetD,1408,256,128,112,32,16,0,1,1,4294967295
tileMetD,1280,256,128,112,32,16,0,1,1,4294967295
tileMetD,1152,256,128,112,32,16,0,1,1,4294967295
tileMetD,1088,256,128,112,32,16,0,1,1,4294967295
tileMetD,960,256,128,112,32,16,0,1,1,4294967295
tileMetD,896,256,128,112,32,16,0,1,1,4294967295
tileMetD,768,256,128,112,32,16,0,1,1,4294967295
tileMetD,640,256,128,112,32,16,0,1,1,4294967295
tileMetD,576,256,128,112,32,16,0,1,1,4294967295
tileMetD,256,256,128,112,32,16,0,1,1,4294967295
tileMetD,448,256,128,112,32,16,0,1,1,4294967295
tileMetD,256,224,128,64,32,32,0,1,1,4294967295
tileMetD,640,224,128,64,32,32,0,1,1,4294967295
tileMetD,960,224,128,64,32,32,0,1,1,4294967295
tileMetD,1280,224,128,64,32,32,0,1,1,4294967295
tileMetD,1600,224,128,64,32,32,0,1,1,4294967295
tileMetD,1152,240,128,64,32,16,0,1,1,4294967295
tileMetD,1472,240,128,64,32,16,0,1,1,4294967295
tileMetD,1408,240,128,64,32,16,0,1,1,4294967295
tileMetD,1088,240,128,64,32,16,0,1,1,4294967295
tileMetD,768,224,128,64,32,16,0,1,1,4294967295
tileMetD,384,240,128,64,32,16,0,1,1,4294967295
tileMetD,192,224,128,64,32,16,0,1,1,4294967295
tileMetD,128,240,128,80,32,16,0,1,1,4294967295
tileMetD,448,240,128,80,32,16,0,1,1,4294967295
tileMetD,768,240,128,80,32,16,0,1,1,4294967295
tileMetD,896,240,128,80,32,16,0,1,1,4294967295
tileMetD,1152,224,128,80,32,16,0,1,1,4294967295
tileMetD,1408,224,128,80,32,16,0,1,1,4294967295
tileMetD,1536,224,128,80,32,16,0,1,1,4294967295
tileMetD,1664,240,128,80,32,16,0,1,1,4294967295
tileMetD,1664,224,128,96,32,16,0,1,1,4294967295
tileMetD,1472,224,128,96,32,16,0,1,1,4294967295
tileMetD,1216,224,128,96,32,16,0,1,1,4294967295
tileMetD,1088,224,128,96,32,16,0,1,1,4294967295
tileMetD,896,224,128,96,32,16,0,1,1,4294967295
tileMetD,704,224,128,96,32,16,0,1,1,4294967295
tileMetD,576,224,128,80,32,32,0,1,1,4294967295
tileMetD,448,224,128,96,32,16,0,1,1,4294967295
tileMetD,384,224,128,96,32,16,0,1,1,4294967295
tileMetD,320,224,128,80,32,32,0,1,1,4294967295
tileMetD,128,224,128,96,32,16,0,1,1,4294967295
tileMetD,144,272,128,0,48,32,0,1,1,4294967295
tileMetD,192,272,128,0,32,32,0,1,1,4294967295
