tileMM_GateD,0,288,0,0,48,16,0,1,1,4294967295
tileMM_GateD,48,288,16,0,32,16,0,1,1,4294967295
tileMM_GateD,80,288,16,0,32,16,0,1,1,4294967295
tileMM_GateD,112,288,16,0,32,16,0,1,1,4294967295
tileMM_GateD,144,288,16,0,32,16,0,1,1,4294967295
tileMM_GateD,176,288,16,0,32,16,0,1,1,4294967295
tileMM_GateD,848,288,16,0,48,16,0,1,1,4294967295
tileMM_GateD,208,288,16,0,32,16,0,1,1,4294967295
tileMM_GateD,240,288,16,0,32,16,0,1,1,4294967295
tileMM_GateD,272,288,16,0,32,16,0,1,1,4294967295
tileMM_GateD,304,288,16,0,32,16,0,1,1,4294967295
tileMM_GateD,336,288,16,0,32,16,0,1,1,4294967295
tileMM_GateD,368,288,16,0,32,16,0,1,1,4294967295
tileMM_GateD,400,288,16,0,32,16,0,1,1,4294967295
tileMM_GateD,432,288,16,0,32,16,0,1,1,4294967295
tileMM_GateD,464,288,16,0,32,16,0,1,1,4294967295
tileMM_GateD,496,288,16,0,32,16,0,1,1,4294967295
tileMM_GateD,528,288,16,0,32,16,0,1,1,4294967295
tileMM_GateD,560,288,16,0,32,16,0,1,1,4294967295
tileMM_GateD,592,288,16,0,32,16,0,1,1,4294967295
tileMM_GateD,624,288,16,0,32,16,0,1,1,4294967295
tileMM_GateD,0,304,128,0,64,48,0,1,1,4294967295
tileMM_GateD,64,304,128,0,64,48,0,1,1,4294967295
tileMM_GateD,128,304,128,0,64,48,0,1,1,4294967295
tileMM_GateD,192,304,128,0,64,48,0,1,1,4294967295
tileMM_GateD,256,304,128,0,64,48,0,1,1,4294967295
tileMM_GateD,320,304,128,0,64,48,0,1,1,4294967295
tileMM_GateD,384,304,128,0,64,48,0,1,1,4294967295
tileMM_GateD,448,304,128,0,64,48,0,1,1,4294967295
tileMM_GateD,512,304,128,0,64,48,0,1,1,4294967295
tileMM_GateD,576,304,128,0,64,48,0,1,1,4294967295
tileMM_GateD,640,304,128,0,64,48,0,1,1,4294967295
tileMM_GateD,704,304,128,0,64,48,0,1,1,4294967295
tileMM_GateD,656,288,16,0,32,16,0,1,1,4294967295
tileMM_GateD,688,288,16,0,32,16,0,1,1,4294967295
tileMM_GateD,0,144,128,80,64,16,0,1,1,4294967295
tileMM_GateD,64,144,128,80,64,16,0,1,1,4294967295
tileMM_GateD,128,144,128,80,64,16,0,1,1,4294967295
tileMM_GateD,192,144,128,80,64,16,0,1,1,4294967295
tileMM_GateD,256,144,128,80,64,16,0,1,1,4294967295
tileMM_GateD,320,144,128,80,64,16,0,1,1,4294967295
tileMM_GateD,384,144,128,80,64,16,0,1,1,4294967295
tileMM_GateD,448,144,128,80,64,16,0,1,1,4294967295
tileMM_GateD,512,144,128,80,64,16,0,1,1,4294967295
tileMM_GateD,576,144,128,80,64,16,0,1,1,4294967295
tileMM_GateD,640,144,128,80,64,16,0,1,1,4294967295
tileMM_GateD,704,144,128,80,64,16,0,1,1,4294967295
tileMM_GateD,0,96,128,16,64,48,0,1,1,4294967295
tileMM_GateD,64,96,128,16,64,48,0,1,1,4294967295
tileMM_GateD,128,96,128,16,64,48,0,1,1,4294967295
tileMM_GateD,192,96,128,16,64,48,0,1,1,4294967295
tileMM_GateD,256,96,128,16,64,48,0,1,1,4294967295
tileMM_GateD,320,96,128,16,64,48,0,1,1,4294967295
tileMM_GateD,384,96,128,16,64,48,0,1,1,4294967295
tileMM_GateD,448,96,128,16,64,48,0,1,1,4294967295
tileMM_GateD,512,96,128,16,64,48,0,1,1,4294967295
tileMM_GateD,576,96,128,16,64,48,0,1,1,4294967295
tileMM_GateD,640,96,128,16,64,48,0,1,1,4294967295
tileMM_GateD,704,96,128,16,64,48,0,1,1,4294967295
tileMM_GateD,0,64,128,16,64,32,0,1,1,4294967295
tileMM_GateD,64,64,128,16,64,32,0,1,1,4294967295
tileMM_GateD,128,64,128,16,64,32,0,1,1,4294967295
tileMM_GateD,192,64,128,16,64,32,0,1,1,4294967295
tileMM_GateD,256,64,128,16,64,32,0,1,1,4294967295
tileMM_GateD,320,64,128,16,64,32,0,1,1,4294967295
tileMM_GateD,384,64,128,16,64,32,0,1,1,4294967295
tileMM_GateD,448,64,128,16,64,32,0,1,1,4294967295
tileMM_GateD,512,64,128,16,64,32,0,1,1,4294967295
tileMM_GateD,576,64,128,16,64,32,0,1,1,4294967295
tileMM_GateD,640,64,128,16,64,32,0,1,1,4294967295
tileMM_GateD,704,64,128,16,64,32,0,1,1,4294967295
tileMM_GateD,704,0,128,16,64,32,0,1,1,4294967295
tileMM_GateD,704,32,128,16,64,32,0,1,1,4294967295
tileMM_GateD,640,0,128,16,64,32,0,1,1,4294967295
tileMM_GateD,640,32,128,16,64,32,0,1,1,4294967295
tileMM_GateD,0,0,128,16,64,32,0,1,1,4294967295
tileMM_GateD,0,32,128,16,64,32,0,1,1,4294967295
tileMM_GateD,64,32,128,16,64,32,0,1,1,4294967295
tileMM_GateD,128,32,128,16,64,32,0,1,1,4294967295
tileMM_GateD,192,32,128,16,64,32,0,1,1,4294967295
tileMM_GateD,256,32,128,16,64,32,0,1,1,4294967295
tileMM_GateD,320,32,128,16,64,32,0,1,1,4294967295
tileMM_GateD,384,32,128,16,64,32,0,1,1,4294967295
tileMM_GateD,448,32,128,16,64,32,0,1,1,4294967295
tileMM_GateD,512,32,128,16,64,32,0,1,1,4294967295
tileMM_GateD,576,32,128,16,64,32,0,1,1,4294967295
tileMM_GateD,64,0,128,16,64,32,0,1,1,4294967295
tileMM_GateD,128,0,128,16,64,32,0,1,1,4294967295
tileMM_GateD,192,0,128,16,64,32,0,1,1,4294967295
tileMM_GateD,256,0,128,16,64,32,0,1,1,4294967295
tileMM_GateD,320,0,128,16,64,32,0,1,1,4294967295
tileMM_GateD,384,0,128,16,64,32,0,1,1,4294967295
tileMM_GateD,448,0,128,16,64,32,0,1,1,4294967295
tileMM_GateD,512,0,128,16,64,32,0,1,1,4294967295
tileMM_GateD,576,0,128,16,64,32,0,1,1,4294967295
tileMM_GateD,720,288,16,0,32,16,0,1,1,4294967295
tileMM_GateD,752,288,16,0,32,16,0,1,1,4294967295
tileMM_GateD,784,288,16,0,32,16,0,1,1,4294967295
tileMM_GateD,816,288,16,0,32,16,0,1,1,4294967295
tileMM_GateD,768,304,128,0,64,48,0,1,1,4294967295
tileMM_GateD,832,304,128,0,64,48,0,1,1,4294967295
tileMM_GateD,768,144,128,80,64,16,0,1,1,4294967295
tileMM_GateD,832,144,128,80,64,16,0,1,1,4294967295
tileMM_GateD,768,96,128,16,64,48,0,1,1,4294967295
tileMM_GateD,832,96,128,16,64,48,0,1,1,4294967295
tileMM_GateD,768,0,128,16,64,32,0,1,1,4294967295
tileMM_GateD,768,32,128,16,64,32,0,1,1,4294967295
tileMM_GateD,768,64,128,16,64,32,0,1,1,4294967295
tileMM_GateD,832,0,128,16,64,32,0,1,1,4294967295
tileMM_GateD,832,32,128,16,64,32,0,1,1,4294967295
tileMM_GateD,832,64,128,16,64,32,0,1,1,4294967295
tileMM_GateD,896,112,128,80,64,16,0,1,1,4294967295
tileMM_GateD,960,112,128,80,64,16,0,1,1,4294967295
tileMM_GateD,1024,112,128,80,64,16,0,1,1,4294967295
tileMM_GateD,1088,112,128,80,64,16,0,1,1,4294967295
tileMM_GateD,896,64,128,16,64,48,0,1,1,4294967295
tileMM_GateD,960,64,128,16,64,48,0,1,1,4294967295
tileMM_GateD,1024,64,128,16,64,48,0,1,1,4294967295
tileMM_GateD,1088,64,128,16,64,48,0,1,1,4294967295
tileMM_GateD,896,32,128,16,64,32,0,1,1,4294967295
tileMM_GateD,960,32,128,16,64,32,0,1,1,4294967295
tileMM_GateD,1024,32,128,16,64,32,0,1,1,4294967295
tileMM_GateD,1088,32,128,16,64,32,0,1,1,4294967295
tileMM_GateD,896,0,128,16,64,32,0,1,1,4294967295
tileMM_GateD,960,0,128,16,64,32,0,1,1,4294967295
tileMM_GateD,1024,0,128,16,64,32,0,1,1,4294967295
tileMM_GateD,1088,0,128,16,64,32,0,1,1,4294967295
tileMM_GateD,896,304,32,48,96,16,0,1,1,4294967295
tileMM_GateD,992,304,32,48,96,16,0,1,1,4294967295
tileMM_GateD,1088,304,32,48,96,16,0,1,1,4294967295
tileMM_GateD,1184,304,32,48,96,16,0,1,1,4294967295
tileMM_GateD,1280,304,32,48,96,16,0,1,1,4294967295
tileMM_GateD,1376,304,32,48,96,16,0,1,1,4294967295
tileMM_GateD,1472,304,32,48,96,16,0,1,1,4294967295
tileMM_GateD,1568,304,32,48,32,16,0,1,1,4294967295
tileMM_GateD,896,320,64,80,64,32,0,1,1,4294967295
tileMM_GateD,960,320,64,80,64,32,0,1,1,4294967295
tileMM_GateD,1024,320,64,80,64,32,0,1,1,4294967295
tileMM_GateD,1088,320,64,80,64,32,0,1,1,4294967295
tileMM_GateD,1152,320,64,80,64,32,0,1,1,4294967295
tileMM_GateD,1312,320,64,80,64,32,0,1,1,4294967295
tileMM_GateD,1376,320,64,80,64,32,0,1,1,4294967295
tileMM_GateD,1440,320,64,80,64,32,0,1,1,4294967295
tileMM_GateD,1504,320,64,80,64,32,0,1,1,4294967295
tileMM_GateD,1568,320,64,80,64,32,0,1,1,4294967295
tileMM_GateD,1152,112,128,80,64,16,0,1,1,4294967295
tileMM_GateD,1152,64,128,16,64,48,0,1,1,4294967295
tileMM_GateD,1152,0,128,16,64,32,0,1,1,4294967295
tileMM_GateD,1152,32,128,16,64,32,0,1,1,4294967295
tileMM_GateD,1216,224,128,80,64,16,0,1,1,4294967295
tileMM_GateD,1216,176,128,16,64,48,0,1,1,4294967295
tileMM_GateD,1216,16,128,16,64,32,0,1,1,4294967295
tileMM_GateD,1216,48,128,16,64,32,0,1,1,4294967295
tileMM_GateD,1216,80,128,16,64,32,0,1,1,4294967295
tileMM_GateD,1216,112,128,16,64,32,0,1,1,4294967295
tileMM_GateD,1216,144,128,16,64,32,0,1,1,4294967295
tileMM_GateD,1216,0,128,32,64,16,0,1,1,4294967295
tileMM_GateD,1088,288,128,160,16,16,0,1,1,4294967295
tileMM_GateD,1104,288,128,160,16,16,0,1,1,4294967295
tileMM_GateD,1120,288,128,160,16,16,0,1,1,4294967295
tileMM_GateD,1136,288,128,160,16,16,0,1,1,4294967295
tileMM_GateD,1088,272,128,176,16,16,0,1,1,4294967295
tileMM_GateD,1104,272,128,176,16,16,0,1,1,4294967295
tileMM_GateD,1120,272,128,176,16,16,0,1,1,4294967295
tileMM_GateD,1136,272,128,176,16,16,0,1,1,4294967295
tileMM_GateD,1352,272,128,176,16,16,0,1,1,4294967295
tileMM_GateD,1368,272,128,176,16,16,0,1,1,4294967295
tileMM_GateD,1384,272,128,176,16,16,0,1,1,4294967295
tileMM_GateD,1352,288,128,160,16,16,0,1,1,4294967295
tileMM_GateD,1368,288,128,160,16,16,0,1,1,4294967295
tileMM_GateD,1384,288,128,160,16,16,0,1,1,4294967295
tileMM_GateD,1472,224,128,80,64,16,0,1,1,4294967295
tileMM_GateD,1472,176,128,16,64,48,0,1,1,4294967295
tileMM_GateD,1472,0,128,32,64,16,0,1,1,4294967295
tileMM_GateD,1472,16,128,16,64,32,0,1,1,4294967295
tileMM_GateD,1472,48,128,16,64,32,0,1,1,4294967295
tileMM_GateD,1472,80,128,16,64,32,0,1,1,4294967295
tileMM_GateD,1472,112,128,16,64,32,0,1,1,4294967295
tileMM_GateD,1472,144,128,16,64,32,0,1,1,4294967295
tileMM_GateD,1632,272,0,0,48,16,0,1,1,4294967295
tileMM_GateD,1680,272,16,0,48,16,0,1,1,4294967295
tileMM_GateD,1280,176,128,80,64,16,0,1,1,4294967295
tileMM_GateD,1344,176,128,80,64,16,0,1,1,4294967295
tileMM_GateD,1408,176,128,80,64,16,0,1,1,4294967295
tileMM_GateD,1280,128,128,16,64,48,0,1,1,4294967295
tileMM_GateD,1344,128,128,16,64,48,0,1,1,4294967295
tileMM_GateD,1408,128,128,16,64,48,0,1,1,4294967295
tileMM_GateD,1280,0,128,16,64,32,0,1,1,4294967295
tileMM_GateD,1280,32,128,16,64,32,0,1,1,4294967295
tileMM_GateD,1280,64,128,16,64,32,0,1,1,4294967295
tileMM_GateD,1280,96,128,16,64,32,0,1,1,4294967295
tileMM_GateD,1344,0,128,16,64,32,0,1,1,4294967295
tileMM_GateD,1344,32,128,16,64,32,0,1,1,4294967295
tileMM_GateD,1344,64,128,16,64,32,0,1,1,4294967295
tileMM_GateD,1344,96,128,16,64,32,0,1,1,4294967295
tileMM_GateD,1408,0,128,16,64,32,0,1,1,4294967295
tileMM_GateD,1408,32,128,16,64,32,0,1,1,4294967295
tileMM_GateD,1408,64,128,16,64,32,0,1,1,4294967295
tileMM_GateD,1408,96,128,16,64,32,0,1,1,4294967295
tileMM_GateD,1792,224,128,64,48,16,0,1,1,4294967295
tileMM_GateD,1872,224,144,64,48,16,0,1,1,4294967295
tileMM_GateD,1840,224,144,64,32,16,0,1,1,4294967295
tileMM_GateD,1536,80,128,80,64,16,0,1,1,4294967295
tileMM_GateD,1600,80,128,80,64,16,0,1,1,4294967295
tileMM_GateD,1664,80,128,80,64,16,0,1,1,4294967295
tileMM_GateD,1728,80,128,80,64,16,0,1,1,4294967295
tileMM_GateD,1792,112,128,80,64,16,0,1,1,4294967295
tileMM_GateD,1856,112,128,80,64,16,0,1,1,4294967295
tileMM_GateD,1920,80,128,80,64,16,0,1,1,4294967295
tileMM_GateD,1984,80,128,80,64,16,0,1,1,4294967295
tileMM_GateD,2048,224,128,64,48,16,0,1,1,4294967295
tileMM_GateD,2096,224,144,64,32,16,0,1,1,4294967295
tileMM_GateD,2128,224,144,64,48,16,0,1,1,4294967295
tileMM_GateD,2048,112,128,80,64,16,0,1,1,4294967295
tileMM_GateD,2112,112,128,80,64,16,0,1,1,4294967295
tileMM_GateD,1792,64,0,48,32,48,0,1,1,4294967295
tileMM_GateD,1888,64,0,48,32,48,0,1,1,4294967295
tileMM_GateD,1792,48,0,48,32,16,0,1,1,4294967295
tileMM_GateD,1792,32,0,48,32,16,0,1,1,4294967295
tileMM_GateD,1792,16,0,48,32,16,0,1,1,4294967295
tileMM_GateD,1792,0,0,48,32,16,0,1,1,4294967295
tileMM_GateD,1888,48,0,48,32,16,0,1,1,4294967295
tileMM_GateD,1888,32,0,48,32,16,0,1,1,4294967295
tileMM_GateD,1888,16,0,48,32,16,0,1,1,4294967295
tileMM_GateD,1888,0,0,48,32,16,0,1,1,4294967295
tileMM_GateD,1536,32,128,16,64,48,0,1,1,4294967295
tileMM_GateD,1600,32,128,16,64,48,0,1,1,4294967295
tileMM_GateD,1664,32,128,16,64,48,0,1,1,4294967295
tileMM_GateD,1728,32,128,16,64,48,0,1,1,4294967295
tileMM_GateD,1824,64,128,16,64,48,0,1,1,4294967295
tileMM_GateD,1536,0,128,16,64,32,0,1,1,4294967295
tileMM_GateD,1600,0,128,16,64,32,0,1,1,4294967295
tileMM_GateD,1664,0,128,16,64,32,0,1,1,4294967295
tileMM_GateD,1728,0,128,16,64,32,0,1,1,4294967295
tileMM_GateD,1824,0,128,16,64,32,0,1,1,4294967295
tileMM_GateD,1824,32,128,16,64,32,0,1,1,4294967295
tileMM_GateD,1920,32,128,16,64,48,0,1,1,4294967295
tileMM_GateD,1984,32,128,16,64,48,0,1,1,4294967295
tileMM_GateD,1920,0,128,16,64,32,0,1,1,4294967295
tileMM_GateD,1984,0,128,16,64,32,0,1,1,4294967295
tileMM_GateD,2304,256,128,64,64,16,0,1,1,4294967295
tileMM_GateD,2496,240,128,64,64,16,0,1,1,4294967295
tileMM_GateD,2944,256,128,64,64,16,0,1,1,4294967295
tileMM_GateD,3264,288,128,64,64,16,0,1,1,4294967295
tileMM_GateD,3584,224,128,64,64,16,0,1,1,4294967295
tileMM_GateD,3712,240,128,64,64,16,0,1,1,4294967295
tileMM_GateD,3968,240,128,64,64,16,0,1,1,4294967295
tileMM_GateD,2176,80,128,80,64,16,0,1,1,4294967295
tileMM_GateD,2240,80,128,80,64,16,0,1,1,4294967295
tileMM_GateD,2304,80,128,80,64,16,0,1,1,4294967295
tileMM_GateD,2368,80,128,80,64,16,0,1,1,4294967295
tileMM_GateD,2432,80,128,80,64,16,0,1,1,4294967295
tileMM_GateD,2496,80,128,80,64,16,0,1,1,4294967295
tileMM_GateD,2560,80,128,80,64,16,0,1,1,4294967295
tileMM_GateD,2624,80,128,80,64,16,0,1,1,4294967295
tileMM_GateD,2688,80,128,80,64,16,0,1,1,4294967295
tileMM_GateD,2752,80,128,80,64,16,0,1,1,4294967295
tileMM_GateD,2816,80,128,80,64,16,0,1,1,4294967295
tileMM_GateD,2880,80,128,80,64,16,0,1,1,4294967295
tileMM_GateD,2944,80,128,80,64,16,0,1,1,4294967295
tileMM_GateD,3008,80,128,80,64,16,0,1,1,4294967295
tileMM_GateD,3072,80,128,80,64,16,0,1,1,4294967295
tileMM_GateD,3136,80,128,80,64,16,0,1,1,4294967295
tileMM_GateD,3200,80,128,80,64,16,0,1,1,4294967295
tileMM_GateD,3264,80,128,80,64,16,0,1,1,4294967295
tileMM_GateD,3328,80,128,80,64,16,0,1,1,4294967295
tileMM_GateD,3392,80,128,80,64,16,0,1,1,4294967295
tileMM_GateD,3456,80,128,80,64,16,0,1,1,4294967295
tileMM_GateD,3520,80,128,80,64,16,0,1,1,4294967295
tileMM_GateD,3584,80,128,80,64,16,0,1,1,4294967295
tileMM_GateD,3648,80,128,80,64,16,0,1,1,4294967295
tileMM_GateD,3712,80,128,80,64,16,0,1,1,4294967295
tileMM_GateD,3776,80,128,80,64,16,0,1,1,4294967295
tileMM_GateD,3840,80,128,80,64,16,0,1,1,4294967295
tileMM_GateD,3904,80,128,80,64,16,0,1,1,4294967295
tileMM_GateD,3968,80,128,80,64,16,0,1,1,4294967295
tileMM_GateD,2080,64,128,16,64,48,0,1,1,4294967295
tileMM_GateD,2176,32,128,16,64,48,0,1,1,4294967295
tileMM_GateD,2240,32,128,16,64,48,0,1,1,4294967295
tileMM_GateD,2304,32,128,16,64,48,0,1,1,4294967295
tileMM_GateD,2368,32,128,16,64,48,0,1,1,4294967295
tileMM_GateD,2432,32,128,16,64,48,0,1,1,4294967295
tileMM_GateD,2496,32,128,16,64,48,0,1,1,4294967295
tileMM_GateD,2560,32,128,16,64,48,0,1,1,4294967295
tileMM_GateD,2624,32,128,16,64,48,0,1,1,4294967295
tileMM_GateD,2688,32,128,16,64,48,0,1,1,4294967295
tileMM_GateD,2080,0,128,16,64,32,0,1,1,4294967295
tileMM_GateD,2080,32,128,16,64,32,0,1,1,4294967295
tileMM_GateD,2176,0,128,16,64,32,0,1,1,4294967295
tileMM_GateD,2240,0,128,16,64,32,0,1,1,4294967295
tileMM_GateD,2304,0,128,16,64,32,0,1,1,4294967295
tileMM_GateD,2368,0,128,16,64,32,0,1,1,4294967295
tileMM_GateD,2432,0,128,16,64,32,0,1,1,4294967295
tileMM_GateD,2496,0,128,16,64,32,0,1,1,4294967295
tileMM_GateD,2560,0,128,16,64,32,0,1,1,4294967295
tileMM_GateD,2624,0,128,16,64,32,0,1,1,4294967295
tileMM_GateD,2688,0,128,16,64,32,0,1,1,4294967295
tileMM_GateD,2752,32,128,16,64,48,0,1,1,4294967295
tileMM_GateD,2816,32,128,16,64,48,0,1,1,4294967295
tileMM_GateD,2880,32,128,16,64,48,0,1,1,4294967295
tileMM_GateD,2944,32,128,16,64,48,0,1,1,4294967295
tileMM_GateD,3008,32,128,16,64,48,0,1,1,4294967295
tileMM_GateD,3072,32,128,16,64,48,0,1,1,4294967295
tileMM_GateD,3136,32,128,16,64,48,0,1,1,4294967295
tileMM_GateD,3200,32,128,16,64,48,0,1,1,4294967295
tileMM_GateD,3264,32,128,16,64,48,0,1,1,4294967295
tileMM_GateD,3328,32,128,16,64,48,0,1,1,4294967295
tileMM_GateD,3392,32,128,16,64,48,0,1,1,4294967295
tileMM_GateD,3456,32,128,16,64,48,0,1,1,4294967295
tileMM_GateD,3520,32,128,16,64,48,0,1,1,4294967295
tileMM_GateD,3584,32,128,16,64,48,0,1,1,4294967295
tileMM_GateD,3648,32,128,16,64,48,0,1,1,4294967295
tileMM_GateD,3712,32,128,16,64,48,0,1,1,4294967295
tileMM_GateD,3776,32,128,16,64,48,0,1,1,4294967295
tileMM_GateD,3840,32,128,16,64,48,0,1,1,4294967295
tileMM_GateD,3904,32,128,16,64,48,0,1,1,4294967295
tileMM_GateD,3968,32,128,16,64,48,0,1,1,4294967295
tileMM_GateD,3584,0,128,16,64,32,0,1,1,4294967295
tileMM_GateD,3648,0,128,16,64,32,0,1,1,4294967295
tileMM_GateD,3712,0,128,16,64,32,0,1,1,4294967295
tileMM_GateD,3776,0,128,16,64,32,0,1,1,4294967295
tileMM_GateD,3840,0,128,16,64,32,0,1,1,4294967295
tileMM_GateD,3904,0,128,16,64,32,0,1,1,4294967295
tileMM_GateD,3968,0,128,16,64,32,0,1,1,4294967295
tileMM_GateD,3136,0,128,16,64,32,0,1,1,4294967295
tileMM_GateD,3200,0,128,16,64,32,0,1,1,4294967295
tileMM_GateD,3264,0,128,16,64,32,0,1,1,4294967295
tileMM_GateD,3328,0,128,16,64,32,0,1,1,4294967295
tileMM_GateD,3392,0,128,16,64,32,0,1,1,4294967295
tileMM_GateD,3456,0,128,16,64,32,0,1,1,4294967295
tileMM_GateD,3520,0,128,16,64,32,0,1,1,4294967295
tileMM_GateD,2880,0,128,16,64,32,0,1,1,4294967295
tileMM_GateD,2944,0,128,16,64,32,0,1,1,4294967295
tileMM_GateD,3008,0,128,16,64,32,0,1,1,4294967295
tileMM_GateD,3072,0,128,16,64,32,0,1,1,4294967295
tileMM_GateD,2752,0,128,16,64,32,0,1,1,4294967295
tileMM_GateD,2816,0,128,16,64,32,0,1,1,4294967295
tileMM_GateD,4032,112,128,80,64,16,0,1,1,4294967295
tileMM_GateD,4096,112,128,80,64,16,0,1,1,4294967295
tileMM_GateD,2048,64,0,48,32,48,0,1,1,4294967295
tileMM_GateD,2144,64,0,48,32,48,0,1,1,4294967295
tileMM_GateD,2048,0,0,48,32,16,0,1,1,4294967295
tileMM_GateD,2048,16,0,48,32,16,0,1,1,4294967295
tileMM_GateD,2048,32,0,48,32,16,0,1,1,4294967295
tileMM_GateD,2048,48,0,48,32,16,0,1,1,4294967295
tileMM_GateD,2144,48,0,48,32,16,0,1,1,4294967295
tileMM_GateD,2144,32,0,48,32,16,0,1,1,4294967295
tileMM_GateD,2144,16,0,48,32,16,0,1,1,4294967295
tileMM_GateD,2144,0,0,48,32,16,0,1,1,4294967295
tileMM_GateD,4144,272,32,16,16,16,0,1,1,4294967295
tileMM_GateD,4160,272,128,64,64,16,0,1,1,4294967295
tileMM_GateD,4144,288,64,0,16,32,0,1,1,4294967295
tileMM_GateD,4144,320,64,16,16,32,0,1,1,4294967295
tileMM_GateD,4224,272,128,64,64,16,0,1,1,4294967295
tileMM_GateD,4288,272,128,64,64,16,0,1,1,4294967295
tileMM_GateD,4352,272,128,64,64,16,0,1,1,4294967295
tileMM_GateD,4160,288,64,80,64,32,0,1,1,4294967295
tileMM_GateD,4224,288,64,80,64,32,0,1,1,4294967295
tileMM_GateD,4288,288,64,80,64,32,0,1,1,4294967295
tileMM_GateD,4352,288,64,80,64,32,0,1,1,4294967295
tileMM_GateD,4160,320,64,96,64,16,0,1,1,4294967295
tileMM_GateD,4160,336,64,96,64,16,0,1,1,4294967295
tileMM_GateD,4224,320,64,96,64,16,0,1,1,4294967295
tileMM_GateD,4288,320,64,96,64,16,0,1,1,4294967295
tileMM_GateD,4224,336,64,96,64,16,0,1,1,4294967295
tileMM_GateD,4288,336,64,96,64,16,0,1,1,4294967295
tileMM_GateD,4352,320,64,96,64,16,0,1,1,4294967295
tileMM_GateD,4352,336,64,96,64,16,0,1,1,4294967295
tileMM_GateD,4160,80,0,48,32,48,0,1,1,4294967295
tileMM_GateD,4256,80,0,48,32,48,0,1,1,4294967295
tileMM_GateD,4352,80,0,48,32,48,0,1,1,4294967295
tileMM_GateD,4448,80,0,48,32,48,0,1,1,4294967295
tileMM_GateD,4160,64,0,48,32,16,0,1,1,4294967295
tileMM_GateD,4160,48,0,48,32,16,0,1,1,4294967295
tileMM_GateD,4160,32,0,48,32,16,0,1,1,4294967295
tileMM_GateD,4160,16,0,48,32,16,0,1,1,4294967295
tileMM_GateD,4160,0,0,48,32,16,0,1,1,4294967295
tileMM_GateD,4256,64,0,48,32,16,0,1,1,4294967295
tileMM_GateD,4256,48,0,48,32,16,0,1,1,4294967295
tileMM_GateD,4256,32,0,48,32,16,0,1,1,4294967295
tileMM_GateD,4256,16,0,48,32,16,0,1,1,4294967295
tileMM_GateD,4256,0,0,48,32,16,0,1,1,4294967295
tileMM_GateD,4352,64,0,48,32,16,0,1,1,4294967295
tileMM_GateD,4352,48,0,48,32,16,0,1,1,4294967295
tileMM_GateD,4352,32,0,48,32,16,0,1,1,4294967295
tileMM_GateD,4352,16,0,48,32,16,0,1,1,4294967295
tileMM_GateD,4352,0,0,48,32,16,0,1,1,4294967295
tileMM_GateD,4448,64,0,48,32,16,0,1,1,4294967295
tileMM_GateD,4448,48,0,48,32,16,0,1,1,4294967295
tileMM_GateD,4448,32,0,48,32,16,0,1,1,4294967295
tileMM_GateD,4448,16,0,48,32,16,0,1,1,4294967295
tileMM_GateD,4448,0,0,48,32,16,0,1,1,4294967295
tileMM_GateD,4192,64,128,16,64,48,0,1,1,4294967295
tileMM_GateD,4288,64,128,16,64,48,0,1,1,4294967295
tileMM_GateD,4384,64,128,16,64,48,0,1,1,4294967295
tileMM_GateD,4192,112,64,48,64,16,0,1,1,4294967295
tileMM_GateD,4288,112,64,48,64,16,0,1,1,4294967295
tileMM_GateD,4384,112,64,48,64,16,0,1,1,4294967295
tileMM_GateD,4032,64,128,16,64,48,0,1,1,4294967295
tileMM_GateD,4096,64,128,16,64,48,0,1,1,4294967295
tileMM_GateD,4032,0,128,16,64,32,0,1,1,4294967295
tileMM_GateD,4032,32,128,16,64,32,0,1,1,4294967295
tileMM_GateD,4096,0,128,16,64,32,0,1,1,4294967295
tileMM_GateD,4096,32,128,16,64,32,0,1,1,4294967295
tileMM_GateD,4192,0,128,16,64,32,0,1,1,4294967295
tileMM_GateD,4192,32,128,16,64,32,0,1,1,4294967295
tileMM_GateD,4288,0,128,16,64,32,0,1,1,4294967295
tileMM_GateD,4288,32,128,16,64,32,0,1,1,4294967295
tileMM_GateD,4384,0,128,16,64,32,0,1,1,4294967295
tileMM_GateD,4384,32,128,16,64,32,0,1,1,4294967295
tileMM_GateD,4416,272,128,64,64,16,0,1,1,4294967295
tileMM_GateD,4416,288,64,80,64,32,0,1,1,4294967295
tileMM_GateD,4416,320,64,96,64,16,0,1,1,4294967295
tileMM_GateD,4416,336,64,96,64,16,0,1,1,4294967295
tileMM_GateD,4480,272,128,64,64,16,0,1,1,4294967295
tileMM_GateD,4544,272,128,64,64,16,0,1,1,4294967295
tileMM_GateD,4608,272,128,64,64,16,0,1,1,4294967295
tileMM_GateD,4672,272,128,64,64,16,0,1,1,4294967295
tileMM_GateD,4736,272,128,64,64,16,0,1,1,4294967295
tileMM_GateD,4800,272,128,64,64,16,0,1,1,4294967295
tileMM_GateD,4864,272,128,64,64,16,0,1,1,4294967295
tileMM_GateD,4928,272,128,64,64,16,0,1,1,4294967295
tileMM_GateD,4992,272,128,64,64,16,0,1,1,4294967295
tileMM_GateD,5056,272,128,64,64,16,0,1,1,4294967295
tileMM_GateD,5120,272,128,64,64,16,0,1,1,4294967295
tileMM_GateD,4480,288,64,80,64,32,0,1,1,4294967295
tileMM_GateD,4544,288,64,80,64,32,0,1,1,4294967295
tileMM_GateD,4608,288,64,80,64,32,0,1,1,4294967295
tileMM_GateD,4672,288,64,80,64,32,0,1,1,4294967295
tileMM_GateD,4736,288,64,80,64,32,0,1,1,4294967295
tileMM_GateD,4800,288,64,80,64,32,0,1,1,4294967295
tileMM_GateD,4864,288,64,80,64,32,0,1,1,4294967295
tileMM_GateD,4928,288,64,80,64,32,0,1,1,4294967295
tileMM_GateD,4992,288,64,80,64,32,0,1,1,4294967295
tileMM_GateD,5056,288,64,80,64,32,0,1,1,4294967295
tileMM_GateD,5120,288,64,80,64,32,0,1,1,4294967295
tileMM_GateD,4480,320,64,96,64,16,0,1,1,4294967295
tileMM_GateD,4544,320,64,96,64,16,0,1,1,4294967295
tileMM_GateD,4608,320,64,96,64,16,0,1,1,4294967295
tileMM_GateD,4672,320,64,96,64,16,0,1,1,4294967295
tileMM_GateD,4736,320,64,96,64,16,0,1,1,4294967295
tileMM_GateD,4800,320,64,96,64,16,0,1,1,4294967295
tileMM_GateD,4864,320,64,96,64,16,0,1,1,4294967295
tileMM_GateD,4928,320,64,96,64,16,0,1,1,4294967295
tileMM_GateD,4992,320,64,96,64,16,0,1,1,4294967295
tileMM_GateD,5056,320,64,96,64,16,0,1,1,4294967295
tileMM_GateD,5120,320,64,96,64,16,0,1,1,4294967295
tileMM_GateD,4480,336,64,96,64,16,0,1,1,4294967295
tileMM_GateD,4544,336,64,96,64,16,0,1,1,4294967295
tileMM_GateD,4608,336,64,96,64,16,0,1,1,4294967295
tileMM_GateD,4672,336,64,96,64,16,0,1,1,4294967295
tileMM_GateD,4736,336,64,96,64,16,0,1,1,4294967295
tileMM_GateD,4800,336,64,96,64,16,0,1,1,4294967295
tileMM_GateD,4864,336,64,96,64,16,0,1,1,4294967295
tileMM_GateD,4928,336,64,96,64,16,0,1,1,4294967295
tileMM_GateD,4992,336,64,96,64,16,0,1,1,4294967295
tileMM_GateD,5056,336,64,96,64,16,0,1,1,4294967295
tileMM_GateD,5120,336,64,96,64,16,0,1,1,4294967295
tileMM_GateD,4544,80,0,48,32,48,0,1,1,4294967295
tileMM_GateD,4640,80,0,48,32,48,0,1,1,4294967295
tileMM_GateD,4736,80,0,48,32,48,0,1,1,4294967295
tileMM_GateD,4832,80,0,48,32,48,0,1,1,4294967295
tileMM_GateD,4928,80,0,48,32,48,0,1,1,4294967295
tileMM_GateD,5024,80,0,48,32,48,0,1,1,4294967295
tileMM_GateD,5120,80,0,48,32,48,0,1,1,4294967295
tileMM_GateD,4480,112,64,48,64,16,0,1,1,4294967295
tileMM_GateD,4576,112,64,48,64,16,0,1,1,4294967295
tileMM_GateD,4672,112,64,48,64,16,0,1,1,4294967295
tileMM_GateD,4768,112,64,48,64,16,0,1,1,4294967295
tileMM_GateD,4864,112,64,48,64,16,0,1,1,4294967295
tileMM_GateD,4960,112,64,48,64,16,0,1,1,4294967295
tileMM_GateD,5056,112,64,48,64,16,0,1,1,4294967295
tileMM_GateD,4544,64,0,48,32,16,0,1,1,4294967295
tileMM_GateD,4544,48,0,48,32,16,0,1,1,4294967295
tileMM_GateD,4544,32,0,48,32,16,0,1,1,4294967295
tileMM_GateD,4544,16,0,48,32,16,0,1,1,4294967295
tileMM_GateD,4544,0,0,48,32,16,0,1,1,4294967295
tileMM_GateD,4640,64,0,48,32,16,0,1,1,4294967295
tileMM_GateD,4640,48,0,48,32,16,0,1,1,4294967295
tileMM_GateD,4640,32,0,48,32,16,0,1,1,4294967295
tileMM_GateD,4640,16,0,48,32,16,0,1,1,4294967295
tileMM_GateD,4640,0,0,48,32,16,0,1,1,4294967295
tileMM_GateD,4736,0,0,48,32,16,0,1,1,4294967295
tileMM_GateD,4736,16,0,48,32,16,0,1,1,4294967295
tileMM_GateD,4736,32,0,48,32,16,0,1,1,4294967295
tileMM_GateD,4736,48,0,48,32,16,0,1,1,4294967295
tileMM_GateD,4736,64,0,48,32,16,0,1,1,4294967295
tileMM_GateD,4832,64,0,48,32,16,0,1,1,4294967295
tileMM_GateD,4832,48,0,48,32,16,0,1,1,4294967295
tileMM_GateD,4832,32,0,48,32,16,0,1,1,4294967295
tileMM_GateD,4832,16,0,48,32,16,0,1,1,4294967295
tileMM_GateD,4832,0,0,48,32,16,0,1,1,4294967295
tileMM_GateD,4928,64,0,48,32,16,0,1,1,4294967295
tileMM_GateD,4928,48,0,48,32,16,0,1,1,4294967295
tileMM_GateD,4928,32,0,48,32,16,0,1,1,4294967295
tileMM_GateD,4928,16,0,48,32,16,0,1,1,4294967295
tileMM_GateD,4928,0,0,48,32,16,0,1,1,4294967295
tileMM_GateD,5024,0,0,48,32,16,0,1,1,4294967295
tileMM_GateD,5024,16,0,48,32,16,0,1,1,4294967295
tileMM_GateD,5024,32,0,48,32,16,0,1,1,4294967295
tileMM_GateD,5024,48,0,48,32,16,0,1,1,4294967295
tileMM_GateD,5024,64,0,48,32,16,0,1,1,4294967295
tileMM_GateD,5120,64,0,48,32,16,0,1,1,4294967295
tileMM_GateD,5120,48,0,48,32,16,0,1,1,4294967295
tileMM_GateD,5120,32,0,48,32,16,0,1,1,4294967295
tileMM_GateD,5120,16,0,48,32,16,0,1,1,4294967295
tileMM_GateD,5120,0,0,48,32,16,0,1,1,4294967295
tileMM_GateD,4480,64,128,16,64,48,0,1,1,4294967295
tileMM_GateD,4576,64,128,16,64,48,0,1,1,4294967295
tileMM_GateD,4672,64,128,16,64,48,0,1,1,4294967295
tileMM_GateD,4768,64,128,16,64,48,0,1,1,4294967295
tileMM_GateD,4864,64,128,16,64,48,0,1,1,4294967295
tileMM_GateD,4960,64,128,16,64,48,0,1,1,4294967295
tileMM_GateD,5056,64,128,16,64,48,0,1,1,4294967295
tileMM_GateD,4480,0,128,16,64,32,0,1,1,4294967295
tileMM_GateD,4480,32,128,16,64,32,0,1,1,4294967295
tileMM_GateD,4576,0,128,16,64,32,0,1,1,4294967295
tileMM_GateD,4576,32,128,16,64,32,0,1,1,4294967295
tileMM_GateD,4672,0,128,16,64,32,0,1,1,4294967295
tileMM_GateD,4672,32,128,16,64,32,0,1,1,4294967295
tileMM_GateD,4768,0,128,16,64,32,0,1,1,4294967295
tileMM_GateD,4768,32,128,16,64,32,0,1,1,4294967295
tileMM_GateD,4864,0,128,16,64,32,0,1,1,4294967295
tileMM_GateD,4864,32,128,16,64,32,0,1,1,4294967295
tileMM_GateD,4960,0,128,16,64,32,0,1,1,4294967295
tileMM_GateD,4960,32,128,16,64,32,0,1,1,4294967295
tileMM_GateD,5056,0,128,16,64,32,0,1,1,4294967295
tileMM_GateD,5056,32,128,16,64,32,0,1,1,4294967295
tileMM_GateD,5184,272,128,64,64,16,0,1,1,4294967295
tileMM_GateD,5248,272,128,64,64,16,0,1,1,4294967295
tileMM_GateD,5312,272,128,64,64,16,0,1,1,4294967295
tileMM_GateD,5376,272,128,64,64,16,0,1,1,4294967295
tileMM_GateD,5184,288,64,80,64,32,0,1,1,4294967295
tileMM_GateD,5248,288,64,80,64,32,0,1,1,4294967295
tileMM_GateD,5312,288,64,80,64,32,0,1,1,4294967295
tileMM_GateD,5376,288,64,80,64,32,0,1,1,4294967295
tileMM_GateD,5184,320,64,96,64,16,0,1,1,4294967295
tileMM_GateD,5248,320,64,96,64,16,0,1,1,4294967295
tileMM_GateD,5312,320,64,96,64,16,0,1,1,4294967295
tileMM_GateD,5376,320,64,96,64,16,0,1,1,4294967295
tileMM_GateD,5184,336,64,96,64,16,0,1,1,4294967295
tileMM_GateD,5248,336,64,96,64,16,0,1,1,4294967295
tileMM_GateD,5312,336,64,96,64,16,0,1,1,4294967295
tileMM_GateD,5376,336,64,96,64,16,0,1,1,4294967295
tileMM_GateD,5216,80,0,48,32,48,0,1,1,4294967295
tileMM_GateD,5312,80,0,48,32,48,0,1,1,4294967295
tileMM_GateD,5408,80,0,48,32,48,0,1,1,4294967295
tileMM_GateD,5216,64,0,48,32,16,0,1,1,4294967295
tileMM_GateD,5216,48,0,48,32,16,0,1,1,4294967295
tileMM_GateD,5216,32,0,48,32,16,0,1,1,4294967295
tileMM_GateD,5216,16,0,48,32,16,0,1,1,4294967295
tileMM_GateD,5216,0,0,48,32,16,0,1,1,4294967295
tileMM_GateD,5312,64,0,48,32,16,0,1,1,4294967295
tileMM_GateD,5312,48,0,48,32,16,0,1,1,4294967295
tileMM_GateD,5312,32,0,48,32,16,0,1,1,4294967295
tileMM_GateD,5312,16,0,48,32,16,0,1,1,4294967295
tileMM_GateD,5312,0,0,48,32,16,0,1,1,4294967295
tileMM_GateD,5408,64,0,48,32,16,0,1,1,4294967295
tileMM_GateD,5408,48,0,48,32,16,0,1,1,4294967295
tileMM_GateD,5408,32,0,48,32,16,0,1,1,4294967295
tileMM_GateD,5408,16,0,48,32,16,0,1,1,4294967295
tileMM_GateD,5408,0,0,48,32,16,0,1,1,4294967295
tileMM_GateD,5152,112,64,48,64,16,0,1,1,4294967295
tileMM_GateD,5248,112,64,48,64,16,0,1,1,4294967295
tileMM_GateD,5344,112,64,48,64,16,0,1,1,4294967295
tileMM_GateD,5152,64,128,16,64,48,0,1,1,4294967295
tileMM_GateD,5248,64,128,16,64,48,0,1,1,4294967295
tileMM_GateD,5344,64,128,16,64,48,0,1,1,4294967295
tileMM_GateD,5152,0,128,16,64,32,0,1,1,4294967295
tileMM_GateD,5152,32,128,16,64,32,0,1,1,4294967295
tileMM_GateD,5248,0,128,16,64,32,0,1,1,4294967295
tileMM_GateD,5248,32,128,16,64,32,0,1,1,4294967295
tileMM_GateD,5344,0,128,16,64,32,0,1,1,4294967295
tileMM_GateD,5344,32,128,16,64,32,0,1,1,4294967295
tileMM_GateD,5552,224,64,0,16,48,0,1,1,4294967295
tileMM_GateD,5632,240,128,80,64,16,0,1,1,4294967295
tileMM_GateD,5632,256,0,16,32,48,0,1,1,4294967295
tileMM_GateD,5632,304,0,48,32,16,0,1,1,4294967295
tileMM_GateD,5632,320,0,48,32,16,0,1,1,4294967295
tileMM_GateD,5632,336,0,48,32,16,0,1,1,4294967295
tileMM_GateD,5696,240,128,80,64,16,0,1,1,4294967295
tileMM_GateD,5760,240,128,80,64,16,0,1,1,4294967295
tileMM_GateD,5824,240,128,80,64,16,0,1,1,4294967295
tileMM_GateD,5664,256,0,16,32,48,0,1,1,4294967295
tileMM_GateD,5696,256,0,16,32,48,0,1,1,4294967295
tileMM_GateD,5728,256,0,16,32,48,0,1,1,4294967295
tileMM_GateD,5760,256,0,16,32,48,0,1,1,4294967295
tileMM_GateD,5792,256,0,16,32,48,0,1,1,4294967295
tileMM_GateD,5824,256,0,16,32,48,0,1,1,4294967295
tileMM_GateD,5856,256,0,16,32,48,0,1,1,4294967295
tileMM_GateD,5664,304,0,48,32,16,0,1,1,4294967295
tileMM_GateD,5696,304,0,48,32,16,0,1,1,4294967295
tileMM_GateD,5728,304,0,48,32,16,0,1,1,4294967295
tileMM_GateD,5760,304,0,48,32,16,0,1,1,4294967295
tileMM_GateD,5792,304,0,48,32,16,0,1,1,4294967295
tileMM_GateD,5824,304,0,48,32,16,0,1,1,4294967295
tileMM_GateD,5856,304,0,48,32,16,0,1,1,4294967295
tileMM_GateD,5856,320,0,48,32,16,0,1,1,4294967295
tileMM_GateD,5856,336,0,48,32,16,0,1,1,4294967295
tileMM_GateD,5664,320,0,48,32,16,0,1,1,4294967295
tileMM_GateD,5696,320,0,48,32,16,0,1,1,4294967295
tileMM_GateD,5728,320,0,48,32,16,0,1,1,4294967295
tileMM_GateD,5760,320,0,48,32,16,0,1,1,4294967295
tileMM_GateD,5792,320,0,48,32,16,0,1,1,4294967295
tileMM_GateD,5824,320,0,48,32,16,0,1,1,4294967295
tileMM_GateD,5664,336,0,48,32,16,0,1,1,4294967295
tileMM_GateD,5696,336,0,48,32,16,0,1,1,4294967295
tileMM_GateD,5728,336,0,48,32,16,0,1,1,4294967295
tileMM_GateD,5760,336,0,48,32,16,0,1,1,4294967295
tileMM_GateD,5792,336,0,48,32,16,0,1,1,4294967295
tileMM_GateD,5824,336,0,48,32,16,0,1,1,4294967295
tileMM_GateD,5504,80,0,48,32,48,0,1,1,4294967295
tileMM_GateD,5600,80,0,48,32,48,0,1,1,4294967295
tileMM_GateD,5696,80,0,48,32,48,0,1,1,4294967295
tileMM_GateD,5792,80,0,48,32,48,0,1,1,4294967295
tileMM_GateD,5440,112,64,48,64,16,0,1,1,4294967295
tileMM_GateD,5536,112,64,48,64,16,0,1,1,4294967295
tileMM_GateD,5632,112,64,48,64,16,0,1,1,4294967295
tileMM_GateD,5728,112,64,48,64,16,0,1,1,4294967295
tileMM_GateD,5824,112,64,48,64,16,0,1,1,4294967295
tileMM_GateD,5504,64,0,48,32,16,0,1,1,4294967295
tileMM_GateD,5504,48,0,48,32,16,0,1,1,4294967295
tileMM_GateD,5504,32,0,48,32,16,0,1,1,4294967295
tileMM_GateD,5504,16,0,48,32,16,0,1,1,4294967295
tileMM_GateD,5504,0,0,48,32,16,0,1,1,4294967295
tileMM_GateD,5600,64,0,48,32,16,0,1,1,4294967295
tileMM_GateD,5600,48,0,48,32,16,0,1,1,4294967295
tileMM_GateD,5600,32,0,48,32,16,0,1,1,4294967295
tileMM_GateD,5600,16,0,48,32,16,0,1,1,4294967295
tileMM_GateD,5600,0,0,48,32,16,0,1,1,4294967295
tileMM_GateD,5696,64,0,48,32,16,0,1,1,4294967295
tileMM_GateD,5696,48,0,48,32,16,0,1,1,4294967295
tileMM_GateD,5696,32,0,48,32,16,0,1,1,4294967295
tileMM_GateD,5696,16,0,48,32,16,0,1,1,4294967295
tileMM_GateD,5696,0,0,48,32,16,0,1,1,4294967295
tileMM_GateD,5792,64,0,48,32,16,0,1,1,4294967295
tileMM_GateD,5792,48,0,48,32,16,0,1,1,4294967295
tileMM_GateD,5792,32,0,48,32,16,0,1,1,4294967295
tileMM_GateD,5792,16,0,48,32,16,0,1,1,4294967295
tileMM_GateD,5792,0,0,48,32,16,0,1,1,4294967295
tileMM_GateD,5440,64,128,16,64,48,0,1,1,4294967295
tileMM_GateD,5536,64,128,16,64,48,0,1,1,4294967295
tileMM_GateD,5632,64,128,16,64,48,0,1,1,4294967295
tileMM_GateD,5728,64,128,16,64,48,0,1,1,4294967295
tileMM_GateD,5824,64,128,16,64,48,0,1,1,4294967295
tileMM_GateD,5440,0,128,16,64,32,0,1,1,4294967295
tileMM_GateD,5440,32,128,16,64,32,0,1,1,4294967295
tileMM_GateD,5536,0,128,16,64,32,0,1,1,4294967295
tileMM_GateD,5536,32,128,16,64,32,0,1,1,4294967295
tileMM_GateD,5632,0,128,16,64,32,0,1,1,4294967295
tileMM_GateD,5632,32,128,16,64,32,0,1,1,4294967295
tileMM_GateD,5728,0,128,16,64,32,0,1,1,4294967295
tileMM_GateD,5728,32,128,16,64,32,0,1,1,4294967295
tileMM_GateD,5824,0,128,16,64,32,0,1,1,4294967295
tileMM_GateD,5824,32,128,16,64,32,0,1,1,4294967295
tileMM_GateD,1632,288,128,0,48,64,0,1,1,4294967295
tileMM_GateD,1680,288,144,0,48,64,0,1,1,4294967295
tileMM_GateD,1600,304,32,48,32,16,0,1,1,4294967295
tileMM_GateD,1216,320,64,80,48,32,0,1,1,4294967295
tileMM_GateD,1264,320,80,80,48,32,0,1,1,4294967295
tileMM_GateD,2688,224,128,64,48,16,0,1,1,4294967295
tileMM_GateD,2736,224,144,64,48,16,0,1,1,4294967295
tileMM_GateD,3072,240,128,64,48,16,0,1,1,4294967295
tileMM_GateD,3120,240,144,64,48,16,0,1,1,4294967295
tileMM_GateD,3424,272,128,64,48,16,0,1,1,4294967295
tileMM_GateD,3472,272,144,64,48,16,0,1,1,4294967295
