tileZeldaForest,0,640,128,32,64,32,0,1,1,4294967295
tileZeldaForest,32,672,128,32,64,32,0,1,1,4294967295
tileZeldaForest,0,672,32,64,32,32,0,1,1,4294967295
tileZeldaForest,64,640,0,0,64,32,0,1,1,4294967295
tileZeldaForest,0,544,0,0,64,32,0,1,1,4294967295
tileZeldaForest,32,512,32,32,32,32,0,1,1,4294967295
tileZeldaForest,64,544,32,32,32,32,0,1,1,4294967295
tileZeldaForest,0,512,32,64,32,32,0,1,1,4294967295
tileZeldaForest,64,512,0,0,64,32,0,1,1,4294967295
tileZeldaForest,128,640,0,0,64,32,0,1,1,4294967295
tileZeldaForest,192,640,0,32,64,64,0,1,1,4294967295
tileZeldaForest,96,672,0,0,64,32,0,1,1,4294967295
tileZeldaForest,160,672,32,64,32,32,0,1,1,4294967295
tileZeldaForest,32,448,0,32,64,64,0,1,1,4294967295
tileZeldaForest,96,448,32,64,32,32,0,1,1,4294967295
tileZeldaForest,96,480,32,32,32,32,0,1,1,4294967295
tileZeldaForest,16,448,48,0,16,32,0,1,1,4294967295
tileZeldaForest,0,448,32,32,16,32,0,1,1,4294967295
tileZeldaForest,0,480,0,0,16,32,0,1,1,4294967295
tileZeldaForest,16,480,48,32,16,32,0,1,1,4294967295
tileZeldaForest,48,416,48,32,16,32,0,1,1,4294967295
tileZeldaForest,16,416,16,0,32,32,0,1,1,4294967295
tileZeldaForest,0,416,32,32,16,32,0,1,1,4294967295
tileZeldaForest,0,576,0,192,64,64,0,1,1,4294967295
tileZeldaForest,64,576,16,192,48,64,0,1,1,4294967295
tileZeldaForest,96,544,176,256,16,32,0,1,1,4294967295
tileZeldaForest,256,640,0,96,64,32,0,1,1,4294967295
tileZeldaForest,320,640,32,96,64,32,0,1,1,4294967295
tileZeldaForest,256,672,0,160,64,32,0,1,1,4294967295
tileZeldaForest,320,672,32,160,64,32,0,1,1,4294967295
tileZeldaForest,192,448,0,96,96,96,0,1,1,4294967295
tileZeldaForest,0,352,0,32,64,64,0,1,1,4294967295
tileZeldaForest,0,320,128,32,64,32,0,1,1,4294967295
tileZeldaForest,0,224,0,0,64,96,0,1,1,4294967295
tileZeldaForest,112,544,32,352,16,32,0,1,1,4294967295
tileZeldaForest,112,576,0,192,16,64,0,1,1,4294967295
tileZeldaForest,128,544,128,256,32,32,0,1,1,4294967295
tileZeldaForest,128,608,64,256,64,32,0,1,1,4294967295
tileZeldaForest,160,544,64,192,32,64,0,1,1,4294967295
tileZeldaForest,128,512,96,224,64,32,0,1,1,4294967295
tileZeldaForest,96,416,96,224,64,32,0,1,1,4294967295
tileZeldaForest,128,448,0,192,64,64,0,1,1,4294967295
tileZeldaForest,160,416,64,256,64,32,0,1,1,4294967295
tileZeldaForest,128,576,160,288,32,32,0,1,1,4294967295
tileZeldaForest,192,608,0,320,32,32,0,1,1,4294967295
tileZeldaForest,224,608,0,320,48,32,0,1,1,4294967295
tileZeldaForest,192,544,160,256,32,64,0,1,1,4294967295
tileZeldaForest,224,576,64,224,32,32,0,1,1,4294967295
tileZeldaForest,320,576,96,224,64,32,0,1,1,4294967295
tileZeldaForest,288,512,0,0,64,32,0,1,1,4294967295
tileZeldaForest,352,512,0,0,64,32,0,1,1,4294967295
tileZeldaForest,384,640,0,32,64,64,0,1,1,4294967295
tileZeldaForest,448,640,128,32,64,32,0,1,1,4294967295
tileZeldaForest,480,672,32,64,32,32,0,1,1,4294967295
tileZeldaForest,448,672,32,32,32,32,0,1,1,4294967295
tileZeldaForest,384,576,64,192,32,64,0,1,1,4294967295
tileZeldaForest,272,608,112,256,48,32,0,1,1,4294967295
tileZeldaForest,256,576,128,288,32,16,0,1,1,4294967295
tileZeldaForest,256,592,160,288,32,16,0,1,1,4294967295
tileZeldaForest,320,544,160,224,32,32,0,1,1,4294967295
tileZeldaForest,352,544,160,224,32,32,0,1,1,4294967295
tileZeldaForest,384,544,160,224,32,32,0,1,1,4294967295
tileZeldaForest,224,544,160,224,32,32,0,1,1,4294967295
tileZeldaForest,256,544,160,224,32,32,0,1,1,4294967295
tileZeldaForest,288,544,160,224,32,32,0,1,1,4294967295
tileZeldaForest,288,576,64,192,32,32,0,1,1,4294967295
tileZeldaForest,320,608,0,256,64,16,0,1,1,4294967295
tileZeldaForest,416,480,0,32,32,64,0,1,1,4294967295
tileZeldaForest,416,416,64,32,64,64,0,1,1,4294967295
tileZeldaForest,448,480,32,32,32,32,0,1,1,4294967295
tileZeldaForest,512,416,96,0,96,32,0,1,1,4294967295
tileZeldaForest,640,416,64,32,64,64,0,1,1,4294967295
tileZeldaForest,480,416,64,0,32,32,0,1,1,4294967295
tileZeldaForest,608,416,64,0,32,32,0,1,1,4294967295
tileZeldaForest,480,448,0,192,64,64,0,1,1,4294967295
tileZeldaForest,576,448,0,192,64,64,0,1,1,4294967295
tileZeldaForest,480,512,0,224,64,32,0,1,1,4294967295
tileZeldaForest,480,544,0,224,64,32,0,1,1,4294967295
tileZeldaForest,480,576,0,224,64,32,0,1,1,4294967295
tileZeldaForest,576,512,0,224,64,32,0,1,1,4294967295
tileZeldaForest,576,544,0,224,64,32,0,1,1,4294967295
tileZeldaForest,576,576,0,224,64,32,0,1,1,4294967295
tileZeldaForest,576,608,0,224,64,32,0,1,1,4294967295
tileZeldaForest,544,512,16,208,32,48,0,1,1,4294967295
tileZeldaForest,544,560,16,208,32,48,0,1,1,4294967295
tileZeldaForest,448,512,16,192,32,16,0,1,1,4294967295
tileZeldaForest,416,544,160,224,32,32,0,1,1,4294967295
tileZeldaForest,416,576,96,224,64,32,0,1,1,4294967295
tileZeldaForest,448,528,128,256,32,48,0,1,1,4294967295
tileZeldaForest,448,608,64,224,32,32,0,1,1,4294967295
tileZeldaForest,432,608,48,192,16,32,0,1,1,4294967295
tileZeldaForest,512,640,0,96,64,32,0,1,1,4294967295
tileZeldaForest,576,640,32,96,64,32,0,1,1,4294967295
tileZeldaForest,512,672,0,160,64,32,0,1,1,4294967295
tileZeldaForest,576,672,32,160,64,32,0,1,1,4294967295
tileZeldaForest,64,384,64,192,32,64,0,1,1,4294967295
tileZeldaForest,320,624,64,320,48,16,0,1,1,4294967295
tileZeldaForest,368,624,16,272,16,16,0,1,1,4294967295
tileZeldaForest,416,608,96,304,16,16,0,1,1,4294967295
tileZeldaForest,416,624,16,272,16,16,0,1,1,4294967295
tileZeldaForest,640,576,64,0,32,32,0,1,1,4294967295
tileZeldaForest,736,576,64,0,32,32,0,1,1,4294967295
tileZeldaForest,640,640,0,32,32,64,0,1,1,4294967295
tileZeldaForest,544,480,64,0,32,32,0,1,1,4294967295
tileZeldaForest,544,448,16,192,32,32,0,1,1,4294967295
tileZeldaForest,640,608,16,224,32,32,0,1,1,4294967295
tileZeldaForest,672,640,0,0,64,32,0,1,1,4294967295
tileZeldaForest,704,672,0,0,64,32,0,1,1,4294967295
tileZeldaForest,736,640,0,0,64,32,0,1,1,4294967295
tileZeldaForest,768,672,0,0,64,32,0,1,1,4294967295
tileZeldaForest,672,672,32,32,32,32,0,1,1,4294967295
tileZeldaForest,800,640,144,32,32,32,0,1,1,4294967295
tileZeldaForest,832,608,0,32,32,64,0,1,1,4294967295
tileZeldaForest,832,672,128,32,64,32,0,1,1,4294967295
tileZeldaForest,864,640,32,32,32,32,0,1,1,4294967295
tileZeldaForest,928,512,64,0,32,32,0,1,1,4294967295
tileZeldaForest,1024,608,0,0,64,32,0,1,1,4294967295
tileZeldaForest,1088,576,0,32,32,64,0,1,1,4294967295
tileZeldaForest,1120,544,32,64,32,32,0,1,1,4294967295
tileZeldaForest,1120,576,32,32,32,32,0,1,1,4294967295
tileZeldaForest,1120,608,0,96,96,96,0,1,1,4294967295
tileZeldaForest,1088,640,128,32,32,32,0,1,1,4294967295
tileZeldaForest,1088,672,160,32,32,32,0,1,1,4294967295
tileZeldaForest,1152,544,0,0,64,32,0,1,1,4294967295
tileZeldaForest,1200,576,48,32,16,32,0,1,1,4294967295
tileZeldaForest,1168,576,16,0,32,32,0,1,1,4294967295
tileZeldaForest,1152,576,32,32,16,32,0,1,1,4294967295
tileZeldaForest,640,480,160,224,32,32,0,1,1,4294967295
tileZeldaForest,672,480,160,224,32,32,0,1,1,4294967295
tileZeldaForest,640,512,48,336,32,16,0,1,1,4294967295
tileZeldaForest,640,560,80,400,16,16,0,1,1,4294967295
tileZeldaForest,640,528,48,352,16,32,0,1,1,4294967295
tileZeldaForest,672,576,48,352,16,32,0,1,1,4294967295
tileZeldaForest,672,608,96,352,16,16,0,1,1,4294967295
tileZeldaForest,672,624,144,272,16,16,0,1,1,4294967295
tileZeldaForest,704,624,16,384,16,16,0,1,1,4294967295
tileZeldaForest,688,624,48,384,16,16,0,1,1,4294967295
tileZeldaForest,720,608,0,384,16,16,0,1,1,4294967295
tileZeldaForest,720,624,32,368,16,16,0,1,1,4294967295
tileZeldaForest,736,608,144,256,32,32,0,1,1,4294967295
tileZeldaForest,704,416,0,32,64,64,0,1,1,4294967295
tileZeldaForest,704,480,16,192,32,64,0,1,1,4294967295
tileZeldaForest,704,544,80,336,32,16,0,1,1,4294967295
tileZeldaForest,736,544,160,304,32,32,0,1,1,4294967295
tileZeldaForest,653,520,128,384,16,32,0,1,1,4294967295
tileZeldaForest,708,552,144,384,16,16,0,1,1,4294967295
tileZeldaForest,688,512,128,400,16,16,0,1,1,4294967295
tileZeldaForest,224,416,32,352,32,32,0,1,1,4294967295
tileZeldaForest,64,288,0,0,64,32,0,1,1,4294967295
tileZeldaForest,64,320,32,32,32,32,0,1,1,4294967295
tileZeldaForest,96,320,0,0,64,32,0,1,1,4294967295
tileZeldaForest,64,352,160,224,32,32,0,1,1,4294967295
tileZeldaForest,96,352,160,224,32,32,0,1,1,4294967295
tileZeldaForest,736,512,64,192,32,32,0,1,1,4294967295
tileZeldaForest,736,480,64,224,32,32,0,1,1,4294967295
tileZeldaForest,768,416,128,32,64,32,0,1,1,4294967295
tileZeldaForest,800,448,0,0,64,32,0,1,1,4294967295
tileZeldaForest,784,448,144,32,16,16,0,1,1,4294967295
tileZeldaForest,768,464,144,32,16,16,0,1,1,4294967295
tileZeldaForest,768,448,144,32,16,16,0,1,1,4294967295
tileZeldaForest,784,464,144,32,16,16,0,1,1,4294967295
tileZeldaForest,768,608,64,256,64,32,0,1,1,4294967295
tileZeldaForest,768,576,64,224,32,32,0,1,1,4294967295
tileZeldaForest,768,512,0,256,64,64,0,1,1,4294967295
tileZeldaForest,768,480,0,192,64,32,0,1,1,4294967295
tileZeldaForest,832,416,0,0,64,32,0,1,1,4294967295
tileZeldaForest,800,576,128,256,32,32,0,1,1,4294967295
tileZeldaForest,832,576,96,224,64,32,0,1,1,4294967295
tileZeldaForest,864,608,0,224,160,32,0,1,1,4294967295
tileZeldaForest,832,544,64,256,96,32,0,1,1,4294967295
tileZeldaForest,928,576,128,256,32,32,0,1,1,4294967295
tileZeldaForest,960,512,128,256,32,32,0,1,1,4294967295
tileZeldaForest,864,448,128,256,32,32,0,1,1,4294967295
tileZeldaForest,832,480,160,224,32,32,0,1,1,4294967295
tileZeldaForest,1056,576,160,288,32,32,0,1,1,4294967295
tileZeldaForest,992,576,64,352,32,32,0,1,1,4294967295
tileZeldaForest,960,576,96,352,16,32,0,1,1,4294967295
tileZeldaForest,976,592,80,384,16,16,0,1,1,4294967295
tileZeldaForest,960,544,48,352,16,32,0,1,1,4294967295
tileZeldaForest,976,544,80,336,32,16,0,1,1,4294967295
tileZeldaForest,1008,544,176,256,16,32,0,1,1,4294967295
tileZeldaForest,992,512,64,224,32,32,0,1,1,4294967295
tileZeldaForest,896,576,64,224,32,32,0,1,1,4294967295
tileZeldaForest,896,416,32,32,32,32,0,1,1,4294967295
tileZeldaForest,944,416,16,0,48,32,0,1,1,4294967295
tileZeldaForest,928,416,32,64,16,32,0,1,1,4294967295
tileZeldaForest,832,512,96,224,64,32,0,1,1,4294967295
tileZeldaForest,864,480,64,224,32,32,0,1,1,4294967295
tileZeldaForest,896,480,128,256,64,32,0,1,1,4294967295
tileZeldaForest,896,448,160,224,32,32,0,1,1,4294967295
tileZeldaForest,928,448,160,224,32,32,0,1,1,4294967295
tileZeldaForest,960,448,160,224,32,32,0,1,1,4294967295
tileZeldaForest,896,528,160,288,32,16,0,1,1,4294967295
tileZeldaForest,1024,560,0,272,16,48,0,1,1,4294967295
tileZeldaForest,1040,560,48,272,16,48,0,1,1,4294967295
tileZeldaForest,1040,480,48,256,16,48,0,1,1,4294967295
tileZeldaForest,1024,480,0,256,16,48,0,1,1,4294967295
tileZeldaForest,1024,528,0,272,16,32,0,1,1,4294967295
tileZeldaForest,1040,528,48,272,16,32,0,1,1,4294967295
tileZeldaForest,960,480,96,224,64,32,0,1,1,4294967295
tileZeldaForest,992,448,160,304,32,32,0,1,1,4294967295
tileZeldaForest,1024,448,128,256,32,32,0,1,1,4294967295
tileZeldaForest,1024,352,0,32,32,64,0,1,1,4294967295
tileZeldaForest,1056,480,64,0,32,32,0,1,1,4294967295
tileZeldaForest,992,384,32,32,32,64,0,1,1,4294967295
tileZeldaForest,1056,512,0,192,16,64,0,1,1,4294967295
tileZeldaForest,1072,512,48,192,16,64,0,1,1,4294967295
tileZeldaForest,1088,544,160,256,32,32,0,1,1,4294967295
tileZeldaForest,1120,352,0,32,32,64,0,1,1,4294967295
tileZeldaForest,1088,480,64,0,32,32,0,1,1,4294967295
tileZeldaForest,992,320,0,0,64,32,0,1,1,4294967295
tileZeldaForest,992,352,128,32,32,32,0,1,1,4294967295
tileZeldaForest,960,352,64,0,32,32,0,1,1,4294967295
tileZeldaForest,1136,320,16,0,48,32,0,1,1,4294967295
tileZeldaForest,1120,320,32,64,16,32,0,1,1,4294967295
tileZeldaForest,1088,512,64,224,96,32,0,1,1,4294967295
tileZeldaForest,1024,416,160,224,32,32,0,1,1,4294967295
tileZeldaForest,1120,416,160,224,32,32,0,1,1,4294967295
tileZeldaForest,1056,256,0,192,64,64,0,1,1,4294967295
tileZeldaForest,1152,352,160,224,32,32,0,1,1,4294967295
tileZeldaForest,1184,320,32,32,32,32,0,1,1,4294967295
tileZeldaForest,1184,352,16,192,32,64,0,1,1,4294967295
tileZeldaForest,1184,416,16,208,32,16,0,1,1,4294967295
tileZeldaForest,1184,432,16,208,32,48,0,1,1,4294967295
tileZeldaForest,1184,480,16,208,32,48,0,1,1,4294967295
tileZeldaForest,1152,384,64,192,32,64,0,1,1,4294967295
tileZeldaForest,1152,448,128,256,32,32,0,1,1,4294967295
tileZeldaForest,1120,480,128,256,32,32,0,1,1,4294967295
tileZeldaForest,1120,448,64,224,32,32,0,1,1,4294967295
tileZeldaForest,1152,480,64,224,32,32,0,1,1,4294967295
tileZeldaForest,1056,320,0,192,16,32,0,1,1,4294967295
tileZeldaForest,1056,352,0,192,16,32,0,1,1,4294967295
tileZeldaForest,1104,320,48,224,16,32,0,1,1,4294967295
tileZeldaForest,1056,384,48,224,16,32,0,1,1,4294967295
tileZeldaForest,1104,352,0,224,16,32,0,1,1,4294967295
tileZeldaForest,1056,416,48,192,16,64,0,1,1,4294967295
tileZeldaForest,1104,384,0,192,16,64,0,1,1,4294967295
tileZeldaForest,1104,448,48,192,16,32,0,1,1,4294967295
tileZeldaForest,1072,320,16,208,32,16,0,1,1,4294967295
tileZeldaForest,1072,336,16,208,32,16,0,1,1,4294967295
tileZeldaForest,1072,352,16,208,32,48,0,1,1,4294967295
tileZeldaForest,1072,400,16,224,32,16,0,1,1,4294967295
tileZeldaForest,1072,416,16,224,32,16,0,1,1,4294967295
tileZeldaForest,1072,432,16,224,32,16,0,1,1,4294967295
tileZeldaForest,1072,448,16,224,32,32,0,1,1,4294967295
tileZeldaForest,1056,224,0,0,64,32,0,1,1,4294967295
tileZeldaForest,1216,544,0,32,32,64,0,1,1,4294967295
tileZeldaForest,1248,544,0,96,64,96,0,1,1,4294967295
tileZeldaForest,1376,544,32,96,64,96,0,1,1,4294967295
tileZeldaForest,1312,544,32,96,32,96,0,1,1,4294967295
tileZeldaForest,1344,544,32,96,32,96,0,1,1,4294967295
tileZeldaForest,1216,608,0,32,32,64,0,1,1,4294967295
tileZeldaForest,1248,640,0,32,64,64,0,1,1,4294967295
tileZeldaForest,1312,640,0,32,64,64,0,1,1,4294967295
tileZeldaForest,1376,640,0,32,64,64,0,1,1,4294967295
tileZeldaForest,1216,672,32,32,32,32,0,1,1,4294967295
tileZeldaForest,1376,448,0,0,64,32,0,1,1,4294967295
tileZeldaForest,1216,320,0,32,32,64,0,1,1,4294967295
tileZeldaForest,1216,384,0,0,64,32,0,1,1,4294967295
tileZeldaForest,1280,384,0,32,32,64,0,1,1,4294967295
tileZeldaForest,1280,448,0,0,64,32,0,1,1,4294967295
tileZeldaForest,1344,448,32,32,32,32,0,1,1,4294967295
tileZeldaForest,1216,416,160,224,32,32,0,1,1,4294967295
tileZeldaForest,1248,416,160,224,32,32,0,1,1,4294967295
tileZeldaForest,1280,480,160,224,32,32,0,1,1,4294967295
tileZeldaForest,1312,480,160,224,32,32,0,1,1,4294967295
tileZeldaForest,1344,480,160,224,32,32,0,1,1,4294967295
tileZeldaForest,1376,480,160,224,32,32,0,1,1,4294967295
tileZeldaForest,1408,480,160,224,32,32,0,1,1,4294967295
tileZeldaForest,1280,512,64,256,128,32,0,1,1,4294967295
tileZeldaForest,1408,512,64,224,32,32,0,1,1,4294967295
tileZeldaForest,1216,448,64,224,32,32,0,1,1,4294967295
tileZeldaForest,1216,480,64,224,32,32,0,1,1,4294967295
tileZeldaForest,1216,512,64,224,32,32,0,1,1,4294967295
tileZeldaForest,1248,448,64,224,32,32,0,1,1,4294967295
tileZeldaForest,1248,480,64,224,32,32,0,1,1,4294967295
tileZeldaForest,1248,512,64,224,32,32,0,1,1,4294967295
tileZeldaForest,1376,352,0,0,64,96,0,1,1,4294967295
tileZeldaForest,1376,256,0,0,64,96,0,1,1,4294967295
tileZeldaForest,1312,352,48,336,32,16,0,1,1,4294967295
tileZeldaForest,1296,368,32,368,32,16,0,1,1,4294967295
tileZeldaForest,1360,384,32,384,16,32,0,1,1,4294967295
tileZeldaForest,1360,416,0,384,16,16,0,1,1,4294967295
tileZeldaForest,1360,432,64,272,16,16,0,1,1,4294967295
tileZeldaForest,1312,384,48,352,16,32,0,1,1,4294967295
tileZeldaForest,1312,416,16,384,16,16,0,1,1,4294967295
tileZeldaForest,1312,432,144,272,16,16,0,1,1,4294967295
tileZeldaForest,1328,384,160,352,32,64,0,1,1,4294967295
tileZeldaForest,1332,372,144,384,16,16,0,1,1,4294967295
tileZeldaForest,1333,357,128,384,16,16,0,1,1,4294967295
tileZeldaForest,1280,368,80,384,16,16,0,1,1,4294967295
tileZeldaForest,1296,352,0,384,16,16,0,1,1,4294967295
tileZeldaForest,1344,320,160,288,32,64,0,1,1,4294967295
tileZeldaForest,1312,336,128,288,32,16,0,1,1,4294967295
tileZeldaForest,1296,336,80,384,16,16,0,1,1,4294967295
tileZeldaForest,1248,320,0,352,32,32,0,1,1,4294967295
tileZeldaForest,1280,320,48,336,32,16,0,1,1,4294967295
tileZeldaForest,1328,320,80,384,16,16,0,1,1,4294967295
tileZeldaForest,1344,288,64,352,32,32,0,1,1,4294967295
tileZeldaForest,1408,192,32,32,32,64,0,1,1,4294967295
tileZeldaForest,1376,224,32,32,32,32,0,1,1,4294967295
tileZeldaForest,1376,192,32,64,32,32,0,1,1,4294967295
tileZeldaForest,1344,224,64,192,32,64,0,1,1,4294967295
tileZeldaForest,1280,256,96,224,64,32,0,1,1,4294967295
tileZeldaForest,1296,288,32,352,32,32,0,1,1,4294967295
tileZeldaForest,1264,288,128,256,32,32,0,1,1,4294967295
tileZeldaForest,960,384,128,256,32,32,0,1,1,4294967295
tileZeldaForest,288,352,0,0,64,32,0,1,1,4294967295
tileZeldaForest,256,320,0,32,32,64,0,1,1,4294967295
tileZeldaForest,224,288,0,0,64,32,0,1,1,4294967295
tileZeldaForest,1008,224,16,0,48,32,0,1,1,4294967295
tileZeldaForest,992,224,32,32,16,32,0,1,1,4294967295
tileZeldaForest,0,192,160,32,32,32,0,1,1,4294967295
tileZeldaForest,0,160,160,32,32,32,0,1,1,4294967295
tileZeldaForest,0,128,160,32,32,32,0,1,1,4294967295
tileZeldaForest,0,96,0,0,64,32,0,1,1,4294967295
tileZeldaForest,128,160,0,0,64,32,0,1,1,4294967295
tileZeldaForest,192,128,0,32,32,64,0,1,1,4294967295
tileZeldaForest,224,128,32,64,16,32,0,1,1,4294967295
tileZeldaForest,240,128,16,0,32,32,0,1,1,4294967295
tileZeldaForest,272,128,48,64,16,32,0,1,1,4294967295
tileZeldaForest,0,32,0,32,64,64,0,1,1,4294967295
tileZeldaForest,0,0,128,32,64,32,0,1,1,4294967295
tileZeldaForest,64,0,0,0,64,32,0,1,1,4294967295
tileZeldaForest,96,32,0,0,64,32,0,1,1,4294967295
tileZeldaForest,128,0,0,0,64,32,0,1,1,4294967295
tileZeldaForest,64,32,32,64,32,32,0,1,1,4294967295
tileZeldaForest,160,32,32,32,16,32,0,1,1,4294967295
tileZeldaForest,176,32,16,0,32,32,0,1,1,4294967295
tileZeldaForest,208,32,48,32,16,32,0,1,1,4294967295
tileZeldaForest,192,0,128,32,64,32,0,1,1,4294967295
tileZeldaForest,224,32,32,64,32,32,0,1,1,4294967295
tileZeldaForest,256,0,0,0,64,32,0,1,1,4294967295
tileZeldaForest,256,32,128,32,64,32,0,1,1,4294967295
tileZeldaForest,320,48,160,32,32,16,0,1,1,4294967295
tileZeldaForest,352,48,160,32,32,16,0,1,1,4294967295
tileZeldaForest,368,32,160,32,32,16,0,1,1,4294967295
tileZeldaForest,384,48,160,32,32,16,0,1,1,4294967295
tileZeldaForest,400,32,160,32,32,16,0,1,1,4294967295
tileZeldaForest,320,16,160,32,32,16,0,1,1,4294967295
tileZeldaForest,352,16,160,32,32,16,0,1,1,4294967295
tileZeldaForest,384,16,160,32,32,16,0,1,1,4294967295
tileZeldaForest,368,0,160,32,32,16,0,1,1,4294967295
tileZeldaForest,400,0,160,32,32,16,0,1,1,4294967295
tileZeldaForest,416,16,160,32,32,16,0,1,1,4294967295
tileZeldaForest,416,48,160,32,32,16,0,1,1,4294967295
tileZeldaForest,480,0,0,96,64,32,0,1,1,4294967295
tileZeldaForest,544,0,32,96,64,32,0,1,1,4294967295
tileZeldaForest,480,32,0,160,64,32,0,1,1,4294967295
tileZeldaForest,544,32,32,160,64,32,0,1,1,4294967295
tileZeldaForest,416,64,144,48,32,16,0,1,1,4294967295
tileZeldaForest,448,64,144,48,32,16,0,1,1,4294967295
tileZeldaForest,416,96,144,48,32,16,0,1,1,4294967295
tileZeldaForest,448,96,144,48,32,16,0,1,1,4294967295
tileZeldaForest,464,80,176,48,16,16,0,1,1,4294967295
tileZeldaForest,464,112,176,48,16,16,0,1,1,4294967295
tileZeldaForest,416,128,160,32,32,16,0,1,1,4294967295
tileZeldaForest,448,128,160,32,32,16,0,1,1,4294967295
tileZeldaForest,416,160,160,32,32,16,0,1,1,4294967295
tileZeldaForest,448,160,160,32,32,16,0,1,1,4294967295
tileZeldaForest,416,192,160,32,32,16,0,1,1,4294967295
tileZeldaForest,448,192,160,32,32,16,0,1,1,4294967295
tileZeldaForest,464,208,144,32,16,16,0,1,1,4294967295
tileZeldaForest,464,176,144,32,16,16,0,1,1,4294967295
tileZeldaForest,464,144,144,32,16,16,0,1,1,4294967295
tileZeldaForest,480,64,64,32,64,48,0,1,1,4294967295
tileZeldaForest,480,176,64,48,64,48,0,1,1,4294967295
tileZeldaForest,480,112,64,48,64,32,0,1,1,4294967295
tileZeldaForest,480,144,64,48,64,32,0,1,1,4294967295
tileZeldaForest,608,0,0,0,64,32,0,1,1,4294967295
tileZeldaForest,640,32,0,0,64,32,0,1,1,4294967295
tileZeldaForest,608,32,32,32,32,32,0,1,1,4294967295
tileZeldaForest,704,0,0,32,32,64,0,1,1,4294967295
tileZeldaForest,672,0,32,32,32,32,0,1,1,4294967295
tileZeldaForest,544,192,0,0,64,32,0,1,1,4294967295
tileZeldaForest,608,192,0,0,64,32,0,1,1,4294967295
tileZeldaForest,672,192,0,0,64,32,0,1,1,4294967295
tileZeldaForest,640,224,0,0,64,32,0,1,1,4294967295
tileZeldaForest,704,224,0,0,64,32,0,1,1,4294967295
tileZeldaForest,672,256,0,0,64,32,0,1,1,4294967295
tileZeldaForest,704,288,0,0,64,32,0,1,1,4294967295
tileZeldaForest,640,288,0,0,64,32,0,1,1,4294967295
tileZeldaForest,672,320,0,0,64,32,0,1,1,4294967295
tileZeldaForest,736,192,32,32,32,32,0,1,1,4294967295
tileZeldaForest,736,256,32,32,32,32,0,1,1,4294967295
tileZeldaForest,640,320,32,32,32,32,0,1,1,4294967295
tileZeldaForest,640,256,32,64,32,32,0,1,1,4294967295
tileZeldaForest,736,320,32,64,32,32,0,1,1,4294967295
tileZeldaForest,432,0,144,48,48,16,0,1,1,4294967295
tileZeldaForest,432,32,144,48,48,16,0,1,1,4294967295
tileZeldaForest,448,16,160,32,32,16,0,1,1,4294967295
tileZeldaForest,448,48,160,32,32,16,0,1,1,4294967295
tileZeldaForest,320,0,144,32,48,16,0,1,1,4294967295
tileZeldaForest,320,32,144,32,48,16,0,1,1,4294967295
tileZeldaForest,416,80,144,32,48,16,0,1,1,4294967295
tileZeldaForest,416,112,144,32,48,16,0,1,1,4294967295
tileZeldaForest,416,208,144,32,48,16,0,1,1,4294967295
tileZeldaForest,416,176,144,32,48,16,0,1,1,4294967295
tileZeldaForest,416,144,144,32,48,16,0,1,1,4294967295
tileZeldaForest,832,384,128,32,64,32,0,1,1,4294967295
tileZeldaForest,832,336,64,48,64,48,0,1,1,4294967295
tileZeldaForest,832,128,64,32,64,48,0,1,1,4294967295
tileZeldaForest,832,176,64,48,64,32,0,1,1,4294967295
tileZeldaForest,832,208,64,48,64,32,0,1,1,4294967295
tileZeldaForest,832,240,64,48,64,32,0,1,1,4294967295
tileZeldaForest,832,272,64,48,64,32,0,1,1,4294967295
tileZeldaForest,832,304,64,48,64,32,0,1,1,4294967295
tileZeldaForest,736,0,0,96,64,32,0,1,1,4294967295
tileZeldaForest,736,32,0,160,64,32,0,1,1,4294967295
tileZeldaForest,800,0,16,96,64,32,0,1,1,4294967295
tileZeldaForest,864,0,16,96,64,32,0,1,1,4294967295
tileZeldaForest,800,32,16,160,64,32,0,1,1,4294967295
tileZeldaForest,864,32,16,160,64,32,0,1,1,4294967295
tileZeldaForest,928,0,32,96,64,32,0,1,1,4294967295
tileZeldaForest,928,32,32,160,64,32,0,1,1,4294967295
tileZeldaForest,992,0,0,32,64,64,0,1,1,4294967295
tileZeldaForest,1056,0,0,0,64,32,0,1,1,4294967295
tileZeldaForest,1184,0,0,0,64,32,0,1,1,4294967295
tileZeldaForest,1120,0,0,0,64,32,0,1,1,4294967295
tileZeldaForest,1056,32,32,32,32,32,0,1,1,4294967295
tileZeldaForest,1168,32,16,0,48,32,0,1,1,4294967295
tileZeldaForest,1264,0,16,0,48,32,0,1,1,4294967295
tileZeldaForest,1248,0,32,32,16,32,0,1,1,4294967295
tileZeldaForest,1152,32,32,32,16,32,0,1,1,4294967295
tileZeldaForest,1088,32,0,0,64,32,0,1,1,4294967295
tileZeldaForest,1216,32,0,0,64,32,0,1,1,4294967295
tileZeldaForest,1280,32,0,0,64,32,0,1,1,4294967295
tileZeldaForest,1312,0,0,0,64,32,0,1,1,4294967295
tileZeldaForest,1376,0,0,0,64,32,0,1,1,4294967295
tileZeldaForest,1344,32,0,0,64,32,0,1,1,4294967295
tileZeldaForest,1408,32,32,32,32,32,0,1,1,4294967295
tileZeldaForest,1376,160,0,0,64,32,0,1,1,4294967295
tileZeldaForest,1376,128,64,32,64,16,0,1,1,4294967295
tileZeldaForest,1376,144,64,80,64,16,0,1,1,4294967295
tileZeldaForest,1312,128,64,32,64,16,0,1,1,4294967295
tileZeldaForest,1312,144,64,80,64,16,0,1,1,4294967295
tileZeldaForest,1216,64,32,32,32,32,0,1,1,4294967295
tileZeldaForest,1184,192,0,0,64,32,0,1,1,4294967295
tileZeldaForest,1184,288,32,64,32,32,0,1,1,4294967295
tileZeldaForest,1216,288,128,256,48,32,0,1,1,4294967295
tileZeldaForest,1120,288,64,256,64,32,0,1,1,4294967295
tileZeldaForest,576,224,0,96,32,32,0,1,1,4294967295
tileZeldaForest,608,224,64,96,32,32,0,1,1,4294967295
tileZeldaForest,608,256,64,160,32,32,0,1,1,4294967295
tileZeldaForest,576,256,0,160,32,32,0,1,1,4294967295
tileZeldaForest,224,384,96,224,64,32,0,1,1,4294967295
tileZeldaForest,288,416,32,400,16,16,0,1,1,4294967295
tileZeldaForest,288,384,64,224,32,32,0,1,1,4294967295
tileZeldaForest,304,432,80,336,32,16,0,1,1,4294967295
tileZeldaForest,304,416,128,288,32,16,0,1,1,4294967295
tileZeldaForest,320,448,0,384,16,32,0,1,1,4294967295
tileZeldaForest,336,480,80,336,32,16,0,1,1,4294967295
tileZeldaForest,352,496,0,384,16,16,0,1,1,4294967295
tileZeldaForest,320,384,160,224,32,32,0,1,1,4294967295
tileZeldaForest,64,64,160,224,32,32,0,1,1,4294967295
tileZeldaForest,96,64,160,224,32,32,0,1,1,4294967295
tileZeldaForest,128,64,160,224,32,32,0,1,1,4294967295
tileZeldaForest,160,64,160,224,32,32,0,1,1,4294967295
tileZeldaForest,992,256,160,224,32,32,0,1,1,4294967295
tileZeldaForest,1312,160,160,224,32,32,0,1,1,4294967295
tileZeldaForest,1344,160,160,224,32,32,0,1,1,4294967295
tileZeldaForest,1184,64,160,224,32,32,0,1,1,4294967295
tileZeldaForest,1248,64,160,224,32,32,0,1,1,4294967295
tileZeldaForest,1312,96,64,304,48,32,0,1,1,4294967295
tileZeldaForest,1312,64,160,224,32,32,0,1,1,4294967295
tileZeldaForest,1344,64,16,192,32,32,0,1,1,4294967295
tileZeldaForest,1376,64,16,192,32,64,0,1,1,4294967295
tileZeldaForest,1408,64,16,192,32,64,0,1,1,4294967295
tileZeldaForest,1360,96,176,256,16,32,0,1,1,4294967295
tileZeldaForest,576,96,0,256,64,64,0,1,1,4294967295
tileZeldaForest,672,96,0,256,64,64,0,1,1,4294967295
tileZeldaForest,1024,96,0,256,64,48,0,1,1,4294967295
tileZeldaForest,416,256,0,256,64,48,0,1,1,4294967295
tileZeldaForest,416,336,0,272,64,48,0,1,1,4294967295
tileZeldaForest,1024,144,0,272,64,48,0,1,1,4294967295
tileZeldaForest,416,304,0,272,64,32,0,1,1,4294967295
tileZeldaForest,768,64,0,192,64,64,0,1,1,4294967295
tileZeldaForest,784,128,16,208,32,32,0,1,1,4294967295
tileZeldaForest,784,160,16,208,32,48,0,1,1,4294967295
tileZeldaForest,784,208,16,208,32,48,0,1,1,4294967295
tileZeldaForest,784,256,16,208,32,16,0,1,1,4294967295
tileZeldaForest,784,272,16,208,32,32,0,1,1,4294967295
tileZeldaForest,784,304,16,224,32,16,0,1,1,4294967295
tileZeldaForest,784,320,16,224,32,16,0,1,1,4294967295
tileZeldaForest,784,336,16,224,32,16,0,1,1,4294967295
tileZeldaForest,784,352,16,224,32,32,0,1,1,4294967295
tileZeldaForest,784,384,16,224,32,32,0,1,1,4294967295
tileZeldaForest,816,128,48,192,16,32,0,1,1,4294967295
tileZeldaForest,768,160,48,192,16,32,0,1,1,4294967295
tileZeldaForest,768,192,48,192,16,32,0,1,1,4294967295
tileZeldaForest,768,320,48,192,16,32,0,1,1,4294967295
tileZeldaForest,816,352,48,192,16,32,0,1,1,4294967295
tileZeldaForest,768,224,48,192,16,64,0,1,1,4294967295
tileZeldaForest,816,224,48,224,16,32,0,1,1,4294967295
tileZeldaForest,816,288,48,224,16,32,0,1,1,4294967295
tileZeldaForest,768,384,48,224,16,32,0,1,1,4294967295
tileZeldaForest,816,160,0,192,16,64,0,1,1,4294967295
tileZeldaForest,768,128,0,192,16,32,0,1,1,4294967295
tileZeldaForest,816,320,0,192,16,32,0,1,1,4294967295
tileZeldaForest,816,384,0,224,16,32,0,1,1,4294967295
tileZeldaForest,768,352,0,224,16,32,0,1,1,4294967295
tileZeldaForest,768,288,0,224,16,32,0,1,1,4294967295
tileZeldaForest,816,256,0,224,16,32,0,1,1,4294967295
tileZeldaForest,1024,256,64,224,32,32,0,1,1,4294967295
tileZeldaForest,1280,64,64,224,32,32,0,1,1,4294967295
tileZeldaForest,544,64,64,224,32,32,0,1,1,4294967295
tileZeldaForest,640,160,64,224,32,32,0,1,1,4294967295
tileZeldaForest,736,64,64,224,32,32,0,1,1,4294967295
tileZeldaForest,640,64,64,192,32,32,0,1,1,4294967295
tileZeldaForest,544,160,64,192,32,32,0,1,1,4294967295
tileZeldaForest,736,160,64,192,32,32,0,1,1,4294967295
tileZeldaForest,576,64,96,224,64,32,0,1,1,4294967295
tileZeldaForest,672,160,96,224,64,32,0,1,1,4294967295
tileZeldaForest,576,160,128,256,64,32,0,1,1,4294967295
tileZeldaForest,672,64,128,256,64,32,0,1,1,4294967295
tileZeldaForest,640,96,160,224,32,64,0,1,1,4294967295
tileZeldaForest,560,96,48,192,16,64,0,1,1,4294967295
tileZeldaForest,736,96,48,224,16,32,0,1,1,4294967295
tileZeldaForest,736,128,48,192,16,32,0,1,1,4294967295
tileZeldaForest,752,96,0,192,16,64,0,1,1,4294967295
tileZeldaForest,544,128,0,192,16,32,0,1,1,4294967295
tileZeldaForest,544,96,0,224,16,32,0,1,1,4294967295
tileZeldaForest,736,384,64,352,32,32,0,1,1,4294967295
tileZeldaForest,640,384,32,352,32,32,0,1,1,4294967295
tileZeldaForest,656,352,0,352,32,32,0,1,1,4294967295
tileZeldaForest,640,352,176,256,16,32,0,1,1,4294967295
tileZeldaForest,688,352,80,336,32,16,0,1,1,4294967295
tileZeldaForest,720,352,160,304,32,32,0,1,1,4294967295
tileZeldaForest,752,352,176,256,16,32,0,1,1,4294967295
tileZeldaForest,707,368,128,384,16,32,0,1,1,4294967295
tileZeldaForest,416,384,96,224,64,32,0,1,1,4294967295
tileZeldaForest,256,224,64,192,32,64,0,1,1,4294967295
tileZeldaForest,288,192,64,192,32,64,0,1,1,4294967295
tileZeldaForest,320,224,64,192,32,64,0,1,1,4294967295
tileZeldaForest,288,256,64,192,32,64,0,1,1,4294967295
tileZeldaForest,352,256,64,192,32,64,0,1,1,4294967295
tileZeldaForest,352,192,64,192,32,64,0,1,1,4294967295
tileZeldaForest,320,160,64,192,32,64,0,1,1,4294967295
tileZeldaForest,384,160,64,192,32,64,0,1,1,4294967295
tileZeldaForest,384,224,64,192,32,64,0,1,1,4294967295
tileZeldaForest,256,160,64,192,32,64,0,1,1,4294967295
tileZeldaForest,288,160,64,224,32,32,0,1,1,4294967295
tileZeldaForest,352,160,64,224,32,32,0,1,1,4294967295
tileZeldaForest,320,288,64,192,32,32,0,1,1,4294967295
tileZeldaForest,384,288,64,192,32,32,0,1,1,4294967295
tileZeldaForest,320,320,96,224,64,32,0,1,1,4294967295
tileZeldaForest,288,320,48,224,16,32,0,1,1,4294967295
tileZeldaForest,304,320,48,192,16,32,0,1,1,4294967295
tileZeldaForest,288,64,160,224,32,32,0,1,1,4294967295
tileZeldaForest,320,64,160,224,32,32,0,1,1,4294967295
tileZeldaForest,352,64,0,192,64,32,0,1,1,4294967295
tileZeldaForest,192,64,16,192,32,32,0,1,1,4294967295
tileZeldaForest,224,64,16,192,32,32,0,1,1,4294967295
tileZeldaForest,256,64,16,192,32,32,0,1,1,4294967295
tileZeldaForest,224,96,64,224,32,32,0,1,1,4294967295
tileZeldaForest,256,96,64,224,32,32,0,1,1,4294967295
tileZeldaForest,224,160,16,192,32,64,0,1,1,4294967295
tileZeldaForest,512,224,16,192,32,64,0,1,1,4294967295
tileZeldaForest,544,224,16,192,32,64,0,1,1,4294967295
tileZeldaForest,576,288,128,256,64,32,0,1,1,4294967295
tileZeldaForest,544,288,160,304,32,32,0,1,1,4294967295
tileZeldaForest,512,384,112,304,32,32,0,1,1,4294967295
tileZeldaForest,496,400,48,320,16,16,0,1,1,4294967295
tileZeldaForest,480,400,16,272,16,16,0,1,1,4294967295
tileZeldaForest,480,384,16,272,32,16,0,1,1,4294967295
tileZeldaForest,480,352,96,224,32,32,0,1,1,4294967295
tileZeldaForest,512,352,144,224,16,32,0,1,1,4294967295
tileZeldaForest,528,352,128,256,32,32,0,1,1,4294967295
tileZeldaForest,544,384,96,352,16,32,0,1,1,4294967295
tileZeldaForest,560,368,48,336,64,16,0,1,1,4294967295
tileZeldaForest,608,384,0,384,16,32,0,1,1,4294967295
tileZeldaForest,624,352,48,192,16,64,0,1,1,4294967295
tileZeldaForest,624,336,80,304,16,16,0,1,1,4294967295
tileZeldaForest,560,352,64,304,16,16,0,1,1,4294967295
tileZeldaForest,624,320,64,304,16,16,0,1,1,4294967295
tileZeldaForest,608,352,64,304,16,16,0,1,1,4294967295
tileZeldaForest,560,336,128,288,64,16,0,1,1,4294967295
tileZeldaForest,592,320,64,304,32,16,0,1,1,4294967295
tileZeldaForest,576,352,128,288,32,16,0,1,1,4294967295
tileZeldaForest,560,320,0,384,16,16,0,1,1,4294967295
tileZeldaForest,576,320,112,288,16,16,0,1,1,4294967295
tileZeldaForest,544,336,80,384,16,16,0,1,1,4294967295
tileZeldaForest,528,336,16,384,16,16,0,1,1,4294967295
tileZeldaForest,512,336,48,384,16,16,0,1,1,4294967295
tileZeldaForest,480,320,128,256,32,32,0,1,1,4294967295
tileZeldaForest,496,288,32,352,32,32,0,1,1,4294967295
tileZeldaForest,528,288,80,336,16,16,0,1,1,4294967295
tileZeldaForest,400,448,48,256,16,64,0,1,1,4294967295
tileZeldaForest,384,448,0,256,16,64,0,1,1,4294967295
tileZeldaForest,192,224,0,256,64,16,0,1,1,4294967295
tileZeldaForest,192,240,0,304,64,16,0,1,1,4294967295
tileZeldaForest,416,224,64,224,96,32,0,1,1,4294967295
tileZeldaForest,480,288,48,224,16,32,0,1,1,4294967295
tileZeldaForest,480,256,64,192,32,32,0,1,1,4294967295
tileZeldaForest,288,448,160,352,32,64,0,1,1,4294967295
tileZeldaForest,290,432,144,384,16,16,0,1,1,4294967295
tileZeldaForest,336,448,64,224,32,32,0,1,1,4294967295
tileZeldaForest,384,416,64,224,32,32,0,1,1,4294967295
tileZeldaForest,352,384,64,224,32,32,0,1,1,4294967295
tileZeldaForest,352,352,160,224,32,32,0,1,1,4294967295
tileZeldaForest,384,320,16,192,32,64,0,1,1,4294967295
tileZeldaForest,384,384,16,208,32,16,0,1,1,4294967295
tileZeldaForest,384,400,16,208,32,16,0,1,1,4294967295
tileZeldaForest,352,416,16,208,32,16,0,1,1,4294967295
tileZeldaForest,352,432,16,208,32,16,0,1,1,4294967295
tileZeldaForest,336,416,0,224,16,32,0,1,1,4294967295
tileZeldaForest,368,448,0,224,16,32,0,1,1,4294967295
tileZeldaForest,368,480,0,224,16,32,0,1,1,4294967295
tileZeldaForest,928,112,0,256,64,64,0,1,1,4294967295
tileZeldaForest,1120,112,0,256,64,64,0,1,1,4294967295
tileZeldaForest,288,128,64,256,128,32,0,1,1,4294967295
tileZeldaForest,32,128,64,256,128,32,0,1,1,4294967295
tileZeldaForest,96,384,64,256,128,32,0,1,1,4294967295
tileZeldaForest,64,256,64,304,48,32,0,1,1,4294967295
tileZeldaForest,112,256,176,256,16,32,0,1,1,4294967295
tileZeldaForest,64,224,64,224,32,32,0,1,1,4294967295
tileZeldaForest,96,224,64,224,32,32,0,1,1,4294967295
tileZeldaForest,32,160,64,224,32,32,0,1,1,4294967295
tileZeldaForest,160,128,64,224,32,32,0,1,1,4294967295
tileZeldaForest,384,96,64,224,32,32,0,1,1,4294967295
tileZeldaForest,160,192,96,224,64,32,0,1,1,4294967295
tileZeldaForest,160,288,96,224,64,32,0,1,1,4294967295
tileZeldaForest,192,352,96,224,64,32,0,1,1,4294967295
tileZeldaForest,288,96,96,224,64,32,0,1,1,4294967295
tileZeldaForest,96,96,96,224,64,32,0,1,1,4294967295
tileZeldaForest,64,96,160,224,32,32,0,1,1,4294967295
tileZeldaForest,32,192,160,224,32,32,0,1,1,4294967295
tileZeldaForest,160,224,160,256,32,32,0,1,1,4294967295
tileZeldaForest,128,352,160,256,32,32,0,1,1,4294967295
tileZeldaForest,224,320,160,304,32,32,0,1,1,4294967295
tileZeldaForest,192,320,48,336,32,16,0,1,1,4294967295
tileZeldaForest,352,96,128,256,32,32,0,1,1,4294967295
tileZeldaForest,192,96,128,256,32,32,0,1,1,4294967295
tileZeldaForest,64,160,128,256,32,32,0,1,1,4294967295
tileZeldaForest,96,192,128,256,32,32,0,1,1,4294967295
tileZeldaForest,160,320,64,192,32,64,0,1,1,4294967295
tileZeldaForest,192,336,80,400,16,16,0,1,1,4294967295
tileZeldaForest,205,328,128,400,16,16,0,1,1,4294967295
tileZeldaForest,64,192,128,256,32,32,0,1,1,4294967295
tileZeldaForest,96,160,128,256,32,32,0,1,1,4294967295
tileZeldaForest,160,96,128,256,32,32,0,1,1,4294967295
tileZeldaForest,928,384,128,256,32,32,0,1,1,4294967295
tileZeldaForest,896,384,128,256,32,32,0,1,1,4294967295
tileZeldaForest,896,320,128,256,32,32,0,1,1,4294967295
tileZeldaForest,896,352,128,256,32,32,0,1,1,4294967295
tileZeldaForest,896,128,128,256,32,32,0,1,1,4294967295
tileZeldaForest,896,160,128,256,32,32,0,1,1,4294967295
tileZeldaForest,896,192,128,256,32,32,0,1,1,4294967295
tileZeldaForest,896,224,128,256,32,32,0,1,1,4294967295
tileZeldaForest,896,256,128,256,32,32,0,1,1,4294967295
tileZeldaForest,896,288,128,256,32,32,0,1,1,4294967295
tileZeldaForest,832,96,128,256,32,32,0,1,1,4294967295
tileZeldaForest,864,96,128,256,32,32,0,1,1,4294967295
tileZeldaForest,896,96,128,256,32,32,0,1,1,4294967295
tileZeldaForest,928,192,64,224,32,32,0,1,1,4294967295
tileZeldaForest,928,224,64,224,32,32,0,1,1,4294967295
tileZeldaForest,928,256,64,224,32,32,0,1,1,4294967295
tileZeldaForest,928,288,64,224,32,32,0,1,1,4294967295
tileZeldaForest,928,320,64,224,32,32,0,1,1,4294967295
tileZeldaForest,928,352,64,224,32,32,0,1,1,4294967295
tileZeldaForest,960,320,64,224,32,32,0,1,1,4294967295
tileZeldaForest,832,64,64,224,32,32,0,1,1,4294967295
tileZeldaForest,864,64,64,224,32,32,0,1,1,4294967295
tileZeldaForest,896,64,64,224,32,32,0,1,1,4294967295
tileZeldaForest,928,64,64,224,32,32,0,1,1,4294967295
tileZeldaForest,928,96,128,288,64,16,0,1,1,4294967295
tileZeldaForest,1024,192,128,288,64,16,0,1,1,4294967295
tileZeldaForest,1024,208,160,288,32,16,0,1,1,4294967295
tileZeldaForest,1056,208,128,288,32,16,0,1,1,4294967295
tileZeldaForest,1216,224,64,256,128,32,0,1,1,4294967295
tileZeldaForest,1248,192,64,256,128,32,0,1,1,4294967295
tileZeldaForest,1184,96,64,256,128,32,0,1,1,4294967295
tileZeldaForest,1024,64,64,256,128,32,0,1,1,4294967295
tileZeldaForest,960,288,64,256,96,32,0,1,1,4294967295
tileZeldaForest,1216,128,96,224,96,32,0,1,1,4294967295
tileZeldaForest,960,64,96,224,64,32,0,1,1,4294967295
tileZeldaForest,960,192,96,224,64,32,0,1,1,4294967295
tileZeldaForest,1120,256,96,224,64,32,0,1,1,4294967295
tileZeldaForest,1088,192,96,224,64,32,0,1,1,4294967295
tileZeldaForest,1088,96,16,208,32,16,0,1,1,4294967295
tileZeldaForest,1088,112,16,208,32,16,0,1,1,4294967295
tileZeldaForest,1088,128,16,208,32,16,0,1,1,4294967295
tileZeldaForest,1088,144,16,208,32,16,0,1,1,4294967295
tileZeldaForest,1088,160,16,208,32,16,0,1,1,4294967295
tileZeldaForest,1088,176,16,208,32,16,0,1,1,4294967295
tileZeldaForest,992,96,16,224,32,16,0,1,1,4294967295
tileZeldaForest,992,112,16,224,32,16,0,1,1,4294967295
tileZeldaForest,992,128,16,224,32,16,0,1,1,4294967295
tileZeldaForest,992,144,16,224,32,16,0,1,1,4294967295
tileZeldaForest,992,160,16,224,32,16,0,1,1,4294967295
tileZeldaForest,992,176,16,224,32,16,0,1,1,4294967295
tileZeldaForest,928,176,128,288,64,16,0,1,1,4294967295
tileZeldaForest,960,224,16,192,32,64,0,1,1,4294967295
tileZeldaForest,1216,160,16,192,32,32,0,1,1,4294967295
tileZeldaForest,1248,160,16,192,32,32,0,1,1,4294967295
tileZeldaForest,1280,160,64,224,32,32,0,1,1,4294967295
tileZeldaForest,1152,64,64,224,32,32,0,1,1,4294967295
tileZeldaForest,1184,128,64,224,32,32,0,1,1,4294967295
tileZeldaForest,1184,224,64,224,32,32,0,1,1,4294967295
tileZeldaForest,1216,256,64,224,32,32,0,1,1,4294967295
tileZeldaForest,1248,256,64,224,32,32,0,1,1,4294967295
tileZeldaForest,1120,224,64,224,32,32,0,1,1,4294967295
tileZeldaForest,1184,160,64,304,32,32,0,1,1,4294967295
tileZeldaForest,1152,192,16,272,32,32,0,1,1,4294967295
tileZeldaForest,1152,224,16,272,32,32,0,1,1,4294967295
tileZeldaForest,1184,256,16,272,32,32,0,1,1,4294967295
tileZeldaForest,1120,176,128,288,64,16,0,1,1,4294967295
tileZeldaForest,1120,96,160,288,32,16,0,1,1,4294967295
tileZeldaForest,1152,96,128,288,32,16,0,1,1,4294967295
tileZeldaForest,1024,640,0,96,32,32,0,1,1,4294967295
tileZeldaForest,1056,640,64,96,32,32,0,1,1,4294967295
tileZeldaForest,896,672,64,32,64,16,0,1,1,4294967295
tileZeldaForest,896,688,64,80,64,16,0,1,1,4294967295
tileZeldaForest,1024,672,0,160,32,32,0,1,1,4294967295
tileZeldaForest,1056,672,64,160,32,32,0,1,1,4294967295
tileZeldaForest,928,640,96,224,64,32,0,1,1,4294967295
tileZeldaForest,992,640,64,192,32,64,0,1,1,4294967295
tileZeldaForest,896,640,128,256,32,32,0,1,1,4294967295
tileZeldaForest,960,672,128,256,32,32,0,1,1,4294967295
tileZeldaForest,1184,528,64,320,32,16,0,1,1,4294967295
tileZeldaForest,512,624,48,320,64,16,0,1,1,4294967295
tileZeldaForest,544,608,16,240,32,16,0,1,1,4294967295
tileZeldaForest,480,608,0,256,64,16,0,1,1,4294967295
tileZeldaForest,480,624,160,288,32,16,0,1,1,4294967295
tileZeldaForest,928,544,160,288,32,16,0,1,1,4294967295
tileZeldaForest,896,512,128,288,32,16,0,1,1,4294967295
tileZeldaForest,928,560,128,288,32,16,0,1,1,4294967295
tileZeldaForest,160,256,96,256,96,32,0,1,1,4294967295
tileZeldaForest,128,192,32,32,32,64,0,1,1,4294967295
tileZeldaForest,128,256,32,32,32,64,0,1,1,4294967295
