tileCastlevaniaD,0,1440,0,0,32,96,0,1,1,4294967295
tileCastlevaniaD,0,1392,48,64,32,16,0,1,1,4294967295
tileCastlevaniaD,32,1392,64,32,16,16,0,1,1,4294967295
tileCastlevaniaD,32,1376,64,32,16,16,0,1,1,4294967295
tileCastlevaniaD,32,1360,64,32,16,16,0,1,1,4294967295
tileCastlevaniaD,32,1440,0,0,48,96,0,1,1,4294967295
tileCastlevaniaD,112,1440,0,0,48,96,0,1,1,4294967295
tileCastlevaniaD,80,1440,0,0,32,96,0,1,1,4294967295
tileCastlevaniaD,160,1440,0,0,32,96,0,1,1,4294967295
tileCastlevaniaD,192,1408,0,96,32,64,0,1,1,4294967295
tileCastlevaniaD,224,1392,16,96,16,64,0,1,1,4294967295
tileCastlevaniaD,240,1376,16,96,16,64,0,1,1,4294967295
tileCastlevaniaD,256,1360,16,96,16,64,0,1,1,4294967295
tileCastlevaniaD,272,1344,16,96,16,64,0,1,1,4294967295
tileCastlevaniaD,288,1328,16,96,16,64,0,1,1,4294967295
tileCastlevaniaD,304,1312,16,96,16,64,0,1,1,4294967295
tileCastlevaniaD,320,1296,16,96,16,64,0,1,1,4294967295
tileCastlevaniaD,336,1280,16,96,16,64,0,1,1,4294967295
tileCastlevaniaD,352,1264,16,96,16,64,0,1,1,4294967295
tileCastlevaniaD,368,1248,16,96,16,64,0,1,1,4294967295
tileCastlevaniaD,384,1232,16,96,16,64,0,1,1,4294967295
tileCastlevaniaD,400,1216,16,96,16,64,0,1,1,4294967295
tileCastlevaniaD,416,1200,16,96,16,64,0,1,1,4294967295
tileCastlevaniaD,432,1184,16,96,16,64,0,1,1,4294967295
tileCastlevaniaD,448,1168,16,96,16,64,0,1,1,4294967295
tileCastlevaniaD,464,1152,16,96,16,64,0,1,1,4294967295
tileCastlevaniaD,480,1136,16,96,16,64,0,1,1,4294967295
tileCastlevaniaD,496,1120,16,96,16,64,0,1,1,4294967295
tileCastlevaniaD,512,1104,16,96,16,64,0,1,1,4294967295
tileCastlevaniaD,528,1088,16,96,32,64,0,1,1,4294967295
tileCastlevaniaD,576,1088,0,0,32,96,0,1,1,4294967295
tileCastlevaniaD,560,1088,32,0,16,96,0,1,1,4294967295
tileCastlevaniaD,608,1088,0,0,48,96,0,1,1,4294967295
tileCastlevaniaD,656,1056,0,96,32,64,0,1,1,4294967295
tileCastlevaniaD,688,1040,16,96,16,64,0,1,1,4294967295
tileCastlevaniaD,704,1024,16,96,16,64,0,1,1,4294967295
tileCastlevaniaD,720,1008,16,96,16,64,0,1,1,4294967295
tileCastlevaniaD,736,992,16,96,16,64,0,1,1,4294967295
tileCastlevaniaD,752,976,16,96,16,64,0,1,1,4294967295
tileCastlevaniaD,768,960,16,96,16,64,0,1,1,4294967295
tileCastlevaniaD,784,944,16,96,16,64,0,1,1,4294967295
tileCastlevaniaD,800,928,16,96,16,64,0,1,1,4294967295
tileCastlevaniaD,816,912,16,96,16,64,0,1,1,4294967295
tileCastlevaniaD,832,896,16,96,16,64,0,1,1,4294967295
tileCastlevaniaD,848,880,16,96,16,64,0,1,1,4294967295
tileCastlevaniaD,864,864,16,96,16,64,0,1,1,4294967295
tileCastlevaniaD,880,848,16,96,16,64,0,1,1,4294967295
tileCastlevaniaD,896,832,16,96,16,64,0,1,1,4294967295
tileCastlevaniaD,912,816,16,96,16,64,0,1,1,4294967295
tileCastlevaniaD,928,800,16,96,16,64,0,1,1,4294967295
tileCastlevaniaD,944,784,16,96,16,64,0,1,1,4294967295
tileCastlevaniaD,960,768,16,96,16,64,0,1,1,4294967295
tileCastlevaniaD,976,752,16,96,16,64,0,1,1,4294967295
tileCastlevaniaD,992,736,16,96,16,64,0,1,1,4294967295
tileCastlevaniaD,1008,720,16,96,16,64,0,1,1,4294967295
tileCastlevaniaD,1024,704,16,96,32,64,0,1,1,4294967295
tileCastlevaniaD,208,1472,32,144,16,16,0,1,1,4294967295
tileCastlevaniaD,656,1120,32,32,16,32,0,1,1,4294967295
tileCastlevaniaD,192,1472,32,32,16,32,0,1,1,4294967295
tileCastlevaniaD,224,1456,32,144,16,16,0,1,1,4294967295
tileCastlevaniaD,240,1440,32,144,16,16,0,1,1,4294967295
tileCastlevaniaD,256,1424,32,144,16,16,0,1,1,4294967295
tileCastlevaniaD,272,1408,32,144,16,16,0,1,1,4294967295
tileCastlevaniaD,288,1392,32,144,16,16,0,1,1,4294967295
tileCastlevaniaD,304,1376,32,144,16,16,0,1,1,4294967295
tileCastlevaniaD,320,1360,32,144,16,16,0,1,1,4294967295
tileCastlevaniaD,336,1344,32,144,16,16,0,1,1,4294967295
tileCastlevaniaD,352,1328,32,144,16,16,0,1,1,4294967295
tileCastlevaniaD,368,1312,32,144,16,16,0,1,1,4294967295
tileCastlevaniaD,384,1296,32,144,16,16,0,1,1,4294967295
tileCastlevaniaD,400,1280,32,144,16,16,0,1,1,4294967295
tileCastlevaniaD,416,1264,32,144,16,16,0,1,1,4294967295
tileCastlevaniaD,432,1248,32,144,16,16,0,1,1,4294967295
tileCastlevaniaD,448,1232,32,144,16,16,0,1,1,4294967295
tileCastlevaniaD,464,1216,32,144,16,16,0,1,1,4294967295
tileCastlevaniaD,480,1200,32,144,16,16,0,1,1,4294967295
tileCastlevaniaD,496,1184,32,144,16,16,0,1,1,4294967295
tileCastlevaniaD,512,1168,32,144,16,16,0,1,1,4294967295
tileCastlevaniaD,528,1152,32,144,16,16,0,1,1,4294967295
tileCastlevaniaD,1024,768,32,144,16,16,0,1,1,4294967295
tileCastlevaniaD,1008,784,32,144,16,16,0,1,1,4294967295
tileCastlevaniaD,992,800,32,144,16,16,0,1,1,4294967295
tileCastlevaniaD,976,816,32,144,16,16,0,1,1,4294967295
tileCastlevaniaD,960,832,32,144,16,16,0,1,1,4294967295
tileCastlevaniaD,944,848,32,144,16,16,0,1,1,4294967295
tileCastlevaniaD,928,864,32,144,16,16,0,1,1,4294967295
tileCastlevaniaD,912,880,32,144,16,16,0,1,1,4294967295
tileCastlevaniaD,896,896,32,144,16,16,0,1,1,4294967295
tileCastlevaniaD,880,912,32,144,16,16,0,1,1,4294967295
tileCastlevaniaD,864,928,32,144,16,16,0,1,1,4294967295
tileCastlevaniaD,848,944,32,144,16,16,0,1,1,4294967295
tileCastlevaniaD,672,1120,32,144,16,16,0,1,1,4294967295
tileCastlevaniaD,688,1104,32,144,16,16,0,1,1,4294967295
tileCastlevaniaD,704,1088,32,144,16,16,0,1,1,4294967295
tileCastlevaniaD,720,1072,32,144,16,16,0,1,1,4294967295
tileCastlevaniaD,736,1056,32,144,16,16,0,1,1,4294967295
tileCastlevaniaD,752,1040,32,144,16,16,0,1,1,4294967295
tileCastlevaniaD,768,1024,32,144,16,16,0,1,1,4294967295
tileCastlevaniaD,784,1008,32,144,16,16,0,1,1,4294967295
tileCastlevaniaD,800,992,32,144,16,16,0,1,1,4294967295
tileCastlevaniaD,816,976,32,144,16,16,0,1,1,4294967295
tileCastlevaniaD,832,960,32,144,16,16,0,1,1,4294967295
tileCastlevaniaD,32,1344,64,32,16,16,0,1,1,4294967295
tileCastlevaniaD,32,1328,48,64,32,16,0,1,1,4294967295
tileCastlevaniaD,64,1328,48,64,32,16,0,1,1,4294967295
tileCastlevaniaD,96,1328,64,32,16,16,0,1,1,4294967295
tileCastlevaniaD,96,1312,64,32,16,16,0,1,1,4294967295
tileCastlevaniaD,96,1296,64,32,16,16,0,1,1,4294967295
tileCastlevaniaD,96,1280,64,32,16,16,0,1,1,4294967295
tileCastlevaniaD,96,1264,64,32,16,16,0,1,1,4294967295
tileCastlevaniaD,96,1248,64,32,16,16,0,1,1,4294967295
tileCastlevaniaD,96,1232,64,32,16,16,0,1,1,4294967295
tileCastlevaniaD,96,1216,64,32,16,16,0,1,1,4294967295
tileCastlevaniaD,96,1200,48,64,32,16,0,1,1,4294967295
tileCastlevaniaD,128,1200,48,64,32,16,0,1,1,4294967295
tileCastlevaniaD,160,1200,64,32,16,16,0,1,1,4294967295
tileCastlevaniaD,160,1184,64,32,16,16,0,1,1,4294967295
tileCastlevaniaD,160,1168,64,32,16,16,0,1,1,4294967295
tileCastlevaniaD,160,1152,64,32,16,16,0,1,1,4294967295
tileCastlevaniaD,160,1136,64,32,16,16,0,1,1,4294967295
tileCastlevaniaD,160,1120,64,32,16,16,0,1,1,4294967295
tileCastlevaniaD,160,1104,64,32,16,16,0,1,1,4294967295
tileCastlevaniaD,160,1088,64,32,16,16,0,1,1,4294967295
tileCastlevaniaD,160,1072,48,64,32,16,0,1,1,4294967295
tileCastlevaniaD,192,1072,48,64,32,16,0,1,1,4294967295
tileCastlevaniaD,224,1072,64,32,16,16,0,1,1,4294967295
tileCastlevaniaD,224,1056,64,32,16,16,0,1,1,4294967295
tileCastlevaniaD,224,1040,64,32,16,16,0,1,1,4294967295
tileCastlevaniaD,224,1024,64,32,16,16,0,1,1,4294967295
tileCastlevaniaD,32,944,48,48,32,16,0,1,1,4294967295
tileCastlevaniaD,64,944,48,48,32,16,0,1,1,4294967295
tileCastlevaniaD,96,912,48,48,32,16,0,1,1,4294967295
tileCastlevaniaD,128,944,48,48,32,16,0,1,1,4294967295
tileCastlevaniaD,160,944,48,48,32,16,0,1,1,4294967295
tileCastlevaniaD,192,944,48,48,32,16,0,1,1,4294967295
tileCastlevaniaD,224,944,48,48,32,16,0,1,1,4294967295
tileCastlevaniaD,288,944,96,112,48,16,0,1,1,4294967295
tileCastlevaniaD,256,944,48,48,32,16,0,1,1,4294967295
tileCastlevaniaD,240,960,80,0,32,32,0,1,1,4294967295
tileCastlevaniaD,176,1088,80,0,32,32,0,1,1,4294967295
tileCastlevaniaD,112,1216,80,0,32,32,0,1,1,4294967295
tileCastlevaniaD,48,1344,80,0,32,32,0,1,1,4294967295
tileCastlevaniaD,128,1040,0,64,96,32,0,1,1,4294967295
tileCastlevaniaD,32,1040,0,64,96,32,0,1,1,4294967295
tileCastlevaniaD,64,1072,0,64,96,32,0,1,1,4294967295
tileCastlevaniaD,0,1104,0,64,96,32,0,1,1,4294967295
tileCastlevaniaD,64,1136,0,64,96,32,0,1,1,4294967295
tileCastlevaniaD,0,1168,0,64,96,32,0,1,1,4294967295
tileCastlevaniaD,0,1232,0,64,96,32,0,1,1,4294967295
tileCastlevaniaD,0,1296,0,64,96,32,0,1,1,4294967295
tileCastlevaniaD,0,1360,48,64,32,32,0,1,1,4294967295
tileCastlevaniaD,0,1328,48,64,32,32,0,1,1,4294967295
tileCastlevaniaD,0,1024,48,64,48,16,0,1,1,4294967295
tileCastlevaniaD,48,1024,48,64,48,16,0,1,1,4294967295
tileCastlevaniaD,96,1024,48,64,48,16,0,1,1,4294967295
tileCastlevaniaD,144,1024,48,64,48,16,0,1,1,4294967295
tileCastlevaniaD,192,1024,48,80,32,16,0,1,1,4294967295
tileCastlevaniaD,0,1200,48,64,48,32,0,1,1,4294967295
tileCastlevaniaD,0,1264,48,64,48,32,0,1,1,4294967295
tileCastlevaniaD,16,1136,48,64,48,32,0,1,1,4294967295
tileCastlevaniaD,0,1136,32,64,16,32,0,1,1,4294967295
tileCastlevaniaD,48,1200,0,64,48,32,0,1,1,4294967295
tileCastlevaniaD,48,1264,0,64,48,32,0,1,1,4294967295
tileCastlevaniaD,96,1168,32,64,64,32,0,1,1,4294967295
tileCastlevaniaD,96,1104,32,64,64,32,0,1,1,4294967295
tileCastlevaniaD,0,1072,32,64,64,32,0,1,1,4294967295
tileCastlevaniaD,0,1040,48,64,32,32,0,1,1,4294967295
tileCastlevaniaD,224,976,64,32,16,16,0,1,1,4294967295
tileCastlevaniaD,224,960,64,32,16,16,0,1,1,4294967295
tileCastlevaniaD,32,928,64,32,16,16,0,1,1,4294967295
tileCastlevaniaD,32,912,64,32,16,16,0,1,1,4294967295
tileCastlevaniaD,32,896,64,32,16,16,0,1,1,4294967295
tileCastlevaniaD,32,880,64,32,16,16,0,1,1,4294967295
tileCastlevaniaD,0,928,32,64,16,32,0,1,1,4294967295
tileCastlevaniaD,16,928,32,64,16,32,0,1,1,4294967295
tileCastlevaniaD,0,864,32,64,16,32,0,1,1,4294967295
tileCastlevaniaD,16,864,32,64,16,32,0,1,1,4294967295
tileCastlevaniaD,32,864,64,32,16,16,0,1,1,4294967295
tileCastlevaniaD,0,896,48,80,32,16,0,1,1,4294967295
tileCastlevaniaD,0,912,48,80,32,16,0,1,1,4294967295
tileCastlevaniaD,208,1488,0,64,32,32,0,1,1,4294967295
tileCastlevaniaD,240,1456,0,64,32,32,0,1,1,4294967295
tileCastlevaniaD,272,1424,0,64,32,32,0,1,1,4294967295
tileCastlevaniaD,304,1392,0,64,32,32,0,1,1,4294967295
tileCastlevaniaD,336,1360,0,64,32,32,0,1,1,4294967295
tileCastlevaniaD,368,1328,0,64,32,32,0,1,1,4294967295
tileCastlevaniaD,400,1296,0,64,32,32,0,1,1,4294967295
tileCastlevaniaD,432,1264,0,64,32,32,0,1,1,4294967295
tileCastlevaniaD,464,1232,0,64,32,32,0,1,1,4294967295
tileCastlevaniaD,496,1200,0,64,32,32,0,1,1,4294967295
tileCastlevaniaD,528,1168,0,64,32,32,0,1,1,4294967295
tileCastlevaniaD,192,1504,48,64,16,16,0,1,1,4294967295
tileCastlevaniaD,224,1472,48,64,16,16,0,1,1,4294967295
tileCastlevaniaD,544,1152,48,64,16,16,0,1,1,4294967295
tileCastlevaniaD,512,1184,48,64,16,16,0,1,1,4294967295
tileCastlevaniaD,480,1216,48,64,16,16,0,1,1,4294967295
tileCastlevaniaD,448,1248,48,64,16,16,0,1,1,4294967295
tileCastlevaniaD,416,1280,48,64,16,16,0,1,1,4294967295
tileCastlevaniaD,384,1312,48,64,16,16,0,1,1,4294967295
tileCastlevaniaD,352,1344,48,64,16,16,0,1,1,4294967295
tileCastlevaniaD,320,1376,48,64,16,16,0,1,1,4294967295
tileCastlevaniaD,288,1408,48,64,16,16,0,1,1,4294967295
tileCastlevaniaD,256,1440,48,64,16,16,0,1,1,4294967295
tileCastlevaniaD,192,1520,48,80,32,16,0,1,1,4294967295
tileCastlevaniaD,224,1520,48,80,32,16,0,1,1,4294967295
tileCastlevaniaD,672,1136,0,64,32,32,0,1,1,4294967295
tileCastlevaniaD,704,1104,0,64,32,32,0,1,1,4294967295
tileCastlevaniaD,736,1072,0,64,32,32,0,1,1,4294967295
tileCastlevaniaD,768,1040,0,64,32,32,0,1,1,4294967295
tileCastlevaniaD,800,1008,0,64,32,32,0,1,1,4294967295
tileCastlevaniaD,832,976,0,64,32,32,0,1,1,4294967295
tileCastlevaniaD,864,944,0,64,32,32,0,1,1,4294967295
tileCastlevaniaD,896,912,0,64,32,32,0,1,1,4294967295
tileCastlevaniaD,928,880,0,64,32,32,0,1,1,4294967295
tileCastlevaniaD,960,848,0,64,32,32,0,1,1,4294967295
tileCastlevaniaD,992,816,0,64,32,32,0,1,1,4294967295
tileCastlevaniaD,1024,784,0,64,32,32,0,1,1,4294967295
tileCastlevaniaD,656,1152,80,64,16,32,0,1,1,4294967295
tileCastlevaniaD,688,1120,80,64,16,16,0,1,1,4294967295
tileCastlevaniaD,720,1088,80,64,16,16,0,1,1,4294967295
tileCastlevaniaD,752,1056,80,64,16,16,0,1,1,4294967295
tileCastlevaniaD,784,1024,80,64,16,16,0,1,1,4294967295
tileCastlevaniaD,816,992,80,64,16,16,0,1,1,4294967295
tileCastlevaniaD,848,960,80,64,16,16,0,1,1,4294967295
tileCastlevaniaD,880,928,80,64,16,16,0,1,1,4294967295
tileCastlevaniaD,912,896,80,64,16,16,0,1,1,4294967295
tileCastlevaniaD,944,864,80,64,16,16,0,1,1,4294967295
tileCastlevaniaD,976,832,80,64,16,16,0,1,1,4294967295
tileCastlevaniaD,1008,800,80,64,16,16,0,1,1,4294967295
tileCastlevaniaD,1040,768,80,64,16,16,0,1,1,4294967295
tileCastlevaniaD,1056,704,0,0,32,64,0,1,1,4294967295
tileCastlevaniaD,1088,704,0,0,32,64,0,1,1,4294967295
tileCastlevaniaD,1120,672,0,96,48,64,0,1,1,4294967295
tileCastlevaniaD,1184,640,0,96,48,64,0,1,1,4294967295
tileCastlevaniaD,1248,608,0,96,48,64,0,1,1,4294967295
tileCastlevaniaD,1312,576,0,96,48,64,0,1,1,4294967295
tileCastlevaniaD,1376,544,0,96,48,64,0,1,1,4294967295
tileCastlevaniaD,1440,512,0,96,48,64,0,1,1,4294967295
tileCastlevaniaD,1168,672,32,0,16,64,0,1,1,4294967295
tileCastlevaniaD,1232,640,32,0,16,64,0,1,1,4294967295
tileCastlevaniaD,1296,608,32,0,16,64,0,1,1,4294967295
tileCastlevaniaD,1360,576,32,0,16,64,0,1,1,4294967295
tileCastlevaniaD,1424,544,32,0,16,64,0,1,1,4294967295
tileCastlevaniaD,1136,736,32,144,16,16,0,1,1,4294967295
tileCastlevaniaD,1120,736,32,32,16,32,0,1,1,4294967295
tileCastlevaniaD,1184,704,32,32,16,32,0,1,1,4294967295
tileCastlevaniaD,1248,672,32,32,16,32,0,1,1,4294967295
tileCastlevaniaD,1312,640,32,32,16,32,0,1,1,4294967295
tileCastlevaniaD,1376,608,32,32,16,32,0,1,1,4294967295
tileCastlevaniaD,1440,576,32,32,16,32,0,1,1,4294967295
tileCastlevaniaD,1200,704,32,144,16,16,0,1,1,4294967295
tileCastlevaniaD,1264,672,32,144,16,16,0,1,1,4294967295
tileCastlevaniaD,1328,640,32,144,16,16,0,1,1,4294967295
tileCastlevaniaD,1392,608,32,144,16,16,0,1,1,4294967295
tileCastlevaniaD,1456,576,32,144,16,16,0,1,1,4294967295
tileCastlevaniaD,0,992,0,64,32,32,0,1,1,4294967295
tileCastlevaniaD,224,992,64,32,16,16,0,1,1,4294967295
tileCastlevaniaD,224,1008,64,32,16,16,0,1,1,4294967295
tileCastlevaniaD,32,992,0,64,96,32,0,1,1,4294967295
tileCastlevaniaD,128,992,0,64,96,32,0,1,1,4294967295
tileCastlevaniaD,1488,512,0,0,32,64,0,1,1,4294967295
tileCastlevaniaD,1520,512,0,0,32,64,0,1,1,4294967295
tileCastlevaniaD,1552,480,0,96,32,64,0,1,1,4294967295
tileCastlevaniaD,1584,464,16,96,16,64,0,1,1,4294967295
tileCastlevaniaD,1600,448,16,96,16,64,0,1,1,4294967295
tileCastlevaniaD,1616,432,16,96,16,64,0,1,1,4294967295
tileCastlevaniaD,1632,416,16,96,16,64,0,1,1,4294967295
tileCastlevaniaD,1648,400,16,96,16,64,0,1,1,4294967295
tileCastlevaniaD,1664,384,16,96,16,64,0,1,1,4294967295
tileCastlevaniaD,1680,368,16,96,16,64,0,1,1,4294967295
tileCastlevaniaD,1696,352,16,96,16,64,0,1,1,4294967295
tileCastlevaniaD,1712,336,16,96,16,64,0,1,1,4294967295
tileCastlevaniaD,1728,320,16,96,16,64,0,1,1,4294967295
tileCastlevaniaD,1744,304,16,96,16,64,0,1,1,4294967295
tileCastlevaniaD,1760,288,16,96,16,64,0,1,1,4294967295
tileCastlevaniaD,1776,272,16,96,16,64,0,1,1,4294967295
tileCastlevaniaD,1792,256,16,96,32,64,0,1,1,4294967295
tileCastlevaniaD,1824,256,0,0,48,64,0,1,1,4294967295
tileCastlevaniaD,1872,256,0,0,48,64,0,1,1,4294967295
tileCastlevaniaD,1920,256,0,0,32,64,0,1,1,4294967295
tileCastlevaniaD,1952,256,0,0,32,64,0,1,1,4294967295
tileCastlevaniaD,1936,208,48,64,48,16,0,1,1,4294967295
tileCastlevaniaD,1920,208,48,32,16,16,0,1,1,4294967295
tileCastlevaniaD,1920,192,48,32,16,16,0,1,1,4294967295
tileCastlevaniaD,1920,176,48,32,16,16,0,1,1,4294967295
tileCastlevaniaD,1920,160,48,32,16,16,0,1,1,4294967295
tileCastlevaniaD,1920,144,48,32,16,16,0,1,1,4294967295
tileCastlevaniaD,1920,128,48,32,16,16,0,1,1,4294967295
tileCastlevaniaD,1904,112,48,64,32,16,0,1,1,4294967295
tileCastlevaniaD,1872,112,48,64,32,16,0,1,1,4294967295
tileCastlevaniaD,1840,112,48,64,32,16,0,1,1,4294967295
tileCastlevaniaD,1808,112,48,64,32,16,0,1,1,4294967295
tileCastlevaniaD,1552,544,32,32,16,32,0,1,1,4294967295
tileCastlevaniaD,1568,544,32,144,16,16,0,1,1,4294967295
tileCastlevaniaD,1584,528,32,144,16,16,0,1,1,4294967295
tileCastlevaniaD,1600,512,32,144,16,16,0,1,1,4294967295
tileCastlevaniaD,1616,496,32,144,16,16,0,1,1,4294967295
tileCastlevaniaD,1632,480,32,144,16,16,0,1,1,4294967295
tileCastlevaniaD,1648,464,32,144,16,16,0,1,1,4294967295
tileCastlevaniaD,1664,448,32,144,16,16,0,1,1,4294967295
tileCastlevaniaD,1680,432,32,144,16,16,0,1,1,4294967295
tileCastlevaniaD,1792,320,32,144,16,16,0,1,1,4294967295
tileCastlevaniaD,1776,336,32,144,16,16,0,1,1,4294967295
tileCastlevaniaD,1760,352,32,144,16,16,0,1,1,4294967295
tileCastlevaniaD,1744,368,32,144,16,16,0,1,1,4294967295
tileCastlevaniaD,1728,384,32,144,16,16,0,1,1,4294967295
tileCastlevaniaD,1712,400,32,144,16,16,0,1,1,4294967295
tileCastlevaniaD,1696,416,32,144,16,16,0,1,1,4294967295
tileCastlevaniaD,1808,320,0,64,32,32,0,1,1,4294967295
tileCastlevaniaD,1776,352,0,64,32,32,0,1,1,4294967295
tileCastlevaniaD,1744,384,0,64,32,32,0,1,1,4294967295
tileCastlevaniaD,1712,416,0,64,32,32,0,1,1,4294967295
tileCastlevaniaD,1680,448,0,64,32,32,0,1,1,4294967295
tileCastlevaniaD,1648,480,0,64,32,32,0,1,1,4294967295
tileCastlevaniaD,1616,512,0,64,32,32,0,1,1,4294967295
tileCastlevaniaD,1584,544,0,64,32,32,0,1,1,4294967295
tileCastlevaniaD,1792,336,48,64,16,16,0,1,1,4294967295
tileCastlevaniaD,1760,368,48,64,16,16,0,1,1,4294967295
tileCastlevaniaD,1728,400,48,64,16,16,0,1,1,4294967295
tileCastlevaniaD,1696,432,48,64,16,16,0,1,1,4294967295
tileCastlevaniaD,1664,464,48,64,16,16,0,1,1,4294967295
tileCastlevaniaD,1632,496,48,64,16,16,0,1,1,4294967295
tileCastlevaniaD,1600,528,48,64,16,16,0,1,1,4294967295
tileCastlevaniaD,1568,560,48,64,16,16,0,1,1,4294967295
tileCastlevaniaD,560,1184,0,64,96,32,0,1,1,4294967295
tileCastlevaniaD,528,1216,0,64,96,32,0,1,1,4294967295
tileCastlevaniaD,496,1248,0,64,96,32,0,1,1,4294967295
tileCastlevaniaD,464,1280,0,64,96,32,0,1,1,4294967295
tileCastlevaniaD,432,1312,0,64,96,32,0,1,1,4294967295
tileCastlevaniaD,400,1344,0,64,96,32,0,1,1,4294967295
tileCastlevaniaD,368,1376,0,64,96,32,0,1,1,4294967295
tileCastlevaniaD,336,1408,0,64,96,32,0,1,1,4294967295
tileCastlevaniaD,304,1440,0,64,96,32,0,1,1,4294967295
tileCastlevaniaD,272,1472,0,64,96,32,0,1,1,4294967295
tileCastlevaniaD,256,1504,0,64,96,32,0,1,1,4294967295
tileCastlevaniaD,240,1504,64,64,16,16,0,1,1,4294967295
tileCastlevaniaD,240,1488,48,80,32,16,0,1,1,4294967295
tileCastlevaniaD,304,1424,48,80,32,16,0,1,1,4294967295
tileCastlevaniaD,368,1360,48,80,32,16,0,1,1,4294967295
tileCastlevaniaD,432,1296,48,80,32,16,0,1,1,4294967295
tileCastlevaniaD,496,1232,48,80,32,16,0,1,1,4294967295
tileCastlevaniaD,528,1200,48,64,32,16,0,1,1,4294967295
tileCastlevaniaD,464,1264,48,64,32,16,0,1,1,4294967295
tileCastlevaniaD,400,1328,48,64,32,16,0,1,1,4294967295
tileCastlevaniaD,336,1392,48,64,32,16,0,1,1,4294967295
tileCastlevaniaD,272,1456,48,64,32,16,0,1,1,4294967295
tileCastlevaniaD,704,1136,0,64,96,32,0,1,1,4294967295
tileCastlevaniaD,736,1104,0,64,96,32,0,1,1,4294967295
tileCastlevaniaD,768,1072,0,64,96,32,0,1,1,4294967295
tileCastlevaniaD,1056,768,0,64,96,32,0,1,1,4294967295
tileCastlevaniaD,800,1040,0,64,96,32,0,1,1,4294967295
tileCastlevaniaD,832,1008,0,64,96,32,0,1,1,4294967295
tileCastlevaniaD,864,976,0,64,96,32,0,1,1,4294967295
tileCastlevaniaD,896,944,0,64,96,32,0,1,1,4294967295
tileCastlevaniaD,928,912,0,64,96,32,0,1,1,4294967295
tileCastlevaniaD,960,880,0,64,96,32,0,1,1,4294967295
tileCastlevaniaD,992,848,0,64,96,32,0,1,1,4294967295
tileCastlevaniaD,1024,816,0,64,96,32,0,1,1,4294967295
tileCastlevaniaD,1056,800,48,64,48,16,0,1,1,4294967295
tileCastlevaniaD,1104,800,48,64,48,16,0,1,1,4294967295
tileCastlevaniaD,688,1168,0,64,96,32,0,1,1,4294967295
tileCastlevaniaD,656,1200,0,64,96,32,0,1,1,4294967295
tileCastlevaniaD,624,1232,0,64,96,32,0,1,1,4294967295
tileCastlevaniaD,624,1216,48,80,32,16,0,1,1,4294967295
tileCastlevaniaD,656,1184,48,80,32,16,0,1,1,4294967295
tileCastlevaniaD,672,1168,48,64,16,16,0,1,1,4294967295
tileCastlevaniaD,592,1264,0,64,96,32,0,1,1,4294967295
tileCastlevaniaD,560,1296,0,64,96,32,0,1,1,4294967295
tileCastlevaniaD,528,1328,0,64,96,32,0,1,1,4294967295
tileCastlevaniaD,496,1360,0,64,96,32,0,1,1,4294967295
tileCastlevaniaD,464,1392,0,64,96,32,0,1,1,4294967295
tileCastlevaniaD,432,1424,0,64,96,32,0,1,1,4294967295
tileCastlevaniaD,400,1456,0,64,96,32,0,1,1,4294967295
tileCastlevaniaD,368,1488,0,64,96,32,0,1,1,4294967295
tileCastlevaniaD,592,1248,48,64,32,16,0,1,1,4294967295
tileCastlevaniaD,560,1280,48,64,32,16,0,1,1,4294967295
tileCastlevaniaD,528,1312,48,64,32,16,0,1,1,4294967295
tileCastlevaniaD,496,1344,48,64,32,16,0,1,1,4294967295
tileCastlevaniaD,464,1376,48,64,32,16,0,1,1,4294967295
tileCastlevaniaD,432,1408,48,64,32,16,0,1,1,4294967295
tileCastlevaniaD,400,1440,48,64,32,16,0,1,1,4294967295
tileCastlevaniaD,368,1472,48,64,32,16,0,1,1,4294967295
tileCastlevaniaD,352,1504,32,64,16,32,0,1,1,4294967295
tileCastlevaniaD,368,1520,48,64,48,16,0,1,1,4294967295
tileCastlevaniaD,416,1520,48,64,48,16,0,1,1,4294967295
tileCastlevaniaD,1840,320,0,64,96,32,0,1,1,4294967295
tileCastlevaniaD,1808,352,0,64,96,32,0,1,1,4294967295
tileCastlevaniaD,1776,384,0,64,96,32,0,1,1,4294967295
tileCastlevaniaD,1744,416,0,64,96,32,0,1,1,4294967295
tileCastlevaniaD,1712,448,0,64,96,32,0,1,1,4294967295
tileCastlevaniaD,1680,480,0,64,96,32,0,1,1,4294967295
tileCastlevaniaD,1648,512,0,64,96,32,0,1,1,4294967295
tileCastlevaniaD,1616,544,0,64,96,32,0,1,1,4294967295
tileCastlevaniaD,1712,544,0,64,96,32,0,1,1,4294967295
tileCastlevaniaD,1744,512,0,64,96,32,0,1,1,4294967295
tileCastlevaniaD,1776,480,0,64,96,32,0,1,1,4294967295
tileCastlevaniaD,1808,448,0,64,96,32,0,1,1,4294967295
tileCastlevaniaD,1840,416,0,64,96,32,0,1,1,4294967295
tileCastlevaniaD,1872,384,0,64,96,32,0,1,1,4294967295
tileCastlevaniaD,1904,352,0,64,80,32,0,1,1,4294967295
tileCastlevaniaD,1936,320,0,64,48,32,0,1,1,4294967295
tileCastlevaniaD,1936,416,0,64,48,32,0,1,1,4294967295
tileCastlevaniaD,1872,480,0,64,96,32,0,1,1,4294967295
tileCastlevaniaD,1840,512,0,64,96,32,0,1,1,4294967295
tileCastlevaniaD,1808,544,0,64,96,32,0,1,1,4294967295
tileCastlevaniaD,1904,544,0,64,80,32,0,1,1,4294967295
tileCastlevaniaD,1904,448,0,64,80,32,0,1,1,4294967295
tileCastlevaniaD,1968,384,32,64,16,32,0,1,1,4294967295
tileCastlevaniaD,1936,512,48,64,48,32,0,1,1,4294967295
tileCastlevaniaD,1968,480,32,64,16,32,0,1,1,4294967295
tileCastlevaniaD,1472,576,0,64,96,32,0,1,1,4294967295
tileCastlevaniaD,1408,608,0,64,96,32,0,1,1,4294967295
tileCastlevaniaD,1344,640,0,64,96,32,0,1,1,4294967295
tileCastlevaniaD,1280,672,0,64,96,32,0,1,1,4294967295
tileCastlevaniaD,1216,704,0,64,96,32,0,1,1,4294967295
tileCastlevaniaD,1152,736,0,64,96,32,0,1,1,4294967295
tileCastlevaniaD,1248,736,0,64,96,32,0,1,1,4294967295
tileCastlevaniaD,1312,704,0,64,96,32,0,1,1,4294967295
tileCastlevaniaD,1376,672,0,64,96,32,0,1,1,4294967295
tileCastlevaniaD,1440,640,0,64,96,32,0,1,1,4294967295
tileCastlevaniaD,1504,608,0,64,96,32,0,1,1,4294967295
tileCastlevaniaD,1568,576,0,64,96,32,0,1,1,4294967295
tileCastlevaniaD,1664,576,0,64,96,32,0,1,1,4294967295
tileCastlevaniaD,1600,608,0,64,96,32,0,1,1,4294967295
tileCastlevaniaD,1536,640,0,64,96,32,0,1,1,4294967295
tileCastlevaniaD,1472,672,0,64,96,32,0,1,1,4294967295
tileCastlevaniaD,1408,704,0,64,96,32,0,1,1,4294967295
tileCastlevaniaD,1344,736,0,64,96,32,0,1,1,4294967295
tileCastlevaniaD,1200,768,0,64,96,32,0,1,1,4294967295
tileCastlevaniaD,1296,768,0,64,96,32,0,1,1,4294967295
tileCastlevaniaD,1152,768,48,64,48,32,0,1,1,4294967295
tileCastlevaniaD,752,1200,0,64,96,32,0,1,1,4294967295
tileCastlevaniaD,784,1168,0,64,96,32,0,1,1,4294967295
tileCastlevaniaD,800,1136,0,64,96,32,0,1,1,4294967295
tileCastlevaniaD,832,1104,0,64,96,32,0,1,1,4294967295
tileCastlevaniaD,864,1072,0,64,96,32,0,1,1,4294967295
tileCastlevaniaD,896,1040,0,64,96,32,0,1,1,4294967295
tileCastlevaniaD,928,1008,0,64,96,32,0,1,1,4294967295
tileCastlevaniaD,960,976,0,64,96,32,0,1,1,4294967295
tileCastlevaniaD,992,944,0,64,96,32,0,1,1,4294967295
tileCastlevaniaD,1024,912,0,64,96,32,0,1,1,4294967295
tileCastlevaniaD,1056,880,0,64,96,32,0,1,1,4294967295
tileCastlevaniaD,1088,848,0,64,96,32,0,1,1,4294967295
tileCastlevaniaD,1120,816,0,64,96,32,0,1,1,4294967295
tileCastlevaniaD,1456,592,48,64,16,16,0,1,1,4294967295
tileCastlevaniaD,1392,624,48,64,16,16,0,1,1,4294967295
tileCastlevaniaD,1328,656,48,64,16,16,0,1,1,4294967295
tileCastlevaniaD,1264,688,48,64,16,16,0,1,1,4294967295
tileCastlevaniaD,1200,720,48,64,16,16,0,1,1,4294967295
tileCastlevaniaD,1136,752,48,64,16,16,0,1,1,4294967295
tileCastlevaniaD,1152,800,48,64,48,16,0,1,1,4294967295
tileCastlevaniaD,1200,800,48,64,48,16,0,1,1,4294967295
tileCastlevaniaD,1248,800,0,64,80,32,0,1,1,4294967295
tileCastlevaniaD,1216,832,0,64,80,32,0,1,1,4294967295
tileCastlevaniaD,1184,864,0,64,80,32,0,1,1,4294967295
tileCastlevaniaD,1152,896,0,64,80,32,0,1,1,4294967295
tileCastlevaniaD,1120,928,0,64,80,32,0,1,1,4294967295
tileCastlevaniaD,720,1232,0,64,80,32,0,1,1,4294967295
tileCastlevaniaD,688,1264,0,64,80,32,0,1,1,4294967295
tileCastlevaniaD,656,1296,0,64,80,32,0,1,1,4294967295
tileCastlevaniaD,624,1328,0,64,80,32,0,1,1,4294967295
tileCastlevaniaD,592,1360,0,64,80,32,0,1,1,4294967295
tileCastlevaniaD,560,1392,0,64,80,32,0,1,1,4294967295
tileCastlevaniaD,528,1424,0,64,80,32,0,1,1,4294967295
tileCastlevaniaD,496,1456,0,64,80,32,0,1,1,4294967295
tileCastlevaniaD,464,1488,0,64,80,32,0,1,1,4294967295
tileCastlevaniaD,464,1520,48,64,48,16,0,1,1,4294967295
tileCastlevaniaD,768,1264,0,64,96,32,0,1,1,4294967295
tileCastlevaniaD,800,1232,0,64,96,32,0,1,1,4294967295
tileCastlevaniaD,848,1200,0,64,96,32,0,1,1,4294967295
tileCastlevaniaD,880,1168,0,64,96,32,0,1,1,4294967295
tileCastlevaniaD,896,1136,0,64,96,32,0,1,1,4294967295
tileCastlevaniaD,928,1104,0,64,96,32,0,1,1,4294967295
tileCastlevaniaD,960,1072,0,64,96,32,0,1,1,4294967295
tileCastlevaniaD,992,1040,0,64,96,32,0,1,1,4294967295
tileCastlevaniaD,1024,1008,0,64,96,32,0,1,1,4294967295
tileCastlevaniaD,1056,976,0,64,96,32,0,1,1,4294967295
tileCastlevaniaD,1216,816,48,80,32,16,0,1,1,4294967295
tileCastlevaniaD,1184,848,48,80,32,16,0,1,1,4294967295
tileCastlevaniaD,1152,880,48,80,32,16,0,1,1,4294967295
tileCastlevaniaD,1120,912,48,80,32,16,0,1,1,4294967295
tileCastlevaniaD,1088,944,48,80,32,16,0,1,1,4294967295
tileCastlevaniaD,1088,960,48,64,48,16,0,1,1,4294967295
tileCastlevaniaD,1136,960,48,64,48,16,0,1,1,4294967295
tileCastlevaniaD,1760,576,0,64,96,32,0,1,1,4294967295
tileCastlevaniaD,1696,608,0,64,96,32,0,1,1,4294967295
tileCastlevaniaD,1632,640,0,64,96,32,0,1,1,4294967295
tileCastlevaniaD,1856,576,0,64,96,32,0,1,1,4294967295
tileCastlevaniaD,1792,608,0,64,96,32,0,1,1,4294967295
tileCastlevaniaD,1728,640,0,64,96,32,0,1,1,4294967295
tileCastlevaniaD,1568,672,0,64,96,32,0,1,1,4294967295
tileCastlevaniaD,1664,672,0,64,96,32,0,1,1,4294967295
tileCastlevaniaD,1504,704,0,64,96,32,0,1,1,4294967295
tileCastlevaniaD,1600,704,0,64,96,32,0,1,1,4294967295
tileCastlevaniaD,1440,736,0,64,96,32,0,1,1,4294967295
tileCastlevaniaD,1536,736,0,64,96,32,0,1,1,4294967295
tileCastlevaniaD,1392,768,0,64,96,32,0,1,1,4294967295
tileCastlevaniaD,1488,768,0,64,96,32,0,1,1,4294967295
tileCastlevaniaD,1328,800,0,64,96,32,0,1,1,4294967295
tileCastlevaniaD,1424,800,0,64,96,32,0,1,1,4294967295
tileCastlevaniaD,1296,832,0,64,96,32,0,1,1,4294967295
tileCastlevaniaD,1392,832,0,64,96,32,0,1,1,4294967295
tileCastlevaniaD,1264,864,0,64,96,32,0,1,1,4294967295
tileCastlevaniaD,1360,864,0,64,96,32,0,1,1,4294967295
tileCastlevaniaD,1232,896,0,64,96,32,0,1,1,4294967295
tileCastlevaniaD,1328,896,0,64,96,32,0,1,1,4294967295
tileCastlevaniaD,1200,928,0,64,96,32,0,1,1,4294967295
tileCastlevaniaD,736,1296,0,64,96,32,0,1,1,4294967295
tileCastlevaniaD,704,1328,0,64,96,32,0,1,1,4294967295
tileCastlevaniaD,1088,1040,48,80,32,16,0,1,1,4294967295
tileCastlevaniaD,1120,1008,48,80,32,16,0,1,1,4294967295
tileCastlevaniaD,1152,976,48,80,32,16,0,1,1,4294967295
tileCastlevaniaD,672,1360,0,64,96,32,0,1,1,4294967295
tileCastlevaniaD,640,1392,0,64,96,32,0,1,1,4294967295
tileCastlevaniaD,608,1424,0,64,96,32,0,1,1,4294967295
tileCastlevaniaD,576,1456,0,64,96,32,0,1,1,4294967295
tileCastlevaniaD,544,1488,0,64,96,32,0,1,1,4294967295
tileCastlevaniaD,512,1520,48,64,48,16,0,1,1,4294967295
tileCastlevaniaD,560,1520,48,64,48,16,0,1,1,4294967295
tileCastlevaniaD,800,1328,0,64,96,32,0,1,1,4294967295
tileCastlevaniaD,832,1296,0,64,96,32,0,1,1,4294967295
tileCastlevaniaD,864,1264,0,64,96,32,0,1,1,4294967295
tileCastlevaniaD,896,1232,0,64,96,32,0,1,1,4294967295
tileCastlevaniaD,944,1200,0,64,96,32,0,1,1,4294967295
tileCastlevaniaD,976,1168,0,64,96,32,0,1,1,4294967295
tileCastlevaniaD,992,1136,0,64,96,32,0,1,1,4294967295
tileCastlevaniaD,1024,1104,0,64,96,32,0,1,1,4294967295
tileCastlevaniaD,1056,1072,0,64,96,32,0,1,1,4294967295
tileCastlevaniaD,1120,1040,0,64,96,32,0,1,1,4294967295
tileCastlevaniaD,1152,1008,0,64,96,32,0,1,1,4294967295
tileCastlevaniaD,1184,976,0,64,96,32,0,1,1,4294967295
tileCastlevaniaD,1280,960,0,64,96,32,0,1,1,4294967295
tileCastlevaniaD,1296,928,0,64,96,32,0,1,1,4294967295
tileCastlevaniaD,1184,960,48,64,48,16,0,1,1,4294967295
tileCastlevaniaD,1232,960,48,64,48,16,0,1,1,4294967295
tileCastlevaniaD,1088,1056,48,64,32,16,0,1,1,4294967295
tileCastlevaniaD,1120,1024,48,64,32,16,0,1,1,4294967295
tileCastlevaniaD,1152,992,48,64,32,16,0,1,1,4294967295
tileCastlevaniaD,1376,960,0,64,96,32,0,1,1,4294967295
tileCastlevaniaD,1392,928,0,64,96,32,0,1,1,4294967295
tileCastlevaniaD,1424,896,0,64,96,32,0,1,1,4294967295
tileCastlevaniaD,1456,864,0,64,96,32,0,1,1,4294967295
tileCastlevaniaD,1488,832,0,64,96,32,0,1,1,4294967295
tileCastlevaniaD,1520,800,0,64,96,32,0,1,1,4294967295
tileCastlevaniaD,1584,768,0,64,96,32,0,1,1,4294967295
tileCastlevaniaD,1632,736,0,64,96,32,0,1,1,4294967295
tileCastlevaniaD,1696,704,0,64,96,32,0,1,1,4294967295
tileCastlevaniaD,1760,672,0,64,96,32,0,1,1,4294967295
tileCastlevaniaD,1824,640,0,64,96,32,0,1,1,4294967295
tileCastlevaniaD,1888,608,0,64,96,32,0,1,1,4294967295
tileCastlevaniaD,1952,576,0,64,32,32,0,1,1,4294967295
tileCastlevaniaD,1792,704,0,64,96,32,0,1,1,4294967295
tileCastlevaniaD,1728,736,0,64,96,32,0,1,1,4294967295
tileCastlevaniaD,1680,768,0,64,96,32,0,1,1,4294967295
tileCastlevaniaD,1616,800,0,64,96,32,0,1,1,4294967295
tileCastlevaniaD,1856,672,0,64,96,32,0,1,1,4294967295
tileCastlevaniaD,1920,640,32,64,64,32,0,1,1,4294967295
tileCastlevaniaD,1760,112,48,64,48,16,0,1,1,4294967295
tileCastlevaniaD,1712,112,48,64,48,16,0,1,1,4294967295
tileCastlevaniaD,1664,112,48,64,48,16,0,1,1,4294967295
tileCastlevaniaD,1616,112,48,64,48,16,0,1,1,4294967295
tileCastlevaniaD,1568,112,48,64,48,16,0,1,1,4294967295
tileCastlevaniaD,1520,112,48,64,48,16,0,1,1,4294967295
tileCastlevaniaD,1472,112,48,64,48,16,0,1,1,4294967295
tileCastlevaniaD,1424,112,48,64,48,16,0,1,1,4294967295
tileCastlevaniaD,1408,128,64,32,16,16,0,1,1,4294967295
tileCastlevaniaD,1408,144,64,32,16,16,0,1,1,4294967295
tileCastlevaniaD,1408,160,64,32,16,16,0,1,1,4294967295
tileCastlevaniaD,1408,176,64,32,16,16,0,1,1,4294967295
tileCastlevaniaD,1408,192,64,32,16,16,0,1,1,4294967295
tileCastlevaniaD,1408,208,64,32,16,16,0,1,1,4294967295
tileCastlevaniaD,1408,224,64,32,16,16,0,1,1,4294967295
tileCastlevaniaD,1408,240,64,32,16,16,0,1,1,4294967295
tileCastlevaniaD,1408,256,64,32,16,16,0,1,1,4294967295
tileCastlevaniaD,1408,272,64,32,16,16,0,1,1,4294967295
tileCastlevaniaD,1408,288,64,32,16,16,0,1,1,4294967295
tileCastlevaniaD,1408,304,64,32,16,16,0,1,1,4294967295
tileCastlevaniaD,1376,304,48,64,32,16,0,1,1,4294967295
tileCastlevaniaD,1344,304,48,64,32,16,0,1,1,4294967295
tileCastlevaniaD,1312,304,48,64,32,16,0,1,1,4294967295
tileCastlevaniaD,1280,304,48,64,32,16,0,1,1,4294967295
tileCastlevaniaD,1248,304,48,64,32,16,0,1,1,4294967295
tileCastlevaniaD,1216,304,48,64,32,16,0,1,1,4294967295
tileCastlevaniaD,1184,304,48,64,32,16,0,1,1,4294967295
tileCastlevaniaD,1152,304,48,64,32,16,0,1,1,4294967295
tileCastlevaniaD,1120,304,48,64,32,16,0,1,1,4294967295
tileCastlevaniaD,1088,304,48,64,32,16,0,1,1,4294967295
tileCastlevaniaD,1072,304,48,32,16,16,0,1,1,4294967295
tileCastlevaniaD,1072,288,48,32,16,16,0,1,1,4294967295
tileCastlevaniaD,1072,272,48,32,16,16,0,1,1,4294967295
tileCastlevaniaD,1072,256,48,32,16,16,0,1,1,4294967295
tileCastlevaniaD,1072,240,48,48,32,16,0,1,1,4294967295
tileCastlevaniaD,1024,240,96,96,48,16,0,1,1,4294967295
tileCastlevaniaD,1104,240,48,48,32,16,0,1,1,4294967295
tileCastlevaniaD,1136,224,48,32,16,16,0,1,1,4294967295
tileCastlevaniaD,1136,208,48,32,16,16,0,1,1,4294967295
tileCastlevaniaD,1136,192,48,32,16,16,0,1,1,4294967295
tileCastlevaniaD,1136,176,48,32,16,16,0,1,1,4294967295
tileCastlevaniaD,1104,208,0,0,32,32,0,1,1,4294967295
tileCastlevaniaD,1072,208,0,0,32,32,0,1,1,4294967295
tileCastlevaniaD,1056,208,96,128,16,16,0,1,1,4294967295
tileCastlevaniaD,1136,160,48,32,16,16,0,1,1,4294967295
tileCastlevaniaD,1136,144,48,32,16,16,0,1,1,4294967295
tileCastlevaniaD,1136,128,48,32,16,16,0,1,1,4294967295
tileCastlevaniaD,1104,112,48,64,48,16,0,1,1,4294967295
tileCastlevaniaD,1056,112,48,64,48,16,0,1,1,4294967295
tileCastlevaniaD,1008,112,48,64,48,16,0,1,1,4294967295
tileCastlevaniaD,960,112,48,64,48,16,0,1,1,4294967295
tileCastlevaniaD,912,112,48,64,48,16,0,1,1,4294967295
tileCastlevaniaD,864,112,48,64,48,16,0,1,1,4294967295
tileCastlevaniaD,816,112,48,64,48,16,0,1,1,4294967295
tileCastlevaniaD,768,112,48,64,48,16,0,1,1,4294967295
tileCastlevaniaD,720,112,48,64,48,16,0,1,1,4294967295
tileCastlevaniaD,672,112,48,64,48,16,0,1,1,4294967295
tileCastlevaniaD,624,112,48,64,48,16,0,1,1,4294967295
tileCastlevaniaD,32,848,64,32,16,16,0,1,1,4294967295
tileCastlevaniaD,32,832,64,32,16,16,0,1,1,4294967295
tileCastlevaniaD,32,816,64,32,16,16,0,1,1,4294967295
tileCastlevaniaD,32,800,64,32,16,16,0,1,1,4294967295
tileCastlevaniaD,32,784,64,32,16,16,0,1,1,4294967295
tileCastlevaniaD,32,768,64,32,16,16,0,1,1,4294967295
tileCastlevaniaD,32,752,64,32,16,16,0,1,1,4294967295
tileCastlevaniaD,32,736,64,32,16,16,0,1,1,4294967295
tileCastlevaniaD,32,720,64,32,16,16,0,1,1,4294967295
tileCastlevaniaD,32,704,64,32,16,16,0,1,1,4294967295
tileCastlevaniaD,32,688,64,32,16,16,0,1,1,4294967295
tileCastlevaniaD,32,672,64,32,16,16,0,1,1,4294967295
tileCastlevaniaD,32,656,64,32,16,16,0,1,1,4294967295
tileCastlevaniaD,32,640,64,32,16,16,0,1,1,4294967295
tileCastlevaniaD,32,624,64,32,16,16,0,1,1,4294967295
tileCastlevaniaD,32,608,64,32,16,16,0,1,1,4294967295
tileCastlevaniaD,32,592,64,32,16,16,0,1,1,4294967295
tileCastlevaniaD,32,576,64,32,16,16,0,1,1,4294967295
tileCastlevaniaD,32,560,64,32,16,16,0,1,1,4294967295
tileCastlevaniaD,32,544,64,32,16,16,0,1,1,4294967295
tileCastlevaniaD,32,528,64,32,16,16,0,1,1,4294967295
tileCastlevaniaD,32,512,64,32,16,16,0,1,1,4294967295
tileCastlevaniaD,32,496,64,32,16,16,0,1,1,4294967295
tileCastlevaniaD,32,480,64,32,16,16,0,1,1,4294967295
tileCastlevaniaD,32,464,64,32,16,16,0,1,1,4294967295
tileCastlevaniaD,32,448,64,32,16,16,0,1,1,4294967295
tileCastlevaniaD,32,432,64,32,16,16,0,1,1,4294967295
tileCastlevaniaD,32,416,64,32,16,16,0,1,1,4294967295
tileCastlevaniaD,32,400,64,32,16,16,0,1,1,4294967295
tileCastlevaniaD,32,384,64,32,16,16,0,1,1,4294967295
tileCastlevaniaD,32,368,64,32,16,16,0,1,1,4294967295
tileCastlevaniaD,32,336,64,32,16,16,0,1,1,4294967295
tileCastlevaniaD,32,320,64,32,16,16,0,1,1,4294967295
tileCastlevaniaD,32,304,64,32,16,16,0,1,1,4294967295
tileCastlevaniaD,32,288,64,32,16,16,0,1,1,4294967295
tileCastlevaniaD,32,272,64,32,16,16,0,1,1,4294967295
tileCastlevaniaD,32,256,64,32,16,16,0,1,1,4294967295
tileCastlevaniaD,32,240,64,32,16,16,0,1,1,4294967295
tileCastlevaniaD,32,224,64,32,16,16,0,1,1,4294967295
tileCastlevaniaD,32,208,64,32,16,16,0,1,1,4294967295
tileCastlevaniaD,32,192,64,32,16,16,0,1,1,4294967295
tileCastlevaniaD,32,176,64,32,16,16,0,1,1,4294967295
tileCastlevaniaD,32,160,64,32,16,16,0,1,1,4294967295
tileCastlevaniaD,32,144,64,32,16,16,0,1,1,4294967295
tileCastlevaniaD,0,960,0,64,32,32,0,1,1,4294967295
tileCastlevaniaD,0,832,0,64,32,32,0,1,1,4294967295
tileCastlevaniaD,0,704,0,64,32,32,0,1,1,4294967295
tileCastlevaniaD,0,576,0,64,32,32,0,1,1,4294967295
tileCastlevaniaD,0,448,0,64,32,32,0,1,1,4294967295
tileCastlevaniaD,0,320,0,64,32,32,0,1,1,4294967295
tileCastlevaniaD,0,192,0,64,32,32,0,1,1,4294967295
tileCastlevaniaD,0,800,48,80,32,16,0,1,1,4294967295
tileCastlevaniaD,0,816,48,80,32,16,0,1,1,4294967295
tileCastlevaniaD,0,736,48,80,32,16,0,1,1,4294967295
tileCastlevaniaD,0,752,48,80,32,16,0,1,1,4294967295
tileCastlevaniaD,0,640,48,80,32,16,0,1,1,4294967295
tileCastlevaniaD,0,656,48,80,32,16,0,1,1,4294967295
tileCastlevaniaD,0,544,48,80,32,16,0,1,1,4294967295
tileCastlevaniaD,0,560,48,80,32,16,0,1,1,4294967295
tileCastlevaniaD,0,480,48,80,32,16,0,1,1,4294967295
tileCastlevaniaD,0,496,48,80,32,16,0,1,1,4294967295
tileCastlevaniaD,0,384,48,80,32,16,0,1,1,4294967295
tileCastlevaniaD,0,400,48,80,32,16,0,1,1,4294967295
tileCastlevaniaD,0,224,48,80,32,16,0,1,1,4294967295
tileCastlevaniaD,0,240,48,80,32,16,0,1,1,4294967295
tileCastlevaniaD,0,288,48,80,32,16,0,1,1,4294967295
tileCastlevaniaD,0,304,48,80,32,16,0,1,1,4294967295
tileCastlevaniaD,0,256,32,64,16,32,0,1,1,4294967295
tileCastlevaniaD,16,256,32,64,16,32,0,1,1,4294967295
tileCastlevaniaD,0,416,32,64,16,32,0,1,1,4294967295
tileCastlevaniaD,16,416,32,64,16,32,0,1,1,4294967295
tileCastlevaniaD,0,512,32,64,16,32,0,1,1,4294967295
tileCastlevaniaD,16,512,32,64,16,32,0,1,1,4294967295
tileCastlevaniaD,0,608,32,64,16,32,0,1,1,4294967295
tileCastlevaniaD,16,608,32,64,16,32,0,1,1,4294967295
tileCastlevaniaD,0,672,32,64,16,32,0,1,1,4294967295
tileCastlevaniaD,16,672,32,64,16,32,0,1,1,4294967295
tileCastlevaniaD,0,768,32,64,16,32,0,1,1,4294967295
tileCastlevaniaD,16,768,32,64,16,32,0,1,1,4294967295
tileCastlevaniaD,576,112,48,64,48,16,0,1,1,4294967295
tileCastlevaniaD,528,112,48,64,48,16,0,1,1,4294967295
tileCastlevaniaD,480,112,48,64,48,16,0,1,1,4294967295
tileCastlevaniaD,432,112,48,64,48,16,0,1,1,4294967295
tileCastlevaniaD,384,112,48,64,48,16,0,1,1,4294967295
tileCastlevaniaD,336,112,48,64,48,16,0,1,1,4294967295
tileCastlevaniaD,288,112,48,64,48,16,0,1,1,4294967295
tileCastlevaniaD,240,112,48,64,48,16,0,1,1,4294967295
tileCastlevaniaD,192,112,48,64,48,16,0,1,1,4294967295
tileCastlevaniaD,144,112,48,64,48,16,0,1,1,4294967295
tileCastlevaniaD,96,112,48,64,48,16,0,1,1,4294967295
tileCastlevaniaD,48,112,48,64,48,16,0,1,1,4294967295
tileCastlevaniaD,32,128,64,32,16,16,0,1,1,4294967295
tileCastlevaniaD,0,160,0,64,32,32,0,1,1,4294967295
tileCastlevaniaD,0,128,0,64,32,32,0,1,1,4294967295
tileCastlevaniaD,16,96,0,64,32,32,0,1,1,4294967295
tileCastlevaniaD,48,80,0,64,32,32,0,1,1,4294967295
tileCastlevaniaD,80,80,0,64,32,32,0,1,1,4294967295
tileCastlevaniaD,112,80,0,64,32,32,0,1,1,4294967295
tileCastlevaniaD,144,80,0,64,32,32,0,1,1,4294967295
tileCastlevaniaD,176,80,0,64,32,32,0,1,1,4294967295
tileCastlevaniaD,208,80,0,64,32,32,0,1,1,4294967295
tileCastlevaniaD,240,80,0,64,32,32,0,1,1,4294967295
tileCastlevaniaD,272,80,0,64,32,32,0,1,1,4294967295
tileCastlevaniaD,304,80,0,64,32,32,0,1,1,4294967295
tileCastlevaniaD,336,80,0,64,32,32,0,1,1,4294967295
tileCastlevaniaD,368,80,0,64,32,32,0,1,1,4294967295
tileCastlevaniaD,400,80,0,64,32,32,0,1,1,4294967295
tileCastlevaniaD,432,80,0,64,32,32,0,1,1,4294967295
tileCastlevaniaD,464,80,0,64,32,32,0,1,1,4294967295
tileCastlevaniaD,496,80,0,64,32,32,0,1,1,4294967295
tileCastlevaniaD,528,80,0,64,32,32,0,1,1,4294967295
tileCastlevaniaD,560,80,0,64,32,32,0,1,1,4294967295
tileCastlevaniaD,592,80,0,64,32,32,0,1,1,4294967295
tileCastlevaniaD,624,80,0,64,32,32,0,1,1,4294967295
tileCastlevaniaD,656,80,0,64,32,32,0,1,1,4294967295
tileCastlevaniaD,688,80,0,64,32,32,0,1,1,4294967295
tileCastlevaniaD,720,80,0,64,32,32,0,1,1,4294967295
tileCastlevaniaD,752,80,0,64,32,32,0,1,1,4294967295
tileCastlevaniaD,784,80,0,64,32,32,0,1,1,4294967295
tileCastlevaniaD,816,80,0,64,32,32,0,1,1,4294967295
tileCastlevaniaD,848,80,0,64,32,32,0,1,1,4294967295
tileCastlevaniaD,880,80,0,64,32,32,0,1,1,4294967295
tileCastlevaniaD,912,80,0,64,32,32,0,1,1,4294967295
tileCastlevaniaD,944,80,0,64,32,32,0,1,1,4294967295
tileCastlevaniaD,976,80,0,64,32,32,0,1,1,4294967295
tileCastlevaniaD,1008,80,0,64,32,32,0,1,1,4294967295
tileCastlevaniaD,1040,80,0,64,32,32,0,1,1,4294967295
tileCastlevaniaD,1072,80,0,64,32,32,0,1,1,4294967295
tileCastlevaniaD,1104,80,0,64,32,32,0,1,1,4294967295
tileCastlevaniaD,1936,176,48,64,48,32,0,1,1,4294967295
tileCastlevaniaD,1936,112,48,64,48,32,0,1,1,4294967295
tileCastlevaniaD,1936,144,32,64,48,32,0,1,1,4294967295
tileCastlevaniaD,1136,80,0,64,96,32,0,1,1,4294967295
tileCastlevaniaD,1232,80,0,64,96,32,0,1,1,4294967295
tileCastlevaniaD,1328,80,0,64,96,32,0,1,1,4294967295
tileCastlevaniaD,1424,80,0,64,96,32,0,1,1,4294967295
tileCastlevaniaD,1520,80,0,64,96,32,0,1,1,4294967295
tileCastlevaniaD,1616,80,0,64,96,32,0,1,1,4294967295
tileCastlevaniaD,1712,80,0,64,96,32,0,1,1,4294967295
tileCastlevaniaD,1808,80,0,64,96,32,0,1,1,4294967295
tileCastlevaniaD,1904,80,0,64,80,32,0,1,1,4294967295
tileCastlevaniaD,1856,48,0,64,96,32,0,1,1,4294967295
tileCastlevaniaD,1760,48,0,64,96,32,0,1,1,4294967295
tileCastlevaniaD,1280,48,0,64,96,32,0,1,1,4294967295
tileCastlevaniaD,1376,48,0,64,96,32,0,1,1,4294967295
tileCastlevaniaD,1472,48,0,64,96,32,0,1,1,4294967295
tileCastlevaniaD,1568,48,0,64,96,32,0,1,1,4294967295
tileCastlevaniaD,1664,48,0,64,96,32,0,1,1,4294967295
tileCastlevaniaD,1184,48,0,64,96,32,0,1,1,4294967295
tileCastlevaniaD,1088,48,0,64,96,32,0,1,1,4294967295
tileCastlevaniaD,992,48,0,64,96,32,0,1,1,4294967295
tileCastlevaniaD,896,48,0,64,96,32,0,1,1,4294967295
tileCastlevaniaD,800,48,0,64,96,32,0,1,1,4294967295
tileCastlevaniaD,704,48,0,64,96,32,0,1,1,4294967295
tileCastlevaniaD,608,48,0,64,96,32,0,1,1,4294967295
tileCastlevaniaD,512,48,0,64,96,32,0,1,1,4294967295
tileCastlevaniaD,416,48,0,64,96,32,0,1,1,4294967295
tileCastlevaniaD,320,48,0,64,96,32,0,1,1,4294967295
tileCastlevaniaD,224,48,0,64,96,32,0,1,1,4294967295
tileCastlevaniaD,128,48,0,64,96,32,0,1,1,4294967295
tileCastlevaniaD,32,48,0,64,96,32,0,1,1,4294967295
tileCastlevaniaD,16,48,32,64,16,32,0,1,1,4294967295
tileCastlevaniaD,0,48,32,64,16,32,0,1,1,4294967295
tileCastlevaniaD,0,96,32,64,16,32,0,1,1,4294967295
tileCastlevaniaD,0,80,48,64,48,16,0,1,1,4294967295
tileCastlevaniaD,0,16,0,64,96,32,0,1,1,4294967295
tileCastlevaniaD,96,16,0,64,96,32,0,1,1,4294967295
tileCastlevaniaD,192,16,0,64,96,32,0,1,1,4294967295
tileCastlevaniaD,288,16,0,64,96,32,0,1,1,4294967295
tileCastlevaniaD,384,16,0,64,96,32,0,1,1,4294967295
tileCastlevaniaD,480,16,0,64,96,32,0,1,1,4294967295
tileCastlevaniaD,576,16,0,64,96,32,0,1,1,4294967295
tileCastlevaniaD,672,16,0,64,96,32,0,1,1,4294967295
tileCastlevaniaD,768,16,0,64,96,32,0,1,1,4294967295
tileCastlevaniaD,864,16,0,64,96,32,0,1,1,4294967295
tileCastlevaniaD,960,16,0,64,96,32,0,1,1,4294967295
tileCastlevaniaD,1056,16,0,64,96,32,0,1,1,4294967295
tileCastlevaniaD,1152,16,0,64,96,32,0,1,1,4294967295
tileCastlevaniaD,1152,112,0,64,96,32,0,1,1,4294967295
tileCastlevaniaD,1248,112,0,64,96,32,0,1,1,4294967295
tileCastlevaniaD,1200,144,0,64,96,32,0,1,1,4294967295
tileCastlevaniaD,1296,144,0,64,96,32,0,1,1,4294967295
tileCastlevaniaD,1152,176,0,64,96,32,0,1,1,4294967295
tileCastlevaniaD,1248,176,0,64,96,32,0,1,1,4294967295
tileCastlevaniaD,1200,208,0,64,96,32,0,1,1,4294967295
tileCastlevaniaD,1296,208,0,64,96,32,0,1,1,4294967295
tileCastlevaniaD,1152,240,0,64,96,32,0,1,1,4294967295
tileCastlevaniaD,1248,240,0,64,96,32,0,1,1,4294967295
tileCastlevaniaD,1104,272,0,64,96,32,0,1,1,4294967295
tileCastlevaniaD,1200,272,0,64,96,32,0,1,1,4294967295
tileCastlevaniaD,1296,272,0,64,96,32,0,1,1,4294967295
tileCastlevaniaD,1344,112,32,64,64,32,0,1,1,4294967295
tileCastlevaniaD,1344,176,32,64,64,32,0,1,1,4294967295
tileCastlevaniaD,1344,240,32,64,64,32,0,1,1,4294967295
tileCastlevaniaD,1152,144,48,64,48,32,0,1,1,4294967295
tileCastlevaniaD,1152,208,48,64,48,32,0,1,1,4294967295
tileCastlevaniaD,1392,144,32,64,16,32,0,1,1,4294967295
tileCastlevaniaD,1392,208,32,64,16,32,0,1,1,4294967295
tileCastlevaniaD,1392,272,32,64,16,32,0,1,1,4294967295
tileCastlevaniaD,1136,240,32,64,16,32,0,1,1,4294967295
tileCastlevaniaD,1088,272,32,64,16,32,0,1,1,4294967295
tileCastlevaniaD,1088,256,48,64,48,16,0,1,1,4294967295
tileCastlevaniaD,1408,112,48,64,16,16,0,1,1,4294967295
tileCastlevaniaD,1248,16,0,64,96,32,0,1,1,4294967295
tileCastlevaniaD,1344,16,0,64,96,32,0,1,1,4294967295
tileCastlevaniaD,1440,16,0,64,96,32,0,1,1,4294967295
tileCastlevaniaD,1536,16,0,64,96,32,0,1,1,4294967295
tileCastlevaniaD,1632,16,0,64,96,32,0,1,1,4294967295
tileCastlevaniaD,1728,16,0,64,96,32,0,1,1,4294967295
tileCastlevaniaD,1824,16,0,64,96,32,0,1,1,4294967295
tileCastlevaniaD,1920,16,32,64,64,32,0,1,1,4294967295
tileCastlevaniaD,1952,48,0,64,32,32,0,1,1,4294967295
tileCastlevaniaD,0,0,48,64,48,16,0,1,1,4294967295
tileCastlevaniaD,48,0,48,64,48,16,0,1,1,4294967295
tileCastlevaniaD,96,0,48,64,48,16,0,1,1,4294967295
tileCastlevaniaD,144,0,48,64,48,16,0,1,1,4294967295
tileCastlevaniaD,192,0,48,64,48,16,0,1,1,4294967295
tileCastlevaniaD,240,0,48,64,48,16,0,1,1,4294967295
tileCastlevaniaD,288,0,48,64,48,16,0,1,1,4294967295
tileCastlevaniaD,336,0,48,64,48,16,0,1,1,4294967295
tileCastlevaniaD,384,0,48,64,48,16,0,1,1,4294967295
tileCastlevaniaD,432,0,48,64,48,16,0,1,1,4294967295
tileCastlevaniaD,480,0,48,64,48,16,0,1,1,4294967295
tileCastlevaniaD,528,0,48,64,48,16,0,1,1,4294967295
tileCastlevaniaD,576,0,48,64,48,16,0,1,1,4294967295
tileCastlevaniaD,624,0,48,64,48,16,0,1,1,4294967295
tileCastlevaniaD,672,0,48,64,48,16,0,1,1,4294967295
tileCastlevaniaD,720,0,48,64,48,16,0,1,1,4294967295
tileCastlevaniaD,768,0,48,64,48,16,0,1,1,4294967295
tileCastlevaniaD,816,0,48,64,48,16,0,1,1,4294967295
tileCastlevaniaD,864,0,48,64,48,16,0,1,1,4294967295
tileCastlevaniaD,912,0,48,64,48,16,0,1,1,4294967295
tileCastlevaniaD,960,0,48,64,48,16,0,1,1,4294967295
tileCastlevaniaD,1008,0,48,64,48,16,0,1,1,4294967295
tileCastlevaniaD,1056,0,48,64,48,16,0,1,1,4294967295
tileCastlevaniaD,1104,0,48,64,48,16,0,1,1,4294967295
tileCastlevaniaD,1152,0,48,64,48,16,0,1,1,4294967295
tileCastlevaniaD,1200,0,48,64,48,16,0,1,1,4294967295
tileCastlevaniaD,1248,0,48,64,48,16,0,1,1,4294967295
tileCastlevaniaD,1296,0,48,64,48,16,0,1,1,4294967295
tileCastlevaniaD,1344,0,48,64,48,16,0,1,1,4294967295
tileCastlevaniaD,1392,0,48,64,48,16,0,1,1,4294967295
tileCastlevaniaD,1440,0,48,64,48,16,0,1,1,4294967295
tileCastlevaniaD,1488,0,48,64,48,16,0,1,1,4294967295
tileCastlevaniaD,1536,0,48,64,48,16,0,1,1,4294967295
tileCastlevaniaD,1584,0,48,64,48,16,0,1,1,4294967295
tileCastlevaniaD,1632,0,48,64,48,16,0,1,1,4294967295
tileCastlevaniaD,1680,0,48,64,48,16,0,1,1,4294967295
tileCastlevaniaD,1728,0,48,64,48,16,0,1,1,4294967295
tileCastlevaniaD,1776,0,48,64,48,16,0,1,1,4294967295
tileCastlevaniaD,1824,0,48,64,48,16,0,1,1,4294967295
tileCastlevaniaD,1872,0,48,64,48,16,0,1,1,4294967295
tileCastlevaniaD,1920,0,48,80,32,16,0,1,1,4294967295
tileCastlevaniaD,1952,0,48,80,32,16,0,1,1,4294967295
tileCastlevaniaD,1024,496,96,96,48,16,0,1,1,4294967295
tileCastlevaniaD,1104,496,96,112,48,16,0,1,1,4294967295
tileCastlevaniaD,80,960,0,64,96,32,0,1,1,4294967295
tileCastlevaniaD,176,960,0,64,48,32,0,1,1,4294967295
tileCastlevaniaD,32,960,48,64,48,32,0,1,1,4294967295
tileCastlevaniaD,736,560,96,112,48,16,0,1,1,4294967295
tileCastlevaniaD,688,560,96,96,48,16,0,1,1,4294967295
tileCastlevaniaD,288,912,112,128,16,16,0,1,1,4294967295
tileCastlevaniaD,256,912,0,0,32,32,0,1,1,4294967295
tileCastlevaniaD,224,912,0,0,32,32,0,1,1,4294967295
tileCastlevaniaD,192,912,0,0,32,32,0,1,1,4294967295
tileCastlevaniaD,176,912,96,128,16,16,0,1,1,4294967295
tileCastlevaniaD,96,944,48,32,32,16,0,1,1,4294967295
tileCastlevaniaD,96,928,48,32,32,16,0,1,1,4294967295
tileCastlevaniaD,1040,256,112,0,32,32,0,1,1,4294967295
tileCastlevaniaD,1888,128,112,0,32,32,0,1,1,4294967295
tileCastlevaniaD,1424,128,80,0,32,32,0,1,1,4294967295
tileCastlevaniaD,208,448,96,112,48,16,0,1,1,4294967295
tileCastlevaniaD,128,448,96,96,48,16,0,1,1,4294967295
tileCastlevaniaD,64,352,96,112,48,16,0,1,1,4294967295
tileCastlevaniaD,32,352,48,48,32,16,0,1,1,4294967295
tileCastlevaniaD,0,352,48,48,32,16,0,1,1,4294967295
tileCastlevaniaD,0,368,48,80,32,16,0,1,1,4294967295
tileCastlevaniaD,400,272,96,96,48,16,0,1,1,4294967295
tileCastlevaniaD,480,272,96,112,48,16,0,1,1,4294967295
tileCastlevaniaD,1104,128,112,0,32,32,0,1,1,4294967295
tileCastlevaniaD,1088,224,96,144,32,16,0,1,1,4294967295
tileCastlevaniaD,880,256,48,32,32,16,0,1,1,4294967295
tileCastlevaniaD,880,272,48,32,32,16,0,1,1,4294967295
tileCastlevaniaD,880,288,48,32,32,16,0,1,1,4294967295
tileCastlevaniaD,880,304,48,32,32,16,0,1,1,4294967295
tileCastlevaniaD,832,240,96,96,48,16,0,1,1,4294967295
tileCastlevaniaD,912,240,96,112,48,16,0,1,1,4294967295
tileCastlevaniaD,880,240,48,48,32,16,0,1,1,4294967295
tileCastlevaniaD,1072,496,48,48,32,16,0,1,1,4294967295
tileCastlevaniaD,448,272,48,48,32,16,0,1,1,4294967295
tileCastlevaniaD,176,448,48,48,32,16,0,1,1,4294967295
