tileLabyrinthRuinsA,80,208,96,0,32,16,0,1,1,4294967295
tileLabyrinthRuinsA,112,208,96,16,32,16,0,1,1,4294967295
tileLabyrinthRuinsA,728,72,144,16,16,48,0,1,1,4294967295
tileLabyrinthRuinsA,384,208,96,0,32,16,0,1,1,4294967295
tileLabyrinthRuinsA,352,208,96,0,32,16,0,1,1,4294967295
tileLabyrinthRuinsA,496,224,96,0,16,16,0,1,1,4294967295
tileLabyrinthRuinsA,768,272,112,0,16,16,0,1,1,4294967295
tileLabyrinthRuinsA,768,384,112,0,16,16,0,1,1,4294967295
tileLabyrinthRuinsA,768,320,96,0,16,16,0,1,1,4294967295
tileLabyrinthRuinsA,560,592,96,0,16,16,0,1,1,4294967295
tileLabyrinthRuinsA,544,624,96,0,16,16,0,1,1,4294967295
tileLabyrinthRuinsA,560,608,112,0,16,32,0,1,1,4294967295
tileLabyrinthRuinsA,144,624,96,0,32,16,0,1,1,4294967295
tileLabyrinthRuinsA,208,320,96,0,32,16,0,1,1,4294967295
tileLabyrinthRuinsA,112,352,96,0,32,16,0,1,1,4294967295
tileLabyrinthRuinsA,32,400,96,0,16,32,0,1,1,4294967295
tileLabyrinthRuinsA,32,448,96,0,16,32,0,1,1,4294967295
tileLabyrinthRuinsA,208,480,96,64,16,16,0,1,1,4294967295
tileLabyrinthRuinsA,192,480,96,64,16,16,0,1,1,4294967295
tileLabyrinthRuinsA,240,320,96,0,32,16,0,1,1,4294967295
tileLabyrinthRuinsA,272,320,96,0,32,16,0,1,1,4294967295
tileLabyrinthRuinsA,304,320,96,0,32,16,0,1,1,4294967295
tileLabyrinthRuinsA,304,432,96,16,32,16,0,1,1,4294967295
tileLabyrinthRuinsA,272,432,96,16,32,16,0,1,1,4294967295
tileLabyrinthRuinsA,240,432,96,16,32,16,0,1,1,4294967295
tileLabyrinthRuinsA,320,416,96,0,16,16,0,1,1,4294967295
tileLabyrinthRuinsA,320,336,96,16,16,16,0,1,1,4294967295
tileLabyrinthRuinsA,1040,656,128,16,16,16,0,1,1,4294967295
tileLabyrinthRuinsA,1024,656,128,16,16,16,0,1,1,4294967295
tileLabyrinthRuinsA,1008,656,128,16,16,16,0,1,1,4294967295
tileLabyrinthRuinsA,1056,656,128,16,16,16,0,1,1,4294967295
tileLabyrinthRuinsA,1072,656,128,16,16,16,0,1,1,4294967295
tileLabyrinthRuinsA,1088,656,128,16,16,16,0,1,1,4294967295
tileLabyrinthRuinsA,288,208,80,128,16,16,0,1,1,4294967295
tileLabyrinthRuinsA,480,624,80,128,16,16,0,1,1,4294967295
tileLabyrinthRuinsA,800,144,80,128,16,16,0,1,1,4294967295
tileLabyrinthRuinsA,976,176,80,128,16,16,0,1,1,4294967295
tileLabyrinthRuinsA,1376,176,80,128,16,16,0,1,1,4294967295
tileLabyrinthRuinsA,1392,176,80,128,16,16,0,1,1,4294967295
tileLabyrinthRuinsA,1520,176,80,128,16,16,0,1,1,4294967295
tileLabyrinthRuinsA,1760,112,80,128,16,16,0,1,1,4294967295
tileLabyrinthRuinsA,1712,112,80,128,16,16,0,1,1,4294967295
tileLabyrinthRuinsA,1952,144,80,128,16,16,0,1,1,4294967295
tileLabyrinthRuinsA,1840,368,80,128,16,16,0,1,1,4294967295
tileLabyrinthRuinsA,1536,368,80,128,16,16,0,1,1,4294967295
tileLabyrinthRuinsA,1424,368,80,128,16,16,0,1,1,4294967295
tileLabyrinthRuinsA,1328,368,80,128,16,16,0,1,1,4294967295
tileLabyrinthRuinsA,1360,640,80,128,16,16,0,1,1,4294967295
tileLabyrinthRuinsA,1552,576,80,128,16,16,0,1,1,4294967295
tileLabyrinthRuinsA,192,64,64,128,16,16,0,1,1,4294967295
tileLabyrinthRuinsA,496,64,64,128,16,16,0,1,1,4294967295
tileLabyrinthRuinsA,752,32,64,128,16,16,0,1,1,4294967295
tileLabyrinthRuinsA,928,32,64,128,16,16,0,1,1,4294967295
tileLabyrinthRuinsA,1136,32,64,128,16,16,0,1,1,4294967295
tileLabyrinthRuinsA,1184,32,64,128,16,16,0,1,1,4294967295
tileLabyrinthRuinsA,1312,32,64,128,16,16,0,1,1,4294967295
tileLabyrinthRuinsA,1744,16,64,128,16,16,0,1,1,4294967295
tileLabyrinthRuinsA,1904,16,64,128,16,16,0,1,1,4294967295
tileLabyrinthRuinsA,1696,288,64,128,16,16,0,1,1,4294967295
tileLabyrinthRuinsA,1280,416,64,128,16,16,0,1,1,4294967295
tileLabyrinthRuinsA,1296,416,64,128,16,16,0,1,1,4294967295
tileLabyrinthRuinsA,1584,416,64,128,16,16,0,1,1,4294967295
tileLabyrinthRuinsA,1744,416,64,128,16,16,0,1,1,4294967295
tileLabyrinthRuinsA,1920,416,64,128,16,16,0,1,1,4294967295
tileLabyrinthRuinsA,928,224,64,128,16,16,0,1,1,4294967295
tileLabyrinthRuinsA,432,448,64,128,16,16,0,1,1,4294967295
tileLabyrinthRuinsA,832,208,80,48,16,16,0,1,1,4294967295
tileLabyrinthRuinsA,344,240,80,48,16,16,0,1,1,4294967295
tileLabyrinthRuinsA,144,240,80,48,16,16,0,1,1,4294967295
tileLabyrinthRuinsA,64,608,80,48,16,16,0,1,1,4294967295
tileLabyrinthRuinsA,624,656,80,48,16,16,0,1,1,4294967295
tileLabyrinthRuinsA,704,608,80,48,16,16,0,1,1,4294967295
tileLabyrinthRuinsA,2016,288,80,24,16,16,0,1,1,4294967295
tileLabyrinthRuinsA,2000,304,80,24,16,16,0,1,1,4294967295
tileLabyrinthRuinsA,1552,640,80,24,16,16,0,1,1,4294967295
tileLabyrinthRuinsA,1552,656,80,24,16,16,0,1,1,4294967295
tileLabyrinthRuinsA,1568,648,80,24,16,16,0,1,1,4294967295
tileLabyrinthRuinsA,1456,608,80,24,16,16,0,1,1,4294967295
tileLabyrinthRuinsA,1472,640,80,24,16,16,0,1,1,4294967295
tileLabyrinthRuinsA,1488,624,80,24,16,16,0,1,1,4294967295
tileLabyrinthRuinsA,1936,672,80,24,16,16,0,1,1,4294967295
tileLabyrinthRuinsA,1552,400,80,24,16,16,0,1,1,4294967295
tileLabyrinthRuinsA,1344,384,80,24,16,16,0,1,1,4294967295
tileLabyrinthRuinsA,1248,224,80,24,16,16,0,1,1,4294967295
tileLabyrinthRuinsA,1472,256,80,24,16,16,0,1,1,4294967295
tileLabyrinthRuinsA,1376,0,80,24,16,16,0,1,1,4294967295
tileLabyrinthRuinsA,432,368,80,24,16,16,0,1,1,4294967295
tileLabyrinthRuinsA,400,320,80,24,16,16,0,1,1,4294967295
tileLabyrinthRuinsA,416,384,80,48,16,16,0,1,1,4294967295
tileLabyrinthRuinsA,416,336,80,48,16,16,0,1,1,4294967295
tileLabyrinthRuinsA,416,352,80,48,16,16,0,1,1,4294967295
tileLabyrinthRuinsA,432,352,80,48,16,16,0,1,1,4294967295
tileLabyrinthRuinsA,1360,0,80,48,16,16,0,1,1,4294967295
tileLabyrinthRuinsA,1536,400,80,48,16,16,0,1,1,4294967295
tileLabyrinthRuinsA,1488,384,80,48,16,16,0,1,1,4294967295
tileLabyrinthRuinsA,1456,384,80,48,16,16,0,1,1,4294967295
tileLabyrinthRuinsA,1472,624,80,48,16,16,0,1,1,4294967295
tileLabyrinthRuinsA,1488,608,80,48,16,16,0,1,1,4294967295
tileLabyrinthRuinsA,1952,672,80,48,16,16,0,1,1,4294967295
tileLabyrinthRuinsA,1504,608,80,48,16,16,0,1,1,4294967295
tileLabyrinthRuinsA,1472,272,72,40,24,8,0,1,1,4294967295
tileLabyrinthRuinsA,1312,384,72,40,24,8,0,1,1,4294967295
tileLabyrinthRuinsA,1232,240,72,40,24,8,0,1,1,4294967295
tileLabyrinthRuinsA,816,192,72,40,24,8,0,1,1,4294967295
tileLabyrinthRuinsA,416,328,72,40,24,8,0,1,1,4294967295
tileLabyrinthRuinsA,408,368,72,40,24,8,0,1,1,4294967295
tileLabyrinthRuinsA,64,624,72,40,24,8,0,1,1,4294967295
tileLabyrinthRuinsA,704,624,72,40,24,8,0,1,1,4294967295
tileLabyrinthRuinsA,808,368,72,40,24,8,0,1,1,4294967295
tileLabyrinthRuinsA,1192,672,72,40,24,8,0,1,1,4294967295
tileLabyrinthRuinsA,1488,600,72,40,24,8,0,1,1,4294967295
tileLabyrinthRuinsA,1952,664,72,40,24,8,0,1,1,4294967295
tileLabyrinthRuinsA,1888,392,72,40,24,8,0,1,1,4294967295
tileLabyrinthRuinsA,2008,472,72,40,24,8,0,1,1,4294967295
tileLabyrinthRuinsA,1912,392,64,16,8,16,0,1,1,4294967295
tileLabyrinthRuinsA,2008,480,64,16,8,16,0,1,1,4294967295
tileLabyrinthRuinsA,2024,480,64,16,8,16,0,1,1,4294967295
tileLabyrinthRuinsA,1968,672,64,16,8,16,0,1,1,4294967295
tileLabyrinthRuinsA,1512,592,64,16,8,16,0,1,1,4294967295
tileLabyrinthRuinsA,1216,680,64,16,8,16,0,1,1,4294967295
tileLabyrinthRuinsA,1184,664,64,16,8,16,0,1,1,4294967295
tileLabyrinthRuinsA,816,352,64,16,8,16,0,1,1,4294967295
tileLabyrinthRuinsA,816,376,64,16,8,16,0,1,1,4294967295
tileLabyrinthRuinsA,264,32,64,16,8,16,0,1,1,4294967295
tileLabyrinthRuinsA,472,16,64,16,8,16,0,1,1,4294967295
tileLabyrinthRuinsA,504,40,64,16,8,16,0,1,1,4294967295
tileLabyrinthRuinsA,720,176,64,16,8,16,0,1,1,4294967295
tileLabyrinthRuinsA,864,160,64,16,8,16,0,1,1,4294967295
tileLabyrinthRuinsA,1376,16,64,16,8,16,0,1,1,4294967295
tileLabyrinthRuinsA,1392,8,64,16,8,16,0,1,1,4294967295
tileLabyrinthRuinsA,1904,400,72,16,8,8,0,1,1,4294967295
tileLabyrinthRuinsA,2016,488,72,16,8,8,0,1,1,4294967295
tileLabyrinthRuinsA,1944,664,72,16,8,8,0,1,1,4294967295
tileLabyrinthRuinsA,1568,664,72,16,8,8,0,1,1,4294967295
tileLabyrinthRuinsA,1480,616,72,16,8,8,0,1,1,4294967295
tileLabyrinthRuinsA,1200,664,72,16,8,8,0,1,1,4294967295
tileLabyrinthRuinsA,1216,672,72,16,8,8,0,1,1,4294967295
tileLabyrinthRuinsA,632,648,72,16,8,8,0,1,1,4294967295
tileLabyrinthRuinsA,408,360,72,16,8,8,0,1,1,4294967295
tileLabyrinthRuinsA,432,344,72,16,8,8,0,1,1,4294967295
tileLabyrinthRuinsA,496,48,72,16,8,8,0,1,1,4294967295
tileLabyrinthRuinsA,488,40,72,16,8,8,0,1,1,4294967295
tileLabyrinthRuinsA,488,32,72,16,8,8,0,1,1,4294967295
tileLabyrinthRuinsA,480,24,72,16,8,8,0,1,1,4294967295
tileLabyrinthRuinsA,272,40,72,16,8,8,0,1,1,4294967295
tileLabyrinthRuinsA,280,48,72,16,8,8,0,1,1,4294967295
tileLabyrinthRuinsA,288,40,72,16,8,8,0,1,1,4294967295
tileLabyrinthRuinsA,280,40,72,16,8,8,0,1,1,4294967295
tileLabyrinthRuinsA,288,32,72,16,8,8,0,1,1,4294967295
tileLabyrinthRuinsA,1152,24,72,16,8,8,0,1,1,4294967295
tileLabyrinthRuinsA,1200,8,72,16,8,8,0,1,1,4294967295
tileLabyrinthRuinsA,1224,16,72,16,8,8,0,1,1,4294967295
tileLabyrinthRuinsA,1384,16,72,16,8,8,0,1,1,4294967295
tileLabyrinthRuinsA,1400,8,72,16,8,8,0,1,1,4294967295
tileLabyrinthRuinsA,1488,264,72,16,8,8,0,1,1,4294967295
tileLabyrinthRuinsA,1256,240,72,16,8,8,0,1,1,4294967295
tileLabyrinthRuinsA,1816,456,144,16,16,32,0,1,1,4294967295
tileLabyrinthRuinsA,1816,488,144,32,16,16,0,1,1,4294967295
tileLabyrinthRuinsA,1816,504,144,32,16,16,0,1,1,4294967295
tileLabyrinthRuinsA,1816,536,144,32,16,32,0,1,1,4294967295
tileLabyrinthRuinsA,1816,520,144,32,16,16,0,1,1,4294967295
tileLabyrinthRuinsA,1560,472,144,16,16,48,0,1,1,4294967295
tileLabyrinthRuinsA,1464,472,144,16,16,32,0,1,1,4294967295
tileLabyrinthRuinsA,1464,504,144,32,16,32,0,1,1,4294967295
tileLabyrinthRuinsA,744,392,80,208,16,16,0,1,1,4294967295
tileLabyrinthRuinsA,1336,328,80,208,16,16,0,1,1,4294967295
tileLabyrinthRuinsA,1432,328,80,208,16,16,0,1,1,4294967295
tileLabyrinthRuinsA,1528,328,80,208,16,16,0,1,1,4294967295
tileLabyrinthRuinsA,1880,216,144,16,16,32,0,1,1,4294967295
tileLabyrinthRuinsA,1192,504,144,16,16,32,0,1,1,4294967295
tileLabyrinthRuinsA,552,168,144,16,16,32,0,1,1,4294967295
tileLabyrinthRuinsA,424,520,144,16,16,32,0,1,1,4294967295
tileLabyrinthRuinsA,424,552,144,32,16,32,0,1,1,4294967295
tileLabyrinthRuinsA,488,520,144,16,16,48,0,1,1,4294967295
tileLabyrinthRuinsA,1880,280,144,32,16,32,0,1,1,4294967295
tileLabyrinthRuinsA,552,216,144,32,16,32,0,1,1,4294967295
tileLabyrinthRuinsA,552,200,144,32,16,16,0,1,1,4294967295
tileLabyrinthRuinsA,1880,248,144,32,16,16,0,1,1,4294967295
tileLabyrinthRuinsA,1880,264,144,32,16,16,0,1,1,4294967295
tileLabyrinthRuinsA,1192,536,144,32,16,16,0,1,1,4294967295
tileLabyrinthRuinsA,1192,552,144,32,16,16,0,1,1,4294967295
tileLabyrinthRuinsA,1192,568,144,32,16,32,0,1,1,4294967295
