oMMBossDoor,3824,176,0018F068,0,1,1,4294967295,0,1
oHealingPost,3704,224,0009B462,0,1,1,4294967295,0,0
oStrikeChainPoint,1552,224,000C4C9D,0,1,1,4294967295,0,0
oStrikeChainPoint,1648,192,001BEB41,0,1,1,4294967295,0,0
oStrikeChainPoint,1744,160,002B7F51,0,1,1,4294967295,0,0
oZeldaBreakPot,1888,128,00189EB2,0,1,1,4294967295,0,0
oZeldaBreakPot,2552,208,001B5EDE,0,1,1,4294967295,0,0
oZeldaBreakPot,2832,208,0028F640,0,1,1,4294967295,0,0
oZapTrap,1488,312,00090145,0,1,1,4294967295,0,1
oZapTrap,1584,312,001B3E96,0,1,1,4294967295,0,1
oZapTrap,1680,312,003415C3,0,1,1,4294967295,0,1
oZapTrap,1776,312,0012B10A,0,1,1,4294967295,0,1
oZapTrap,2064,296,001278C1,0,1,1,4294967295,0,1
oZapTrap,2144,296,003B9D41,0,1,1,4294967295,0,1
oZapTrap,2400,48,000640E6,0,1,1,4294967295,0,1
oZapTrap,2624,48,001DD15E,0,1,1,4294967295,0,1
oZapTrap,2464,304,001EC970,0,1,1,4294967295,0,1
oZapTrap,2656,304,002CA81D,0,1,1,4294967295,0,1
oZapTrap,2896,296,00383248,0,1,1,4294967295,0,1
oZapTrap,3056,296,0021559F,0,1,1,4294967295,0,1
oZapTrap,3216,296,003C7BD4,0,1,1,4294967295,0,1
oZapTrap,3376,296,002938AE,0,1,1,4294967295,0,1
oRayTrap,528,96,0010D297,0,1,1,4294967295,0,0
oRayTrap,880,192,0005A301,0,1,1,4294967295,0,0
oRayTrapSensor,496,192,002F6677,0,1,1,4294967295,0,1
oRayTrapSensor,592,208,0015BC63,0,1,1,4294967295,0,1
oRayTrap,1072,224,0007A002,0,1,1,4294967295,0,0
oRayTrap,1072,128,000F0E51,0,1,1,4294967295,0,0
oRayTrap,1184,176,0031D14C,0,1,1,4294967295,0,0
oRayTrap,1296,64,0001B344,0,1,1,4294967295,0,0
oRayTrap,1296,288,003C63B7,0,1,1,4294967295,0,0
oRayTrapSensor,1024,64,0028284C,0,1,1,4294967295,0,1
oRayTrapSensor,1024,224,0006DFB5,0,1,1,4294967295,0,1
oRayTrapSensor,1120,224,0014D9F2,0,1,1,4294967295,0,1
oRayTrapSensor,1248,224,0014FF61,0,1,1,4294967295,0,1
oRayTrapSensor,1344,64,00252FE0,0,1,1,4294967295,0,1
oRayTrapSensor,1344,224,0027A34C,0,1,1,4294967295,0,1
oRayTrap,1584,80,003594BD,0,1,1,4294967295,0,0
oRayTrap,1824,160,003DB373,0,1,1,4294967295,0,0
oRayTrapSensor,1504,192,0026B724,0,1,1,4294967295,0,1
oRayTrapSensor,1600,160,000840F9,0,1,1,4294967295,0,1
oRayTrapSensor,1696,128,003883B3,0,1,1,4294967295,0,1
oRayTrapSensor,1792,96,000F1362,0,1,1,4294967295,0,1
oRayTrap,1952,152,0011525D,0,1,1,4294967295,0,0
oRayTrap,2144,64,000F8596,0,1,1,4294967295,0,0
oRayTrap,2144,256,0037D304,0,1,1,4294967295,0,0
oRayTrap,2336,152,003FB1C5,0,1,1,4294967295,0,0
oRayTrapSensor,1944,56,0023963B,0,1,1,4294967295,0,1
oRayTrapSensor,1944,232,001BF24B,0,1,1,4294967295,0,1
oRayTrapSensor,2144,80,000015E5,0,1,1,4294967295,0,1
oRayTrap,2400,48,0000625B,0,1,1,4294967295,0,0
oRayTrap,2528,48,003EB258,0,1,1,4294967295,0,0
oRayTrap,2624,48,000F5B44,0,1,1,4294967295,0,0
oRayTrap,2752,48,001477BE,0,1,1,4294967295,0,0
oRayTrap,2464,304,000AEDF1,0,1,1,4294967295,0,0
oRayTrap,2560,304,000B110F,0,1,1,4294967295,0,0
oRayTrap,2656,304,002196EB,0,1,1,4294967295,0,0
oRayTrap,2752,304,001491BC,0,1,1,4294967295,0,0
oRayTrapSensor,2416,160,002162DC,0,1,1,4294967295,0,1
oRayTrapSensor,2448,160,00303A4B,0,1,1,4294967295,0,1
oRayTrapSensor,2480,160,000C3422,0,1,1,4294967295,0,1
oRayTrapSensor,2512,160,0029309D,0,1,1,4294967295,0,1
oRayTrapSensor,2544,160,0023350B,0,1,1,4294967295,0,1
oRayTrapSensor,2576,160,0021F6D4,0,1,1,4294967295,0,1
oRayTrapSensor,2608,160,0035BB07,0,1,1,4294967295,0,1
oRayTrapSensor,2640,160,00211647,0,1,1,4294967295,0,1
oRayTrapSensor,2672,160,001E0BC4,0,1,1,4294967295,0,1
oRayTrapSensor,2704,160,00223469,0,1,1,4294967295,0,1
oRayTrap,3008,64,000A1787,0,1,1,4294967295,0,0
oRayTrap,3168,64,0000E947,0,1,1,4294967295,0,0
oRayTrap,3328,64,00160E83,0,1,1,4294967295,0,0
oRayTrapSensor,2960,208,00166FBE,0,1,1,4294967295,0,1
oRayTrapSensor,3120,208,000A7918,0,1,1,4294967295,0,1
oRayTrapSensor,3280,208,0013259E,0,1,1,4294967295,0,1
oRayTrapSensor,2904,56,00114CB6,0,1,1,4294967295,0,1
oRayTrapSensor,3432,56,002D3412,0,1,1,4294967295,0,1
oTurnCannon,1184,64,001F562D,0,1,1,4294967295,0,1
oTurnCannon,1184,304,0016A220,0,1,1,4294967295,0,1
oMegaTortoise,720,240,0000CF27,0,1,1,4294967295,0,0
oWallCancer,1216,176,00162B74,0,1,1,4294967295,0,1
oCrablaster,2032,48,003DABF5,0,1,1,4294967295,0,0
oNotorBanger,816,304,003312A9,0,1,1,4294967295,0,0
oPlayer1,48,304,002DDACE,0,1,1,4294967295,0,0
oInvCollPH,688,256,003BAAC7,0,1,1,4294967295,0,0
oInvCollPH,688,272,003883CB,0,1,1,4294967295,0,0
oInvCollPH,688,288,00086139,0,1,1,4294967295,0,0
oInvCollPH,704,240,002C12E1,0,1,1,4294967295,0,0
oInvCollPH,720,240,00131FB8,0,1,1,4294967295,0,0
oInvCollPH,736,240,001E80DA,0,1,1,4294967295,0,0
oInvCollPH,736,256,0039F759,0,1,1,4294967295,0,0
oInvCollPH,736,272,0031311D,0,1,1,4294967295,0,0
oInvCollPH,736,288,000370FA,0,1,1,4294967295,0,0
oInvCollPH,32,32,00115878,0,1,1,4294967295,0,0
oInvCollPH,32,48,000546C8,0,1,1,4294967295,0,0
oInvCollPH,32,64,0014EA3B,0,1,1,4294967295,0,0
oInvCollPH,32,80,00162D7A,0,1,1,4294967295,0,0
oInvCollPH,32,96,000B2562,0,1,1,4294967295,0,0
oInvCollPH,32,112,00329167,0,1,1,4294967295,0,0
oInvCollPH,32,128,00242CBC,0,1,1,4294967295,0,0
oInvCollPH,32,144,0000592B,0,1,1,4294967295,0,0
oInvCollPH,32,160,0016753A,0,1,1,4294967295,0,0
oInvCollPH,32,176,0024AD4C,0,1,1,4294967295,0,0
oInvCollPH,32,192,002B45BF,0,1,1,4294967295,0,0
oInvCollPH,32,208,0037B543,0,1,1,4294967295,0,0
oInvCollPH,32,224,0009509C,0,1,1,4294967295,0,0
oInvCollPH,16,224,0007CABB,0,1,1,4294967295,0,0
oInvCollPH,0,224,00231E2C,0,1,1,4294967295,0,0
oInvCollPH,416,256,0016FECC,0,1,1,4294967295,0,0
oInvCollPH,416,272,003C0D71,0,1,1,4294967295,0,0
oInvCollPH,416,288,00106E3B,0,1,1,4294967295,0,0
oInvCollPH,384,192,000B4504,0,1,1,4294967295,0,0
oInvCollPH,384,208,00096B6F,0,1,1,4294967295,0,0
oInvCollPH,384,224,00292E1A,0,1,1,4294967295,0,0
oInvCollPH,384,240,001B4714,0,1,1,4294967295,0,0
oInvCollPH,304,288,0031DBDD,0,1,1,4294967295,0,0
oInvCollPH,304,272,0011DC21,0,1,1,4294967295,0,0
oInvCollPH,304,256,002BA26B,0,1,1,4294967295,0,0
oInvCollPH,304,240,000C4010,0,1,1,4294967295,0,0
oInvCollPH,304,224,000E58BA,0,1,1,4294967295,0,0
oInvCollPH,304,208,001C5C66,0,1,1,4294967295,0,0
oInvCollPH,304,192,0003473D,0,1,1,4294967295,0,0
oInvCollPH,304,176,002DD9D9,0,1,1,4294967295,0,0
oInvCollPH,304,160,001ABD89,0,1,1,4294967295,0,0
oInvCollPH,320,144,0030B5B2,0,1,1,4294967295,0,0
oInvCollPH,336,144,000E1EB6,0,1,1,4294967295,0,0
oInvCollPH,352,144,0026B293,0,1,1,4294967295,0,0
oInvCollPH,352,160,003DCBB3,0,1,1,4294967295,0,0
oInvCollPH,352,176,00376080,0,1,1,4294967295,0,0
oInvCollPH,880,288,00286D29,0,1,1,4294967295,0,0
oInvCollPH,896,272,0038C596,0,1,1,4294967295,0,0
oInvCollPH,912,272,002A3A07,0,1,1,4294967295,0,0
oInvCollPH,928,272,0017AD08,0,1,1,4294967295,0,0
oInvCollPH,928,288,0002F243,0,1,1,4294967295,0,0
oInvCollPH,784,64,003498D8,0,1,1,4294967295,0,0
oInvCollPH,784,80,00314C98,0,1,1,4294967295,0,0
oInvCollPH,784,96,000057F2,0,1,1,4294967295,0,0
oInvCollPH,800,96,000ED5EF,0,1,1,4294967295,0,0
oInvCollPH,816,96,00249BC0,0,1,1,4294967295,0,0
oInvCollPH,832,96,0032DD64,0,1,1,4294967295,0,0
oInvCollPH,848,112,00096213,0,1,1,4294967295,0,0
oInvCollPH,848,128,001B1BD7,0,1,1,4294967295,0,0
oInvCollPH,848,144,003BD6B0,0,1,1,4294967295,0,0
oInvCollPH,848,160,001E4329,0,1,1,4294967295,0,0
oInvCollPH,864,160,00067497,0,1,1,4294967295,0,0
oInvCollPH,880,160,003D1CE6,0,1,1,4294967295,0,0
oInvCollPH,896,160,000E026C,0,1,1,4294967295,0,0
oInvCollPH,896,144,001A3CC0,0,1,1,4294967295,0,0
oInvCollPH,896,128,0030BD71,0,1,1,4294967295,0,0
oInvCollPH,896,112,001955F7,0,1,1,4294967295,0,0
oInvCollPH,896,96,002D5CA3,0,1,1,4294967295,0,0
oInvCollPH,896,80,002CB1B2,0,1,1,4294967295,0,0
oInvCollPH,896,64,003A96C9,0,1,1,4294967295,0,0
oInvCollPH,896,48,00081945,0,1,1,4294967295,0,0
oInvCollPH,48,16,00055A53,0,1,1,4294967295,0,0
oInvCollPH,64,16,00281071,0,1,1,4294967295,0,0
oInvCollPH,80,16,003CD7B9,0,1,1,4294967295,0,0
oInvCollPH,96,16,001247D4,0,1,1,4294967295,0,0
oInvCollPH,112,16,00118351,0,1,1,4294967295,0,0
oInvCollPH,128,16,000DB940,0,1,1,4294967295,0,0
oInvCollPH,144,16,002D81B6,0,1,1,4294967295,0,0
oInvCollPH,160,16,0001E0E9,0,1,1,4294967295,0,0
oInvCollPH,176,16,00157D5C,0,1,1,4294967295,0,0
oInvCollPH,192,16,0007017F,0,1,1,4294967295,0,0
oInvCollPH,384,16,0036F15F,0,1,1,4294967295,0,0
oInvCollPH,368,16,0014FC74,0,1,1,4294967295,0,0
oInvCollPH,352,16,0023B5F0,0,1,1,4294967295,0,0
oInvCollPH,336,16,00052AC6,0,1,1,4294967295,0,0
oInvCollPH,320,16,003FA262,0,1,1,4294967295,0,0
oInvCollPH,304,16,0009EE13,0,1,1,4294967295,0,0
oInvCollPH,288,16,0010A539,0,1,1,4294967295,0,0
oInvCollPH,272,16,001BD4C8,0,1,1,4294967295,0,0
oInvCollPH,256,16,000182AD,0,1,1,4294967295,0,0
oInvCollPH,240,16,0008F278,0,1,1,4294967295,0,0
oInvCollPH,224,16,0025B83A,0,1,1,4294967295,0,0
oInvCollPH,208,16,002C60F9,0,1,1,4294967295,0,0
oInvCollPH,400,32,0018BE73,0,1,1,4294967295,0,0
oInvCollPH,416,32,000F187E,0,1,1,4294967295,0,0
oInvCollPH,432,32,0005EDE9,0,1,1,4294967295,0,0
oInvCollPH,448,32,00103227,0,1,1,4294967295,0,0
oInvCollPH,464,32,00150F70,0,1,1,4294967295,0,0
oInvCollPH,480,32,003CC314,0,1,1,4294967295,0,0
oInvCollPH,496,32,001F9BB6,0,1,1,4294967295,0,0
oInvCollPH,512,32,0004D53F,0,1,1,4294967295,0,0
oInvCollPH,528,32,00131E75,0,1,1,4294967295,0,0
oInvCollPH,544,32,001B8FC2,0,1,1,4294967295,0,0
oInvCollPH,16,304,003AAD6B,0,1,1,4294967295,0,0
oInvCollPH,32,304,0016C1BE,0,1,1,4294967295,0,0
oInvCollPH,48,304,00157E3F,0,1,1,4294967295,0,0
oInvCollPH,64,304,002D929D,0,1,1,4294967295,0,0
oInvCollPH,80,304,000CE56E,0,1,1,4294967295,0,0
oInvCollPH,96,304,00118973,0,1,1,4294967295,0,0
oInvCollPH,112,304,0023D0B6,0,1,1,4294967295,0,0
oInvCollPH,128,304,00075EC5,0,1,1,4294967295,0,0
oInvCollPH,144,304,001B4AC7,0,1,1,4294967295,0,0
oInvCollPH,160,304,0003A5D8,0,1,1,4294967295,0,0
oInvCollPH,176,304,000ECBD0,0,1,1,4294967295,0,0
oInvCollPH,192,304,001A542A,0,1,1,4294967295,0,0
oInvCollPH,208,304,00176972,0,1,1,4294967295,0,0
oInvCollPH,224,304,000A14AB,0,1,1,4294967295,0,0
oInvCollPH,240,304,000815EE,0,1,1,4294967295,0,0
oInvCollPH,256,304,0032F06A,0,1,1,4294967295,0,0
oInvCollPH,272,304,001CAF51,0,1,1,4294967295,0,0
oInvCollPH,288,304,002811FD,0,1,1,4294967295,0,0
oInvCollPH,432,304,00354F5A,0,1,1,4294967295,0,0
oInvCollPH,448,304,00272036,0,1,1,4294967295,0,0
oInvCollPH,464,304,000F83B9,0,1,1,4294967295,0,0
oInvCollPH,480,304,0011D3D0,0,1,1,4294967295,0,0
oInvCollPH,496,304,00022349,0,1,1,4294967295,0,0
oInvCollPH,512,304,00008D84,0,1,1,4294967295,0,0
oInvCollPH,528,304,002C822B,0,1,1,4294967295,0,0
oInvCollPH,544,304,0022A388,0,1,1,4294967295,0,0
oInvCollPH,560,304,00078A4A,0,1,1,4294967295,0,0
oInvCollPH,576,304,000254ED,0,1,1,4294967295,0,0
oInvCollPH,592,304,001FE1F2,0,1,1,4294967295,0,0
oInvCollPH,608,304,0001717B,0,1,1,4294967295,0,0
oInvCollPH,624,304,00241D5D,0,1,1,4294967295,0,0
oInvCollPH,640,304,0038C77B,0,1,1,4294967295,0,0
oInvCollPH,656,304,0013DEB3,0,1,1,4294967295,0,0
oInvCollPH,672,304,003FB324,0,1,1,4294967295,0,0
oInvCollPH,752,304,0012C737,0,1,1,4294967295,0,0
oInvCollPH,768,304,002D30BD,0,1,1,4294967295,0,0
oInvCollPH,784,304,00097B4C,0,1,1,4294967295,0,0
oInvCollPH,800,304,00395EC9,0,1,1,4294967295,0,0
oInvCollPH,816,304,00160CB0,0,1,1,4294967295,0,0
oInvCollPH,832,304,00024F88,0,1,1,4294967295,0,0
oInvCollPH,848,304,0001065D,0,1,1,4294967295,0,0
oInvCollPH,864,304,001404BA,0,1,1,4294967295,0,0
oInvCollPH,560,32,00070779,0,1,1,4294967295,0,0
oInvCollPH,576,32,002ADA28,0,1,1,4294967295,0,0
oInvCollPH,592,32,00179540,0,1,1,4294967295,0,0
oInvCollPH,608,32,00041CFE,0,1,1,4294967295,0,0
oInvCollPH,624,32,003AD60D,0,1,1,4294967295,0,0
oInvCollPH,640,32,000B9D52,0,1,1,4294967295,0,0
oInvCollPH,656,32,002D1122,0,1,1,4294967295,0,0
oInvCollPH,672,32,00114CED,0,1,1,4294967295,0,0
oInvCollPH,688,32,000B9B93,0,1,1,4294967295,0,0
oInvCollPH,704,32,00236F14,0,1,1,4294967295,0,0
oInvCollPH,720,32,0000889D,0,1,1,4294967295,0,0
oInvCollPH,736,32,000FB2BC,0,1,1,4294967295,0,0
oInvCollPH,752,32,00058C14,0,1,1,4294967295,0,0
oInvCollPH,768,32,001A1F81,0,1,1,4294967295,0,0
oInvCollPH,912,32,0032D72D,0,1,1,4294967295,0,0
oInvCollPH,928,32,0003F80F,0,1,1,4294967295,0,0
oInvCollPH,1008,160,002323AA,0,1,1,4294967295,0,0
oInvCollPH,1008,176,00350324,0,1,1,4294967295,0,0
oInvCollPH,1008,192,002EE6B5,0,1,1,4294967295,0,0
oInvCollPH,1024,192,00143426,0,1,1,4294967295,0,0
oInvCollPH,1040,192,000E2E00,0,1,1,4294967295,0,0
oInvCollPH,1056,192,0015474A,0,1,1,4294967295,0,0
oInvCollPH,1072,192,00167C15,0,1,1,4294967295,0,0
oInvCollPH,1088,192,0038D6A3,0,1,1,4294967295,0,0
oInvCollPH,1104,192,002336AB,0,1,1,4294967295,0,0
oInvCollPH,1120,192,0000EBDD,0,1,1,4294967295,0,0
oInvCollPH,1120,176,00312DC3,0,1,1,4294967295,0,0
oInvCollPH,1120,160,0002CF2B,0,1,1,4294967295,0,0
oInvCollPH,1120,144,003C64E0,0,1,1,4294967295,0,0
oInvCollPH,1104,144,0005C2DA,0,1,1,4294967295,0,0
oInvCollPH,1088,144,000EE4EF,0,1,1,4294967295,0,0
oInvCollPH,1072,144,0015AEC9,0,1,1,4294967295,0,0
oInvCollPH,1056,144,0011AFD3,0,1,1,4294967295,0,0
oInvCollPH,1040,144,001BCCFE,0,1,1,4294967295,0,0
oInvCollPH,1024,144,003A3C6C,0,1,1,4294967295,0,0
oInvCollPH,1232,160,002C2868,0,1,1,4294967295,0,0
oInvCollPH,1232,176,0033F8D2,0,1,1,4294967295,0,0
oInvCollPH,1232,192,001FAF0B,0,1,1,4294967295,0,0
oInvCollPH,1248,192,00211497,0,1,1,4294967295,0,0
oInvCollPH,1264,192,003D8EFA,0,1,1,4294967295,0,0
oInvCollPH,1280,192,00318C2A,0,1,1,4294967295,0,0
oInvCollPH,1296,192,002D6BC7,0,1,1,4294967295,0,0
oInvCollPH,1312,192,0018DA58,0,1,1,4294967295,0,0
oInvCollPH,1328,192,0012F56B,0,1,1,4294967295,0,0
oInvCollPH,1344,192,0009356F,0,1,1,4294967295,0,0
oInvCollPH,1344,176,00402A61,0,1,1,4294967295,0,0
oInvCollPH,1344,160,003F69F0,0,1,1,4294967295,0,0
oInvCollPH,1344,144,003EF1F7,0,1,1,4294967295,0,0
oInvCollPH,1328,144,0037B980,0,1,1,4294967295,0,0
oInvCollPH,1312,144,00213A82,0,1,1,4294967295,0,0
oInvCollPH,1296,144,0001FAEF,0,1,1,4294967295,0,0
oInvCollPH,1280,144,000C8F1D,0,1,1,4294967295,0,0
oInvCollPH,1264,144,00285400,0,1,1,4294967295,0,0
oInvCollPH,1248,144,000FF688,0,1,1,4294967295,0,0
oInvCollPH,944,32,003F4449,0,1,1,4294967295,0,0
oInvCollPH,960,32,002D1773,0,1,1,4294967295,0,0
oInvCollPH,976,32,0008CC58,0,1,1,4294967295,0,0
oInvCollPH,992,32,00072A6D,0,1,1,4294967295,0,0
oInvCollPH,1008,32,003F2D91,0,1,1,4294967295,0,0
oInvCollPH,1024,32,002899A5,0,1,1,4294967295,0,0
oInvCollPH,1040,32,00057622,0,1,1,4294967295,0,0
oInvCollPH,1056,32,0019C221,0,1,1,4294967295,0,0
oInvCollPH,1072,32,001EE587,0,1,1,4294967295,0,0
oInvCollPH,1088,32,003AEB6D,0,1,1,4294967295,0,0
oInvCollPH,1104,32,000B9777,0,1,1,4294967295,0,0
oInvCollPH,1120,32,000AB813,0,1,1,4294967295,0,0
oInvCollPH,1136,32,0003B1E5,0,1,1,4294967295,0,0
oInvCollPH,1152,32,003D6547,0,1,1,4294967295,0,0
oInvCollPH,1168,32,00202DB3,0,1,1,4294967295,0,0
oInvCollPH,1184,32,003D1030,0,1,1,4294967295,0,0
oInvCollPH,1200,32,000F268E,0,1,1,4294967295,0,0
oInvCollPH,1216,32,001052A9,0,1,1,4294967295,0,0
oInvCollPH,1232,32,00213649,0,1,1,4294967295,0,0
oInvCollPH,1248,32,0003B33C,0,1,1,4294967295,0,0
oInvCollPH,1264,32,003FF15D,0,1,1,4294967295,0,0
oInvCollPH,1280,32,00253A6E,0,1,1,4294967295,0,0
oInvCollPH,1296,32,003AE9A1,0,1,1,4294967295,0,0
oInvCollPH,1312,32,00230DB9,0,1,1,4294967295,0,0
oInvCollPH,1328,32,003ED445,0,1,1,4294967295,0,0
oInvCollPH,1344,32,002DF1A1,0,1,1,4294967295,0,0
oInvCollPH,944,304,000E26CB,0,1,1,4294967295,0,0
oInvCollPH,960,304,00313348,0,1,1,4294967295,0,0
oInvCollPH,976,304,001D1F65,0,1,1,4294967295,0,0
oInvCollPH,992,304,00134A76,0,1,1,4294967295,0,0
oInvCollPH,1008,304,0035E2CF,0,1,1,4294967295,0,0
oInvCollPH,1024,304,0025DFC5,0,1,1,4294967295,0,0
oInvCollPH,1040,304,0027CDF5,0,1,1,4294967295,0,0
oInvCollPH,1056,304,0011BF3A,0,1,1,4294967295,0,0
oInvCollPH,1072,304,003F9C41,0,1,1,4294967295,0,0
oInvCollPH,1088,304,001BC458,0,1,1,4294967295,0,0
oInvCollPH,1104,304,003AA47C,0,1,1,4294967295,0,0
oInvCollPH,1120,304,00181964,0,1,1,4294967295,0,0
oInvCollPH,1136,304,0035DA33,0,1,1,4294967295,0,0
oInvCollPH,1152,304,00182B9A,0,1,1,4294967295,0,0
oInvCollPH,1168,304,0034211B,0,1,1,4294967295,0,0
oInvCollPH,1184,304,0004E11E,0,1,1,4294967295,0,0
oInvCollPH,1200,304,003D954B,0,1,1,4294967295,0,0
oInvCollPH,1216,304,0037C479,0,1,1,4294967295,0,0
oInvCollPH,1232,304,002CEE50,0,1,1,4294967295,0,0
oInvCollPH,1248,304,001F9A6D,0,1,1,4294967295,0,0
oInvCollPH,1264,304,00127969,0,1,1,4294967295,0,0
oInvCollPH,1280,304,003D22D0,0,1,1,4294967295,0,0
oInvCollPH,1296,304,0023D82F,0,1,1,4294967295,0,0
oInvCollPH,1312,304,0026794A,0,1,1,4294967295,0,0
oInvCollPH,1328,304,003BEB7E,0,1,1,4294967295,0,0
oInvCollPH,1344,304,003C345C,0,1,1,4294967295,0,0
oInvCollPH,1360,304,00161239,0,1,1,4294967295,0,0
oInvCollPH,1376,304,0004509D,0,1,1,4294967295,0,0
oInvCollPH,1392,304,000E23A3,0,1,1,4294967295,0,0
oInvCollPH,1408,304,0014E918,0,1,1,4294967295,0,0
oInvCollPH,1424,304,000A82DB,0,1,1,4294967295,0,0
oInvCollPH,1440,304,000C42C4,0,1,1,4294967295,0,0
oInvCollPH,1456,304,0009A974,0,1,1,4294967295,0,0
oInvCollPH,1472,304,00220B95,0,1,1,4294967295,0,0
oInvCollPH,1360,32,003A2026,0,1,1,4294967295,0,0
oInvCollPH,1376,32,00115A52,0,1,1,4294967295,0,0
oInvCollPH,1392,32,0014EC00,0,1,1,4294967295,0,0
oInvCollPH,1408,32,0033EC85,0,1,1,4294967295,0,0
oInvCollPH,1424,64,003607CB,0,1,1,4294967295,0,0
oInvCollPH,1424,80,00168552,0,1,1,4294967295,0,0
oInvCollPH,1424,96,0004ED38,0,1,1,4294967295,0,0
oInvCollPH,1440,96,00054411,0,1,1,4294967295,0,0
oInvCollPH,1456,96,002AC2A1,0,1,1,4294967295,0,0
oInvCollPH,1472,96,00038897,0,1,1,4294967295,0,0
oInvCollPH,1488,96,0004179D,0,1,1,4294967295,0,0
oInvCollPH,1504,96,0008054F,0,1,1,4294967295,0,0
oInvCollPH,1520,96,00170F3C,0,1,1,4294967295,0,0
oInvCollPH,1536,96,0027E8B5,0,1,1,4294967295,0,0
oInvCollPH,1536,80,00398E57,0,1,1,4294967295,0,0
oInvCollPH,1536,64,00368B81,0,1,1,4294967295,0,0
oInvCollPH,1536,48,0024C00B,0,1,1,4294967295,0,0
oInvCollPH,1840,160,00201599,0,1,1,4294967295,0,0
oInvCollPH,1856,160,00247888,0,1,1,4294967295,0,0
oInvCollPH,1856,144,002BC40F,0,1,1,4294967295,0,0
oInvCollPH,1872,176,001C69DA,0,1,1,4294967295,0,0
oInvCollPH,1872,192,000837B3,0,1,1,4294967295,0,0
oInvCollPH,1872,208,0031180E,0,1,1,4294967295,0,0
oInvCollPH,1872,224,0010D68D,0,1,1,4294967295,0,0
oInvCollPH,1872,240,00012C92,0,1,1,4294967295,0,0
oInvCollPH,1872,256,002F6147,0,1,1,4294967295,0,0
oInvCollPH,1872,272,001497E7,0,1,1,4294967295,0,0
oInvCollPH,1872,288,003CE86A,0,1,1,4294967295,0,0
oInvCollPH,1888,144,002DBE98,0,1,1,4294967295,0,0
oInvCollPH,1904,144,001302E3,0,1,1,4294967295,0,0
oInvCollPH,1920,144,001971E6,0,1,1,4294967295,0,0
oInvCollPH,1920,160,001CCC45,0,1,1,4294967295,0,0
oInvCollPH,1920,176,003DA83F,0,1,1,4294967295,0,0
oInvCollPH,1920,192,00097BB4,0,1,1,4294967295,0,0
oInvCollPH,1872,304,001AA402,0,1,1,4294967295,0,0
oInvCollPH,1504,320,001C6887,0,1,1,4294967295,0,0
oInvCollPH,1520,320,00285215,0,1,1,4294967295,0,0
oInvCollPH,1536,320,003DA8EA,0,1,1,4294967295,0,0
oInvCollPH,1552,320,002EBFD5,0,1,1,4294967295,0,0
oInvCollPH,1568,320,00312A27,0,1,1,4294967295,0,0
oInvCollPH,1584,320,001E58C4,0,1,1,4294967295,0,0
oInvCollPH,1600,320,00214563,0,1,1,4294967295,0,0
oInvCollPH,1616,320,00069F48,0,1,1,4294967295,0,0
oInvCollPH,1632,320,0008474B,0,1,1,4294967295,0,0
oInvCollPH,1856,320,0023085E,0,1,1,4294967295,0,0
oInvCollPH,1840,320,00123FE3,0,1,1,4294967295,0,0
oInvCollPH,1824,320,00280193,0,1,1,4294967295,0,0
oInvCollPH,1808,320,0023DF5E,0,1,1,4294967295,0,0
oInvCollPH,1792,320,0034D2A0,0,1,1,4294967295,0,0
oInvCollPH,1712,320,000A2E97,0,1,1,4294967295,0,0
oInvCollPH,1728,320,00294F94,0,1,1,4294967295,0,0
oInvCollPH,1744,320,0037F2B8,0,1,1,4294967295,0,0
oInvCollPH,1760,320,001304EA,0,1,1,4294967295,0,0
oInvCollPH,1776,320,0018AA86,0,1,1,4294967295,0,0
oInvCollPH,1648,320,002053C5,0,1,1,4294967295,0,0
oInvCollPH,1664,320,0008F5DC,0,1,1,4294967295,0,0
oInvCollPH,1680,320,003EEE06,0,1,1,4294967295,0,0
oInvCollPH,1696,320,003F4A6A,0,1,1,4294967295,0,0
oInvCollPH,1664,32,003A758A,0,1,1,4294967295,0,0
oInvCollPH,1648,32,002409EA,0,1,1,4294967295,0,0
oInvCollPH,1632,32,003B0098,0,1,1,4294967295,0,0
oInvCollPH,1616,32,0012ABC4,0,1,1,4294967295,0,0
oInvCollPH,1600,32,002F5A7F,0,1,1,4294967295,0,0
oInvCollPH,1584,32,00193D95,0,1,1,4294967295,0,0
oInvCollPH,1568,32,0025C463,0,1,1,4294967295,0,0
oInvCollPH,1552,32,0015B925,0,1,1,4294967295,0,0
oInvCollPH,1744,32,000E9AEA,0,1,1,4294967295,0,0
oInvCollPH,1728,32,00398986,0,1,1,4294967295,0,0
oInvCollPH,1712,32,0011515B,0,1,1,4294967295,0,0
oInvCollPH,1696,32,000CDF02,0,1,1,4294967295,0,0
oInvCollPH,1680,32,003514C9,0,1,1,4294967295,0,0
oInvCollPH,1824,32,001C04E7,0,1,1,4294967295,0,0
oInvCollPH,1808,32,0011A6A4,0,1,1,4294967295,0,0
oInvCollPH,1792,32,0022B50C,0,1,1,4294967295,0,0
oInvCollPH,1776,32,000870FC,0,1,1,4294967295,0,0
oInvCollPH,1760,32,000C28DF,0,1,1,4294967295,0,0
oInvCollPH,1920,32,0007C696,0,1,1,4294967295,0,0
oInvCollPH,1904,32,003BF158,0,1,1,4294967295,0,0
oInvCollPH,1888,32,002D196F,0,1,1,4294967295,0,0
oInvCollPH,1872,32,000629FE,0,1,1,4294967295,0,0
oInvCollPH,1856,32,00018898,0,1,1,4294967295,0,0
oInvCollPH,1840,32,0030AB37,0,1,1,4294967295,0,0
oInvCollPH,1984,32,002CA936,0,1,1,4294967295,0,0
oInvCollPH,1968,32,00009556,0,1,1,4294967295,0,0
oInvCollPH,1952,32,0013E614,0,1,1,4294967295,0,0
oInvCollPH,1936,32,002D1A1C,0,1,1,4294967295,0,0
oInvCollPH,2064,32,00256CCB,0,1,1,4294967295,0,0
oInvCollPH,2048,32,000C8F6F,0,1,1,4294967295,0,0
oInvCollPH,2032,32,002747D2,0,1,1,4294967295,0,0
oInvCollPH,2016,32,000B7F61,0,1,1,4294967295,0,0
oInvCollPH,2000,32,001ACD3A,0,1,1,4294967295,0,0
oInvCollPH,2144,32,00278BAD,0,1,1,4294967295,0,0
oInvCollPH,2128,32,003D6AEA,0,1,1,4294967295,0,0
oInvCollPH,2112,32,000CE755,0,1,1,4294967295,0,0
oInvCollPH,2096,32,0019372E,0,1,1,4294967295,0,0
oInvCollPH,2080,32,0029F3F5,0,1,1,4294967295,0,0
oInvCollPH,2224,32,000690A3,0,1,1,4294967295,0,0
oInvCollPH,2208,32,00209E6A,0,1,1,4294967295,0,0
oInvCollPH,2192,32,002B5DF5,0,1,1,4294967295,0,0
oInvCollPH,2176,32,000E02B1,0,1,1,4294967295,0,0
oInvCollPH,2160,32,002FAA24,0,1,1,4294967295,0,0
oInvCollPH,2304,32,00402ACC,0,1,1,4294967295,0,0
oInvCollPH,2288,32,002FEB4F,0,1,1,4294967295,0,0
oInvCollPH,2272,32,00194C27,0,1,1,4294967295,0,0
oInvCollPH,2256,32,001A9467,0,1,1,4294967295,0,0
oInvCollPH,2240,32,0030E9C7,0,1,1,4294967295,0,0
oInvCollPH,2336,32,002F4E25,0,1,1,4294967295,0,0
oInvCollPH,2320,32,0002F691,0,1,1,4294967295,0,0
oInvCollPH,2352,64,00106252,0,1,1,4294967295,0,0
oInvCollPH,2352,80,000FDEBB,0,1,1,4294967295,0,0
oInvCollPH,2352,96,001F764B,0,1,1,4294967295,0,0
oInvCollPH,2352,112,0004E5CB,0,1,1,4294967295,0,0
oInvCollPH,2352,128,003C205F,0,1,1,4294967295,0,0
oInvCollPH,2352,144,0018F6D0,0,1,1,4294967295,0,0
oInvCollPH,2368,144,00159B09,0,1,1,4294967295,0,0
oInvCollPH,2352,240,000EA191,0,1,1,4294967295,0,0
oInvCollPH,2368,224,00192925,0,1,1,4294967295,0,0
oInvCollPH,2384,224,002D543B,0,1,1,4294967295,0,0
oInvCollPH,2400,224,00344614,0,1,1,4294967295,0,0
oInvCollPH,2416,224,00285EF6,0,1,1,4294967295,0,0
oInvCollPH,2432,224,000DF685,0,1,1,4294967295,0,0
oInvCollPH,2224,272,002CD51B,0,1,1,4294967295,0,0
oInvCollPH,2224,288,00347E03,0,1,1,4294967295,0,0
oInvCollPH,2240,256,001F0DC2,0,1,1,4294967295,0,0
oInvCollPH,2256,256,0034DD84,0,1,1,4294967295,0,0
oInvCollPH,2272,256,000496A3,0,1,1,4294967295,0,0
oInvCollPH,2288,256,003AF310,0,1,1,4294967295,0,0
oInvCollPH,2304,256,0026480D,0,1,1,4294967295,0,0
oInvCollPH,2320,256,002E01F0,0,1,1,4294967295,0,0
oInvCollPH,2336,256,00263D21,0,1,1,4294967295,0,0
oInvCollPH,2080,304,0035186A,0,1,1,4294967295,0,0
oInvCollPH,2096,304,00289943,0,1,1,4294967295,0,0
oInvCollPH,2112,304,0021AD80,0,1,1,4294967295,0,0
oInvCollPH,2128,304,00287F0E,0,1,1,4294967295,0,0
oInvCollPH,2144,304,000FC01B,0,1,1,4294967295,0,0
oInvCollPH,2160,304,0013AE20,0,1,1,4294967295,0,0
oInvCollPH,2176,304,0026EBBC,0,1,1,4294967295,0,0
oInvCollPH,2192,304,002912C0,0,1,1,4294967295,0,0
oInvCollPH,2208,304,00258530,0,1,1,4294967295,0,0
oInvCollPH,1920,208,003A6D13,0,1,1,4294967295,0,0
oInvCollPH,1920,224,0017B01D,0,1,1,4294967295,0,0
oInvCollPH,1920,240,000D8C42,0,1,1,4294967295,0,0
oInvCollPH,2384,144,0011FB37,0,1,1,4294967295,0,0
oInvCollPH,2400,144,0036316F,0,1,1,4294967295,0,0
oInvCollPH,2416,144,0029E7BF,0,1,1,4294967295,0,0
oInvCollPH,2432,144,001A085D,0,1,1,4294967295,0,0
oInvCollPH,2448,144,002D64BE,0,1,1,4294967295,0,0
oInvCollPH,2464,144,00065717,0,1,1,4294967295,0,0
oInvCollPH,2480,144,00321D30,0,1,1,4294967295,0,0
oInvCollPH,2496,144,001D939D,0,1,1,4294967295,0,0
oInvCollPH,2512,144,0039D869,0,1,1,4294967295,0,0
oInvCollPH,2528,144,00357F11,0,1,1,4294967295,0,0
oInvCollPH,2752,96,0009712E,0,1,1,4294967295,0,0
oInvCollPH,2752,112,000A7729,0,1,1,4294967295,0,0
oInvCollPH,2752,128,00264973,0,1,1,4294967295,0,0
oInvCollPH,2752,144,001E8C74,0,1,1,4294967295,0,0
oInvCollPH,2736,144,001CD15A,0,1,1,4294967295,0,0
oInvCollPH,2720,144,001B5528,0,1,1,4294967295,0,0
oInvCollPH,2704,144,00134BFF,0,1,1,4294967295,0,0
oInvCollPH,2688,144,0002B302,0,1,1,4294967295,0,0
oInvCollPH,2672,144,003A4936,0,1,1,4294967295,0,0
oInvCollPH,2656,144,0037BE6D,0,1,1,4294967295,0,0
oInvCollPH,2640,144,0019237C,0,1,1,4294967295,0,0
oInvCollPH,2624,144,00240243,0,1,1,4294967295,0,0
oInvCollPH,2608,144,00073CFC,0,1,1,4294967295,0,0
oInvCollPH,2544,144,001CF2EB,0,1,1,4294967295,0,0
oInvCollPH,2560,144,001E7391,0,1,1,4294967295,0,0
oInvCollPH,2576,144,00331D60,0,1,1,4294967295,0,0
oInvCollPH,2592,144,00156586,0,1,1,4294967295,0,0
oInvCollPH,2496,224,001D9A81,0,1,1,4294967295,0,0
oInvCollPH,2480,224,001EFE01,0,1,1,4294967295,0,0
oInvCollPH,2464,224,002C5CC0,0,1,1,4294967295,0,0
oInvCollPH,2560,224,0019A97B,0,1,1,4294967295,0,0
oInvCollPH,2544,224,0018D084,0,1,1,4294967295,0,0
oInvCollPH,2528,224,0010836D,0,1,1,4294967295,0,0
oInvCollPH,2512,224,000C7501,0,1,1,4294967295,0,0
oInvCollPH,2592,224,00225E4E,0,1,1,4294967295,0,0
oInvCollPH,2576,224,001F5F02,0,1,1,4294967295,0,0
oInvCollPH,2752,224,00259CE3,0,1,1,4294967295,0,0
oInvCollPH,2736,224,00199383,0,1,1,4294967295,0,0
oInvCollPH,2720,224,002ECAB7,0,1,1,4294967295,0,0
oInvCollPH,2704,224,00071891,0,1,1,4294967295,0,0
oInvCollPH,2688,224,003C3892,0,1,1,4294967295,0,0
oInvCollPH,2672,224,000A0701,0,1,1,4294967295,0,0
oInvCollPH,2656,224,00211E0D,0,1,1,4294967295,0,0
oInvCollPH,2640,224,0001A386,0,1,1,4294967295,0,0
oInvCollPH,2624,224,00188A89,0,1,1,4294967295,0,0
oInvCollPH,2608,224,0026EEC3,0,1,1,4294967295,0,0
oInvCollPH,2768,80,0011E457,0,1,1,4294967295,0,0
oInvCollPH,2784,80,00175871,0,1,1,4294967295,0,0
oInvCollPH,2800,80,001B16BB,0,1,1,4294967295,0,0
oInvCollPH,2816,80,00111626,0,1,1,4294967295,0,0
oInvCollPH,2832,80,001AF21B,0,1,1,4294967295,0,0
oInvCollPH,2848,80,003B1B48,0,1,1,4294967295,0,0
oInvCollPH,2864,80,002E4DFB,0,1,1,4294967295,0,0
oInvCollPH,2880,80,002890AA,0,1,1,4294967295,0,0
oInvCollPH,2784,224,00013B46,0,1,1,4294967295,0,0
oInvCollPH,2800,224,00395B6A,0,1,1,4294967295,0,0
oInvCollPH,2816,224,003E72B4,0,1,1,4294967295,0,0
oInvCollPH,2832,224,001BF9B7,0,1,1,4294967295,0,0
oInvCollPH,2848,224,0036393C,0,1,1,4294967295,0,0
oInvCollPH,2864,224,0015DF41,0,1,1,4294967295,0,0
oInvCollPH,2880,224,001862DF,0,1,1,4294967295,0,0
oInvCollPH,2880,240,000057B8,0,1,1,4294967295,0,0
oInvCollPH,2880,256,00336CE4,0,1,1,4294967295,0,0
oInvCollPH,2880,272,003AAB8C,0,1,1,4294967295,0,0
oInvCollPH,2880,288,001FE24F,0,1,1,4294967295,0,0
oInvCollPH,2880,48,001857D5,0,1,1,4294967295,0,0
oInvCollPH,2880,64,000D874A,0,1,1,4294967295,0,0
oInvCollPH,2960,240,00299165,0,1,1,4294967295,0,0
oInvCollPH,2960,256,00194FA0,0,1,1,4294967295,0,0
oInvCollPH,2960,272,0006B3A3,0,1,1,4294967295,0,0
oInvCollPH,2960,288,00208309,0,1,1,4294967295,0,0
oInvCollPH,2976,224,003870B4,0,1,1,4294967295,0,0
oInvCollPH,2992,224,001A4FA7,0,1,1,4294967295,0,0
oInvCollPH,3008,224,0039E1BF,0,1,1,4294967295,0,0
oInvCollPH,3024,224,000D0AE5,0,1,1,4294967295,0,0
oInvCollPH,3040,224,0024442E,0,1,1,4294967295,0,0
oInvCollPH,3040,240,003CA65D,0,1,1,4294967295,0,0
oInvCollPH,3040,256,00260669,0,1,1,4294967295,0,0
oInvCollPH,3040,272,001191AB,0,1,1,4294967295,0,0
oInvCollPH,3040,288,0024472E,0,1,1,4294967295,0,0
oInvCollPH,3120,240,0003491E,0,1,1,4294967295,0,0
oInvCollPH,3120,256,003FE3E4,0,1,1,4294967295,0,0
oInvCollPH,3120,272,0010E300,0,1,1,4294967295,0,0
oInvCollPH,3120,288,002B642F,0,1,1,4294967295,0,0
oInvCollPH,3136,224,0033BD92,0,1,1,4294967295,0,0
oInvCollPH,3152,224,002B5E51,0,1,1,4294967295,0,0
oInvCollPH,3168,224,00318C29,0,1,1,4294967295,0,0
oInvCollPH,3184,224,001E03D1,0,1,1,4294967295,0,0
oInvCollPH,3200,224,002AFEDB,0,1,1,4294967295,0,0
oInvCollPH,3200,240,003076A9,0,1,1,4294967295,0,0
oInvCollPH,3200,256,0009B675,0,1,1,4294967295,0,0
oInvCollPH,3200,272,000E32E6,0,1,1,4294967295,0,0
oInvCollPH,3200,288,00176829,0,1,1,4294967295,0,0
oInvCollPH,3280,240,000B2284,0,1,1,4294967295,0,0
oInvCollPH,3280,256,0022AE6A,0,1,1,4294967295,0,0
oInvCollPH,3280,272,0020B774,0,1,1,4294967295,0,0
oInvCollPH,3280,288,003DE366,0,1,1,4294967295,0,0
oInvCollPH,3296,224,000682F8,0,1,1,4294967295,0,0
oInvCollPH,3312,224,0024C0AF,0,1,1,4294967295,0,0
oInvCollPH,3328,224,000E0605,0,1,1,4294967295,0,0
oInvCollPH,3344,224,000C6F5E,0,1,1,4294967295,0,0
oInvCollPH,3360,224,0019B233,0,1,1,4294967295,0,0
oInvCollPH,3360,240,00199895,0,1,1,4294967295,0,0
oInvCollPH,3360,256,0004107A,0,1,1,4294967295,0,0
oInvCollPH,3360,272,000C6A72,0,1,1,4294967295,0,0
oInvCollPH,3360,288,00149074,0,1,1,4294967295,0,0
oInvCollPH,3776,144,00370BBC,0,1,1,4294967295,0,0
oInvCollPH,3776,160,0038EF18,0,1,1,4294967295,0,0
oInvCollPH,3792,160,000C3509,0,1,1,4294967295,0,0
oInvCollPH,3808,160,0036D788,0,1,1,4294967295,0,0
oInvCollPH,3824,160,003A797D,0,1,1,4294967295,0,0
oInvCollPH,3584,112,0012621C,0,1,1,4294967295,0,0
oInvCollPH,3600,112,0036A83C,0,1,1,4294967295,0,0
oInvCollPH,3616,112,001A1FC6,0,1,1,4294967295,0,0
oInvCollPH,3632,112,002DCDA0,0,1,1,4294967295,0,0
oInvCollPH,3648,112,0018C129,0,1,1,4294967295,0,0
oInvCollPH,3664,112,0011C5DC,0,1,1,4294967295,0,0
oInvCollPH,3680,112,002E93A0,0,1,1,4294967295,0,0
oInvCollPH,3696,112,003A8530,0,1,1,4294967295,0,0
oInvCollPH,3712,112,0031140C,0,1,1,4294967295,0,0
oInvCollPH,3728,112,003904BA,0,1,1,4294967295,0,0
oInvCollPH,3744,112,000EED4F,0,1,1,4294967295,0,0
oInvCollPH,3760,112,00023ABE,0,1,1,4294967295,0,0
oInvCollPH,3568,112,003822B2,0,1,1,4294967295,0,0
oInvCollPH,3552,112,002ACC4D,0,1,1,4294967295,0,0
oInvCollPH,3536,112,000DDD07,0,1,1,4294967295,0,0
oInvCollPH,3520,112,00068EC3,0,1,1,4294967295,0,0
oInvCollPH,3504,112,001E472A,0,1,1,4294967295,0,0
oInvCollPH,3488,112,002102B7,0,1,1,4294967295,0,0
oInvCollPH,3472,112,00214F55,0,1,1,4294967295,0,0
oInvCollPH,3456,112,0031EC22,0,1,1,4294967295,0,0
oInvCollPH,3440,80,0037CA46,0,1,1,4294967295,0,0
oInvCollPH,3440,64,002C1C6F,0,1,1,4294967295,0,0
oInvCollPH,3440,48,002B091E,0,1,1,4294967295,0,0
oInvCollPH,3440,240,002D5EEA,0,1,1,4294967295,0,0
oInvCollPH,3440,256,0002D860,0,1,1,4294967295,0,0
oInvCollPH,3440,272,0023AA0D,0,1,1,4294967295,0,0
oInvCollPH,3440,288,0027F75E,0,1,1,4294967295,0,0
oInvCollPH,3456,224,00390CBC,0,1,1,4294967295,0,0
oInvCollPH,3472,224,003B759A,0,1,1,4294967295,0,0
oInvCollPH,3488,224,000AF77D,0,1,1,4294967295,0,0
oInvCollPH,3504,224,00210948,0,1,1,4294967295,0,0
oInvCollPH,3520,224,000B89DD,0,1,1,4294967295,0,0
oInvCollPH,3536,224,00175B20,0,1,1,4294967295,0,0
oInvCollPH,3552,224,0017D290,0,1,1,4294967295,0,0
oInvCollPH,3568,224,0008C4DF,0,1,1,4294967295,0,0
oInvCollPH,3584,224,0013E762,0,1,1,4294967295,0,0
oInvCollPH,3600,224,002871BF,0,1,1,4294967295,0,0
oInvCollPH,3616,224,001A300E,0,1,1,4294967295,0,0
oInvCollPH,3632,224,00011FDE,0,1,1,4294967295,0,0
oInvCollPH,3648,224,00400C63,0,1,1,4294967295,0,0
oInvCollPH,3664,224,001CE294,0,1,1,4294967295,0,0
oInvCollPH,3680,224,0015B5FA,0,1,1,4294967295,0,0
oInvCollPH,3696,224,00138A76,0,1,1,4294967295,0,0
oInvCollPH,3712,224,00028375,0,1,1,4294967295,0,0
oInvCollPH,3728,224,0039A037,0,1,1,4294967295,0,0
oInvCollPH,3744,224,002A1024,0,1,1,4294967295,0,0
oInvCollPH,3760,224,00372138,0,1,1,4294967295,0,0
oInvCollPH,3776,224,001F539C,0,1,1,4294967295,0,0
oInvCollPH,3792,224,002B47AC,0,1,1,4294967295,0,0
oInvCollPH,3808,224,00398B7D,0,1,1,4294967295,0,0
oInvCollPH,3824,224,000FFE51,0,1,1,4294967295,0,0
oInvCollPH,2912,304,0025E451,0,1,1,4294967295,0,0
oInvCollPH,2928,304,000DCE04,0,1,1,4294967295,0,0
oInvCollPH,2944,304,002040E0,0,1,1,4294967295,0,0
oInvCollPH,3056,304,002FE303,0,1,1,4294967295,0,0
oInvCollPH,3072,304,0011D771,0,1,1,4294967295,0,0
oInvCollPH,3088,304,0009BC35,0,1,1,4294967295,0,0
oInvCollPH,3104,304,003E2050,0,1,1,4294967295,0,0
oInvCollPH,3216,304,001E789F,0,1,1,4294967295,0,0
oInvCollPH,3232,304,001C9CB8,0,1,1,4294967295,0,0
oInvCollPH,3248,304,0004E1AF,0,1,1,4294967295,0,0
oInvCollPH,3264,304,0019BCEA,0,1,1,4294967295,0,0
oInvCollPH,3376,304,0025F48F,0,1,1,4294967295,0,0
oInvCollPH,3392,304,000D7E2C,0,1,1,4294967295,0,0
oInvCollPH,3408,304,00037D7E,0,1,1,4294967295,0,0
oInvCollPH,3424,304,00115F60,0,1,1,4294967295,0,0
oInvCollPH,2896,32,00374FC8,0,1,1,4294967295,0,0
oInvCollPH,2912,32,00143DA1,0,1,1,4294967295,0,0
oInvCollPH,2928,32,00071C3B,0,1,1,4294967295,0,0
oInvCollPH,2944,32,003FD7F3,0,1,1,4294967295,0,0
oInvCollPH,2960,32,0026C13B,0,1,1,4294967295,0,0
oInvCollPH,2976,32,00115AD9,0,1,1,4294967295,0,0
oInvCollPH,2992,32,0007EFA2,0,1,1,4294967295,0,0
oInvCollPH,3008,32,0016E82C,0,1,1,4294967295,0,0
oInvCollPH,3024,32,001E84DA,0,1,1,4294967295,0,0
oInvCollPH,3040,32,002E2013,0,1,1,4294967295,0,0
oInvCollPH,3056,32,00360648,0,1,1,4294967295,0,0
oInvCollPH,3072,32,0021E469,0,1,1,4294967295,0,0
oInvCollPH,3088,32,000D908B,0,1,1,4294967295,0,0
oInvCollPH,3104,32,002487BB,0,1,1,4294967295,0,0
oInvCollPH,3120,32,002FEA0C,0,1,1,4294967295,0,0
oInvCollPH,3136,32,001504F0,0,1,1,4294967295,0,0
oInvCollPH,3152,32,002B8E59,0,1,1,4294967295,0,0
oInvCollPH,3168,32,002D48E4,0,1,1,4294967295,0,0
oInvCollPH,3184,32,0031004B,0,1,1,4294967295,0,0
oInvCollPH,3200,32,002C3835,0,1,1,4294967295,0,0
oInvCollPH,3216,32,00367AAC,0,1,1,4294967295,0,0
oInvCollPH,3232,32,0013224C,0,1,1,4294967295,0,0
oInvCollPH,3248,32,0001FA04,0,1,1,4294967295,0,0
oInvCollPH,3264,32,001E11BF,0,1,1,4294967295,0,0
oInvCollPH,3280,32,0023F104,0,1,1,4294967295,0,0
oInvCollPH,3296,32,000264D4,0,1,1,4294967295,0,0
oInvCollPH,3312,32,000F3956,0,1,1,4294967295,0,0
oInvCollPH,3328,32,0002B6B6,0,1,1,4294967295,0,0
oInvCollPH,3344,32,000AA9DF,0,1,1,4294967295,0,0
oInvCollPH,3360,32,00348856,0,1,1,4294967295,0,0
oInvCollPH,3376,32,000F0EE4,0,1,1,4294967295,0,0
oInvCollPH,3392,32,00165443,0,1,1,4294967295,0,0
oInvCollPH,3408,32,001C1A9C,0,1,1,4294967295,0,0
oInvCollPH,3424,32,002B9365,0,1,1,4294967295,0,0
oInvCollPH,3440,96,003C67C3,0,1,1,4294967295,0,0
oInvCollPH,3440,112,0012F136,0,1,1,4294967295,0,0
oInvCollPH,1952,256,00148BFD,0,1,1,4294967295,0,0
oInvCollPH,1968,256,00032636,0,1,1,4294967295,0,0
oInvCollPH,1984,256,002F6309,0,1,1,4294967295,0,0
oInvCollPH,2000,256,002EE4D5,0,1,1,4294967295,0,0
oInvCollPH,2016,256,001ADAB1,0,1,1,4294967295,0,0
oInvCollPH,2032,256,00260A92,0,1,1,4294967295,0,0
oInvCollPH,2048,256,003843B8,0,1,1,4294967295,0,0
oInvCollPH,2048,272,0016DDB0,0,1,1,4294967295,0,0
oInvCollPH,2048,288,00138D7A,0,1,1,4294967295,0,0
oInvisibleSolid,0,0,000BFF88,0,1,1,4294967295,0,1
oInvisibleSolid,48,0,00261243,0,1,1,4294967295,0,1
oInvisibleSolid,400,0,001323AE,0,1,1,4294967295,0,1
oInvisibleSolid,0,304,0001279E,0,1,1,4294967295,0,1
oInvisibleSolid,304,144,003774E4,0,1,1,4294967295,0,1
oInvisibleSolid,368,192,003D3E9C,0,1,1,4294967295,0,1
oInvisibleSolid,400,256,000E4D08,0,1,1,4294967295,0,1
oInvisibleSolid,784,48,0017351F,0,1,1,4294967295,0,1
oInvisibleSolid,688,240,002E1AE0,0,1,1,4294967295,0,1
oInvisibleSolid,848,48,002890E7,0,1,1,4294967295,0,1
oInvisibleSolid,880,272,000C5E24,0,1,1,4294967295,0,1
oInvisibleSolid,1008,144,0036BF0D,0,1,1,4294967295,0,1
oInvisibleSolid,1232,144,0007C1FD,0,1,1,4294967295,0,1
oInvisibleSolid,1488,320,00080692,0,1,1,4294967295,0,1
oInvisibleSolid,1872,144,002B350D,0,1,1,4294967295,0,1
oInvisibleSolid,1840,144,001C9620,0,1,1,4294967295,0,1
oInvisibleSolid,1424,48,00308914,0,1,1,4294967295,0,1
oInvisibleSolid,2352,48,00089D17,0,1,1,4294967295,0,1
oInvisibleSolid,2352,224,00172900,0,1,1,4294967295,0,1
oInvisibleSolid,2224,256,001845C7,0,1,1,4294967295,0,1
oInvisibleSolid,2064,304,00122218,0,1,1,4294967295,0,1
oInvisibleSolid,1936,256,0005B781,0,1,1,4294967295,0,1
oInvisibleSolid,2448,320,00315DAF,0,1,1,4294967295,0,1
oInvisibleSolid,2448,224,00305610,0,1,1,4294967295,0,1
oInvisibleSolid,2768,224,002C3B50,0,1,1,4294967295,0,1
oInvisibleSolid,2384,0,0004067A,0,1,1,4294967295,0,1
oInvisibleSolid,2384,64,002E13C9,0,1,1,4294967295,0,1
oInvisibleSolid,2768,0,002D9F51,0,1,1,4294967295,0,1
oInvisibleSolid,2896,304,0026BBAF,0,1,1,4294967295,0,1
oInvisibleSolid,2896,0,00236789,0,1,1,4294967295,0,1
oInvisibleSolid,2960,224,000B672F,0,1,1,4294967295,0,1
oInvisibleSolid,3120,224,001427ED,0,1,1,4294967295,0,1
oInvisibleSolid,3280,224,0008D0BA,0,1,1,4294967295,0,1
oInvisibleSolid,3440,224,0036F028,0,1,1,4294967295,0,1
oInvisibleSolid,3440,0,0007BF43,0,1,1,4294967295,0,1
oInvisibleSolid,3776,128,001F8750,0,1,1,4294967295,0,1
