oExit,40,16,00183ED1,0,1,1,4294967295,0,1
oExit,1904,272,000F1ED6,0,1,1,4294967295,0,1
oUseElevator,48,128,000AE788,0,1,1,4294967295,0,0
oBreakRock,896,208,000C4429,0,1,1,4294967295,0,0
oBreakRock,896,240,003BFD96,0,1,1,4294967295,0,0
oBreakRock,896,176,00223914,0,1,1,4294967295,0,0
oPlatformBreak1,256,272,002F34D1,0,1,1,4294967295,0,0
oPlatformBreak1,272,272,0038DA6E,0,1,1,4294967295,0,0
oPlatformBreak1,288,272,00084963,0,1,1,4294967295,0,0
oPlatformBreak1,304,272,00026A9A,0,1,1,4294967295,0,0
oPlatformBreak1,320,272,00161220,0,1,1,4294967295,0,0
oPlatformBreak1,336,272,0025A587,0,1,1,4294967295,0,0
oPlatformBreak1,352,272,0007E485,0,1,1,4294967295,0,0
oPlatformBreak1,368,272,001EA0D6,0,1,1,4294967295,0,0
oPlatformBreak1,448,272,00025E9E,0,1,1,4294967295,0,0
oPlatformBreak1,464,272,0013A0CB,0,1,1,4294967295,0,0
oPlatformBreak1,480,272,00313EAA,0,1,1,4294967295,0,0
oPlatformBreak1,496,272,0035E319,0,1,1,4294967295,0,0
oPlatformBreak1,512,272,000B5F20,0,1,1,4294967295,0,0
oPlatformBreak1,528,272,002BDC74,0,1,1,4294967295,0,0
oPlatformBreak1,544,272,000976F6,0,1,1,4294967295,0,0
oPlatformBreak1,560,272,00328E18,0,1,1,4294967295,0,0
oPlatformBreak1,576,272,003C4454,0,1,1,4294967295,0,0
oPlatformBreak1,592,272,00280B1A,0,1,1,4294967295,0,0
oPlatformBreak1,608,272,002EBECE,0,1,1,4294967295,0,0
oPlatformBreak1,624,272,00017D61,0,1,1,4294967295,0,0
oPlatformBreak1,640,272,00246113,0,1,1,4294967295,0,0
oPlatformBreak1,656,272,0032FB09,0,1,1,4294967295,0,0
oPlatformBreak1,672,272,002F6C3A,0,1,1,4294967295,0,0
oPlatformBreak1,688,272,003E3258,0,1,1,4294967295,0,0
oPlatformBreak1,768,272,000D8785,0,1,1,4294967295,0,0
oPlatformBreak1,784,272,003CE5C9,0,1,1,4294967295,0,0
oPlatformBreak1,800,272,00311CC9,0,1,1,4294967295,0,0
oPlatformBreak1,816,272,0016F11E,0,1,1,4294967295,0,0
oPlatformBreak1,832,272,00175D18,0,1,1,4294967295,0,0
oPlatformBreak1,848,272,00152BCD,0,1,1,4294967295,0,0
oPlatformBreak1,864,272,002BF523,0,1,1,4294967295,0,0
oPlatformBreak1,880,272,00287796,0,1,1,4294967295,0,0
oPlatformBreak1,896,272,000DCF2B,0,1,1,4294967295,0,0
oPlatformBreak1,912,272,00285763,0,1,1,4294967295,0,0
oPlatformBreak1,928,272,0018BF79,0,1,1,4294967295,0,0
oPlatformBreak1,944,272,000CDB3F,0,1,1,4294967295,0,0
oPlatformBreak1,960,272,001DCFA2,0,1,1,4294967295,0,0
oPlatformBreak1,976,272,000E3F2E,0,1,1,4294967295,0,0
oPlatformBreak1,992,272,003BFA37,0,1,1,4294967295,0,0
oPlatformBreak1,1008,272,003F4BB1,0,1,1,4294967295,0,0
oPlatformBreak1,1056,208,0018C598,0,1,1,4294967295,0,0
oPlatformBreak1,1072,208,002D289C,0,1,1,4294967295,0,0
oPlatformBreak1,1088,208,0007234B,0,1,1,4294967295,0,0
oPlatformBreak1,1104,208,0032A7CF,0,1,1,4294967295,0,0
oPlatformBreak1,1120,208,000CCA2A,0,1,1,4294967295,0,0
oPlatformBreak1,1136,208,0039FADB,0,1,1,4294967295,0,0
oPlatformBreak1,1152,208,002056A1,0,1,1,4294967295,0,0
oPlatformBreak1,1168,208,001A422D,0,1,1,4294967295,0,0
oPlatformBreak1,1216,272,00024165,0,1,1,4294967295,0,0
oPlatformBreak1,1232,272,003ACE37,0,1,1,4294967295,0,0
oPlatformBreak1,1248,272,0022F77E,0,1,1,4294967295,0,0
oPlatformBreak1,1264,272,0024DC55,0,1,1,4294967295,0,0
oPlatformBreak1,1312,272,0003155B,0,1,1,4294967295,0,0
oPlatformBreak1,1328,272,0036917B,0,1,1,4294967295,0,0
oPlatformBreak1,1376,272,000D4337,0,1,1,4294967295,0,0
oPlatformBreak1,1392,272,00040748,0,1,1,4294967295,0,0
oPlatformBreak1,1440,272,001E3D10,0,1,1,4294967295,0,0
oPlatformBreak1,1456,272,0012725B,0,1,1,4294967295,0,0
oPlatformBreak1,1472,272,000FE630,0,1,1,4294967295,0,0
oPlatformBreak1,1488,272,00287B40,0,1,1,4294967295,0,0
oOctorok,1400,272,002A4AF3,0,1,1,4294967295,0,0
oOctorok,936,272,002CA91A,0,1,1,4294967295,0,0
oMegmet,560,240,000C05E9,0,1,1,4294967295,0,0
oMegmet,432,176,00255263,0,1,1,4294967295,0,0
oMegmet,1152,176,001AEF3C,0,1,1,4294967295,0,0
oMyu,760,208,0010B58B,0,1,1,4294967295,0,0
oTektile,1736,288,001C44D3,0,1,1,4294967295,0,0
oPlayer1,80,304,00079EEC,0,1,1,4294967295,0,0
oInvCollPH,64,160,000B76A0,0,1,1,4294967295,0,0
oInvCollPH,64,176,00399424,0,1,1,4294967295,0,0
oInvCollPH,64,192,00116AD0,0,1,1,4294967295,0,0
oInvCollPH,64,208,00346C41,0,1,1,4294967295,0,0
oInvCollPH,64,224,00317E7D,0,1,1,4294967295,0,0
oInvCollPH,80,224,00195A81,0,1,1,4294967295,0,0
oInvCollPH,80,208,00203208,0,1,1,4294967295,0,0
oInvCollPH,80,192,00349E54,0,1,1,4294967295,0,0
oInvCollPH,80,176,003A527A,0,1,1,4294967295,0,0
oInvCollPH,80,160,003DFA5D,0,1,1,4294967295,0,0
oInvCollPH,80,144,00082FCF,0,1,1,4294967295,0,0
oInvCollPH,16,80,0029D880,0,1,1,4294967295,0,0
oInvCollPH,16,96,00284663,0,1,1,4294967295,0,0
oInvCollPH,16,112,0028C873,0,1,1,4294967295,0,0
oInvCollPH,16,128,00129BC8,0,1,1,4294967295,0,0
oInvCollPH,16,144,002E21B2,0,1,1,4294967295,0,0
oInvCollPH,16,160,00101EE3,0,1,1,4294967295,0,0
oInvCollPH,16,176,0010F1DA,0,1,1,4294967295,0,0
oInvCollPH,16,192,000FAA70,0,1,1,4294967295,0,0
oInvCollPH,16,208,00382C82,0,1,1,4294967295,0,0
oInvCollPH,16,224,002B28B5,0,1,1,4294967295,0,0
oInvCollPH,16,240,000896EA,0,1,1,4294967295,0,0
oInvCollPH,16,256,0011A8CB,0,1,1,4294967295,0,0
oInvCollPH,16,272,002ADF82,0,1,1,4294967295,0,0
oInvCollPH,16,288,003FE2DA,0,1,1,4294967295,0,0
oInvCollPH,192,160,00178808,0,1,1,4294967295,0,0
oInvCollPH,208,160,002DD0F0,0,1,1,4294967295,0,0
oInvCollPH,224,160,000713BC,0,1,1,4294967295,0,0
oInvCollPH,240,160,003646FB,0,1,1,4294967295,0,0
oInvCollPH,240,144,002960B4,0,1,1,4294967295,0,0
oInvCollPH,192,288,001ECCC8,0,1,1,4294967295,0,0
oInvCollPH,208,272,00064977,0,1,1,4294967295,0,0
oInvCollPH,224,272,0038E14E,0,1,1,4294967295,0,0
oInvCollPH,240,272,003E7D25,0,1,1,4294967295,0,0
oInvCollPH,240,288,00357D8F,0,1,1,4294967295,0,0
oInvCollPH,512,160,0034DDB4,0,1,1,4294967295,0,0
oInvCollPH,512,176,001561C9,0,1,1,4294967295,0,0
oInvCollPH,512,192,001DF240,0,1,1,4294967295,0,0
oInvCollPH,528,192,000F16F3,0,1,1,4294967295,0,0
oInvCollPH,544,192,00337B69,0,1,1,4294967295,0,0
oInvCollPH,560,192,00222F2B,0,1,1,4294967295,0,0
oInvCollPH,576,192,001946DF,0,1,1,4294967295,0,0
oInvCollPH,592,192,002133C6,0,1,1,4294967295,0,0
oInvCollPH,608,192,0017DD28,0,1,1,4294967295,0,0
oInvCollPH,624,192,00382581,0,1,1,4294967295,0,0
oInvCollPH,624,176,003DFC91,0,1,1,4294967295,0,0
oInvCollPH,624,160,00304A1D,0,1,1,4294967295,0,0
oInvCollPH,624,144,003161DC,0,1,1,4294967295,0,0
oInvCollPH,32,304,00274B4D,0,1,1,4294967295,0,0
oInvCollPH,48,304,002659F3,0,1,1,4294967295,0,0
oInvCollPH,64,304,00219064,0,1,1,4294967295,0,0
oInvCollPH,80,304,0008D60D,0,1,1,4294967295,0,0
oInvCollPH,96,304,0017C0A1,0,1,1,4294967295,0,0
oInvCollPH,112,304,00294C96,0,1,1,4294967295,0,0
oInvCollPH,128,304,001FF191,0,1,1,4294967295,0,0
oInvCollPH,144,304,00064147,0,1,1,4294967295,0,0
oInvCollPH,160,304,0019147A,0,1,1,4294967295,0,0
oInvCollPH,176,304,00343FF1,0,1,1,4294967295,0,0
oInvCollPH,240,304,001F1CD5,0,1,1,4294967295,0,0
oInvCollPH,240,320,002D8472,0,1,1,4294967295,0,0
oInvCollPH,240,336,00347C11,0,1,1,4294967295,0,0
oInvCollPH,384,224,00323F63,0,1,1,4294967295,0,0
oInvCollPH,384,240,00193561,0,1,1,4294967295,0,0
oInvCollPH,384,256,003D93AC,0,1,1,4294967295,0,0
oInvCollPH,384,272,0023F494,0,1,1,4294967295,0,0
oInvCollPH,384,288,002D5A74,0,1,1,4294967295,0,0
oInvCollPH,384,304,003133BF,0,1,1,4294967295,0,0
oInvCollPH,384,320,0007FEE2,0,1,1,4294967295,0,0
oInvCollPH,384,336,0022EEE0,0,1,1,4294967295,0,0
oInvCollPH,400,208,00294A2A,0,1,1,4294967295,0,0
oInvCollPH,416,208,003463BF,0,1,1,4294967295,0,0
oInvCollPH,432,208,0027F4EB,0,1,1,4294967295,0,0
oInvCollPH,432,224,00187402,0,1,1,4294967295,0,0
oInvCollPH,432,240,0006AFF8,0,1,1,4294967295,0,0
oInvCollPH,432,256,0007B961,0,1,1,4294967295,0,0
oInvCollPH,432,272,000C5ACB,0,1,1,4294967295,0,0
oInvCollPH,432,288,00313402,0,1,1,4294967295,0,0
oInvCollPH,432,304,000EA05C,0,1,1,4294967295,0,0
oInvCollPH,432,320,001AFC4B,0,1,1,4294967295,0,0
oInvCollPH,432,336,00238E7F,0,1,1,4294967295,0,0
oInvCollPH,704,224,000949FC,0,1,1,4294967295,0,0
oInvCollPH,704,240,001328A9,0,1,1,4294967295,0,0
oInvCollPH,704,256,000ABC60,0,1,1,4294967295,0,0
oInvCollPH,704,272,0036F91C,0,1,1,4294967295,0,0
oInvCollPH,704,288,001CDA35,0,1,1,4294967295,0,0
oInvCollPH,704,304,00272B0C,0,1,1,4294967295,0,0
oInvCollPH,704,320,00315C0A,0,1,1,4294967295,0,0
oInvCollPH,704,336,00245470,0,1,1,4294967295,0,0
oInvCollPH,720,208,003CAC27,0,1,1,4294967295,0,0
oInvCollPH,736,208,00398D21,0,1,1,4294967295,0,0
oInvCollPH,752,208,002B83EA,0,1,1,4294967295,0,0
oInvCollPH,752,224,0028857B,0,1,1,4294967295,0,0
oInvCollPH,752,240,001F6F81,0,1,1,4294967295,0,0
oInvCollPH,752,256,003489E0,0,1,1,4294967295,0,0
oInvCollPH,752,272,00318F13,0,1,1,4294967295,0,0
oInvCollPH,752,288,00023C8F,0,1,1,4294967295,0,0
oInvCollPH,752,304,003095DA,0,1,1,4294967295,0,0
oInvCollPH,752,320,000F847D,0,1,1,4294967295,0,0
oInvCollPH,752,336,002B3E86,0,1,1,4294967295,0,0
oInvCollPH,832,160,0006D10E,0,1,1,4294967295,0,0
oInvCollPH,848,160,000CE59B,0,1,1,4294967295,0,0
oInvCollPH,864,160,0012A2CE,0,1,1,4294967295,0,0
oInvCollPH,880,160,003CE19E,0,1,1,4294967295,0,0
oInvCollPH,896,160,000BC1D9,0,1,1,4294967295,0,0
oInvCollPH,912,160,0035F2AC,0,1,1,4294967295,0,0
oInvCollPH,928,160,0019D98F,0,1,1,4294967295,0,0
oInvCollPH,944,160,0015EB2F,0,1,1,4294967295,0,0
oInvCollPH,944,144,00204B46,0,1,1,4294967295,0,0
oInvCollPH,992,96,0007BAD5,0,1,1,4294967295,0,0
oInvCollPH,1008,96,00391273,0,1,1,4294967295,0,0
oInvCollPH,1024,96,001F6DE3,0,1,1,4294967295,0,0
oInvCollPH,1040,96,001ABE3D,0,1,1,4294967295,0,0
oInvCollPH,1056,96,001C8326,0,1,1,4294967295,0,0
oInvCollPH,1072,96,002D8C18,0,1,1,4294967295,0,0
oInvCollPH,1088,96,0030A58E,0,1,1,4294967295,0,0
oInvCollPH,1104,96,0012EFCA,0,1,1,4294967295,0,0
oInvCollPH,1120,96,0007D2FA,0,1,1,4294967295,0,0
oInvCollPH,1136,96,001E3F93,0,1,1,4294967295,0,0
oInvCollPH,1152,96,00094A9B,0,1,1,4294967295,0,0
oInvCollPH,1168,96,002EF6EF,0,1,1,4294967295,0,0
oInvCollPH,1184,96,00355D0F,0,1,1,4294967295,0,0
oInvCollPH,1200,96,00378F93,0,1,1,4294967295,0,0
oInvCollPH,1216,96,001B0DC1,0,1,1,4294967295,0,0
oInvCollPH,1232,96,0039BE0F,0,1,1,4294967295,0,0
oInvCollPH,1024,224,00363DAD,0,1,1,4294967295,0,0
oInvCollPH,1024,240,00023AD8,0,1,1,4294967295,0,0
oInvCollPH,1024,256,000B8E88,0,1,1,4294967295,0,0
oInvCollPH,1024,272,0026FCE9,0,1,1,4294967295,0,0
oInvCollPH,1024,288,00279385,0,1,1,4294967295,0,0
oInvCollPH,1024,304,002727D7,0,1,1,4294967295,0,0
oInvCollPH,1024,320,001AD926,0,1,1,4294967295,0,0
oInvCollPH,1024,336,001BACB9,0,1,1,4294967295,0,0
oInvCollPH,1040,336,001AB257,0,1,1,4294967295,0,0
oInvCollPH,1040,320,0022B002,0,1,1,4294967295,0,0
oInvCollPH,1040,304,0019E1FF,0,1,1,4294967295,0,0
oInvCollPH,1040,288,0017F310,0,1,1,4294967295,0,0
oInvCollPH,1040,272,003F3BDC,0,1,1,4294967295,0,0
oInvCollPH,1040,256,00226101,0,1,1,4294967295,0,0
oInvCollPH,1040,240,001D4FF4,0,1,1,4294967295,0,0
oInvCollPH,1040,224,002585F6,0,1,1,4294967295,0,0
oInvCollPH,1040,208,00235519,0,1,1,4294967295,0,0
oInvCollPH,1184,224,0036FD81,0,1,1,4294967295,0,0
oInvCollPH,1184,240,000DE4FE,0,1,1,4294967295,0,0
oInvCollPH,1184,256,002BB162,0,1,1,4294967295,0,0
oInvCollPH,1184,272,0003D376,0,1,1,4294967295,0,0
oInvCollPH,1184,288,0014C4D1,0,1,1,4294967295,0,0
oInvCollPH,1184,304,003F8DAF,0,1,1,4294967295,0,0
oInvCollPH,1184,320,003BAF5C,0,1,1,4294967295,0,0
oInvCollPH,1184,336,00137DB1,0,1,1,4294967295,0,0
oInvCollPH,1200,336,0039054B,0,1,1,4294967295,0,0
oInvCollPH,1200,320,00114F84,0,1,1,4294967295,0,0
oInvCollPH,1200,304,00136F5B,0,1,1,4294967295,0,0
oInvCollPH,1200,288,00173B93,0,1,1,4294967295,0,0
oInvCollPH,1200,272,00334DF4,0,1,1,4294967295,0,0
oInvCollPH,1200,256,00133539,0,1,1,4294967295,0,0
oInvCollPH,1200,240,002C6746,0,1,1,4294967295,0,0
oInvCollPH,1200,224,00372E1C,0,1,1,4294967295,0,0
oInvCollPH,1200,208,00341613,0,1,1,4294967295,0,0
oInvCollPH,1280,176,0030DA37,0,1,1,4294967295,0,0
oInvCollPH,1296,176,0034D2AF,0,1,1,4294967295,0,0
oInvCollPH,1296,160,0030889A,0,1,1,4294967295,0,0
oInvCollPH,1344,176,0005526F,0,1,1,4294967295,0,0
oInvCollPH,1360,176,003EAF21,0,1,1,4294967295,0,0
oInvCollPH,1360,160,002C331D,0,1,1,4294967295,0,0
oInvCollPH,1408,176,002ACD7D,0,1,1,4294967295,0,0
oInvCollPH,1424,176,002D449D,0,1,1,4294967295,0,0
oInvCollPH,1424,160,000DC6E8,0,1,1,4294967295,0,0
oInvCollPH,1504,224,002199C0,0,1,1,4294967295,0,0
oInvCollPH,1520,224,003C2369,0,1,1,4294967295,0,0
oInvCollPH,1520,208,0000AF4F,0,1,1,4294967295,0,0
oInvCollPH,1312,144,003E88C6,0,1,1,4294967295,0,0
oInvCollPH,1328,144,00287E01,0,1,1,4294967295,0,0
oInvCollPH,1376,144,003D9367,0,1,1,4294967295,0,0
oInvCollPH,1392,144,0007ACC8,0,1,1,4294967295,0,0
oInvCollPH,1424,144,00151BA4,0,1,1,4294967295,0,0
oInvCollPH,1504,256,0026B8B9,0,1,1,4294967295,0,0
oInvCollPH,1504,272,001E64E0,0,1,1,4294967295,0,0
oInvCollPH,1504,288,00168A99,0,1,1,4294967295,0,0
oInvCollPH,1536,240,002F52FC,0,1,1,4294967295,0,0
oInvCollPH,1552,240,002F6C90,0,1,1,4294967295,0,0
oInvCollPH,1552,256,003506DA,0,1,1,4294967295,0,0
oInvCollPH,1552,272,001D7C3E,0,1,1,4294967295,0,0
oInvCollPH,1552,288,0038156D,0,1,1,4294967295,0,0
oInvCollPH,1504,320,002C787E,0,1,1,4294967295,0,0
oInvCollPH,1504,336,001AE920,0,1,1,4294967295,0,0
oInvCollPH,1568,304,0036455E,0,1,1,4294967295,0,0
oInvCollPH,1584,304,0018B846,0,1,1,4294967295,0,0
oInvCollPH,1600,304,002AF009,0,1,1,4294967295,0,0
oInvCollPH,1616,304,0036E323,0,1,1,4294967295,0,0
oInvCollPH,1632,304,000AF9E0,0,1,1,4294967295,0,0
oInvCollPH,1648,304,002A4D85,0,1,1,4294967295,0,0
oInvCollPH,1904,304,001EA4A1,0,1,1,4294967295,0,0
oInvCollPH,1888,304,0003893A,0,1,1,4294967295,0,0
oInvCollPH,1872,304,003DB654,0,1,1,4294967295,0,0
oInvCollPH,1856,304,00307F32,0,1,1,4294967295,0,0
oInvCollPH,1840,304,00152F35,0,1,1,4294967295,0,0
oInvCollPH,1824,304,00309451,0,1,1,4294967295,0,0
oInvCollPH,1808,304,0024729D,0,1,1,4294967295,0,0
oInvCollPH,1792,304,003A8188,0,1,1,4294967295,0,0
oInvCollPH,1776,304,002F406E,0,1,1,4294967295,0,0
oInvCollPH,1760,304,0001F691,0,1,1,4294967295,0,0
oInvCollPH,1744,304,002F7580,0,1,1,4294967295,0,0
oInvCollPH,1728,304,00240E9E,0,1,1,4294967295,0,0
oInvCollPH,1712,304,00402B78,0,1,1,4294967295,0,0
oInvCollPH,1696,304,002586D2,0,1,1,4294967295,0,0
oInvCollPH,1680,304,00295854,0,1,1,4294967295,0,0
oInvCollPH,1664,304,0022A6A4,0,1,1,4294967295,0,0
oInvCollPH,1248,112,003DC78E,0,1,1,4294967295,0,0
oInvCollPH,1248,128,0031F872,0,1,1,4294967295,0,0
oInvCollPH,1264,128,0026A9FE,0,1,1,4294967295,0,0
oInvCollPH,1440,128,002FF65E,0,1,1,4294967295,0,0
oInvCollPH,1456,128,0019535B,0,1,1,4294967295,0,0
oInvCollPH,1472,128,0021CCEB,0,1,1,4294967295,0,0
oInvCollPH,1488,128,000FE246,0,1,1,4294967295,0,0
oInvCollPH,1504,128,001A3C72,0,1,1,4294967295,0,0
oInvCollPH,1520,128,001D7CD6,0,1,1,4294967295,0,0
oInvCollPH,1536,128,0023392F,0,1,1,4294967295,0,0
oInvCollPH,1552,128,001E7457,0,1,1,4294967295,0,0
oInvCollPH,1568,128,000F87B1,0,1,1,4294967295,0,0
oInvCollPH,1584,128,002EBA88,0,1,1,4294967295,0,0
oInvCollPH,1600,128,00198370,0,1,1,4294967295,0,0
oInvCollPH,1616,128,00118300,0,1,1,4294967295,0,0
oInvCollPH,1632,128,0004FFC5,0,1,1,4294967295,0,0
oInvCollPH,1648,128,001F685B,0,1,1,4294967295,0,0
oInvCollPH,1664,128,003C6FEB,0,1,1,4294967295,0,0
oInvCollPH,1680,128,0034ACCC,0,1,1,4294967295,0,0
oInvCollPH,1696,128,002FAEE8,0,1,1,4294967295,0,0
oInvCollPH,1712,128,00158810,0,1,1,4294967295,0,0
oInvCollPH,1728,128,000DA28F,0,1,1,4294967295,0,0
oInvCollPH,1744,128,001B58E8,0,1,1,4294967295,0,0
oInvCollPH,1760,128,000F031B,0,1,1,4294967295,0,0
oInvCollPH,1776,128,00101776,0,1,1,4294967295,0,0
oInvCollPH,1792,128,00340C35,0,1,1,4294967295,0,0
oInvCollPH,1808,128,000D1476,0,1,1,4294967295,0,0
oInvCollPH,1824,128,00209724,0,1,1,4294967295,0,0
oInvCollPH,1840,128,002CCD2F,0,1,1,4294967295,0,0
oInvCollPH,1856,128,001062B2,0,1,1,4294967295,0,0
oInvCollPH,1872,128,00246E7B,0,1,1,4294967295,0,0
oInvCollPH,1888,128,00196A61,0,1,1,4294967295,0,0
oInvCollPH,1904,128,003FE8B4,0,1,1,4294967295,0,0
oInvCollPH,64,96,003AC85C,0,1,1,4294967295,0,0
oInvCollPH,64,112,001EC0B5,0,1,1,4294967295,0,0
oInvCollPH,64,128,000098D0,0,1,1,4294967295,0,0
oInvCollPH,96,128,003D93F6,0,1,1,4294967295,0,0
oInvCollPH,112,128,00076F8D,0,1,1,4294967295,0,0
oInvCollPH,128,128,003C5BDF,0,1,1,4294967295,0,0
oInvCollPH,144,128,0012F754,0,1,1,4294967295,0,0
oInvCollPH,160,128,0036B2EA,0,1,1,4294967295,0,0
oInvCollPH,176,128,0029CD6E,0,1,1,4294967295,0,0
oInvCollPH,256,128,002D6108,0,1,1,4294967295,0,0
oInvCollPH,272,128,0014D74C,0,1,1,4294967295,0,0
oInvCollPH,288,128,002658CD,0,1,1,4294967295,0,0
oInvCollPH,304,128,00213A2A,0,1,1,4294967295,0,0
oInvCollPH,320,128,001BA116,0,1,1,4294967295,0,0
oInvCollPH,336,128,001904FE,0,1,1,4294967295,0,0
oInvCollPH,352,128,0026F3A5,0,1,1,4294967295,0,0
oInvCollPH,368,128,00111BF3,0,1,1,4294967295,0,0
oInvCollPH,384,128,0005B005,0,1,1,4294967295,0,0
oInvCollPH,400,128,0010272C,0,1,1,4294967295,0,0
oInvCollPH,416,128,003310B8,0,1,1,4294967295,0,0
oInvCollPH,432,128,00317E10,0,1,1,4294967295,0,0
oInvCollPH,448,128,001153D9,0,1,1,4294967295,0,0
oInvCollPH,464,128,002F90BC,0,1,1,4294967295,0,0
oInvCollPH,480,128,002132ED,0,1,1,4294967295,0,0
oInvCollPH,496,128,001B6A96,0,1,1,4294967295,0,0
oInvCollPH,640,128,000E3282,0,1,1,4294967295,0,0
oInvCollPH,656,128,003620F1,0,1,1,4294967295,0,0
oInvCollPH,672,128,0001567D,0,1,1,4294967295,0,0
oInvCollPH,688,128,002A1C9E,0,1,1,4294967295,0,0
oInvCollPH,704,128,002ACD6A,0,1,1,4294967295,0,0
oInvCollPH,720,128,00365631,0,1,1,4294967295,0,0
oInvCollPH,736,128,00116769,0,1,1,4294967295,0,0
oInvCollPH,752,128,00329EBA,0,1,1,4294967295,0,0
oInvCollPH,768,128,0013F313,0,1,1,4294967295,0,0
oInvCollPH,784,128,003534E4,0,1,1,4294967295,0,0
oInvCollPH,800,128,000DE87C,0,1,1,4294967295,0,0
oInvCollPH,816,128,0036A5F4,0,1,1,4294967295,0,0
oInvCollPH,960,128,0008753A,0,1,1,4294967295,0,0
oInvCollPH,976,128,0029A957,0,1,1,4294967295,0,0
oInvCollPH,976,112,003116C2,0,1,1,4294967295,0,0
oInvisibleSolid,0,80,000BCB75,0,1,1,4294967295,0,1
oInvisibleSolid,64,144,0028AE33,0,1,1,4294967295,0,1
oInvisibleSolid,64,80,0025526A,0,1,1,4294967295,0,1
oInvisibleSolid,0,304,0034C821,0,1,1,4294967295,0,1
oInvisibleSolid,192,144,00316E0E,0,1,1,4294967295,0,1
oInvisibleSolid,192,272,002AEB9C,0,1,1,4294967295,0,1
oInvisibleSolid,384,208,0017F915,0,1,1,4294967295,0,1
oInvisibleSolid,512,144,0011E7EB,0,1,1,4294967295,0,1
oInvisibleSolid,704,208,00241733,0,1,1,4294967295,0,1
oInvisibleSolid,832,144,00128994,0,1,1,4294967295,0,1
oInvisibleSolid,992,80,001B6FFD,0,1,1,4294967295,0,1
oInvisibleSolid,1248,80,0026581A,0,1,1,4294967295,0,1
oInvisibleSolid,1280,144,00381F5A,0,1,1,4294967295,0,1
oInvisibleSolid,1280,160,0036D96B,0,1,1,4294967295,0,1
oInvisibleSolid,1344,160,0011811D,0,1,1,4294967295,0,1
oInvisibleSolid,1408,160,00379DCD,0,1,1,4294967295,0,1
oInvisibleSolid,1024,208,0006CFA7,0,1,1,4294967295,0,1
oInvisibleSolid,1184,208,0038672D,0,1,1,4294967295,0,1
oInvisibleSolid,1504,208,0030B5C2,0,1,1,4294967295,0,1
oInvisibleSolid,1504,240,001C7566,0,1,1,4294967295,0,1
oInvisibleSolid,1504,304,0018701A,0,1,1,4294967295,0,1
oInvisibleSolid,16,0,00172EE2,0,1,1,4294967295,0,1
oInvisibleSolid,64,0,00285C39,0,1,1,4294967295,0,1
