oExit,408,2016,00205857,0,1,1,4294967295,0,1
oMTBird,112,112,001FB3A5,0,1,1,4294967295,0,0
oMTBird,352,448,0015EEC8,0,1,1,4294967295,0,0
oMTBird,176,608,000AD636,0,1,1,4294967295,0,0
oMTBird,128,944,003EC347,0,1,1,4294967295,0,0
oMTBird,288,1008,0012D6CB,0,1,1,4294967295,0,0
oMTBird,336,960,00085D3C,0,1,1,4294967295,0,0
oMTBird,256,896,000A5820,0,1,1,4294967295,0,0
oMTBird,176,976,002BB310,0,1,1,4294967295,0,0
oMTBird,336,1296,00022917,0,1,1,4294967295,0,0
oMTBird,112,1456,00219C3C,0,1,1,4294967295,0,0
oMTBird,400,1584,001C5E40,0,1,1,4294967295,0,0
oMTBird,224,928,004006D9,0,1,1,4294967295,0,0
oDiveBird,128,784,00361381,0,1,1,4294967295,0,0
oDiveBird,128,2048,003E5978,0,1,1,4294967295,0,0
oMarioQBlock,432,1616,00069CF4,0,1,1,4294967295,0,0
oMarioQBlock,0,176,0016141D,0,1,1,4294967295,0,0
oMarioQBlock,16,176,0014B8B7,0,1,1,4294967295,0,0
oMarioQBlock,32,176,003509FE,0,1,1,4294967295,0,0
oExit,440,80,0011A213,0,1,1,4294967295,0,1
oBlackCrowTown,7,224,003AE4D1,0,1,1,4294967295,0,0
oMTBird,336,640,003D155F,0,1,1,4294967295,0,0
oMTBird,272,560,002E2FAE,0,1,1,4294967295,0,0
oMTBird,336,80,000B290D,0,1,1,4294967295,0,0
oMTBird,160,176,003933A7,0,1,1,4294967295,0,0
oMTBird,368,208,00323D8F,0,1,1,4294967295,0,0
oMTBird,304,160,0024FE31,0,1,1,4294967295,0,0
oMTBird,112,240,00190522,0,1,1,4294967295,0,0
oMTBird,80,336,00312DCC,0,1,1,4294967295,0,0
oMTBird,288,272,003756A1,0,1,1,4294967295,0,0
oMTBird,416,352,0004FF08,0,1,1,4294967295,0,0
oMTBird,256,400,0017FCA5,0,1,1,4294967295,0,0
oMTBird,144,416,003183BD,0,1,1,4294967295,0,0
oSwitchHolder,320,32,003B5A1E,0,1,1,4294967295,0,1
oLittleBirdStaticA,52,545,0027705D,0,1,1,4294967295,0,0
oLittleBirdStaticA,103,1673,0018730F,0,1,1,4294967295,0,0
oLittleBirdStaticA,129,1680,001FEA13,0,1,1,4294967295,0,1
oLittleBirdStaticA,248,161,00105A65,0,1,1,4294967295,0,0
oLittleBirdStaticA,233,160,0000EEAF,0,1,1,4294967295,0,0
oLittleBirdStaticA,264,128,0015C6F2,0,1,1,4294967295,0,0
oLittleBirdStaticA,468,1164,000BE0D0,0,1,1,4294967295,0,1
oHeartPiece,16,240,003479C8,0,1,1,4294967295,0,1
oStrikeChainPoint,72,1880,00282A4F,0,1,1,4294967295,0,0
oStrikeChainPoint,144,1200,0018B761,0,1,1,4294967295,0,0
oStrikeChainPoint,288,1152,0015D2A8,0,1,1,4294967295,0,0
oStrikeChainPoint,384,1088,000009FD,0,1,1,4294967295,0,0
oStrikeChainPoint,288,1024,0020337B,0,1,1,4294967295,0,0
oStrikeChainPoint,144,976,0002F86F,0,1,1,4294967295,0,0
oStrikeChainPoint,384,800,0025CE42,0,1,1,4294967295,0,0
oAPBoost,16,1952,00278F1E,0,1,1,4294967295,0,1
oMarioCoin,368,880,00329E24,0,1,1,4294967295,0,0
oMarioCoin,384,880,0014267E,0,1,1,4294967295,0,0
oMarioCoin,384,864,003DBCEA,0,1,1,4294967295,0,0
oMarioCoin,368,864,003E3FAD,0,1,1,4294967295,0,0
oMarioCoin,16,944,002473BA,0,1,1,4294967295,0,0
oMarioCoin,16,960,0004B5C1,0,1,1,4294967295,0,0
oMarioCoin,16,928,000086CA,0,1,1,4294967295,0,0
oCHAOS_AirGunner,256,1584,0009D696,0,1,1,4294967295,0,1
oCHAOS_AirGunner,384,1216,002EFBA3,0,1,1,4294967295,0,1
oCHAOS_AirGunner,448,1280,0029B6A5,0,1,1,4294967295,0,1
oCHAOS_AirGunner,288,688,001C21AD,0,1,1,4294967295,0,1
oCHAOS_AirGunner,80,64,0039C67B,0,1,1,4294967295,0,1
oPlayer1,240,336,002AD0C2,0,1,1,4294967295,0,0
oInvCollPH,112,1840,001B638E,0,1,1,4294967295,0,0
oInvCollPH,128,1840,000B5BA4,0,1,1,4294967295,0,0
oInvCollPH,144,1840,00262D27,0,1,1,4294967295,0,0
oInvCollPH,144,1856,0033EB6B,0,1,1,4294967295,0,0
oInvCollPH,144,1872,00336A2F,0,1,1,4294967295,0,0
oInvCollPH,144,1888,00031C1A,0,1,1,4294967295,0,0
oInvCollPH,112,1888,0015E3B5,0,1,1,4294967295,0,0
oInvCollPH,96,1888,0016A073,0,1,1,4294967295,0,0
oInvCollPH,96,1872,003BA261,0,1,1,4294967295,0,0
oInvCollPH,96,1856,001E6265,0,1,1,4294967295,0,0
oInvCollPH,288,1792,0009BD37,0,1,1,4294967295,0,0
oInvCollPH,288,1808,002B896A,0,1,1,4294967295,0,0
oInvCollPH,288,1824,00017184,0,1,1,4294967295,0,0
oInvCollPH,288,1840,0037D5EB,0,1,1,4294967295,0,0
oInvCollPH,288,1856,0029A76B,0,1,1,4294967295,0,0
oInvCollPH,288,1872,00115BE4,0,1,1,4294967295,0,0
oInvCollPH,288,1888,000AE374,0,1,1,4294967295,0,0
oInvCollPH,304,1888,002B9A88,0,1,1,4294967295,0,0
oInvCollPH,320,1888,0037C49A,0,1,1,4294967295,0,0
oInvCollPH,336,1888,000D0522,0,1,1,4294967295,0,0
oInvCollPH,336,1872,003A04B9,0,1,1,4294967295,0,0
oInvCollPH,336,1856,000BE636,0,1,1,4294967295,0,0
oInvCollPH,336,1840,0002B208,0,1,1,4294967295,0,0
oInvCollPH,336,1824,001D85BB,0,1,1,4294967295,0,0
oInvCollPH,336,1808,00018C43,0,1,1,4294967295,0,0
oInvCollPH,336,1792,00232E7B,0,1,1,4294967295,0,0
oInvCollPH,336,1776,001D2BC0,0,1,1,4294967295,0,0
oInvCollPH,320,1776,002A5859,0,1,1,4294967295,0,0
oInvCollPH,304,1776,0019C1A2,0,1,1,4294967295,0,0
oInvCollPH,400,1696,002E46B7,0,1,1,4294967295,0,0
oInvCollPH,400,1712,002F12F2,0,1,1,4294967295,0,0
oInvCollPH,400,1728,003E3644,0,1,1,4294967295,0,0
oInvCollPH,400,1744,002E7595,0,1,1,4294967295,0,0
oInvCollPH,400,1760,000BEEF1,0,1,1,4294967295,0,0
oInvCollPH,400,1776,000C9C4F,0,1,1,4294967295,0,0
oInvCollPH,400,1792,00106605,0,1,1,4294967295,0,0
oInvCollPH,416,1792,001D8436,0,1,1,4294967295,0,0
oInvCollPH,432,1792,002AE999,0,1,1,4294967295,0,0
oInvCollPH,432,1776,0006B0A9,0,1,1,4294967295,0,0
oInvCollPH,432,1760,00322E93,0,1,1,4294967295,0,0
oInvCollPH,432,1744,001FB193,0,1,1,4294967295,0,0
oInvCollPH,432,1728,000FC0BA,0,1,1,4294967295,0,0
oInvCollPH,432,1712,003B400A,0,1,1,4294967295,0,0
oInvCollPH,432,1696,003E4439,0,1,1,4294967295,0,0
oInvCollPH,432,1680,000B153F,0,1,1,4294967295,0,0
oInvCollPH,416,1680,0023047C,0,1,1,4294967295,0,0
oInvCollPH,128,1600,003E076D,0,1,1,4294967295,0,0
oInvCollPH,144,1600,0003D91D,0,1,1,4294967295,0,0
oInvCollPH,160,1600,0030E0A5,0,1,1,4294967295,0,0
oInvCollPH,176,1600,003BB581,0,1,1,4294967295,0,0
oInvCollPH,176,1616,0001CBD6,0,1,1,4294967295,0,0
oInvCollPH,160,1616,002C6925,0,1,1,4294967295,0,0
oInvCollPH,144,1616,00215D9F,0,1,1,4294967295,0,0
oInvCollPH,128,1616,0036C8DF,0,1,1,4294967295,0,0
oInvCollPH,112,1616,00370AF3,0,1,1,4294967295,0,0
oInvCollPH,48,1520,002CD15A,0,1,1,4294967295,0,0
oInvCollPH,64,1520,003A9A10,0,1,1,4294967295,0,0
oInvCollPH,80,1520,00341716,0,1,1,4294967295,0,0
oInvCollPH,96,1520,0024EB82,0,1,1,4294967295,0,0
oInvCollPH,96,1536,002C21CD,0,1,1,4294967295,0,0
oInvCollPH,96,1552,002A3CB1,0,1,1,4294967295,0,0
oInvCollPH,96,1568,002356C7,0,1,1,4294967295,0,0
oInvCollPH,96,1584,001B5EA3,0,1,1,4294967295,0,0
oInvCollPH,32,1536,000B8BF8,0,1,1,4294967295,0,0
oInvCollPH,32,1552,0027F2B7,0,1,1,4294967295,0,0
oInvCollPH,16,1568,001DCBB9,0,1,1,4294967295,0,0
oInvCollPH,0,1616,001C1843,0,1,1,4294967295,0,0
oInvCollPH,16,1616,00177B36,0,1,1,4294967295,0,0
oInvCollPH,32,1616,0032351F,0,1,1,4294967295,0,0
oInvCollPH,48,1616,0016085F,0,1,1,4294967295,0,0
oInvCollPH,64,1616,00377DC1,0,1,1,4294967295,0,0
oInvCollPH,80,1616,003148CC,0,1,1,4294967295,0,0
oInvCollPH,96,1616,002F9CD3,0,1,1,4294967295,0,0
oInvCollPH,48,2032,003A467F,0,1,1,4294967295,0,0
oInvCollPH,16,1968,0021C5C0,0,1,1,4294967295,0,0
oInvCollPH,16,1984,00177F7D,0,1,1,4294967295,0,0
oInvCollPH,16,2000,0022DBA2,0,1,1,4294967295,0,0
oInvCollPH,16,2016,003249BF,0,1,1,4294967295,0,0
oInvCollPH,80,2048,0019A060,0,1,1,4294967295,0,0
oInvCollPH,96,2048,003F10C6,0,1,1,4294967295,0,0
oInvCollPH,112,2048,00301136,0,1,1,4294967295,0,0
oInvCollPH,128,2048,0037229D,0,1,1,4294967295,0,0
oInvCollPH,144,2048,0003EFAA,0,1,1,4294967295,0,0
oInvCollPH,160,2048,003D22E1,0,1,1,4294967295,0,0
oInvCollPH,176,2048,0001FD6A,0,1,1,4294967295,0,0
oInvCollPH,192,2048,000B6343,0,1,1,4294967295,0,0
oInvCollPH,208,2048,003771B3,0,1,1,4294967295,0,0
oInvCollPH,464,2048,001A6E3B,0,1,1,4294967295,0,0
oInvCollPH,448,2048,0030FFAB,0,1,1,4294967295,0,0
oInvCollPH,432,2048,0033A70D,0,1,1,4294967295,0,0
oInvCollPH,416,2048,003B30FB,0,1,1,4294967295,0,0
oInvCollPH,400,2048,002E473C,0,1,1,4294967295,0,0
oInvCollPH,384,2048,0014A730,0,1,1,4294967295,0,0
oInvCollPH,368,2048,001473E3,0,1,1,4294967295,0,0
oInvCollPH,352,2048,0013DF35,0,1,1,4294967295,0,0
oInvCollPH,336,2048,00351CDB,0,1,1,4294967295,0,0
oInvCollPH,320,2048,0007C8E2,0,1,1,4294967295,0,0
oInvCollPH,256,2048,00388EA2,0,1,1,4294967295,0,0
oInvCollPH,272,2048,0002836E,0,1,1,4294967295,0,0
oInvCollPH,224,2048,00283C44,0,1,1,4294967295,0,0
oInvCollPH,240,2048,002535DB,0,1,1,4294967295,0,0
oInvCollPH,288,2048,000101EF,0,1,1,4294967295,0,0
oInvCollPH,304,2048,002D1FA1,0,1,1,4294967295,0,0
oInvCollPH,368,896,0026DA37,0,1,1,4294967295,0,0
oInvCollPH,384,896,00213F70,0,1,1,4294967295,0,0
oInvCollPH,400,896,00245211,0,1,1,4294967295,0,0
oInvCollPH,144,784,0038558D,0,1,1,4294967295,0,0
oInvCollPH,112,800,001418C5,0,1,1,4294967295,0,0
oInvCollPH,16,784,002EF5E5,0,1,1,4294967295,0,0
oInvCollPH,32,784,001CDA88,0,1,1,4294967295,0,0
oInvCollPH,48,784,002A8B0E,0,1,1,4294967295,0,0
oInvCollPH,64,784,001E6145,0,1,1,4294967295,0,0
oInvCollPH,80,784,002D0BF3,0,1,1,4294967295,0,0
oInvCollPH,96,784,000BF3DF,0,1,1,4294967295,0,0
oInvCollPH,96,816,003CECAE,0,1,1,4294967295,0,0
oInvCollPH,80,816,0030D855,0,1,1,4294967295,0,0
oInvCollPH,64,816,002CCC54,0,1,1,4294967295,0,0
oInvCollPH,48,816,001516D1,0,1,1,4294967295,0,0
oInvCollPH,32,816,0011D3D1,0,1,1,4294967295,0,0
oInvCollPH,16,816,0023F715,0,1,1,4294967295,0,0
oInvCollPH,0,816,002FBEBA,0,1,1,4294967295,0,0
oInvCollPH,16,976,000F2F89,0,1,1,4294967295,0,0
oInvCollPH,32,976,001AACDD,0,1,1,4294967295,0,0
oInvCollPH,32,992,000F99A3,0,1,1,4294967295,0,0
oInvCollPH,32,1008,000C0807,0,1,1,4294967295,0,0
oInvCollPH,32,1024,0037E08F,0,1,1,4294967295,0,0
oInvCollPH,32,1040,003EDD5A,0,1,1,4294967295,0,0
oInvCollPH,32,1056,0030E503,0,1,1,4294967295,0,0
oInvCollPH,32,1072,00375B9E,0,1,1,4294967295,0,0
oInvCollPH,32,1088,00209B31,0,1,1,4294967295,0,0
oInvCollPH,32,1104,002F986C,0,1,1,4294967295,0,0
oInvCollPH,32,1120,0026C00F,0,1,1,4294967295,0,0
oInvCollPH,0,1312,0003A308,0,1,1,4294967295,0,0
oInvCollPH,16,1312,00255C71,0,1,1,4294967295,0,0
oInvCollPH,32,1312,001E312D,0,1,1,4294967295,0,0
oInvCollPH,32,1296,001AC19B,0,1,1,4294967295,0,0
oInvCollPH,32,1280,00340E30,0,1,1,4294967295,0,0
oInvCollPH,32,1264,00020390,0,1,1,4294967295,0,0
oInvCollPH,32,1248,0019FCDD,0,1,1,4294967295,0,0
oInvCollPH,32,1232,003587B6,0,1,1,4294967295,0,0
oInvCollPH,32,1216,000E8D67,0,1,1,4294967295,0,0
oInvCollPH,32,1200,00379B82,0,1,1,4294967295,0,0
oInvCollPH,32,1184,002F1C3B,0,1,1,4294967295,0,0
oInvCollPH,32,1168,00135F44,0,1,1,4294967295,0,0
oInvCollPH,32,1136,00354DE8,0,1,1,4294967295,0,0
oInvCollPH,32,1152,0035D937,0,1,1,4294967295,0,0
oInvCollPH,352,528,002BF136,0,1,1,4294967295,0,0
oInvCollPH,368,528,003E7CC9,0,1,1,4294967295,0,0
oInvCollPH,384,528,000AAFD9,0,1,1,4294967295,0,0
oInvCollPH,400,528,001B6A91,0,1,1,4294967295,0,0
oInvCollPH,400,512,000555B8,0,1,1,4294967295,0,0
oInvCollPH,384,512,003BB298,0,1,1,4294967295,0,0
oInvCollPH,368,512,000A5398,0,1,1,4294967295,0,0
oInvCollPH,144,304,00217BCD,0,1,1,4294967295,0,0
oInvCollPH,176,272,001FC435,0,1,1,4294967295,0,0
oInvCollPH,336,240,00145B23,0,1,1,4294967295,0,0
oInvCollPH,368,272,003C5E49,0,1,1,4294967295,0,0
oInvCollPH,16,256,002028B9,0,1,1,4294967295,0,0
oInvCollPH,32,256,0012DDBF,0,1,1,4294967295,0,0
oInvCollPH,48,256,000A876A,0,1,1,4294967295,0,0
oInvCollPH,48,272,0007D5F0,0,1,1,4294967295,0,0
oInvCollPH,48,288,0027F2DA,0,1,1,4294967295,0,0
oInvCollPH,48,304,0012F436,0,1,1,4294967295,0,0
oInvCollPH,48,320,003C6AC0,0,1,1,4294967295,0,0
oInvCollPH,48,336,0033FCF6,0,1,1,4294967295,0,0
oInvCollPH,48,352,00390B50,0,1,1,4294967295,0,0
oInvCollPH,48,368,00323C7F,0,1,1,4294967295,0,0
oInvCollPH,32,368,0009D16C,0,1,1,4294967295,0,0
oInvCollPH,16,368,002FF88D,0,1,1,4294967295,0,0
oInvCollPH,0,368,0034AD86,0,1,1,4294967295,0,0
oInvCollPH,432,112,00037D72,0,1,1,4294967295,0,0
oInvCollPH,448,112,0021DE04,0,1,1,4294967295,0,0
oInvCollPH,464,112,001A5313,0,1,1,4294967295,0,0
oInvCollPH,416,128,0033BAC7,0,1,1,4294967295,0,0
oInvCollPH,416,144,00370363,0,1,1,4294967295,0,0
oInvCollPH,416,160,00242796,0,1,1,4294967295,0,0
oInvCollPH,416,176,003F3A5D,0,1,1,4294967295,0,0
oInvCollPH,416,192,003C7266,0,1,1,4294967295,0,0
oInvCollPH,432,192,001203C9,0,1,1,4294967295,0,0
oInvCollPH,448,192,002179BF,0,1,1,4294967295,0,0
oInvCollPH,464,192,001EC836,0,1,1,4294967295,0,0
oInvCollPH,128,1888,002329DA,0,1,1,4294967295,0,0
oInvCollPFH,112,576,0001C355,0,1,1,4294967295,0,0
oInvCollPFH,16,656,00089374,0,1,1,4294967295,0,0
oInvCollPFH,112,720,001DD414,0,1,1,4294967295,0,0
oInvCollPFH,64,1072,0031B271,0,1,1,4294967295,0,0
oInvCollPFH,64,1168,000729F3,0,1,1,4294967295,0,0
oInvCollPFH,64,1264,002567EC,0,1,1,4294967295,0,0
oInvCollPFH,160,1360,0009CA1E,0,1,1,4294967295,0,0
oInvCollPFH,176,1360,003DCFDD,0,1,1,4294967295,0,0
oInvCollPFH,64,1424,001896DB,0,1,1,4294967295,0,0
oInvCollPFH,80,1424,00230640,0,1,1,4294967295,0,0
oInvCollPH,264,16,0034F73B,0,1,1,4294967295,0,0
oInvCollPH,264,32,002D1641,0,1,1,4294967295,0,0
oInvCollPH,280,0,001E53A4,0,1,1,4294967295,0,0
oInvCollPH,280,16,001716B9,0,1,1,4294967295,0,0
oInvCollPH,280,32,0034C137,0,1,1,4294967295,0,0
oInvisibleSlimSolid,272,144,002F464A,0,1,1,4294967295,0,0
oInvisibleSlimSolid,240,208,00012B82,0,1,1,4294967295,0,0
oInvisibleSlimSolid,320,352,0026177E,0,1,1,4294967295,0,0
oInvisibleSlimSolid,432,432,00263FC4,0,1,1,4294967295,0,0
oInvisibleSlimSolid,192,464,00096E75,0,1,1,4294967295,0,0
oInvisibleSlimSolid,64,496,00127655,0,1,1,4294967295,0,0
oInvisiblePlatform,96,576,0024E636,0,1,1,4294967295,0,1
oInvisiblePlatform,0,656,0023609B,0,1,1,4294967295,0,1
oInvisiblePlatform,96,720,001FCE9B,0,1,1,4294967295,0,1
oInvisiblePlatform,48,1424,0022BB62,0,1,1,4294967295,0,1
oInvisiblePlatform,144,1360,002BA6E1,0,1,1,4294967295,0,1
oInvisiblePlatform,48,1264,002A1AD6,0,1,1,4294967295,0,1
oInvisiblePlatform,48,1168,0034FD1B,0,1,1,4294967295,0,1
oInvisiblePlatform,48,1072,00312C09,0,1,1,4294967295,0,1
oInvisibleSolid,352,512,001ACDB3,0,1,1,4294967295,0,1
oInvisibleSolid,416,112,000432E9,0,1,1,4294967295,0,1
oInvisibleSolid,352,272,002E1CA9,0,1,1,4294967295,0,1
oInvisibleSolid,320,240,00281F7A,0,1,1,4294967295,0,1
oInvisibleSolid,160,272,00279EC6,0,1,1,4294967295,0,1
oInvisibleSolid,128,304,000F8904,0,1,1,4294967295,0,1
oInvisibleSolid,0,256,00342C78,0,1,1,4294967295,0,1
oInvisibleSolid,128,784,002F455F,0,1,1,4294967295,0,1
oInvisibleSolid,112,784,00107DF3,0,1,1,4294967295,0,1
oInvisibleSolid,0,784,0012CA49,0,1,1,4294967295,0,1
oInvisibleSolid,0,976,001D5B31,0,1,1,4294967295,0,1
oInvisibleSolid,352,896,0028FB21,0,1,1,4294967295,0,1
oInvisibleSolid,112,1600,002FA42A,0,1,1,4294967295,0,1
oInvisibleSolid,32,1520,0021FEAC,0,1,1,4294967295,0,1
oInvisibleSolid,0,1968,001B949C,0,1,1,4294967295,0,1
oInvisibleSolid,32,2032,00039D9D,0,1,1,4294967295,0,1
oInvisibleSolid,64,2048,002A7B08,0,1,1,4294967295,0,1
oInvisibleSolid,96,1840,001E18BD,0,1,1,4294967295,0,1
oInvisibleSolid,288,1776,00388971,0,1,1,4294967295,0,1
oInvisibleSolid,400,1680,0014F614,0,1,1,4294967295,0,1
oInvisibleSolid,264,0,001605F0,0,1,1,4294967295,0,1
oInvisibleSolid,0,1568,00312F29,0,1,1,4294967295,0,1
oMapDoor,8,1536,003BFDB5,0,1,1,4294967295,0,1
oInvisibleSolid,0,1520,00051C25,0,1,1,4294967295,0,1
