oExit,0,1376,00142D74,0,1,1,4294967295,0,1
oExit,624,128,00122FA7,0,1,1,4294967295,0,1
oExit,624,1376,0019E6F3,0,1,1,4294967295,0,1
sSwitchPlatformBlock,544,1376,002D34D8,0,1,1,4294967295,0,0
sSwitchPlatformBlock,568,1256,00257495,0,1,1,4294967295,0,0
sSwitchPlatformBlock,248,1048,002075AC,0,1,1,4294967295,0,0
sSwitchPlatformBlock,104,808,000B12E6,0,1,1,4294967295,0,0
sSwitchPlatformBlock,48,704,000C143F,0,1,1,4294967295,0,0
sSwitchPlatformBlock,272,512,003A7F63,0,1,1,4294967295,0,0
sSwitchPlatformBlock,48,288,000EE6D4,0,1,1,4294967295,0,0
oPlatformBlock,352,1280,0006A9E9,0,1,1,4294967295,0,1
oPlatformBlock,352,1216,00244005,0,1,1,4294967295,0,1
oPlatformBlock,160,960,002383B6,0,1,1,4294967295,0,1
oPlatformBlock,416,1024,0005D3C5,0,1,1,4294967295,0,1
oCVCandle,512,1216,0033C602,0,1,1,4294967295,0,0
oCVCandle,576,1120,003F4F95,0,1,1,4294967295,0,0
oCVCandle,320,1120,0025CF49,0,1,1,4294967295,0,0
oCVCandle,272,1376,0031BC5F,0,1,1,4294967295,0,0
oCVCandle,64,1056,00400E98,0,1,1,4294967295,0,0
oCVCandle,112,1056,00055D0E,0,1,1,4294967295,0,0
oPlatformBlock,96,896,0007AA83,0,1,1,4294967295,0,1
oPlatformBlock,256,832,000F45F1,0,1,1,4294967295,0,1
oPlatformBlock,160,672,001C45B5,0,1,1,4294967295,0,1
oPlatformBlock,32,608,0014E466,0,1,1,4294967295,0,1
oHeartEnergy,568,944,001EC909,0,1,1,4294967295,0,1
oPlatformBlock,288,320,003B9018,0,1,1,4294967295,0,1
oPlatformBlock,288,128,00401EB2,0,1,1,4294967295,0,1
oPlatformBlock,160,288,003E820B,0,1,1,4294967295,0,1
oCVCandle,464,784,001F88E6,0,1,1,4294967295,0,0
oCVCandle,496,784,00106968,0,1,1,4294967295,0,0
oCVCandle,480,672,003F0423,0,1,1,4294967295,0,0
oCVCandle,256,416,0021685F,0,1,1,4294967295,0,0
oCVCandle,384,416,0004D826,0,1,1,4294967295,0,0
oCVCandle,384,256,00359B81,0,1,1,4294967295,0,0
oCVCandle,416,256,000DADED,0,1,1,4294967295,0,0
oCVCandle,448,256,002D5668,0,1,1,4294967295,0,0
oZeldaBreakPot,592,752,00308BE5,0,1,1,4294967295,0,0
oZeldaBreakPot,592,336,000B07DF,0,1,1,4294967295,0,0
oMarioSpikeL,288,288,001F3CC1,0,1,1,4294967295,0,0
oMarioSpikeR,336,288,001DCD39,0,1,1,4294967295,0,0
oMarioSpikeFloor,480,464,00368AEB,0,1,1,4294967295,0,0
oMarioSpikeFloor,496,464,00360F92,0,1,1,4294967295,0,0
oMarioSpikeFloor,544,464,00148D9F,0,1,1,4294967295,0,0
oMarioSpikeFloor,560,464,001B4982,0,1,1,4294967295,0,0
oMarioSpikeR,336,304,001A0263,0,1,1,4294967295,0,0
oMarioSpikeL,288,304,0015DB68,0,1,1,4294967295,0,0
oBallChainControl,320,64,000D4CC5,0,1,1,4294967295,0,1
oCV_InvisibleMan,544,832,0034B478,0,1,1,4294967295,0,0
oCV_BoneSkeleton,80,1088,000B3F1F,0,1,1,4294967295,0,0
oCV_BonePillar,368,960,00089322,0,1,1,4294967295,0,0
oCV_Ghost,304,576,0030DBDA,0,1,1,4294967295,0,0
oCV_BoneSkeleton,48,736,003A5188,0,1,1,4294967295,0,0
oCV_BonePillar,400,480,000AB8E7,0,1,1,4294967295,0,1
oCV_BonePillar,464,448,002732EC,0,1,1,4294967295,0,0
oCV_BonePillar,528,416,001BE9A6,0,1,1,4294967295,0,0
oCV_Ghost,128,160,00114271,0,1,1,4294967295,0,0
oPlayer1,48,1408,0025186D,0,1,1,4294967295,0,0
oStoryObject,152,1392,003C5011,0,1,1,4294967295,0,1
oInvCollPH,16,1408,002FF33C,0,1,1,4294967295,0,0
oInvCollPH,32,1408,00263E38,0,1,1,4294967295,0,0
oInvCollPH,48,1408,0009D4C3,0,1,1,4294967295,0,0
oInvCollPH,64,1408,0003BEFC,0,1,1,4294967295,0,0
oInvCollPH,80,1408,000A68DD,0,1,1,4294967295,0,0
oInvCollPH,96,1408,00347AFE,0,1,1,4294967295,0,0
oInvCollPH,112,1408,0011BB24,0,1,1,4294967295,0,0
oInvCollPH,128,1408,001284DC,0,1,1,4294967295,0,0
oInvCollPH,144,1408,00050595,0,1,1,4294967295,0,0
oInvCollPH,160,1408,002C05DE,0,1,1,4294967295,0,0
oInvCollPH,176,1408,001454F4,0,1,1,4294967295,0,0
oInvCollPH,192,1408,00125E0B,0,1,1,4294967295,0,0
oInvCollPH,208,1408,002418FE,0,1,1,4294967295,0,0
oInvCollPH,224,1408,000AFEBA,0,1,1,4294967295,0,0
oInvCollPH,240,1408,0003985D,0,1,1,4294967295,0,0
oInvCollPH,256,1408,001648D8,0,1,1,4294967295,0,0
oInvCollPH,272,1408,0031F0D2,0,1,1,4294967295,0,0
oInvCollPH,288,1408,001249F7,0,1,1,4294967295,0,0
oInvCollPH,304,1408,000E61C6,0,1,1,4294967295,0,0
oInvCollPH,320,1408,00118BC0,0,1,1,4294967295,0,0
oInvCollPH,336,1408,00114FDE,0,1,1,4294967295,0,0
oInvCollPH,336,1424,000B47C1,0,1,1,4294967295,0,0
oInvCollPH,336,1440,001C83AA,0,1,1,4294967295,0,0
oInvCollPH,336,1456,001326BC,0,1,1,4294967295,0,0
oInvCollPH,336,1472,0021C8F4,0,1,1,4294967295,0,0
oInvCollPH,512,1424,0028657C,0,1,1,4294967295,0,0
oInvCollPH,512,1440,0008FA85,0,1,1,4294967295,0,0
oInvCollPH,512,1456,00337DD0,0,1,1,4294967295,0,0
oInvCollPH,512,1472,001F3822,0,1,1,4294967295,0,0
oInvCollPH,528,1408,0013B78B,0,1,1,4294967295,0,0
oInvCollPH,544,1408,000CA6D9,0,1,1,4294967295,0,0
oInvCollPH,560,1408,00333BB9,0,1,1,4294967295,0,0
oInvCollPH,576,1408,003B87ED,0,1,1,4294967295,0,0
oInvCollPH,592,1408,0016FA73,0,1,1,4294967295,0,0
oInvCollPH,608,1408,001B2A3C,0,1,1,4294967295,0,0
oInvCollPH,624,1408,001BE402,0,1,1,4294967295,0,0
oInvCollPH,608,1232,00390C39,0,1,1,4294967295,0,0
oInvCollPH,608,1248,000F2E82,0,1,1,4294967295,0,0
oInvCollPH,608,1264,0006F291,0,1,1,4294967295,0,0
oInvCollPH,480,1264,003F4161,0,1,1,4294967295,0,0
oInvCollPH,496,1248,00247CB0,0,1,1,4294967295,0,0
oInvCollPH,512,1248,003750E9,0,1,1,4294967295,0,0
oInvCollPH,528,1248,000F0B28,0,1,1,4294967295,0,0
oInvCollPH,528,1264,00040DF6,0,1,1,4294967295,0,0
oInvCollPH,416,1296,0016AA49,0,1,1,4294967295,0,0
oInvCollPH,416,1312,001D18A9,0,1,1,4294967295,0,0
oInvCollPH,416,1328,0007AF85,0,1,1,4294967295,0,0
oInvCollPH,432,1280,0003DEA8,0,1,1,4294967295,0,0
oInvCollPH,448,1280,003A50C9,0,1,1,4294967295,0,0
oInvCollPH,464,1280,002BA5C2,0,1,1,4294967295,0,0
oInvCollPH,544,1280,0023FF50,0,1,1,4294967295,0,0
oInvCollPH,560,1280,0000FBD1,0,1,1,4294967295,0,0
oInvCollPH,576,1280,001FF1C2,0,1,1,4294967295,0,0
oInvCollPH,592,1280,003CEF61,0,1,1,4294967295,0,0
oInvCollPH,432,1328,003044CF,0,1,1,4294967295,0,0
oInvCollPH,448,1328,001B68E5,0,1,1,4294967295,0,0
oInvCollPH,464,1328,003DEBF3,0,1,1,4294967295,0,0
oInvCollPH,480,1328,003E92AB,0,1,1,4294967295,0,0
oInvCollPH,496,1328,002309B9,0,1,1,4294967295,0,0
oInvCollPH,512,1328,002E6E3F,0,1,1,4294967295,0,0
oInvCollPH,528,1328,00018E4D,0,1,1,4294967295,0,0
oInvCollPH,544,1328,003E075C,0,1,1,4294967295,0,0
oInvCollPH,560,1328,0035F5ED,0,1,1,4294967295,0,0
oInvCollPH,576,1328,0018B893,0,1,1,4294967295,0,0
oInvCollPH,592,1328,000365E2,0,1,1,4294967295,0,0
oInvCollPH,608,1328,0008EC1D,0,1,1,4294967295,0,0
oInvCollPH,624,1328,003D47BB,0,1,1,4294967295,0,0
oInvCollPH,544,1168,0039118C,0,1,1,4294967295,0,0
oInvCollPH,544,1184,0033F264,0,1,1,4294967295,0,0
oInvCollPH,544,1200,00261D9B,0,1,1,4294967295,0,0
oInvCollPH,560,1200,0019CA5D,0,1,1,4294967295,0,0
oInvCollPH,576,1200,003D450B,0,1,1,4294967295,0,0
oInvCollPH,592,1200,003E2279,0,1,1,4294967295,0,0
oInvCollPH,560,1152,000383FB,0,1,1,4294967295,0,0
oInvCollPH,576,1152,001113C8,0,1,1,4294967295,0,0
oInvCollPH,592,1152,002E0E96,0,1,1,4294967295,0,0
oInvCollPH,304,1152,003D6053,0,1,1,4294967295,0,0
oInvCollPH,320,1152,003C0343,0,1,1,4294967295,0,0
oInvCollPH,336,1152,0016395E,0,1,1,4294967295,0,0
oInvCollPH,336,1168,000A32FC,0,1,1,4294967295,0,0
oInvCollPH,336,1184,0002AEAB,0,1,1,4294967295,0,0
oInvCollPH,336,1200,00055EA4,0,1,1,4294967295,0,0
oInvCollPH,320,1200,0016518D,0,1,1,4294967295,0,0
oInvCollPH,304,1200,003361BD,0,1,1,4294967295,0,0
oInvCollPH,288,1200,00121E20,0,1,1,4294967295,0,0
oInvCollPH,16,1072,00349D17,0,1,1,4294967295,0,0
oInvCollPH,32,1088,001CB63B,0,1,1,4294967295,0,0
oInvCollPH,48,1088,000BD911,0,1,1,4294967295,0,0
oInvCollPH,64,1088,000B43FE,0,1,1,4294967295,0,0
oInvCollPH,80,1088,003BF928,0,1,1,4294967295,0,0
oInvCollPH,96,1088,00023185,0,1,1,4294967295,0,0
oInvCollPH,112,1088,00158010,0,1,1,4294967295,0,0
oInvCollPH,272,1136,000E5A13,0,1,1,4294967295,0,0
oInvCollPH,272,1120,003B1294,0,1,1,4294967295,0,0
oInvCollPH,272,1104,001F787A,0,1,1,4294967295,0,0
oInvCollPH,272,1088,000E1228,0,1,1,4294967295,0,0
oInvCollPH,256,1088,00252DBA,0,1,1,4294967295,0,0
oInvCollPH,240,1088,00366FDE,0,1,1,4294967295,0,0
oInvCollPH,224,1088,0015068E,0,1,1,4294967295,0,0
oInvCollPH,208,1088,00253FBF,0,1,1,4294967295,0,0
oInvCollPH,192,1088,000A41F3,0,1,1,4294967295,0,0
oInvCollPH,176,1088,000D7B2B,0,1,1,4294967295,0,0
oInvCollPH,160,1088,001042CA,0,1,1,4294967295,0,0
oInvCollPH,144,1088,003A0607,0,1,1,4294967295,0,0
oInvCollPH,128,1088,003B590F,0,1,1,4294967295,0,0
oInvCollPH,272,1200,000A516D,0,1,1,4294967295,0,0
oInvCollPH,256,1200,0028E71D,0,1,1,4294967295,0,0
oInvCollPH,240,1200,0033C2DA,0,1,1,4294967295,0,0
oInvCollPH,224,1200,0023F814,0,1,1,4294967295,0,0
oInvCollPH,208,1200,003BD457,0,1,1,4294967295,0,0
oInvCollPH,192,1200,00129FEC,0,1,1,4294967295,0,0
oInvCollPH,176,1200,0018202C,0,1,1,4294967295,0,0
oInvCollPH,160,1200,0018BB8E,0,1,1,4294967295,0,0
oInvCollPH,144,1200,000ED2AC,0,1,1,4294967295,0,0
oInvCollPH,128,1200,000A1B7D,0,1,1,4294967295,0,0
oInvCollPH,112,1200,00032E3D,0,1,1,4294967295,0,0
oInvCollPH,96,1200,003AC934,0,1,1,4294967295,0,0
oInvCollPH,80,1200,00035AF9,0,1,1,4294967295,0,0
oInvCollPH,64,1200,000134AE,0,1,1,4294967295,0,0
oInvCollPH,48,1200,0024D3BB,0,1,1,4294967295,0,0
oInvCollPH,32,1200,0036C65F,0,1,1,4294967295,0,0
oInvCollPH,16,1200,00233FBD,0,1,1,4294967295,0,0
oInvCollPH,0,1200,0024AF25,0,1,1,4294967295,0,0
oInvCollPH,560,960,001E99E6,0,1,1,4294967295,0,0
oInvCollPH,576,960,003A6130,0,1,1,4294967295,0,0
oInvCollPH,592,960,001F9BEE,0,1,1,4294967295,0,0
oInvCollPH,544,976,002A520A,0,1,1,4294967295,0,0
oInvCollPH,544,992,002A84F3,0,1,1,4294967295,0,0
oInvCollPH,544,1008,0019D32A,0,1,1,4294967295,0,0
oInvCollPH,560,1008,0016B8DB,0,1,1,4294967295,0,0
oInvCollPH,576,1008,002FDF87,0,1,1,4294967295,0,0
oInvCollPH,592,1008,000144FA,0,1,1,4294967295,0,0
oInvCollPH,608,912,0000FD5C,0,1,1,4294967295,0,0
oInvCollPH,608,928,001F2E6C,0,1,1,4294967295,0,0
oInvCollPH,608,944,001EE298,0,1,1,4294967295,0,0
oInvCollPH,608,1040,00394045,0,1,1,4294967295,0,0
oInvCollPH,608,1056,00167FA4,0,1,1,4294967295,0,0
oInvCollPH,608,1072,0009BBE4,0,1,1,4294967295,0,0
oInvCollPH,608,1088,000F9616,0,1,1,4294967295,0,0
oInvCollPH,608,1104,000B0385,0,1,1,4294967295,0,0
oInvCollPH,608,1120,002D3B4B,0,1,1,4294967295,0,0
oInvCollPH,608,1136,002A0C9B,0,1,1,4294967295,0,0
oInvCollPH,608,1024,001632B1,0,1,1,4294967295,0,0
oInvCollPH,608,1216,000DEE38,0,1,1,4294967295,0,0
oInvCollPH,384,912,0020D531,0,1,1,4294967295,0,0
oInvCollPH,384,960,000DD02A,0,1,1,4294967295,0,0
oInvCollPH,400,912,00398773,0,1,1,4294967295,0,0
oInvCollPH,400,896,0012FD31,0,1,1,4294967295,0,0
oInvCollPH,224,976,0023F812,0,1,1,4294967295,0,0
oInvCollPH,224,992,000673BB,0,1,1,4294967295,0,0
oInvCollPH,224,1008,0015961B,0,1,1,4294967295,0,0
oInvCollPH,240,1008,002A6855,0,1,1,4294967295,0,0
oInvCollPH,256,1008,0039A5F3,0,1,1,4294967295,0,0
oInvCollPH,272,1008,003600F8,0,1,1,4294967295,0,0
oInvCollPH,288,1008,003CD7F8,0,1,1,4294967295,0,0
oInvCollPH,304,1008,002BD993,0,1,1,4294967295,0,0
oInvCollPH,320,1008,0039CA72,0,1,1,4294967295,0,0
oInvCollPH,336,1008,00221F5A,0,1,1,4294967295,0,0
oInvCollPH,240,960,003CC8FA,0,1,1,4294967295,0,0
oInvCollPH,256,960,00092BC1,0,1,1,4294967295,0,0
oInvCollPH,272,960,000DB6FD,0,1,1,4294967295,0,0
oInvCollPH,288,960,00262F7D,0,1,1,4294967295,0,0
oInvCollPH,304,960,0038C20D,0,1,1,4294967295,0,0
oInvCollPH,320,960,00304CF3,0,1,1,4294967295,0,0
oInvCollPH,336,960,003CAFD6,0,1,1,4294967295,0,0
oInvCollPH,352,960,00046B7E,0,1,1,4294967295,0,0
oInvCollPH,368,960,0012A8AD,0,1,1,4294967295,0,0
oInvCollPH,352,1008,002693A9,0,1,1,4294967295,0,0
oInvCollPH,368,1008,001E014E,0,1,1,4294967295,0,0
oInvCollPH,400,1024,000AB089,0,1,1,4294967295,0,0
oInvCollPH,400,1008,0029523B,0,1,1,4294967295,0,0
oInvCollPH,400,992,003A6D73,0,1,1,4294967295,0,0
oInvCollPH,400,976,00369A2E,0,1,1,4294967295,0,0
oInvCollPH,400,960,00345A11,0,1,1,4294967295,0,0
oInvCollPH,400,1072,001135FB,0,1,1,4294967295,0,0
oInvCollPH,384,848,00206E21,0,1,1,4294967295,0,0
oInvCollPH,384,864,003BDAD3,0,1,1,4294967295,0,0
oInvCollPH,384,880,001F58AD,0,1,1,4294967295,0,0
oInvCollPH,400,832,002BE277,0,1,1,4294967295,0,0
oInvCollPH,416,832,001D06C2,0,1,1,4294967295,0,0
oInvCollPH,432,832,000ABFD7,0,1,1,4294967295,0,0
oInvCollPH,448,832,0037F363,0,1,1,4294967295,0,0
oInvCollPH,464,832,00066AD4,0,1,1,4294967295,0,0
oInvCollPH,480,832,0020C2A3,0,1,1,4294967295,0,0
oInvCollPH,496,832,00269661,0,1,1,4294967295,0,0
oInvCollPH,528,832,0009A9D7,0,1,1,4294967295,0,0
oInvCollPH,512,832,000512C1,0,1,1,4294967295,0,0
oInvCollPH,544,832,0015A89E,0,1,1,4294967295,0,0
oInvCollPH,560,832,00246FF7,0,1,1,4294967295,0,0
oInvCollPH,576,816,003F82A9,0,1,1,4294967295,0,0
oInvCollPH,576,800,002449B4,0,1,1,4294967295,0,0
oInvCollPH,576,784,00276695,0,1,1,4294967295,0,0
oInvCollPH,592,768,00402D36,0,1,1,4294967295,0,0
oInvCollPH,416,880,001D9D85,0,1,1,4294967295,0,0
oInvCollPH,432,880,0032DACC,0,1,1,4294967295,0,0
oInvCollPH,448,880,0020469C,0,1,1,4294967295,0,0
oInvCollPH,464,880,001B6EC6,0,1,1,4294967295,0,0
oInvCollPH,480,880,0021D449,0,1,1,4294967295,0,0
oInvCollPH,496,880,0032D7E6,0,1,1,4294967295,0,0
oInvCollPH,512,880,00085B7F,0,1,1,4294967295,0,0
oInvCollPH,528,880,000367B6,0,1,1,4294967295,0,0
oInvCollPH,544,880,0033B887,0,1,1,4294967295,0,0
oInvCollPH,560,880,001F67BA,0,1,1,4294967295,0,0
oInvCollPH,576,880,003FE936,0,1,1,4294967295,0,0
oInvCollPH,592,880,001F6AEA,0,1,1,4294967295,0,0
oInvCollPH,16,800,002E805D,0,1,1,4294967295,0,0
oInvCollPH,16,816,0027A680,0,1,1,4294967295,0,0
oInvCollPH,16,832,001EF6D6,0,1,1,4294967295,0,0
oInvCollPH,16,848,0001F656,0,1,1,4294967295,0,0
oInvCollPH,16,864,0014E345,0,1,1,4294967295,0,0
oInvCollPH,16,880,003C5576,0,1,1,4294967295,0,0
oInvCollPH,16,896,003AC20C,0,1,1,4294967295,0,0
oInvCollPH,16,912,0024F216,0,1,1,4294967295,0,0
oInvCollPH,16,1056,00120E28,0,1,1,4294967295,0,0
oInvCollPH,16,1040,0020ACA3,0,1,1,4294967295,0,0
oInvCollPH,16,1024,00330685,0,1,1,4294967295,0,0
oInvCollPH,16,1008,00225B9E,0,1,1,4294967295,0,0
oInvCollPH,16,992,003AA018,0,1,1,4294967295,0,0
oInvCollPH,16,976,003D9566,0,1,1,4294967295,0,0
oInvCollPH,16,960,000B09C4,0,1,1,4294967295,0,0
oInvCollPH,16,928,001788EC,0,1,1,4294967295,0,0
oInvCollPH,16,944,0010B312,0,1,1,4294967295,0,0
oInvCollPH,16,720,0002BAB7,0,1,1,4294967295,0,0
oInvCollPH,48,736,0013DDDD,0,1,1,4294967295,0,0
oInvCollPH,64,736,00245FEA,0,1,1,4294967295,0,0
oInvCollPH,80,736,00208B35,0,1,1,4294967295,0,0
oInvCollPH,96,736,003B91FD,0,1,1,4294967295,0,0
oInvCollPH,112,736,000388CA,0,1,1,4294967295,0,0
oInvCollPH,112,752,000FC750,0,1,1,4294967295,0,0
oInvCollPH,112,768,0012A2E9,0,1,1,4294967295,0,0
oInvCollPH,112,784,003D34AE,0,1,1,4294967295,0,0
oInvCollPH,96,784,00275508,0,1,1,4294967295,0,0
oInvCollPH,80,784,00298994,0,1,1,4294967295,0,0
oInvCollPH,64,784,002DDC8F,0,1,1,4294967295,0,0
oInvCollPH,48,784,003784D0,0,1,1,4294967295,0,0
oInvCollPH,32,784,000CE9E2,0,1,1,4294967295,0,0
oInvCollPH,448,720,0005DCF2,0,1,1,4294967295,0,0
oInvCollPH,464,720,002F27C1,0,1,1,4294967295,0,0
oInvCollPH,480,720,002AC54C,0,1,1,4294967295,0,0
oInvCollPH,496,720,00003336,0,1,1,4294967295,0,0
oInvCollPH,496,704,002F1490,0,1,1,4294967295,0,0
oInvCollPH,480,704,0035C04C,0,1,1,4294967295,0,0
oInvCollPH,464,704,0032F745,0,1,1,4294967295,0,0
oInvCollPH,608,592,0013C7B0,0,1,1,4294967295,0,0
oInvCollPH,608,608,0034741D,0,1,1,4294967295,0,0
oInvCollPH,608,624,002A7CF8,0,1,1,4294967295,0,0
oInvCollPH,608,640,00349C32,0,1,1,4294967295,0,0
oInvCollPH,608,656,0026445E,0,1,1,4294967295,0,0
oInvCollPH,608,672,0013E32A,0,1,1,4294967295,0,0
oInvCollPH,608,688,000BCB31,0,1,1,4294967295,0,0
oInvCollPH,608,704,002A0C07,0,1,1,4294967295,0,0
oInvCollPH,608,720,0012EB9A,0,1,1,4294967295,0,0
oInvCollPH,608,736,002BBF84,0,1,1,4294967295,0,0
oInvCollPH,608,752,0022A171,0,1,1,4294967295,0,0
oInvCollPH,192,496,002E4DCC,0,1,1,4294967295,0,0
oInvCollPH,208,496,0027651A,0,1,1,4294967295,0,0
oInvCollPH,224,496,0039E458,0,1,1,4294967295,0,0
oInvCollPH,240,496,000EAB21,0,1,1,4294967295,0,0
oInvCollPH,256,496,00181623,0,1,1,4294967295,0,0
oInvCollPH,272,496,000E6597,0,1,1,4294967295,0,0
oInvCollPH,288,496,000AFFE2,0,1,1,4294967295,0,0
oInvCollPH,304,496,000FF5A8,0,1,1,4294967295,0,0
oInvCollPH,304,480,0031F201,0,1,1,4294967295,0,0
oInvCollPH,288,480,0024412A,0,1,1,4294967295,0,0
oInvCollPH,272,480,002747A3,0,1,1,4294967295,0,0
oInvCollPH,256,480,00288348,0,1,1,4294967295,0,0
oInvCollPH,240,480,0000F473,0,1,1,4294967295,0,0
oInvCollPH,224,480,001EBDB9,0,1,1,4294967295,0,0
oInvCollPH,208,480,000EE474,0,1,1,4294967295,0,0
oInvCollPH,304,512,0006BA19,0,1,1,4294967295,0,0
oInvCollPH,272,528,003785E4,0,1,1,4294967295,0,0
oInvCollPH,288,528,000D5FD1,0,1,1,4294967295,0,0
oInvCollPH,304,528,003411F5,0,1,1,4294967295,0,0
oInvCollPH,608,560,000A1DC6,0,1,1,4294967295,0,0
oInvCollPH,608,576,00207604,0,1,1,4294967295,0,0
oInvCollPH,320,528,000AD1FE,0,1,1,4294967295,0,0
oInvCollPH,336,528,002DD721,0,1,1,4294967295,0,0
oInvCollPH,352,528,0035C9FF,0,1,1,4294967295,0,0
oInvCollPH,368,528,00402D92,0,1,1,4294967295,0,0
oInvCollPH,336,480,002013AA,0,1,1,4294967295,0,0
oInvCollPH,352,480,0026299D,0,1,1,4294967295,0,0
oInvCollPH,368,480,003B3573,0,1,1,4294967295,0,0
oInvCollPH,384,480,0023CFD8,0,1,1,4294967295,0,0
oInvCollPH,400,480,00283894,0,1,1,4294967295,0,0
oInvCollPH,416,480,00085F09,0,1,1,4294967295,0,0
oInvCollPH,432,480,0013A3F7,0,1,1,4294967295,0,0
oInvCollPH,448,464,003B2E3C,0,1,1,4294967295,0,0
oInvCollPH,464,464,000EF61B,0,1,1,4294967295,0,0
oInvCollPH,464,528,002E30DB,0,1,1,4294967295,0,0
oInvCollPH,448,528,001806CB,0,1,1,4294967295,0,0
oInvCollPH,432,528,003CE06F,0,1,1,4294967295,0,0
oInvCollPH,416,528,0018D333,0,1,1,4294967295,0,0
oInvCollPH,400,528,000824CF,0,1,1,4294967295,0,0
oInvCollPH,384,528,000D5666,0,1,1,4294967295,0,0
oInvCollPH,528,464,0001AA10,0,1,1,4294967295,0,0
oInvCollPH,512,464,00036FEA,0,1,1,4294967295,0,0
oInvCollPH,496,480,001C150E,0,1,1,4294967295,0,0
oInvCollPH,480,480,002B0971,0,1,1,4294967295,0,0
oInvCollPH,576,448,00068863,0,1,1,4294967295,0,0
oInvCollPH,576,464,0013EB42,0,1,1,4294967295,0,0
oInvCollPH,560,480,0016EA86,0,1,1,4294967295,0,0
oInvCollPH,544,480,002D0BF2,0,1,1,4294967295,0,0
oInvCollPH,592,528,0029B981,0,1,1,4294967295,0,0
oInvCollPH,576,528,00086A84,0,1,1,4294967295,0,0
oInvCollPH,560,528,00216854,0,1,1,4294967295,0,0
oInvCollPH,544,528,000050EF,0,1,1,4294967295,0,0
oInvCollPH,528,528,00005743,0,1,1,4294967295,0,0
oInvCollPH,512,528,000F69F3,0,1,1,4294967295,0,0
oInvCollPH,496,528,000FEB63,0,1,1,4294967295,0,0
oInvCollPH,480,528,00224DB1,0,1,1,4294967295,0,0
oInvCollPH,464,448,003318A5,0,1,1,4294967295,0,0
oInvCollPH,512,448,001FF06E,0,1,1,4294967295,0,0
oInvCollPH,512,432,001BD5CB,0,1,1,4294967295,0,0
oInvCollPH,528,448,002F19DC,0,1,1,4294967295,0,0
oInvCollPH,528,432,0000E39E,0,1,1,4294967295,0,0
oInvCollPH,528,416,00015088,0,1,1,4294967295,0,0
oInvCollPH,576,432,00306921,0,1,1,4294967295,0,0
oInvCollPH,576,416,0028A625,0,1,1,4294967295,0,0
oInvCollPH,576,400,003CF3BD,0,1,1,4294967295,0,0
oInvCollPH,576,384,002504B6,0,1,1,4294967295,0,0
oInvCollPH,576,368,001D772A,0,1,1,4294967295,0,0
oInvCollPH,592,352,0016ACB9,0,1,1,4294967295,0,0
oInvCollPH,224,304,00128F91,0,1,1,4294967295,0,0
oInvCollPH,240,304,00345B40,0,1,1,4294967295,0,0
oInvCollPH,256,304,00230E2B,0,1,1,4294967295,0,0
oInvCollPH,272,304,0014FAB8,0,1,1,4294967295,0,0
oInvCollPH,272,288,000CB4B5,0,1,1,4294967295,0,0
oInvCollPH,256,288,00130DA3,0,1,1,4294967295,0,0
oInvCollPH,240,288,0013D4B2,0,1,1,4294967295,0,0
oInvCollPH,352,304,000FC3BD,0,1,1,4294967295,0,0
oInvCollPH,368,304,003F259F,0,1,1,4294967295,0,0
oInvCollPH,384,304,00231339,0,1,1,4294967295,0,0
oInvCollPH,400,304,00036F1B,0,1,1,4294967295,0,0
oInvCollPH,416,304,00344E85,0,1,1,4294967295,0,0
oInvCollPH,432,304,00333F3A,0,1,1,4294967295,0,0
oInvCollPH,448,304,000FDFDE,0,1,1,4294967295,0,0
oInvCollPH,464,304,0021490B,0,1,1,4294967295,0,0
oInvCollPH,464,288,0002AA30,0,1,1,4294967295,0,0
oInvCollPH,448,288,0002EF7C,0,1,1,4294967295,0,0
oInvCollPH,432,288,003CA367,0,1,1,4294967295,0,0
oInvCollPH,416,288,003343C4,0,1,1,4294967295,0,0
oInvCollPH,400,288,0003E5F8,0,1,1,4294967295,0,0
oInvCollPH,384,288,0019FA70,0,1,1,4294967295,0,0
oInvCollPH,368,288,003644BE,0,1,1,4294967295,0,0
oInvCollPH,32,368,002D23AC,0,1,1,4294967295,0,0
oInvCollPH,48,368,00292969,0,1,1,4294967295,0,0
oInvCollPH,64,368,0026C716,0,1,1,4294967295,0,0
oInvCollPH,80,368,002C7675,0,1,1,4294967295,0,0
oInvCollPH,80,352,00144170,0,1,1,4294967295,0,0
oInvCollPH,80,336,00299731,0,1,1,4294967295,0,0
oInvCollPH,80,320,000B3F93,0,1,1,4294967295,0,0
oInvCollPH,64,320,00184B48,0,1,1,4294967295,0,0
oInvCollPH,48,320,00243095,0,1,1,4294967295,0,0
oInvCollPH,32,176,00175DBB,0,1,1,4294967295,0,0
oInvCollPH,48,176,0007192D,0,1,1,4294967295,0,0
oInvCollPH,64,176,002A5E33,0,1,1,4294967295,0,0
oInvCollPH,80,176,000BC535,0,1,1,4294967295,0,0
oInvCollPH,80,160,00209589,0,1,1,4294967295,0,0
oInvCollPH,80,144,0039DC96,0,1,1,4294967295,0,0
oInvCollPH,80,128,0010EBAA,0,1,1,4294967295,0,0
oInvCollPH,96,112,003C8014,0,1,1,4294967295,0,0
oInvCollPH,112,112,00124CB6,0,1,1,4294967295,0,0
oInvCollPH,128,112,000E721F,0,1,1,4294967295,0,0
oInvCollPH,144,112,0023FACC,0,1,1,4294967295,0,0
oInvCollPH,144,96,00112DB3,0,1,1,4294967295,0,0
oInvCollPH,144,80,0020D152,0,1,1,4294967295,0,0
oInvCollPH,144,64,000E41AC,0,1,1,4294967295,0,0
oInvCollPH,16,192,001559A7,0,1,1,4294967295,0,0
oInvCollPH,16,208,0013AE26,0,1,1,4294967295,0,0
oInvCollPH,16,224,00332306,0,1,1,4294967295,0,0
oInvCollPH,16,240,00084A4E,0,1,1,4294967295,0,0
oInvCollPH,16,256,001BADC1,0,1,1,4294967295,0,0
oInvCollPH,16,272,0017A6D3,0,1,1,4294967295,0,0
oInvCollPH,16,288,002F5341,0,1,1,4294967295,0,0
oInvCollPH,16,304,003AA50D,0,1,1,4294967295,0,0
oInvCollPH,16,384,001691DA,0,1,1,4294967295,0,0
oInvCollPH,16,400,0000BE8E,0,1,1,4294967295,0,0
oInvCollPH,16,416,001179D4,0,1,1,4294967295,0,0
oInvCollPH,16,432,002F8762,0,1,1,4294967295,0,0
oInvCollPH,16,448,00027A31,0,1,1,4294967295,0,0
oInvCollPH,16,464,000FE2BD,0,1,1,4294967295,0,0
oInvCollPH,16,480,0028A3E1,0,1,1,4294967295,0,0
oInvCollPH,16,496,001A1F47,0,1,1,4294967295,0,0
oInvCollPH,16,512,001D909E,0,1,1,4294967295,0,0
oInvCollPH,16,528,0025F339,0,1,1,4294967295,0,0
oInvCollPH,16,544,00233F3D,0,1,1,4294967295,0,0
oInvCollPH,16,560,00051093,0,1,1,4294967295,0,0
oInvCollPH,16,576,002FEA97,0,1,1,4294967295,0,0
oInvCollPH,16,592,003D58E5,0,1,1,4294967295,0,0
oInvCollPH,16,608,0029A07B,0,1,1,4294967295,0,0
oInvCollPH,16,624,003D6334,0,1,1,4294967295,0,0
oInvCollPH,16,640,003CA1B4,0,1,1,4294967295,0,0
oInvCollPH,16,656,00275A54,0,1,1,4294967295,0,0
oInvCollPH,16,672,000D3517,0,1,1,4294967295,0,0
oInvCollPH,16,688,002DC3B8,0,1,1,4294967295,0,0
oInvCollPH,16,704,002C1711,0,1,1,4294967295,0,0
oInvCollPH,160,48,002DFF55,0,1,1,4294967295,0,0
oInvCollPH,176,48,002B6B7E,0,1,1,4294967295,0,0
oInvCollPH,192,48,0036284C,0,1,1,4294967295,0,0
oInvCollPH,208,48,001436E3,0,1,1,4294967295,0,0
oInvCollPH,224,48,0006A379,0,1,1,4294967295,0,0
oInvCollPH,240,48,002B0636,0,1,1,4294967295,0,0
oInvCollPH,256,48,00108EF8,0,1,1,4294967295,0,0
oInvCollPH,272,48,0018B174,0,1,1,4294967295,0,0
oInvCollPH,288,48,0013DED9,0,1,1,4294967295,0,0
oInvCollPH,304,48,002ACCD2,0,1,1,4294967295,0,0
oInvCollPH,320,48,002DCAD5,0,1,1,4294967295,0,0
oInvCollPH,336,48,0021FE6B,0,1,1,4294967295,0,0
oInvCollPH,352,48,0007F1FC,0,1,1,4294967295,0,0
oInvCollPH,368,48,00388FC2,0,1,1,4294967295,0,0
oInvCollPH,384,48,003B630C,0,1,1,4294967295,0,0
oInvCollPH,400,48,001D39EE,0,1,1,4294967295,0,0
oInvCollPH,416,48,003A8040,0,1,1,4294967295,0,0
oInvCollPH,432,48,002B7741,0,1,1,4294967295,0,0
oInvCollPH,448,48,0027366A,0,1,1,4294967295,0,0
oInvCollPH,464,48,0015BBB4,0,1,1,4294967295,0,0
oInvCollPH,480,48,000F0E6E,0,1,1,4294967295,0,0
oInvCollPH,496,48,00032F69,0,1,1,4294967295,0,0
oInvCollPH,512,48,00152747,0,1,1,4294967295,0,0
oInvCollPH,528,48,00291454,0,1,1,4294967295,0,0
oInvCollPH,544,48,001F7231,0,1,1,4294967295,0,0
oInvCollPH,560,48,000BCB98,0,1,1,4294967295,0,0
oInvCollPH,576,48,0035C067,0,1,1,4294967295,0,0
oInvCollPH,592,48,00049ACE,0,1,1,4294967295,0,0
oInvCollPH,608,48,002C2096,0,1,1,4294967295,0,0
oInvCollPH,624,48,0005DCA7,0,1,1,4294967295,0,0
oInvCollPH,608,336,002EAF03,0,1,1,4294967295,0,0
oInvCollPH,608,320,0000570D,0,1,1,4294967295,0,0
oInvCollPH,608,304,0019B3C9,0,1,1,4294967295,0,0
oInvCollPH,608,288,00017C32,0,1,1,4294967295,0,0
oInvCollPH,608,272,003A769F,0,1,1,4294967295,0,0
oInvCollPH,608,256,00020314,0,1,1,4294967295,0,0
oInvCollPH,608,240,00225D3D,0,1,1,4294967295,0,0
oInvCollPH,608,544,00000A78,0,1,1,4294967295,0,0
oInvCollPH,528,160,002E1CE0,0,1,1,4294967295,0,0
oInvCollPH,544,160,002B9CA9,0,1,1,4294967295,0,0
oInvCollPH,560,160,00363E9A,0,1,1,4294967295,0,0
oInvCollPH,576,160,000578A6,0,1,1,4294967295,0,0
oInvCollPH,592,160,002C0402,0,1,1,4294967295,0,0
oInvCollPH,608,160,0020F46E,0,1,1,4294967295,0,0
oInvCollPH,624,160,001763F2,0,1,1,4294967295,0,0
oInvCollPH,512,176,000F860F,0,1,1,4294967295,0,0
oInvCollPH,512,192,0013ACFA,0,1,1,4294967295,0,0
oInvCollPH,512,208,0006B94A,0,1,1,4294967295,0,0
oInvCollPH,528,208,000C35C8,0,1,1,4294967295,0,0
oInvCollPH,544,208,003A3FE4,0,1,1,4294967295,0,0
oInvCollPH,560,208,00140DAA,0,1,1,4294967295,0,0
oInvCollPH,576,208,002690EF,0,1,1,4294967295,0,0
oInvCollPH,592,208,00110DD3,0,1,1,4294967295,0,0
oInvCollSH,400,952,0027BE61,0,1,1,4294967295,0,0
oInvCollSH,384,928,0010E766,0,1,1,4294967295,0,0
oInvCollSH,400,928,00385B0B,0,1,1,4294967295,0,0
oInvisibleSolid,0,1408,0006B5E0,0,1,1,4294967295,0,1
oInvisibleSolid,512,1408,0014D05E,0,1,1,4294967295,0,1
oInvisibleSolid,416,1280,0020A651,0,1,1,4294967295,0,1
oInvisibleSolid,480,1248,0021A5D0,0,1,1,4294967295,0,1
oInvisibleSolid,544,1152,002805F9,0,1,1,4294967295,0,1
oInvisibleSolid,288,1152,000D9F83,0,1,1,4294967295,0,1
oInvisibleSolid,0,1088,0033A168,0,1,1,4294967295,0,1
oInvisibleSolid,384,832,0007F14E,0,1,1,4294967295,0,1
oInvisibleSolid,608,224,001FCA55,0,1,1,4294967295,0,1
oInvisibleSolid,544,960,000C698A,0,1,1,4294967295,0,1
oInvisibleSolid,384,896,0009011E,0,1,1,4294967295,0,1
oInvisibleSolid,224,960,00253E05,0,1,1,4294967295,0,1
oInvisibleSolid,384,1024,002DC51A,0,1,1,4294967295,0,1
oInvisibleSolid,384,1072,00184997,0,1,1,4294967295,0,1
oInvisibleSolid,32,736,00251514,0,1,1,4294967295,0,1
oInvisibleSolid,0,0,001D9DCD,0,1,1,4294967295,0,1
oInvisibleSolid,576,768,001103B3,0,1,1,4294967295,0,1
oInvisibleSolid,448,704,000AADED,0,1,1,4294967295,0,1
oInvisibleSlimSolid,384,952,0007E8FB,0,1,1,4294967295,0,1
oInvisibleSolid,192,480,00275D24,0,1,1,4294967295,0,1
oInvisibleSolid,288,512,000756BD,0,1,1,4294967295,0,1
oInvisibleSolid,256,528,0033D664,0,1,1,4294967295,0,1
oInvisibleSolid,320,480,003E75BC,0,1,1,4294967295,0,1
oInvisibleSolid,448,448,00206C8D,0,1,1,4294967295,0,1
oInvisibleSolid,512,416,0038D76A,0,1,1,4294967295,0,1
oInvisibleSolid,576,352,00224EDA,0,1,1,4294967295,0,1
oInvisibleSolid,32,320,0028587E,0,1,1,4294967295,0,1
oInvisibleSolid,32,128,0003E29B,0,1,1,4294967295,0,1
oInvisibleSolid,32,64,003C58B9,0,1,1,4294967295,0,1
oInvisibleSolid,32,0,002989D8,0,1,1,4294967295,0,1
oInvisibleSolid,224,288,002ECDEF,0,1,1,4294967295,0,1
oInvisibleSolid,352,288,003CE76F,0,1,1,4294967295,0,1
oInvisibleSolid,512,160,00316CFB,0,1,1,4294967295,0,1
