oExit,232,272,0013883E,0,1,1,4294967295,0,1
oExit,88,272,000EAAC5,0,1,1,4294967295,0,1
oSignPost,384,304,0020BE24,0,1,1,4294967295,0,1
oExit,400,272,0023B294,0,1,1,4294967295,0,1
oHealingPost,320,304,001BA002,0,1,1,4294967295,0,0
oAPBoost,416,128,0006F09F,0,1,1,4294967295,0,1
oEvCh19Door,336,240,002CBADF,0,1,1,4294967295,0,1
oEvCh19Door,128,240,000CEC4C,0,1,1,4294967295,0,1
oPlayer1,272,304,002DC34E,0,1,1,4294967295,0,0
oInvCollPH,208,208,000E61B2,0,1,1,4294967295,0,0
oInvCollPH,224,208,00052E15,0,1,1,4294967295,0,0
oInvCollPH,240,208,0009DA7E,0,1,1,4294967295,0,0
oInvCollPH,256,208,000BF1E1,0,1,1,4294967295,0,0
oInvCollPH,272,208,0023F42F,0,1,1,4294967295,0,0
oInvCollPH,32,80,00004D55,0,1,1,4294967295,0,0
oInvCollPH,32,96,003F94CD,0,1,1,4294967295,0,0
oInvCollPH,32,112,0012B8FB,0,1,1,4294967295,0,0
oInvCollPH,32,240,003AA13D,0,1,1,4294967295,0,0
oInvCollPH,32,256,0037CC48,0,1,1,4294967295,0,0
oInvCollPH,32,272,002A89C9,0,1,1,4294967295,0,0
oInvCollPH,32,288,002EAA46,0,1,1,4294967295,0,0
oInvCollPH,432,96,003A0E87,0,1,1,4294967295,0,0
oInvCollPH,432,112,000D9354,0,1,1,4294967295,0,0
oInvCollPH,432,128,003465E4,0,1,1,4294967295,0,0
oInvCollPH,432,224,000B5486,0,1,1,4294967295,0,0
oInvCollPH,432,240,000305FF,0,1,1,4294967295,0,0
oInvCollPH,432,256,0031825B,0,1,1,4294967295,0,0
oInvCollPH,432,272,002CE9F6,0,1,1,4294967295,0,0
oInvCollPH,432,288,001F2918,0,1,1,4294967295,0,0
oInvCollPH,48,64,0012410C,0,1,1,4294967295,0,0
oInvCollPH,64,64,0028B3D6,0,1,1,4294967295,0,0
oInvCollPH,80,64,001BFC87,0,1,1,4294967295,0,0
oInvCollPH,96,64,001B80D6,0,1,1,4294967295,0,0
oInvCollPH,112,64,00038ED0,0,1,1,4294967295,0,0
oInvCollPH,128,64,00239423,0,1,1,4294967295,0,0
oInvCollPH,144,64,0011AB44,0,1,1,4294967295,0,0
oInvCollPH,160,64,001B005A,0,1,1,4294967295,0,0
oInvCollPH,176,64,0000CC6B,0,1,1,4294967295,0,0
oInvCollPH,192,64,001BC04D,0,1,1,4294967295,0,0
oInvCollPH,208,64,002C790B,0,1,1,4294967295,0,0
oInvCollPH,224,64,001C6672,0,1,1,4294967295,0,0
oInvCollPH,240,64,00363833,0,1,1,4294967295,0,0
oInvCollPH,256,64,0018FDF9,0,1,1,4294967295,0,0
oInvCollPH,272,64,001C2947,0,1,1,4294967295,0,0
oInvCollPH,288,64,002F712E,0,1,1,4294967295,0,0
oInvCollPH,304,64,003D4A5E,0,1,1,4294967295,0,0
oInvCollPH,320,64,000686C8,0,1,1,4294967295,0,0
oInvCollPH,336,64,003A5FE9,0,1,1,4294967295,0,0
oInvCollPH,352,64,00056492,0,1,1,4294967295,0,0
oInvCollPH,368,64,003F07CB,0,1,1,4294967295,0,0
oInvCollPH,384,64,0014C04F,0,1,1,4294967295,0,0
oInvCollPH,400,64,001B7EF1,0,1,1,4294967295,0,0
oInvCollPH,416,64,002ABB6E,0,1,1,4294967295,0,0
oInvCollPH,48,304,0018AC63,0,1,1,4294967295,0,0
oInvCollPH,64,304,0030BEDD,0,1,1,4294967295,0,0
oInvCollPH,80,304,0014E0A8,0,1,1,4294967295,0,0
oInvCollPH,96,304,0037C590,0,1,1,4294967295,0,0
oInvCollPH,112,304,0025BB73,0,1,1,4294967295,0,0
oInvCollPH,128,304,002E5F75,0,1,1,4294967295,0,0
oInvCollPH,144,304,00394D27,0,1,1,4294967295,0,0
oInvCollPH,160,304,00221318,0,1,1,4294967295,0,0
oInvCollPH,176,304,001A7754,0,1,1,4294967295,0,0
oInvCollPH,192,304,000F5204,0,1,1,4294967295,0,0
oInvCollPH,208,304,002668F3,0,1,1,4294967295,0,0
oInvCollPH,224,304,001C93E7,0,1,1,4294967295,0,0
oInvCollPH,240,304,003281E4,0,1,1,4294967295,0,0
oInvCollPH,256,304,0021C697,0,1,1,4294967295,0,0
oInvCollPH,272,304,000A9008,0,1,1,4294967295,0,0
oInvCollPH,288,304,000A8D57,0,1,1,4294967295,0,0
oInvCollPH,304,304,003DAC57,0,1,1,4294967295,0,0
oInvCollPH,320,304,0000AB22,0,1,1,4294967295,0,0
oInvCollPH,336,304,0016FEA4,0,1,1,4294967295,0,0
oInvCollPH,352,304,001A2996,0,1,1,4294967295,0,0
oInvCollPH,368,304,002E049E,0,1,1,4294967295,0,0
oInvCollPH,384,304,001483AE,0,1,1,4294967295,0,0
oInvCollPH,400,304,0027458D,0,1,1,4294967295,0,0
oInvCollPH,416,304,0026FB08,0,1,1,4294967295,0,0
oInvCollPH,384,128,0013CFED,0,1,1,4294967295,0,0
oInvCollPH,384,224,0039E407,0,1,1,4294967295,0,0
oInvCollPH,96,128,0035B2E0,0,1,1,4294967295,0,0
oInvCollPH,96,176,0019EA3E,0,1,1,4294967295,0,0
oInvCollPH,64,128,00070098,0,1,1,4294967295,0,0
oInvCollPH,64,192,000D8F9A,0,1,1,4294967295,0,0
oInvCollPH,64,208,0001E557,0,1,1,4294967295,0,0
oInvCollPH,64,224,00082B81,0,1,1,4294967295,0,0
oInvCollPH,48,224,000D3817,0,1,1,4294967295,0,0
oInvCollPH,112,192,002874E1,0,1,1,4294967295,0,0
oInvCollPH,112,208,0023051D,0,1,1,4294967295,0,0
oInvCollPH,112,224,0024512B,0,1,1,4294967295,0,0
oInvCollPH,128,224,001B77E4,0,1,1,4294967295,0,0
oInvCollPH,128,208,0021DFD2,0,1,1,4294967295,0,0
oInvCollPH,128,192,00079FA4,0,1,1,4294967295,0,0
oInvCollPH,128,176,002412A6,0,1,1,4294967295,0,0
oInvCollPH,128,160,00226E39,0,1,1,4294967295,0,0
oInvCollPH,128,144,000A5B6B,0,1,1,4294967295,0,0
oInvCollPH,128,128,00021783,0,1,1,4294967295,0,0
oInvCollPH,416,144,000FF709,0,1,1,4294967295,0,0
oInvCollPH,400,208,00245D7A,0,1,1,4294967295,0,0
oInvCollPH,416,208,00145B4A,0,1,1,4294967295,0,0
oInvCollPH,352,128,00006D6F,0,1,1,4294967295,0,0
oInvCollPH,336,144,003D616F,0,1,1,4294967295,0,0
oInvCollPH,336,160,00236777,0,1,1,4294967295,0,0
oInvCollPH,336,176,0037AF7A,0,1,1,4294967295,0,0
oInvCollPH,336,192,002C39A3,0,1,1,4294967295,0,0
oInvCollPH,336,208,00058508,0,1,1,4294967295,0,0
oInvCollPH,336,224,00075F39,0,1,1,4294967295,0,0
oInvCollPH,352,224,002B2857,0,1,1,4294967295,0,0
oInvisibleSolid,192,208,003639A0,0,1,1,4294967295,0,1
oInvisibleSolid,368,128,0021BA0A,0,1,1,4294967295,0,1
oInvisibleSolid,336,128,002AE561,0,1,1,4294967295,0,1
oInvisibleSolid,80,128,001FE270,0,1,1,4294967295,0,1
oInvisibleSolid,0,0,0027A0A1,0,1,1,4294967295,0,1
oInvisibleSolid,0,304,00169FAE,0,1,1,4294967295,0,1
oInvisibleSolid,0,80,000C011A,0,1,1,4294967295,0,1
oInvisibleSolid,432,80,0036F74C,0,1,1,4294967295,0,1
oInvisibleSolid,368,176,001D41D2,0,1,1,4294967295,0,1
oInvisibleSolid,368,224,003BB2AB,0,1,1,4294967295,0,1
oInvisibleSolid,400,192,0034E02F,0,1,1,4294967295,0,1
oInvisibleSolid,400,144,003E4D75,0,1,1,4294967295,0,1
oInvisibleSolid,80,176,0024F0B5,0,1,1,4294967295,0,1
oInvisibleSolid,48,128,00292FBA,0,1,1,4294967295,0,1
oInvisibleSolid,112,128,0033C201,0,1,1,4294967295,0,1
