oExit,1984,336,00202CBA,0,1,1,4294967295,0,1
oExit,48,336,00337902,0,1,1,4294967295,0,1
oExit,3536,128,000E28C6,0,1,1,4294967295,0,1
oExit,864,-16,002D546B,0,1,1,4294967295,0,1
oExit,128,-16,0012C92E,0,1,1,4294967295,0,1
oSwitchHolder,288,48,001AEFCD,0,1,1,4294967295,0,1
oMovingPlatform,2944,208,000A0D26,0,1,1,4294967295,0,1
oCVCandle,128,208,0015BDC1,0,1,1,4294967295,0,0
oCVCandle,176,208,0037C6F0,0,1,1,4294967295,0,0
oCVCandle,352,128,00259DB7,0,1,1,4294967295,0,0
oCVCandle,528,128,0027B1A6,0,1,1,4294967295,0,0
oCVCandle,448,128,002EDA13,0,1,1,4294967295,0,0
oCVCandle,608,128,003A66FC,0,1,1,4294967295,0,0
oCVCandle,840,232,0022E604,0,1,1,4294967295,0,0
oCVCandle,952,232,00304489,0,1,1,4294967295,0,0
oCVCandle,1048,200,00005834,0,1,1,4294967295,0,0
oCVCandle,1048,88,003157AD,0,1,1,4294967295,0,0
oCVCandle,1216,200,00177333,0,1,1,4294967295,0,0
oCVCandle,1376,200,000D9387,0,1,1,4294967295,0,0
oCVCandle,1504,176,0029C66B,0,1,1,4294967295,0,0
oCVCandle,2024,248,0029C14D,0,1,1,4294967295,0,0
oCVCandle,2312,168,0032F68F,0,1,1,4294967295,0,0
oCVCandle,2520,168,00034295,0,1,1,4294967295,0,0
oCVCandle,2784,96,0018D831,0,1,1,4294967295,0,0
oCVCandle,3240,88,000F4A5B,0,1,1,4294967295,0,0
oCVCandle,3304,88,0013F149,0,1,1,4294967295,0,0
oCVCandle,3392,112,003146EE,0,1,1,4294967295,0,0
oCVCandle,3008,160,0036F708,0,1,1,4294967295,0,0
oCVCandle,3072,160,0010362D,0,1,1,4294967295,0,0
oCVCandle,2320,80,0037B9E3,0,1,1,4294967295,0,0
oCVCandle,2512,80,00278532,0,1,1,4294967295,0,0
oCVCandle,2416,80,0027C02B,0,1,1,4294967295,0,0
oCVCandle,1760,224,002B2489,0,1,1,4294967295,0,0
oCVCandle,1680,224,003BC502,0,1,1,4294967295,0,0
oCVCandle,1600,224,00235A89,0,1,1,4294967295,0,0
oCVCandle,1856,160,001337CF,0,1,1,4294967295,0,0
oMovingPlatform,1312,272,0026D778,0,1,1,4294967295,0,1
oMovingPlatform,1232,272,00322C31,0,1,1,4294967295,0,1
oZeldaBreakPot,552,256,0019C16E,0,1,1,4294967295,0,0
oZeldaBreakPot,2408,96,0039633B,0,1,1,4294967295,0,0
oWeaponLevelUpgrade,368,144,00031023,0,1,1,4294967295,0,1
oMarioSpikeFloor,1072,304,000EE52D,0,1,1,4294967295,0,0
oMarioSpikeFloor,1088,304,0008F3BE,0,1,1,4294967295,0,0
oMarioSpikeFloor,1104,304,0023C57E,0,1,1,4294967295,0,0
oMarioSpikeFloor,1120,304,000086B5,0,1,1,4294967295,0,0
oMarioSpikeFloor,1136,304,000BDC8A,0,1,1,4294967295,0,0
oMarioSpikeFloor,1152,304,0016E3B2,0,1,1,4294967295,0,0
oMarioSpikeFloor,1168,304,001AB2C6,0,1,1,4294967295,0,0
oMarioSpikeFloor,1184,304,002EEA3D,0,1,1,4294967295,0,0
oMarioSpikeFloor,1200,304,002CE659,0,1,1,4294967295,0,0
oMarioSpikeFloor,1216,304,0013162F,0,1,1,4294967295,0,0
oMarioSpikeFloor,1232,304,000C19BF,0,1,1,4294967295,0,0
oMarioSpikeFloor,1248,304,001FE5A0,0,1,1,4294967295,0,0
oMarioSpikeFloor,1264,304,0004B83C,0,1,1,4294967295,0,0
oMarioSpikeFloor,1280,304,002B890C,0,1,1,4294967295,0,0
oMarioSpikeFloor,1296,304,0034B786,0,1,1,4294967295,0,0
oMarioSpikeFloor,1312,304,0004C666,0,1,1,4294967295,0,0
oMarioSpikeFloor,1328,304,003A3769,0,1,1,4294967295,0,0
oMarioSpikeFloor,1344,304,001AE228,0,1,1,4294967295,0,0
oMarioSpikeFloor,1360,304,0031C12C,0,1,1,4294967295,0,0
oMarioSpikeFloor,1376,304,00362AF8,0,1,1,4294967295,0,0
oMarioSpikeFloor,1392,304,00208DE6,0,1,1,4294967295,0,0
oMarioSpikeFloor,1408,304,000284DE,0,1,1,4294967295,0,0
oMarioSpikeFloor,1424,304,00052CA8,0,1,1,4294967295,0,0
oMarioSpikeFloor,1440,304,003DFCB0,0,1,1,4294967295,0,0
oMarioSpikeFloor,1456,304,003E1EC7,0,1,1,4294967295,0,0
oMarioSpikeFloor,1472,304,0007F91B,0,1,1,4294967295,0,0
oMarioSpikeFloor,1488,304,0003FB27,0,1,1,4294967295,0,0
oMarioSpikeFloor,1504,304,00347E76,0,1,1,4294967295,0,0
oMarioSpikeFloor,2256,304,00302F3B,0,1,1,4294967295,0,0
oMarioSpikeFloor,2272,304,00285806,0,1,1,4294967295,0,0
oMarioSpikeFloor,2288,304,001AB0DD,0,1,1,4294967295,0,0
oMarioSpikeFloor,2304,304,000FE309,0,1,1,4294967295,0,0
oMarioSpikeFloor,2320,304,002A5922,0,1,1,4294967295,0,0
oMarioSpikeFloor,2336,304,0008FA38,0,1,1,4294967295,0,0
oMarioSpikeFloor,2352,304,002E300A,0,1,1,4294967295,0,0
oMarioSpikeFloor,2368,304,0002E172,0,1,1,4294967295,0,0
oMarioSpikeFloor,2384,304,00388E37,0,1,1,4294967295,0,0
oMarioSpikeFloor,2432,304,0022F8C2,0,1,1,4294967295,0,0
oMarioSpikeFloor,2448,304,003ADAB7,0,1,1,4294967295,0,0
oMarioSpikeFloor,2464,304,00133A65,0,1,1,4294967295,0,0
oMarioSpikeFloor,2480,304,001DD9F6,0,1,1,4294967295,0,0
oMarioSpikeFloor,2496,304,0037F76B,0,1,1,4294967295,0,0
oMarioSpikeFloor,2512,304,0030F9FA,0,1,1,4294967295,0,0
oMarioSpikeFloor,2528,304,00248F5C,0,1,1,4294967295,0,0
oMarioSpikeFloor,2544,304,003755BA,0,1,1,4294967295,0,0
oMarioSpikeFloor,2560,304,0018D547,0,1,1,4294967295,0,0
oMarioSpikeCeiling,1104,112,001E0B0F,0,1,1,4294967295,0,0
oMarioSpikeCeiling,1120,112,00020852,0,1,1,4294967295,0,0
oMarioSpikeCeiling,1136,112,0016A101,0,1,1,4294967295,0,0
oMarioSpikeCeiling,1152,112,000E445B,0,1,1,4294967295,0,0
oMarioSpikeCeiling,1264,112,00013DCC,0,1,1,4294967295,0,0
oMarioSpikeCeiling,1280,112,000275D3,0,1,1,4294967295,0,0
oMarioSpikeCeiling,1296,112,0020C721,0,1,1,4294967295,0,0
oMarioSpikeCeiling,1312,112,000550C8,0,1,1,4294967295,0,0
oMarioSpikeCeiling,1424,112,003B3040,0,1,1,4294967295,0,0
oMarioSpikeCeiling,1440,112,002F9A4D,0,1,1,4294967295,0,0
oMarioSpikeCeiling,1456,112,0001AC06,0,1,1,4294967295,0,0
oMarioSpikeCeiling,1472,112,0035DD73,0,1,1,4294967295,0,0
oMarioSpikeFloor,2912,240,00151972,0,1,1,4294967295,0,0
oMarioSpikeFloor,2928,240,002E1A38,0,1,1,4294967295,0,0
oMarioSpikeFloor,2944,240,0021E417,0,1,1,4294967295,0,0
oMarioSpikeFloor,2960,240,000275A7,0,1,1,4294967295,0,0
oMarioSpikeFloor,2976,240,0034E4DA,0,1,1,4294967295,0,0
oMarioSpikeFloor,2992,240,0031671F,0,1,1,4294967295,0,0
oMarioSpikeFloor,3008,240,000F34C7,0,1,1,4294967295,0,0
oMarioSpikeFloor,3024,240,002A22A2,0,1,1,4294967295,0,0
oMarioSpikeFloor,3040,240,00134C9A,0,1,1,4294967295,0,0
oMarioSpikeFloor,3056,240,0013677F,0,1,1,4294967295,0,0
oMarioSpikeFloor,3072,240,0025C5C3,0,1,1,4294967295,0,0
oMarioSpikeFloor,3088,240,00262EAD,0,1,1,4294967295,0,0
oMarioSpikeFloor,3104,240,002DCB33,0,1,1,4294967295,0,0
oMarioSpikeFloor,3120,240,003EF74F,0,1,1,4294967295,0,0
oMarioSpikeFloor,3136,240,0009D4AD,0,1,1,4294967295,0,0
oMarioSpikeFloor,3152,240,00316B32,0,1,1,4294967295,0,0
oBallChainControl,3040,32,00299683,0,1,1,4294967295,0,1
oBallChainControl,1136,80,002378E2,0,1,1,4294967295,0,1
oBallChainControl,1456,80,001FCF8D,0,1,1,4294967295,0,1
oCV_BonePillar,1056,272,00334EF9,0,1,1,4294967295,0,0
oCV_BonePillar,1536,272,003ED3D5,0,1,1,4294967295,0,0
oCV_BonePillar,2416,208,0002F347,0,1,1,4294967295,0,0
oCV_Ghoul,2384,112,00335B16,0,1,1,4294967295,0,0
oCV_Ghoul,2448,112,00270C18,0,1,1,4294967295,0,0
oCV_Ghost,1888,96,00046F3A,0,1,1,4294967295,0,0
oCV_Ghost,1216,96,002F23E1,0,1,1,4294967295,0,0
oCV_Ghost,1376,64,00199EA6,0,1,1,4294967295,0,0
oCV_BoneSkeleton,1648,272,001F8764,0,1,1,4294967295,0,0
oCV_BoneSkeleton,528,272,0011AC33,0,1,1,4294967295,0,0
oCV_PantherSkeleton,800,272,0023389A,0,1,1,4294967295,0,0
oCV_InvisibleMan,2528,112,00236A94,0,1,1,4294967295,0,0
oCV_InvisibleMan,3296,224,001B6A72,0,1,1,4294967295,0,0
oPlayer1,2080,320,002D6E6C,0,1,1,4294967295,0,0
oInvCollPH,1104,48,003841A2,0,1,1,4294967295,0,0
oInvCollPH,1104,64,0004B65D,0,1,1,4294967295,0,0
oInvCollPH,1104,80,002CE2EC,0,1,1,4294967295,0,0
oInvCollPH,1104,96,002103D7,0,1,1,4294967295,0,0
oInvCollPH,1120,96,0038F636,0,1,1,4294967295,0,0
oInvCollPH,1136,96,002CE793,0,1,1,4294967295,0,0
oInvCollPH,1152,96,000705BD,0,1,1,4294967295,0,0
oInvCollPH,1152,80,0009EED9,0,1,1,4294967295,0,0
oInvCollPH,1152,64,0035CC2E,0,1,1,4294967295,0,0
oInvCollPH,1152,48,0010C053,0,1,1,4294967295,0,0
oInvCollPH,1152,32,00163ACC,0,1,1,4294967295,0,0
oInvCollPH,1264,48,00199DA4,0,1,1,4294967295,0,0
oInvCollPH,1264,64,00005F16,0,1,1,4294967295,0,0
oInvCollPH,1264,80,000456DC,0,1,1,4294967295,0,0
oInvCollPH,1264,96,001227BD,0,1,1,4294967295,0,0
oInvCollPH,1280,96,00025525,0,1,1,4294967295,0,0
oInvCollPH,1296,96,000C35E1,0,1,1,4294967295,0,0
oInvCollPH,1312,96,0004B263,0,1,1,4294967295,0,0
oInvCollPH,1312,80,0011B6C0,0,1,1,4294967295,0,0
oInvCollPH,1312,64,00229DFA,0,1,1,4294967295,0,0
oInvCollPH,1312,48,003C07D2,0,1,1,4294967295,0,0
oInvCollPH,1312,32,002D552D,0,1,1,4294967295,0,0
oInvCollPH,1424,48,002FD3D0,0,1,1,4294967295,0,0
oInvCollPH,1424,64,00094BA9,0,1,1,4294967295,0,0
oInvCollPH,1424,80,003A8A85,0,1,1,4294967295,0,0
oInvCollPH,1424,96,001DA729,0,1,1,4294967295,0,0
oInvCollPH,1440,96,00256DEC,0,1,1,4294967295,0,0
oInvCollPH,1456,96,00077BF9,0,1,1,4294967295,0,0
oInvCollPH,1472,96,00084B22,0,1,1,4294967295,0,0
oInvCollPH,1472,80,00286F5E,0,1,1,4294967295,0,0
oInvCollPH,1472,64,000D1447,0,1,1,4294967295,0,0
oInvCollPH,1472,48,00091C67,0,1,1,4294967295,0,0
oInvCollPH,1472,32,0038FDBE,0,1,1,4294967295,0,0
oInvCollPH,1536,272,002FC537,0,1,1,4294967295,0,0
oInvCollPH,1552,272,0010AD7F,0,1,1,4294967295,0,0
oInvCollPH,1568,272,0007C940,0,1,1,4294967295,0,0
oInvCollPH,1584,272,0029596A,0,1,1,4294967295,0,0
oInvCollPH,1520,288,0028EA92,0,1,1,4294967295,0,0
oInvCollPH,1520,304,0034EB9F,0,1,1,4294967295,0,0
oInvCollPH,1664,272,000F1002,0,1,1,4294967295,0,0
oInvCollPH,1648,272,000C912F,0,1,1,4294967295,0,0
oInvCollPH,1632,272,000A2CD8,0,1,1,4294967295,0,0
oInvCollPH,1616,272,00092C22,0,1,1,4294967295,0,0
oInvCollPH,1600,272,00063AA8,0,1,1,4294967295,0,0
oInvCollPH,1824,272,000B7C66,0,1,1,4294967295,0,0
oInvCollPH,1808,272,0008F73A,0,1,1,4294967295,0,0
oInvCollPH,1792,272,003CB44C,0,1,1,4294967295,0,0
oInvCollPH,1776,272,001BB049,0,1,1,4294967295,0,0
oInvCollPH,1760,272,002D8C08,0,1,1,4294967295,0,0
oInvCollPH,1744,272,0010A9E7,0,1,1,4294967295,0,0
oInvCollPH,1728,272,002EE8AD,0,1,1,4294967295,0,0
oInvCollPH,1712,272,001DEC16,0,1,1,4294967295,0,0
oInvCollPH,1696,272,0012FD60,0,1,1,4294967295,0,0
oInvCollPH,1680,272,00287155,0,1,1,4294967295,0,0
oInvCollPH,2432,224,00271B0F,0,1,1,4294967295,0,0
oInvCollPH,2416,240,0010793C,0,1,1,4294967295,0,0
oInvCollPH,2416,256,002050A9,0,1,1,4294967295,0,0
oInvCollPH,2416,272,0010730E,0,1,1,4294967295,0,0
oInvCollPH,2416,288,0013E3D6,0,1,1,4294967295,0,0
oInvCollPH,2416,304,002BAD9D,0,1,1,4294967295,0,0
oInvCollPH,2400,304,002771B7,0,1,1,4294967295,0,0
oInvCollPH,2400,288,00341EF8,0,1,1,4294967295,0,0
oInvCollPH,2400,272,000E02FD,0,1,1,4294967295,0,0
oInvCollPH,2400,256,00236628,0,1,1,4294967295,0,0
oInvCollPH,2384,208,003A59DD,0,1,1,4294967295,0,0
oInvCollPH,2368,208,001D0763,0,1,1,4294967295,0,0
oInvCollPH,2352,208,002B0C84,0,1,1,4294967295,0,0
oInvCollPH,2336,208,00025679,0,1,1,4294967295,0,0
oInvCollPH,2496,208,001A3560,0,1,1,4294967295,0,0
oInvCollPH,2480,208,003FC60A,0,1,1,4294967295,0,0
oInvCollPH,2464,208,003F9279,0,1,1,4294967295,0,0
oInvCollPH,2448,208,00323CF9,0,1,1,4294967295,0,0
oInvCollPH,2432,208,000D28E2,0,1,1,4294967295,0,0
oInvCollPH,2416,208,003E3DFB,0,1,1,4294967295,0,0
oInvCollPH,2400,208,000048F2,0,1,1,4294967295,0,0
oInvCollPH,2208,112,001B54AF,0,1,1,4294967295,0,0
oInvCollPH,2224,112,002E743C,0,1,1,4294967295,0,0
oInvCollPH,2240,112,001973AD,0,1,1,4294967295,0,0
oInvCollPH,2256,112,001B5138,0,1,1,4294967295,0,0
oInvCollPH,2624,112,00221459,0,1,1,4294967295,0,0
oInvCollPH,2608,112,00113BF1,0,1,1,4294967295,0,0
oInvCollPH,2592,112,00217812,0,1,1,4294967295,0,0
oInvCollPH,2576,112,00176195,0,1,1,4294967295,0,0
oInvCollPH,2560,112,0023F8A8,0,1,1,4294967295,0,0
oInvCollPH,2480,112,0005AE25,0,1,1,4294967295,0,0
oInvCollPH,2464,112,003DE7C7,0,1,1,4294967295,0,0
oInvCollPH,2448,112,000A399A,0,1,1,4294967295,0,0
oInvCollPH,2432,112,0036301A,0,1,1,4294967295,0,0
oInvCollPH,2416,112,003F7698,0,1,1,4294967295,0,0
oInvCollPH,2400,112,00272035,0,1,1,4294967295,0,0
oInvCollPH,2384,112,0036852C,0,1,1,4294967295,0,0
oInvCollPH,2368,112,0007F451,0,1,1,4294967295,0,0
oInvCollPH,2352,112,000E0F00,0,1,1,4294967295,0,0
oInvCollPH,2336,112,000A58AB,0,1,1,4294967295,0,0
oInvCollPH,2320,112,0037E8BA,0,1,1,4294967295,0,0
oInvCollPH,2304,112,003D4E05,0,1,1,4294967295,0,0
oInvCollPH,2288,112,00055122,0,1,1,4294967295,0,0
oInvCollPH,2272,112,0024EA00,0,1,1,4294967295,0,0
oInvCollPH,2496,112,0000F777,0,1,1,4294967295,0,0
oInvCollPH,2512,112,0008AECE,0,1,1,4294967295,0,0
oInvCollPH,2528,112,001E84B8,0,1,1,4294967295,0,0
oInvCollPH,2544,112,001E2904,0,1,1,4294967295,0,0
oInvCollPH,2224,272,00279CF0,0,1,1,4294967295,0,0
oInvCollPH,2240,272,0012B211,0,1,1,4294967295,0,0
oInvCollPH,2240,288,003C062F,0,1,1,4294967295,0,0
oInvCollPH,2240,304,0027984F,0,1,1,4294967295,0,0
oInvCollPH,928,48,000CF0F7,0,1,1,4294967295,0,0
oInvCollPH,928,64,001C06F0,0,1,1,4294967295,0,0
oInvCollPH,928,80,00252912,0,1,1,4294967295,0,0
oInvCollPH,976,32,0021D80C,0,1,1,4294967295,0,0
oInvCollPH,976,48,002BDB60,0,1,1,4294967295,0,0
oInvCollPH,976,64,0039CDAB,0,1,1,4294967295,0,0
oInvCollPH,976,80,001173FC,0,1,1,4294967295,0,0
oInvCollPH,752,16,0013971A,0,1,1,4294967295,0,0
oInvCollPH,768,16,00104BD2,0,1,1,4294967295,0,0
oInvCollPH,784,16,0031D6CE,0,1,1,4294967295,0,0
oInvCollPH,800,16,0036C641,0,1,1,4294967295,0,0
oInvCollPH,816,16,002DB839,0,1,1,4294967295,0,0
oInvCollPH,832,16,00147006,0,1,1,4294967295,0,0
oInvCollPH,848,16,0035630B,0,1,1,4294967295,0,0
oInvCollPH,848,0,002A65AB,0,1,1,4294967295,0,0
oInvCollPH,304,80,002F5F1F,0,1,1,4294967295,0,0
oInvCollPH,320,80,0002D497,0,1,1,4294967295,0,0
oInvCollPH,336,80,002E9F1F,0,1,1,4294967295,0,0
oInvCollPH,352,80,0035C985,0,1,1,4294967295,0,0
oInvCollPH,368,80,00032ACF,0,1,1,4294967295,0,0
oInvCollPH,384,80,001234D6,0,1,1,4294967295,0,0
oInvCollPH,384,64,00028043,0,1,1,4294967295,0,0
oInvCollPH,112,64,00292975,0,1,1,4294967295,0,0
oInvCollPH,112,48,001EFB69,0,1,1,4294967295,0,0
oInvCollPH,112,32,002D748E,0,1,1,4294967295,0,0
oInvCollPH,112,16,00193F65,0,1,1,4294967295,0,0
oInvCollPH,112,128,000FB575,0,1,1,4294967295,0,0
oInvCollPH,112,144,003FB390,0,1,1,4294967295,0,0
oInvCollPH,96,144,00119874,0,1,1,4294967295,0,0
oInvCollPH,80,144,000E1525,0,1,1,4294967295,0,0
oInvCollPH,64,144,0031970D,0,1,1,4294967295,0,0
oInvCollPH,48,144,00301127,0,1,1,4294967295,0,0
oInvCollPH,96,272,00188F4A,0,1,1,4294967295,0,0
oInvCollPH,112,288,003E7A14,0,1,1,4294967295,0,0
oInvCollPH,112,304,00227305,0,1,1,4294967295,0,0
oInvCollPH,112,320,0012CB03,0,1,1,4294967295,0,0
oInvCollPH,112,336,0014E2E5,0,1,1,4294967295,0,0
oInvCollPH,128,256,0035361A,0,1,1,4294967295,0,0
oInvCollPH,144,256,002F203E,0,1,1,4294967295,0,0
oInvCollPH,160,256,003AFFC0,0,1,1,4294967295,0,0
oInvCollPH,176,256,0039C1EF,0,1,1,4294967295,0,0
oInvCollPH,192,256,000B0CC9,0,1,1,4294967295,0,0
oInvCollPH,32,160,0003D504,0,1,1,4294967295,0,0
oInvCollPH,32,176,002D84BE,0,1,1,4294967295,0,0
oInvCollPH,32,192,0011EF4F,0,1,1,4294967295,0,0
oInvCollPH,32,208,001ADBB9,0,1,1,4294967295,0,0
oInvCollPH,32,224,004028A3,0,1,1,4294967295,0,0
oInvCollPH,32,240,0039E941,0,1,1,4294967295,0,0
oInvCollPH,32,256,0021BB4E,0,1,1,4294967295,0,0
oInvCollPH,32,272,0030587F,0,1,1,4294967295,0,0
oInvCollPH,32,288,001FFF11,0,1,1,4294967295,0,0
oInvCollPH,32,304,001431F2,0,1,1,4294967295,0,0
oInvCollPH,32,320,00124835,0,1,1,4294967295,0,0
oInvCollPH,32,336,00041F43,0,1,1,4294967295,0,0
oInvCollPH,336,160,0012D64B,0,1,1,4294967295,0,0
oInvCollPH,352,160,00320426,0,1,1,4294967295,0,0
oInvCollPH,368,160,00268499,0,1,1,4294967295,0,0
oInvCollPH,384,160,0019DA2A,0,1,1,4294967295,0,0
oInvCollPH,384,176,002FCFAE,0,1,1,4294967295,0,0
oInvCollPH,272,192,00227ADF,0,1,1,4294967295,0,0
oInvCollPH,256,192,001B45A9,0,1,1,4294967295,0,0
oInvCollPH,240,192,000FFDFA,0,1,1,4294967295,0,0
oInvCollPH,224,192,0016A3A6,0,1,1,4294967295,0,0
oInvCollPH,208,208,001327E6,0,1,1,4294967295,0,0
oInvCollPH,208,224,0002D69E,0,1,1,4294967295,0,0
oInvCollPH,208,240,001EA767,0,1,1,4294967295,0,0
oInvCollPH,384,192,001F069C,0,1,1,4294967295,0,0
oInvCollPH,416,208,0028BD30,0,1,1,4294967295,0,0
oInvCollPH,432,208,0033E141,0,1,1,4294967295,0,0
oInvCollPH,448,208,0003059C,0,1,1,4294967295,0,0
oInvCollPH,448,224,00327BE8,0,1,1,4294967295,0,0
oInvCollPH,448,240,00323E31,0,1,1,4294967295,0,0
oInvCollPH,448,256,0025CBAE,0,1,1,4294967295,0,0
oInvCollPH,480,272,0020CC08,0,1,1,4294967295,0,0
oInvCollPH,496,272,0029A8E1,0,1,1,4294967295,0,0
oInvCollPH,512,272,0026226E,0,1,1,4294967295,0,0
oInvCollPH,528,272,003DAD66,0,1,1,4294967295,0,0
oInvCollPH,544,272,00034654,0,1,1,4294967295,0,0
oInvCollPH,560,272,00166276,0,1,1,4294967295,0,0
oInvCollPH,576,272,003F1C96,0,1,1,4294967295,0,0
oInvCollPH,592,272,0037CCF4,0,1,1,4294967295,0,0
oInvCollPH,608,272,00037E29,0,1,1,4294967295,0,0
oInvCollPH,656,256,003527F8,0,1,1,4294967295,0,0
oInvCollPH,640,272,001EDABF,0,1,1,4294967295,0,0
oInvCollPH,624,272,00376202,0,1,1,4294967295,0,0
oInvCollPH,656,240,001BCB29,0,1,1,4294967295,0,0
oInvCollPH,656,224,0010881A,0,1,1,4294967295,0,0
oInvCollPH,672,208,003159AD,0,1,1,4294967295,0,0
oInvCollPH,720,240,000AA6C1,0,1,1,4294967295,0,0
oInvCollPH,912,96,000C6AB7,0,1,1,4294967295,0,0
oInvCollPH,896,160,0035323B,0,1,1,4294967295,0,0
oInvCollPH,912,160,0011F187,0,1,1,4294967295,0,0
oInvCollPH,928,160,000A03CC,0,1,1,4294967295,0,0
oInvCollPH,944,160,003F7D3C,0,1,1,4294967295,0,0
oInvCollPH,960,160,001A9C62,0,1,1,4294967295,0,0
oInvCollPH,976,160,000FEE34,0,1,1,4294967295,0,0
oInvCollPH,976,144,00015C58,0,1,1,4294967295,0,0
oInvCollPH,976,128,0027C3D2,0,1,1,4294967295,0,0
oInvCollPH,976,112,0003E685,0,1,1,4294967295,0,0
oInvCollPH,976,96,00336E47,0,1,1,4294967295,0,0
oInvCollPH,800,144,002AF909,0,1,1,4294967295,0,0
oInvCollPH,816,144,002FE79C,0,1,1,4294967295,0,0
oInvCollPH,832,144,001C77F6,0,1,1,4294967295,0,0
oInvCollPH,784,160,003D6A0E,0,1,1,4294967295,0,0
oInvCollPH,800,160,000A6403,0,1,1,4294967295,0,0
oInvCollPH,816,160,00114E9D,0,1,1,4294967295,0,0
oInvCollPH,832,160,002F1918,0,1,1,4294967295,0,0
oInvCollPH,848,160,00295B22,0,1,1,4294967295,0,0
oInvCollPH,864,160,000FAF87,0,1,1,4294967295,0,0
oInvCollPH,880,160,0008B2DB,0,1,1,4294967295,0,0
oInvCollPH,288,16,0022B981,0,1,1,4294967295,0,0
oInvCollPH,400,48,000637EC,0,1,1,4294967295,0,0
oInvCollPH,416,48,002FA7A9,0,1,1,4294967295,0,0
oInvCollPH,432,48,002228B0,0,1,1,4294967295,0,0
oInvCollPH,448,48,0036BE40,0,1,1,4294967295,0,0
oInvCollPH,736,32,000EC5BC,0,1,1,4294967295,0,0
oInvCollPH,736,48,002E71DA,0,1,1,4294967295,0,0
oInvCollPH,720,48,0008C5C8,0,1,1,4294967295,0,0
oInvCollPH,704,48,0037606F,0,1,1,4294967295,0,0
oInvCollPH,688,48,00397D0C,0,1,1,4294967295,0,0
oInvCollPH,672,48,000030C1,0,1,1,4294967295,0,0
oInvCollPH,656,48,0002EB69,0,1,1,4294967295,0,0
oInvCollPH,640,48,00395E1D,0,1,1,4294967295,0,0
oInvCollPH,624,48,000F80E1,0,1,1,4294967295,0,0
oInvCollPH,608,48,00203081,0,1,1,4294967295,0,0
oInvCollPH,592,48,0017D90F,0,1,1,4294967295,0,0
oInvCollPH,576,48,003328A8,0,1,1,4294967295,0,0
oInvCollPH,560,48,00268B85,0,1,1,4294967295,0,0
oInvCollPH,544,48,0034AC1D,0,1,1,4294967295,0,0
oInvCollPH,528,48,000C6459,0,1,1,4294967295,0,0
oInvCollPH,512,48,0001FB50,0,1,1,4294967295,0,0
oInvCollPH,496,48,0014ACF6,0,1,1,4294967295,0,0
oInvCollPH,480,48,00303F55,0,1,1,4294967295,0,0
oInvCollPH,464,48,00185CF1,0,1,1,4294967295,0,0
oInvCollPH,1056,304,000F4ECE,0,1,1,4294967295,0,0
oInvCollPH,1056,288,003738BC,0,1,1,4294967295,0,0
oInvCollPH,1056,272,0022E134,0,1,1,4294967295,0,0
oInvCollPH,1040,272,0037B48B,0,1,1,4294967295,0,0
oInvCollPH,1024,272,00151020,0,1,1,4294967295,0,0
oInvCollPH,1008,272,002901C4,0,1,1,4294967295,0,0
oInvCollPH,992,272,001D8371,0,1,1,4294967295,0,0
oInvCollPH,976,272,00192690,0,1,1,4294967295,0,0
oInvCollPH,960,272,00347E94,0,1,1,4294967295,0,0
oInvCollPH,944,272,000C0D12,0,1,1,4294967295,0,0
oInvCollPH,928,272,0027556D,0,1,1,4294967295,0,0
oInvCollPH,912,272,0025E931,0,1,1,4294967295,0,0
oInvCollPH,896,272,0001D23C,0,1,1,4294967295,0,0
oInvCollPH,880,272,0024B443,0,1,1,4294967295,0,0
oInvCollPH,864,272,00137408,0,1,1,4294967295,0,0
oInvCollPH,848,272,0029889A,0,1,1,4294967295,0,0
oInvCollPH,832,272,0000AB39,0,1,1,4294967295,0,0
oInvCollPH,816,272,001AB39A,0,1,1,4294967295,0,0
oInvCollPH,800,272,00170002,0,1,1,4294967295,0,0
oInvCollPH,784,272,003A14E1,0,1,1,4294967295,0,0
oInvCollPH,768,272,00122885,0,1,1,4294967295,0,0
oInvCollPH,1088,320,0005884C,0,1,1,4294967295,0,0
oInvCollPH,1104,320,000C4A61,0,1,1,4294967295,0,0
oInvCollPH,1120,320,000757DD,0,1,1,4294967295,0,0
oInvCollPH,1136,320,0031A162,0,1,1,4294967295,0,0
oInvCollPH,1152,320,0033B43A,0,1,1,4294967295,0,0
oInvCollPH,1168,320,00252A5C,0,1,1,4294967295,0,0
oInvCollPH,1184,320,000FF8E8,0,1,1,4294967295,0,0
oInvCollPH,1200,320,0023419F,0,1,1,4294967295,0,0
oInvCollPH,1216,320,003079D6,0,1,1,4294967295,0,0
oInvCollPH,1232,320,0018313B,0,1,1,4294967295,0,0
oInvCollPH,1248,320,000248D5,0,1,1,4294967295,0,0
oInvCollPH,1264,320,000DBBFC,0,1,1,4294967295,0,0
oInvCollPH,1280,320,001E81B9,0,1,1,4294967295,0,0
oInvCollPH,1296,320,002B82F7,0,1,1,4294967295,0,0
oInvCollPH,1312,320,002A451C,0,1,1,4294967295,0,0
oInvCollPH,1328,320,0003DD16,0,1,1,4294967295,0,0
oInvCollPH,1344,320,000586C6,0,1,1,4294967295,0,0
oInvCollPH,1360,320,0007C575,0,1,1,4294967295,0,0
oInvCollPH,1376,320,001149FB,0,1,1,4294967295,0,0
oInvCollPH,1392,320,0016C6C0,0,1,1,4294967295,0,0
oInvCollPH,1408,320,0009567E,0,1,1,4294967295,0,0
oInvCollPH,1424,320,00177757,0,1,1,4294967295,0,0
oInvCollPH,1440,320,0010DEA4,0,1,1,4294967295,0,0
oInvCollPH,1456,320,0016E0AC,0,1,1,4294967295,0,0
oInvCollPH,1472,320,000B7ACA,0,1,1,4294967295,0,0
oInvCollPH,1488,320,003BDDC7,0,1,1,4294967295,0,0
oInvCollPH,1504,320,001D371A,0,1,1,4294967295,0,0
oInvCollPH,1888,320,003BDACD,0,1,1,4294967295,0,0
oInvCollPH,1904,320,000C08F6,0,1,1,4294967295,0,0
oInvCollPH,1920,320,003B6E98,0,1,1,4294967295,0,0
oInvCollPH,1936,320,00274C97,0,1,1,4294967295,0,0
oInvCollPH,1952,320,0037FC5A,0,1,1,4294967295,0,0
oInvCollPH,1968,320,002B5693,0,1,1,4294967295,0,0
oInvCollPH,1968,336,0016ADEC,0,1,1,4294967295,0,0
oInvCollPH,2064,336,003F7F27,0,1,1,4294967295,0,0
oInvCollPH,2080,320,00117D3C,0,1,1,4294967295,0,0
oInvCollPH,2096,320,003F85C4,0,1,1,4294967295,0,0
oInvCollPH,2112,320,0002368E,0,1,1,4294967295,0,0
oInvCollPH,2128,320,0033733E,0,1,1,4294967295,0,0
oInvCollPH,2144,320,002600E7,0,1,1,4294967295,0,0
oInvCollPH,2256,320,00020B00,0,1,1,4294967295,0,0
oInvCollPH,2272,320,0014FDC7,0,1,1,4294967295,0,0
oInvCollPH,2288,320,0033E5A0,0,1,1,4294967295,0,0
oInvCollPH,2304,320,000EE0F6,0,1,1,4294967295,0,0
oInvCollPH,2320,320,0028894A,0,1,1,4294967295,0,0
oInvCollPH,2336,320,000A3D23,0,1,1,4294967295,0,0
oInvCollPH,2352,320,001AC717,0,1,1,4294967295,0,0
oInvCollPH,2368,320,003182A6,0,1,1,4294967295,0,0
oInvCollPH,2384,320,000721B9,0,1,1,4294967295,0,0
oInvCollPH,2432,320,00070DCF,0,1,1,4294967295,0,0
oInvCollPH,2448,320,003FE499,0,1,1,4294967295,0,0
oInvCollPH,2464,320,000C186B,0,1,1,4294967295,0,0
oInvCollPH,2480,320,0038AD0F,0,1,1,4294967295,0,0
oInvCollPH,2496,320,00202F50,0,1,1,4294967295,0,0
oInvCollPH,2512,320,0012E303,0,1,1,4294967295,0,0
oInvCollPH,2528,320,002D8AEC,0,1,1,4294967295,0,0
oInvCollPH,2544,320,000467A3,0,1,1,4294967295,0,0
oInvCollPH,2560,320,0030B869,0,1,1,4294967295,0,0
oInvCollPH,3472,48,000BC3D5,0,1,1,4294967295,0,0
oInvCollPH,3472,64,0006D0FB,0,1,1,4294967295,0,0
oInvCollPH,3472,80,001FE7AA,0,1,1,4294967295,0,0
oInvCollPH,3488,80,0020D506,0,1,1,4294967295,0,0
oInvCollPH,3504,80,000539F2,0,1,1,4294967295,0,0
oInvCollPH,3168,240,002643C1,0,1,1,4294967295,0,0
oInvCollPH,3360,224,00247A9F,0,1,1,4294967295,0,0
oInvCollPH,3344,224,000AEEAC,0,1,1,4294967295,0,0
oInvCollPH,3328,224,0032B704,0,1,1,4294967295,0,0
oInvCollPH,3312,224,002A3BCB,0,1,1,4294967295,0,0
oInvCollPH,3296,224,00357F47,0,1,1,4294967295,0,0
oInvCollPH,3280,224,003E3E53,0,1,1,4294967295,0,0
oInvCollPH,3264,224,00282197,0,1,1,4294967295,0,0
oInvCollPH,3248,224,001A8958,0,1,1,4294967295,0,0
oInvCollPH,3232,224,00133026,0,1,1,4294967295,0,0
oInvCollPH,3216,224,002CB9C2,0,1,1,4294967295,0,0
oInvCollPH,3200,224,0002BB36,0,1,1,4294967295,0,0
oInvCollPH,3184,224,001A23FD,0,1,1,4294967295,0,0
oInvCollPH,2784,176,0031FE0B,0,1,1,4294967295,0,0
oInvCollPH,2848,224,0027B268,0,1,1,4294967295,0,0
oInvCollPH,2864,224,000A217C,0,1,1,4294967295,0,0
oInvCollPH,2880,224,003A0F5B,0,1,1,4294967295,0,0
oInvCollPH,2896,224,00344FD7,0,1,1,4294967295,0,0
oInvCollPH,2896,240,0013A1E2,0,1,1,4294967295,0,0
oInvCollPH,2576,288,003600A9,0,1,1,4294967295,0,0
oInvCollPH,2576,304,0003FF3B,0,1,1,4294967295,0,0
oInvCollPH,2592,272,003FC210,0,1,1,4294967295,0,0
oInvCollPH,2608,272,0017BCC8,0,1,1,4294967295,0,0
oInvCollPH,2624,272,00140195,0,1,1,4294967295,0,0
oInvCollPH,2640,272,00266BF8,0,1,1,4294967295,0,0
oInvCollPH,2656,272,002B4FD8,0,1,1,4294967295,0,0
oInvCollPH,2976,32,0014B8A3,0,1,1,4294967295,0,0
oInvCollPH,3136,32,001A1DFC,0,1,1,4294967295,0,0
oInvCollPH,2944,64,0032549C,0,1,1,4294967295,0,0
oInvCollPH,2944,80,001D663E,0,1,1,4294967295,0,0
oInvCollPH,2960,80,00042545,0,1,1,4294967295,0,0
oInvCollPH,2960,64,003BB6C6,0,1,1,4294967295,0,0
oInvCollPH,2960,48,003A64E2,0,1,1,4294967295,0,0
oInvCollPH,3104,64,003A3C28,0,1,1,4294967295,0,0
oInvCollPH,3104,80,002E27B1,0,1,1,4294967295,0,0
oInvCollPH,3120,80,00315F17,0,1,1,4294967295,0,0
oInvCollPH,3120,64,0023989F,0,1,1,4294967295,0,0
oInvCollPH,3120,48,00163768,0,1,1,4294967295,0,0
oInvCollPH,3152,256,003376C3,0,1,1,4294967295,0,0
oInvCollPH,3136,256,002CF020,0,1,1,4294967295,0,0
oInvCollPH,3120,256,00122C43,0,1,1,4294967295,0,0
oInvCollPH,3104,256,0031E782,0,1,1,4294967295,0,0
oInvCollPH,3088,256,003E4E43,0,1,1,4294967295,0,0
oInvCollPH,3072,256,0002B48E,0,1,1,4294967295,0,0
oInvCollPH,3056,256,0027DA83,0,1,1,4294967295,0,0
oInvCollPH,3040,256,000C8247,0,1,1,4294967295,0,0
oInvCollPH,3024,256,0034B87D,0,1,1,4294967295,0,0
oInvCollPH,3008,256,00266DB5,0,1,1,4294967295,0,0
oInvCollPH,2992,256,001AFE66,0,1,1,4294967295,0,0
oInvCollPH,2976,256,00382871,0,1,1,4294967295,0,0
oInvCollPH,2960,256,001EBF36,0,1,1,4294967295,0,0
oInvCollPH,2944,256,00225849,0,1,1,4294967295,0,0
oInvCollPH,2928,256,003F6192,0,1,1,4294967295,0,0
oInvCollPH,2912,256,0019A5FE,0,1,1,4294967295,0,0
oInvCollPH,928,16,003DD4CB,0,1,1,4294967295,0,0
oInvCollPH,992,16,00095433,0,1,1,4294967295,0,0
oInvCollPH,1008,16,0023679C,0,1,1,4294967295,0,0
oInvCollPH,1024,16,00207EAD,0,1,1,4294967295,0,0
oInvCollPH,1040,16,0023AF2B,0,1,1,4294967295,0,0
oInvCollPH,1056,16,0029E9B3,0,1,1,4294967295,0,0
oInvCollPH,1072,16,003EB548,0,1,1,4294967295,0,0
oInvCollPH,1088,16,0000D697,0,1,1,4294967295,0,0
oInvCollPH,1168,16,002B5B60,0,1,1,4294967295,0,0
oInvCollPH,1184,16,001E68DB,0,1,1,4294967295,0,0
oInvCollPH,1200,16,003213CD,0,1,1,4294967295,0,0
oInvCollPH,1216,16,001A354A,0,1,1,4294967295,0,0
oInvCollPH,1232,16,003DDCD7,0,1,1,4294967295,0,0
oInvCollPH,1248,16,0028681D,0,1,1,4294967295,0,0
oInvCollPH,1328,16,0036F1B1,0,1,1,4294967295,0,0
oInvCollPH,1344,16,0037A407,0,1,1,4294967295,0,0
oInvCollPH,1360,16,000D4A35,0,1,1,4294967295,0,0
oInvCollPH,1376,16,001F3C17,0,1,1,4294967295,0,0
oInvCollPH,1392,16,003134EA,0,1,1,4294967295,0,0
oInvCollPH,1408,16,000178B5,0,1,1,4294967295,0,0
oInvCollPH,1488,16,0003E231,0,1,1,4294967295,0,0
oInvCollPH,1504,16,00214930,0,1,1,4294967295,0,0
oInvCollPH,1520,16,003F8306,0,1,1,4294967295,0,0
oInvCollPH,1536,16,002B76DD,0,1,1,4294967295,0,0
oInvCollPH,1552,16,000A2082,0,1,1,4294967295,0,0
oInvCollPH,1568,16,0033379D,0,1,1,4294967295,0,0
oInvCollPH,1584,16,002333F7,0,1,1,4294967295,0,0
oInvCollPH,1600,16,00129B80,0,1,1,4294967295,0,0
oInvCollPH,1616,16,00107E61,0,1,1,4294967295,0,0
oInvCollPH,1632,16,000F1A1B,0,1,1,4294967295,0,0
oInvCollPH,1648,16,0016C88E,0,1,1,4294967295,0,0
oInvCollPH,1664,16,003A8343,0,1,1,4294967295,0,0
oInvCollPH,1680,16,00354AF5,0,1,1,4294967295,0,0
oInvCollPH,1696,16,00071B11,0,1,1,4294967295,0,0
oInvCollPH,1712,16,0009D45E,0,1,1,4294967295,0,0
oInvCollPH,1728,16,0031F957,0,1,1,4294967295,0,0
oInvCollPH,1744,16,0019C7C2,0,1,1,4294967295,0,0
oInvCollPH,1760,16,001DC129,0,1,1,4294967295,0,0
oInvCollPH,1776,16,003C0DA8,0,1,1,4294967295,0,0
oInvCollPH,1792,16,0024A66A,0,1,1,4294967295,0,0
oInvCollPH,1808,16,002F4723,0,1,1,4294967295,0,0
oInvCollPH,1824,16,002C713B,0,1,1,4294967295,0,0
oInvCollPH,1840,16,0017B8F2,0,1,1,4294967295,0,0
oInvCollPH,1856,16,0030D1D0,0,1,1,4294967295,0,0
oInvCollPH,1872,16,0021E352,0,1,1,4294967295,0,0
oInvCollPH,1888,16,002E28A7,0,1,1,4294967295,0,0
oInvCollPH,1904,16,0003B3C7,0,1,1,4294967295,0,0
oInvCollPH,1920,16,0003008F,0,1,1,4294967295,0,0
oInvCollPH,1936,16,00223922,0,1,1,4294967295,0,0
oInvCollPH,2080,160,0014C4B2,0,1,1,4294967295,0,0
oInvCollPH,2080,144,0029697B,0,1,1,4294967295,0,0
oInvCollPH,2080,128,0007E992,0,1,1,4294967295,0,0
oInvCollPH,2080,112,001398FF,0,1,1,4294967295,0,0
oInvCollPH,2080,96,0020EB8B,0,1,1,4294967295,0,0
oInvCollPH,2080,80,0005FA8D,0,1,1,4294967295,0,0
oInvCollPH,2080,64,000F1F18,0,1,1,4294967295,0,0
oInvCollPH,2080,48,003DB81D,0,1,1,4294967295,0,0
oInvCollPH,2080,32,0001A911,0,1,1,4294967295,0,0
oInvCollPH,2096,16,002B2449,0,1,1,4294967295,0,0
oInvCollPH,2112,16,0012AC49,0,1,1,4294967295,0,0
oInvCollPH,2128,16,00292654,0,1,1,4294967295,0,0
oInvCollPH,2144,16,00167CFC,0,1,1,4294967295,0,0
oInvCollPH,2160,16,001C219B,0,1,1,4294967295,0,0
oInvCollPH,2176,16,001F49B7,0,1,1,4294967295,0,0
oInvCollPH,2192,16,00268D74,0,1,1,4294967295,0,0
oInvCollPH,2208,16,0035B412,0,1,1,4294967295,0,0
oInvCollPH,2224,16,001236C5,0,1,1,4294967295,0,0
oInvCollPH,2240,16,002D107E,0,1,1,4294967295,0,0
oInvCollPH,2256,16,00059D46,0,1,1,4294967295,0,0
oInvCollPH,2272,16,0032C4FE,0,1,1,4294967295,0,0
oInvCollPH,2288,16,0034B553,0,1,1,4294967295,0,0
oInvCollPH,2304,16,0007CEE9,0,1,1,4294967295,0,0
oInvCollPH,2320,16,001C5C36,0,1,1,4294967295,0,0
oInvCollPH,2336,16,00297B27,0,1,1,4294967295,0,0
oInvCollPH,2352,16,002AB41F,0,1,1,4294967295,0,0
oInvCollPH,2368,16,00370A29,0,1,1,4294967295,0,0
oInvCollPH,2384,16,0004BABC,0,1,1,4294967295,0,0
oInvCollPH,2400,16,003AD341,0,1,1,4294967295,0,0
oInvCollPH,2416,16,002078CE,0,1,1,4294967295,0,0
oInvCollPH,2432,16,0010FDB3,0,1,1,4294967295,0,0
oInvCollPH,2448,16,00071AC0,0,1,1,4294967295,0,0
oInvCollPH,2464,16,0037DBEF,0,1,1,4294967295,0,0
oInvCollPH,2480,16,003B9646,0,1,1,4294967295,0,0
oInvCollPH,2496,16,003C2A78,0,1,1,4294967295,0,0
oInvCollPH,2512,16,00322C50,0,1,1,4294967295,0,0
oInvCollPH,2528,16,001184F1,0,1,1,4294967295,0,0
oInvCollPH,2544,16,002C3482,0,1,1,4294967295,0,0
oInvCollPH,2560,16,00357EB7,0,1,1,4294967295,0,0
oInvCollPH,2576,16,00278485,0,1,1,4294967295,0,0
oInvCollPH,2592,16,002A455C,0,1,1,4294967295,0,0
oInvCollPH,2608,16,003B5F48,0,1,1,4294967295,0,0
oInvCollPH,2624,16,003194A3,0,1,1,4294967295,0,0
oInvCollPH,2640,16,0008D2A7,0,1,1,4294967295,0,0
oInvCollPH,2656,16,0023C085,0,1,1,4294967295,0,0
oInvCollPH,2672,16,0026D797,0,1,1,4294967295,0,0
oInvCollPH,2688,16,0039A8E5,0,1,1,4294967295,0,0
oInvCollPH,2704,16,001342B5,0,1,1,4294967295,0,0
oInvCollPH,2720,16,002949A1,0,1,1,4294967295,0,0
oInvCollPH,2736,16,001B89F6,0,1,1,4294967295,0,0
oInvCollPH,2752,16,00064BFE,0,1,1,4294967295,0,0
oInvCollPH,2768,16,001125A8,0,1,1,4294967295,0,0
oInvCollPH,2784,16,00064235,0,1,1,4294967295,0,0
oInvCollPH,2800,16,0035EF26,0,1,1,4294967295,0,0
oInvCollPH,2816,16,00012CC4,0,1,1,4294967295,0,0
oInvCollPH,2832,16,000A0CD8,0,1,1,4294967295,0,0
oInvCollPH,2848,16,002FF592,0,1,1,4294967295,0,0
oInvCollPH,2864,16,003939E7,0,1,1,4294967295,0,0
oInvCollPH,2880,16,0015408B,0,1,1,4294967295,0,0
oInvCollPH,2896,16,0005ED1A,0,1,1,4294967295,0,0
oInvCollPH,2912,16,0030D874,0,1,1,4294967295,0,0
oInvCollPH,2992,16,003D27D1,0,1,1,4294967295,0,0
oInvCollPH,3008,16,000C76A3,0,1,1,4294967295,0,0
oInvCollPH,3040,32,000B940C,0,1,1,4294967295,0,0
oInvCollPH,3056,16,003EA0E6,0,1,1,4294967295,0,0
oInvCollPH,3072,16,001F00DB,0,1,1,4294967295,0,0
oInvCollPH,3152,16,00045563,0,1,1,4294967295,0,0
oInvCollPH,3168,16,00111DBE,0,1,1,4294967295,0,0
oInvCollPH,3184,16,00079334,0,1,1,4294967295,0,0
oInvCollPH,3200,16,00176D74,0,1,1,4294967295,0,0
oInvCollPH,3216,16,00138047,0,1,1,4294967295,0,0
oInvCollPH,3232,16,0025BA46,0,1,1,4294967295,0,0
oInvCollPH,3248,16,00200C96,0,1,1,4294967295,0,0
oInvCollPH,3264,16,00218AF9,0,1,1,4294967295,0,0
oInvCollPH,3280,16,000C2E4A,0,1,1,4294967295,0,0
oInvCollPH,3296,16,002B05F8,0,1,1,4294967295,0,0
oInvCollPH,3312,16,003CCC32,0,1,1,4294967295,0,0
oInvCollPH,3328,16,00347AE4,0,1,1,4294967295,0,0
oInvCollPH,3344,16,00176202,0,1,1,4294967295,0,0
oInvCollPH,3360,16,0005F6F2,0,1,1,4294967295,0,0
oInvCollPH,3376,16,00036E9F,0,1,1,4294967295,0,0
oInvCollPH,3392,16,001D1719,0,1,1,4294967295,0,0
oInvCollPH,3408,16,0031B24D,0,1,1,4294967295,0,0
oInvCollPH,3424,16,003E55FB,0,1,1,4294967295,0,0
oInvCollPH,3440,16,0001644B,0,1,1,4294967295,0,0
oInvCollPH,3456,16,00180CC3,0,1,1,4294967295,0,0
oInvCollPH,272,16,00266FE6,0,1,1,4294967295,0,0
oInvCollPH,256,16,00106E37,0,1,1,4294967295,0,0
oInvCollPH,240,16,0029757C,0,1,1,4294967295,0,0
oInvCollPH,224,16,00190D36,0,1,1,4294967295,0,0
oInvCollPH,208,16,0034580E,0,1,1,4294967295,0,0
oInvCollPH,192,16,000FE4C6,0,1,1,4294967295,0,0
oInvCollPH,304,32,000F87F5,0,1,1,4294967295,0,0
oInvCollPH,304,48,000098F1,0,1,1,4294967295,0,0
oInvCollPH,304,64,0014498D,0,1,1,4294967295,0,0
oInvCollPH,112,0,00388780,0,1,1,4294967295,0,0
oInvCollPH,144,80,0024D29D,0,1,1,4294967295,0,0
oInvCollPH,128,112,000E9E70,0,1,1,4294967295,0,0
oInvCollPH,144,112,00313B99,0,1,1,4294967295,0,0
oInvCollPH,160,112,002B9855,0,1,1,4294967295,0,0
oInvCollPH,176,112,00031963,0,1,1,4294967295,0,0
oInvCollPH,192,112,002F616E,0,1,1,4294967295,0,0
oInvCollPH,208,112,0026FB2E,0,1,1,4294967295,0,0
oInvCollPH,224,112,001EEEF6,0,1,1,4294967295,0,0
oInvCollPH,224,96,003118CD,0,1,1,4294967295,0,0
oInvCollPH,208,96,0013D512,0,1,1,4294967295,0,0
oInvCollPH,192,96,0039081F,0,1,1,4294967295,0,0
oInvCollPH,176,96,00123DC5,0,1,1,4294967295,0,0
oInvCollPH,2064,160,000AF3AE,0,1,1,4294967295,0,0
oInvCollPH,2048,160,001467DB,0,1,1,4294967295,0,0
oInvCollPH,2032,160,00366320,0,1,1,4294967295,0,0
oInvCollPH,2016,160,0034BA2E,0,1,1,4294967295,0,0
oInvCollPH,1952,48,001AE411,0,1,1,4294967295,0,0
oInvCollPH,1952,64,002A3D90,0,1,1,4294967295,0,0
oInvCollPH,1952,80,001A1BDC,0,1,1,4294967295,0,0
oInvCollPH,1952,96,002F993D,0,1,1,4294967295,0,0
oInvCollPH,1952,112,002B778E,0,1,1,4294967295,0,0
oInvCollPH,1952,128,00215633,0,1,1,4294967295,0,0
oInvCollPH,1952,144,0000F05B,0,1,1,4294967295,0,0
oInvCollPH,1952,160,001F7CC8,0,1,1,4294967295,0,0
oInvCollPH,1968,160,003E5581,0,1,1,4294967295,0,0
oInvCollPH,1984,160,0031B7CE,0,1,1,4294967295,0,0
oInvCollPH,2000,160,001FBD5D,0,1,1,4294967295,0,0
oInvCollPH,2944,96,00104706,0,1,1,4294967295,0,0
oInvCollPH,2944,112,0015BDDF,0,1,1,4294967295,0,0
oInvCollPH,2960,112,003CA435,0,1,1,4294967295,0,0
oInvCollPH,2960,96,00352A9D,0,1,1,4294967295,0,0
oInvCollPH,3104,96,0024BDC6,0,1,1,4294967295,0,0
oInvCollPH,3104,112,0016D89A,0,1,1,4294967295,0,0
oInvCollPH,3120,112,003FB870,0,1,1,4294967295,0,0
oInvCollPH,3120,96,00034D77,0,1,1,4294967295,0,0
oInvCollPH,3520,80,001F8CB9,0,1,1,4294967295,0,0
oInvCollPH,3536,80,0013FF3D,0,1,1,4294967295,0,0
oInvCollPH,3376,224,001ADAF1,0,1,1,4294967295,0,0
oInvCollPH,3392,224,002B8924,0,1,1,4294967295,0,0
oInvCollPH,3408,224,0016A47F,0,1,1,4294967295,0,0
oInvCollPH,3424,224,0026A2EA,0,1,1,4294967295,0,0
oInvCollPH,3456,160,001993C2,0,1,1,4294967295,0,0
oInvCollPH,3472,160,0013F105,0,1,1,4294967295,0,0
oInvCollPH,3488,160,00258B00,0,1,1,4294967295,0,0
oInvCollPH,3504,160,0007D499,0,1,1,4294967295,0,0
oInvCollPH,3520,160,003C9003,0,1,1,4294967295,0,0
oInvCollPH,3536,160,00194667,0,1,1,4294967295,0,0
oInvCollPH,3440,176,00069FDD,0,1,1,4294967295,0,0
oInvCollPH,3440,192,002E16D7,0,1,1,4294967295,0,0
oInvCollPH,3440,208,00145754,0,1,1,4294967295,0,0
oInvCollPH,464,272,000FA805,0,1,1,4294967295,0,0
oInvisibleSolid,192,0,000BF8F7,0,1,1,4294967295,0,1
oInvisibleSolid,304,0,003E83F8,0,1,1,4294967295,0,1
oInvisibleSolid,400,0,000D2CF0,0,1,1,4294967295,0,1
oInvisibleSolid,0,0,0033CA0D,0,1,1,4294967295,0,1
oInvisibleSolid,0,160,003B3B02,0,1,1,4294967295,0,1
oInvisibleSolid,96,256,003A5158,0,1,1,4294967295,0,1
oInvisibleSolid,112,256,00168E7C,0,1,1,4294967295,0,1
oInvisibleSolid,208,192,0032DC6F,0,1,1,4294967295,0,1
oInvisibleRupSlope,288,176,002654B5,0,1,1,4294967295,0,0
oInvisibleRupSlope,304,160,0016DE71,0,1,1,4294967295,0,0
oInvisibleRupSlope,848,128,002A59C1,0,1,1,4294967295,0,0
oInvisibleRupSlope,864,112,00084D2C,0,1,1,4294967295,0,0
oInvisibleRupSlope,880,96,0028D7B4,0,1,1,4294967295,0,0
oInvisibleRupSlope,2160,304,0005D84B,0,1,1,4294967295,0,0
oInvisibleRupSlope,2176,288,003FDD3C,0,1,1,4294967295,0,0
oInvisibleRupSlope,2192,272,0039A61E,0,1,1,4294967295,0,0
oInvisibleRupSlope,2672,256,003CB1D2,0,1,1,4294967295,0,0
oInvisibleRupSlope,2688,240,003F202B,0,1,1,4294967295,0,0
oInvisibleRupSlope,2704,224,000A3DF4,0,1,1,4294967295,0,0
oInvisibleRupSlope,2720,208,0009F648,0,1,1,4294967295,0,0
oInvisibleRupSlope,2736,192,003181C1,0,1,1,4294967295,0,0
oInvisibleRupSlope,2752,176,002F54F8,0,1,1,4294967295,0,0
oInvisibleLupSlope,2832,208,0033155F,0,1,1,4294967295,0,0
oInvisibleLupSlope,2816,192,0016F71D,0,1,1,4294967295,0,0
oInvisibleLupSlope,2800,176,001C3A95,0,1,1,4294967295,0,0
oInvisibleLupSlope,1872,304,00014D0B,0,1,1,4294967295,0,0
oInvisibleLupSlope,1856,288,000AAC64,0,1,1,4294967295,0,0
oInvisibleLupSlope,1840,272,00108B9E,0,1,1,4294967295,0,0
oInvisibleLupSlope,752,256,00252301,0,1,1,4294967295,0,0
oInvisibleLupSlope,736,240,00007969,0,1,1,4294967295,0,0
oInvisibleLupSlope,704,224,00062210,0,1,1,4294967295,0,0
oInvisibleLupSlope,688,208,001F2B17,0,1,1,4294967295,0,0
oInvisibleSolid,304,176,002BB596,0,1,1,4294967295,0,0
oInvisibleSolid,320,160,0029CCDD,0,1,1,4294967295,0,1
oInvisibleSolid,400,208,00208BE7,0,1,1,4294967295,0,1
oInvisibleSolid,400,272,000D9D29,0,1,1,4294967295,0,1
oInvisibleSolid,688,224,000840F7,0,1,1,4294967295,0,0
oInvisibleSolid,736,256,000E4E29,0,1,1,4294967295,0,0
oInvisibleSolid,656,208,0014B54A,0,1,1,4294967295,0,1
oInvisibleSolid,688,240,00256AA2,0,1,1,4294967295,0,1
oInvisibleSolid,752,0,0001D258,0,1,1,4294967295,0,1
oInvisibleSolid,784,144,003BAD22,0,1,1,4294967295,0,1
oInvisibleSolid,864,128,002D1664,0,1,1,4294967295,0,1
oInvisibleSolid,880,112,003511E6,0,1,1,4294967295,0,1
oInvisibleSolid,896,96,001DE7E0,0,1,1,4294967295,0,1
oInvisibleSolid,928,32,00284469,0,1,1,4294967295,0,1
oInvisibleSolid,928,0,00364690,0,1,1,4294967295,0,1
oInvisibleSolid,1104,32,000EAF33,0,1,1,4294967295,0,1
oInvisibleSolid,1264,32,0002D6A7,0,1,1,4294967295,0,1
oInvisibleSolid,1424,32,003E0397,0,1,1,4294967295,0,1
oInvisibleSolid,1072,320,0036F885,0,1,1,4294967295,0,1
oInvisibleSolid,1520,272,001888D3,0,1,1,4294967295,0,1
oInvisibleSolid,1840,288,0034C332,0,1,1,4294967295,0,0
oInvisibleSolid,1840,304,001E7314,0,1,1,4294967295,0,1
oInvisibleSolid,2064,320,001958BA,0,1,1,4294967295,0,1
oInvisibleSolid,2176,304,001871EF,0,1,1,4294967295,0,1
oInvisibleSolid,2192,288,001A9A51,0,1,1,4294967295,0,1
oInvisibleSolid,2208,272,0006C2AE,0,1,1,4294967295,0,1
oInvisibleSolid,2384,224,00397969,0,1,1,4294967295,0,1
oInvisibleSolid,2400,240,0039A0FC,0,1,1,4294967295,0,1
oInvisibleSolid,2320,208,001B5AE8,0,1,1,4294967295,0,1
oInvisibleSolid,2192,112,00032FBF,0,1,1,4294967295,0,1
oInvisibleSolid,2928,32,00122E54,0,1,1,4294967295,0,1
oInvisibleSolid,2944,48,001727A7,0,1,1,4294967295,0,1
oInvisibleSolid,3088,32,0011D0F1,0,1,1,4294967295,0,1
oInvisibleSolid,3104,48,0028E8BB,0,1,1,4294967295,0,1
oInvisibleSolid,3472,32,000B5B08,0,1,1,4294967295,0,1
oInvisibleSolid,2576,272,000D22BA,0,1,1,4294967295,0,1
oInvisibleSolid,2688,256,0010A23B,0,1,1,4294967295,0,1
oInvisibleSolid,2704,240,003200B7,0,1,1,4294967295,0,1
oInvisibleSolid,2720,224,000C8585,0,1,1,4294967295,0,1
oInvisibleSolid,2736,208,00246E8F,0,1,1,4294967295,0,1
oInvisibleSolid,2752,192,00012DDD,0,1,1,4294967295,0,1
oInvisibleSolid,2768,176,002E8195,0,1,1,4294967295,0,1
oInvisibleSolid,3168,224,001E49B0,0,1,1,4294967295,0,1
oInvisibleLupSlope,160,80,003905E8,0,1,1,4294967295,0,0
oInvisibleSolid,128,80,0023027E,0,1,1,4294967295,0,1
oInvisibleSolid,160,96,003B7D1E,0,1,1,4294967295,0,1
oInvisibleSolid,1952,32,00241FE6,0,1,1,4294967295,0,1
oInvisibleSolid,3024,32,003FB3F7,0,1,1,4294967295,0,1
oInvisibleSolid,3440,160,0022ABB4,0,1,1,4294967295,0,1
