oExit,1616,144,00341A55,0,1,1,4294967295,0,1
oSignPost,696,528,0005A275,0,1,1,4294967295,0,1
oSwitchHolder,1872,752,00197288,0,1,1,4294967295,0,1
oSwitchHolder,56,560,0004C8AA,0,1,1,4294967295,0,1
oCVRope,1760,448,0001732B,0,1,1,4294967295,0,1
oCVRope,1616,224,000883E6,0,1,1,4294967295,0,1
oArrowQuiver,1744,384,002F784C,0,1,1,4294967295,0,1
oZeldaBreakPot,648,352,00169CCA,0,1,1,4294967295,0,0
oZeldaBreakPot,728,352,0005C05B,0,1,1,4294967295,0,0
oZeldaBreakPot,832,512,000A43AA,0,1,1,4294967295,0,0
oZeldaBreakPot,1872,544,003344E7,0,1,1,4294967295,0,0
oZeldaBreakPot,1432,752,00242636,0,1,1,4294967295,0,0
oSwitchBarrier,544,304,000DEF88,0,1,1,4294967295,0,1
oSwitchBarrier,592,304,002AA21C,0,1,1,4294967295,0,1
oCVCandle,1568,144,00081504,0,1,1,4294967295,0,0
oCVCandle,1664,144,0028AB64,0,1,1,4294967295,0,0
oCVCandle,1744,144,0026F5CC,0,1,1,4294967295,0,0
oCVCandle,1808,128,000FD860,0,1,1,4294967295,0,0
oCVCandle,1872,112,001E03FB,0,1,1,4294967295,0,0
oCVCandle,1872,496,002B0783,0,1,1,4294967295,0,0
oCVCandle,1968,496,001E68A3,0,1,1,4294967295,0,0
oCVCandle,1968,416,00099FF3,0,1,1,4294967295,0,0
oCVCandle,1872,416,002567D1,0,1,1,4294967295,0,0
oCVCandle,1464,352,00017257,0,1,1,4294967295,0,0
oCVCandle,1416,352,0003448D,0,1,1,4294967295,0,0
oCVCandle,1416,672,002D477A,0,1,1,4294967295,0,0
oCVCandle,1464,672,002D6FE4,0,1,1,4294967295,0,0
oCVCandle,704,624,002142E7,0,1,1,4294967295,0,0
oCVCandle,960,624,001C2922,0,1,1,4294967295,0,0
oCVCandle,1168,736,0000B6FF,0,1,1,4294967295,0,0
oCVCandle,168,640,0008663A,0,1,1,4294967295,0,0
oCVCandle,280,656,0011DFAE,0,1,1,4294967295,0,0
oCVCandle,56,624,0019CADC,0,1,1,4294967295,0,0
oCVCandle,656,320,0018F133,0,1,1,4294967295,0,0
oCVCandle,736,320,00282459,0,1,1,4294967295,0,0
oCVCandle,496,368,00343590,0,1,1,4294967295,0,0
oCVCandle,208,368,001F811A,0,1,1,4294967295,0,0
oCVCandle,632,176,0018DA13,0,1,1,4294967295,0,0
oCVCandle,648,176,002D8747,0,1,1,4294967295,0,0
oCVCandle,632,160,00122066,0,1,1,4294967295,0,0
oCVCandle,648,160,0004E8DA,0,1,1,4294967295,0,0
oCVCandle,368,208,001B1D80,0,1,1,4294967295,0,0
oZeldaBreakPot,496,256,003F8D2F,0,1,1,4294967295,0,0
oLargeJumper,1604,320,0008610D,0,1,1,4294967295,0,1
oLargeJumper,1752,544,000B35E9,0,1,1,4294967295,0,1
oLargeJumper,1908,440,001421FE,0,1,1,4294967295,0,0
oBreakableW_Coded,1520,288,00035E01,0,1,1,4294967295,0,1
oBreakableW_Coded,1792,496,001F3EFB,0,1,1,4294967295,0,1
oBreakableW_Coded,1648,304,0009DE3A,0,1,1,4294967295,0,1
oBreakableW_Coded,1648,320,00124352,0,1,1,4294967295,0,1
oBreakableW_Coded,1648,336,0029C5B7,0,1,1,4294967295,0,1
oBreakableW_Coded,1648,352,000138E0,0,1,1,4294967295,0,1
oBreakableW_Coded,1648,496,002D154E,0,1,1,4294967295,0,1
oBreakableW_Coded,1648,512,000DE00F,0,1,1,4294967295,0,1
oBreakableW_Coded,1648,528,0009D74B,0,1,1,4294967295,0,1
oBreakableW_Coded,1648,544,000ABEAC,0,1,1,4294967295,0,1
oBreakableW_Coded,1520,656,00299F85,0,1,1,4294967295,0,1
oBreakableW_Coded,1520,672,000D1466,0,1,1,4294967295,0,1
oBreakableW_Coded,1520,688,00219635,0,1,1,4294967295,0,1
oBreakableW_Coded,1520,704,003A5D6F,0,1,1,4294967295,0,1
oBreakableW_Coded,1568,288,00209721,0,1,1,4294967295,0,1
oBreakableW_Coded,1808,496,002DA841,0,1,1,4294967295,0,1
oBreakableW_Coded,1696,304,0011250B,0,1,1,4294967295,0,1
oBreakableW_Coded,1696,320,0036CE99,0,1,1,4294967295,0,1
oBreakableW_Coded,1696,336,0037C862,0,1,1,4294967295,0,1
oBreakableW_Coded,1696,352,00085C38,0,1,1,4294967295,0,1
oBreakableW_Coded,1696,496,0035A09B,0,1,1,4294967295,0,1
oBreakableW_Coded,1696,512,00385074,0,1,1,4294967295,0,1
oBreakableW_Coded,1696,528,002E2A20,0,1,1,4294967295,0,1
oBreakableW_Coded,1696,544,001F9E8E,0,1,1,4294967295,0,1
oBreakableW_Coded,1568,656,001AAEC2,0,1,1,4294967295,0,1
oBreakableW_Coded,1568,672,002FFF5A,0,1,1,4294967295,0,1
oBreakableW_Coded,1568,688,001CA756,0,1,1,4294967295,0,1
oBreakableW_Coded,1568,704,002DC95A,0,1,1,4294967295,0,1
oBreakableW_Coded,1536,288,003EF2AC,0,1,1,4294967295,0,1
oBreakableW_Coded,1552,288,00285695,0,1,1,4294967295,0,1
oBreakableW_Coded,1536,656,0039867F,0,1,1,4294967295,0,1
oBreakableW_Coded,1552,656,003A62C0,0,1,1,4294967295,0,1
oBreakableW_Coded,1536,672,0015C032,0,1,1,4294967295,0,1
oBreakableW_Coded,1552,672,001D7172,0,1,1,4294967295,0,1
oBreakableW_Coded,1536,688,003B2FCA,0,1,1,4294967295,0,1
oBreakableW_Coded,1552,688,00398CD2,0,1,1,4294967295,0,1
oBreakableW_Coded,1536,704,0037736E,0,1,1,4294967295,0,1
oBreakableW_Coded,1552,704,0017C5CB,0,1,1,4294967295,0,1
oBreakableW_Coded,1664,496,0011DB17,0,1,1,4294967295,0,1
oBreakableW_Coded,1680,496,0029D280,0,1,1,4294967295,0,1
oBreakableW_Coded,1664,512,00331647,0,1,1,4294967295,0,1
oBreakableW_Coded,1680,512,002F6796,0,1,1,4294967295,0,1
oBreakableW_Coded,1664,528,003B62E7,0,1,1,4294967295,0,1
oBreakableW_Coded,1680,528,00122D1A,0,1,1,4294967295,0,1
oBreakableW_Coded,1664,544,0031D931,0,1,1,4294967295,0,1
oBreakableW_Coded,1680,544,00335A93,0,1,1,4294967295,0,1
oBreakableW_Coded,1664,304,0013CD37,0,1,1,4294967295,0,1
oBreakableW_Coded,1680,304,0001DEF0,0,1,1,4294967295,0,1
oBreakableW_Coded,1664,320,0035C456,0,1,1,4294967295,0,1
oBreakableW_Coded,1680,320,0030E713,0,1,1,4294967295,0,1
oBreakableW_Coded,1664,336,001D56D3,0,1,1,4294967295,0,1
oBreakableW_Coded,1680,336,002F3A62,0,1,1,4294967295,0,1
oBreakableW_Coded,1664,352,0021D04E,0,1,1,4294967295,0,1
oBreakableW_Coded,1680,352,002EED96,0,1,1,4294967295,0,1
oCrushingSpike,640,80,001EC80C,0,1,1,4294967295,0,0
oBallChainControl,280,464,0024E125,0,1,1,4294967295,0,1
oBallChainControl,296,464,0025D57C,0,1,1,4294967295,0,1
oBallChainControl,312,464,00232DD0,0,1,1,4294967295,0,1
oBallChainControl,328,464,003B4BC9,0,1,1,4294967295,0,1
oBallChainControl,240,96,0030783D,0,1,1,4294967295,0,1
oBallChainControl,496,64,00120D1A,0,1,1,4294967295,0,1
oBallChainControl,752,64,001BAF09,0,1,1,4294967295,0,1
oCrushingSpike,904,64,00303D3E,0,1,1,4294967295,0,0
oCrushingSpike,1016,64,002CF2A5,0,1,1,4294967295,0,0
oCrushingSpike,1128,64,003BBBCE,0,1,1,4294967295,0,0
oCrushingSpike,1240,64,001C70C3,0,1,1,4294967295,0,0
oCrushingSpike,1352,64,002F6FBE,0,1,1,4294967295,0,0
oCV_Mimic,168,688,002C0D8C,0,1,1,4294967295,0,0
oCV_GhostDancer,1072,192,00084486,0,1,1,4294967295,0,1
oCV_SalemWitch,1920,112,003ADE53,0,1,1,4294967295,0,0
oCV_SwordKnight,336,272,000974C6,0,1,1,4294967295,0,1
oCV_BonePillar,800,192,000F54A0,0,1,1,4294967295,0,1
oCV_BonePillar,1184,368,003A9308,0,1,1,4294967295,0,0
oCV_Ghost,696,432,0013F13A,0,1,1,4294967295,0,0
oCV_Ghost,128,512,0020FE11,0,1,1,4294967295,0,0
oCV_Ghost,368,128,003EBA24,0,1,1,4294967295,0,1
oCV_Ghost,112,80,00344A6A,0,1,1,4294967295,0,1
oCV_Ghoul,352,448,001410DB,0,1,1,4294967295,0,1
oCV_BonePillar,1184,192,0002AF74,0,1,1,4294967295,0,0
oCV_BonePillar,1296,192,0022B782,0,1,1,4294967295,0,0
oPlayer1,1664,192,00387D7B,0,1,1,4294967295,0,0
oSpikeZone,512,240,000271EE,0,1,1,4294967295,0,0
oSpikeZone,528,240,00240C48,0,1,1,4294967295,0,0
oSpikeZone,560,176,00034A7A,0,1,1,4294967295,0,0
oSpikeZone,576,176,0016B584,0,1,1,4294967295,0,0
oSpikeZone,688,176,002CF3EC,0,1,1,4294967295,0,0
oSpikeZone,704,176,00325F6A,0,1,1,4294967295,0,0
oSpikeZone,464,768,0006CD5B,0,1,1,4294967295,0,0
oSpikeZone,480,768,0007BB7B,0,1,1,4294967295,0,0
oSpikeZone,496,768,003DF381,0,1,1,4294967295,0,0
oSpikeZone,512,768,000362A1,0,1,1,4294967295,0,0
oSpikeZone,528,768,000BD373,0,1,1,4294967295,0,0
oSpikeZone,544,768,000B05B9,0,1,1,4294967295,0,0
oStoryObject,688,336,001FF77A,0,1,1,4294967295,0,1
oInvCollPH,1600,176,0024C9F8,0,1,1,4294967295,0,0
oInvCollPH,1616,176,002A7687,0,1,1,4294967295,0,0
oInvCollPH,1632,176,001B1085,0,1,1,4294967295,0,0
oInvCollPH,1584,208,002D1C7E,0,1,1,4294967295,0,0
oInvCollPH,1600,208,000A813B,0,1,1,4294967295,0,0
oInvCollPH,1616,208,0015AED7,0,1,1,4294967295,0,0
oInvCollPH,1632,208,002AEAAD,0,1,1,4294967295,0,0
oInvCollPH,1664,192,00225213,0,1,1,4294967295,0,0
oInvCollPH,1680,192,002F96D7,0,1,1,4294967295,0,0
oInvCollPH,1696,192,001A3601,0,1,1,4294967295,0,0
oInvCollPH,1648,224,001E4F7E,0,1,1,4294967295,0,0
oInvCollPH,1648,240,001B4211,0,1,1,4294967295,0,0
oInvCollPH,1648,256,0026F3FA,0,1,1,4294967295,0,0
oInvCollPH,1648,272,0007A039,0,1,1,4294967295,0,0
oInvCollPH,1648,288,001EAC2C,0,1,1,4294967295,0,0
oInvCollPH,1664,288,0019A55F,0,1,1,4294967295,0,0
oInvCollPH,1680,288,002AD880,0,1,1,4294967295,0,0
oInvCollPH,1696,288,002755E0,0,1,1,4294967295,0,0
oInvCollPH,1696,272,000CDA87,0,1,1,4294967295,0,0
oInvCollPH,1696,256,0034402C,0,1,1,4294967295,0,0
oInvCollPH,1696,240,00151BD4,0,1,1,4294967295,0,0
oInvCollPH,1696,224,0036722D,0,1,1,4294967295,0,0
oInvCollPH,1696,208,0034F893,0,1,1,4294967295,0,0
oInvCollPH,1728,192,00119849,0,1,1,4294967295,0,0
oInvCollPH,1664,32,003491E5,0,1,1,4294967295,0,0
oInvCollPH,1664,48,0028EFDD,0,1,1,4294967295,0,0
oInvCollPH,1664,64,0024BB87,0,1,1,4294967295,0,0
oInvCollPH,1664,80,001B6709,0,1,1,4294967295,0,0
oInvCollPH,1664,96,003256E3,0,1,1,4294967295,0,0
oInvCollPH,1648,96,00062491,0,1,1,4294967295,0,0
oInvCollPH,1648,80,000823B6,0,1,1,4294967295,0,0
oInvCollPH,1648,64,00128487,0,1,1,4294967295,0,0
oInvCollPH,1648,48,0002D0E0,0,1,1,4294967295,0,0
oInvCollPH,1600,0,0036BB90,0,1,1,4294967295,0,0
oInvCollPH,1616,0,0038FF8C,0,1,1,4294967295,0,0
oInvCollPH,1632,0,0023C6C6,0,1,1,4294967295,0,0
oInvCollPH,1680,16,000ADF77,0,1,1,4294967295,0,0
oInvCollPH,1696,16,0031C71B,0,1,1,4294967295,0,0
oInvCollPH,1712,16,00394E7C,0,1,1,4294967295,0,0
oInvCollPH,1728,16,0004FB94,0,1,1,4294967295,0,0
oInvCollPH,1744,16,003F84C1,0,1,1,4294967295,0,0
oInvCollPH,1760,16,0025D0F5,0,1,1,4294967295,0,0
oInvCollPH,1776,16,0032F6DB,0,1,1,4294967295,0,0
oInvCollPH,1792,16,003BBF48,0,1,1,4294967295,0,0
oInvCollPH,1952,16,003A4F33,0,1,1,4294967295,0,0
oInvCollPH,1936,16,00091DC2,0,1,1,4294967295,0,0
oInvCollPH,1920,16,002B07C6,0,1,1,4294967295,0,0
oInvCollPH,1904,16,001BED4F,0,1,1,4294967295,0,0
oInvCollPH,1888,16,003BABA7,0,1,1,4294967295,0,0
oInvCollPH,1872,16,000A2664,0,1,1,4294967295,0,0
oInvCollPH,1856,16,001C9108,0,1,1,4294967295,0,0
oInvCollPH,1840,16,002024E1,0,1,1,4294967295,0,0
oInvCollPH,1824,16,0033544C,0,1,1,4294967295,0,0
oInvCollPH,1808,16,000A92A4,0,1,1,4294967295,0,0
oInvCollPH,1968,288,001E9869,0,1,1,4294967295,0,0
oInvCollPH,1984,288,0010B064,0,1,1,4294967295,0,0
oInvCollPH,2000,288,00299909,0,1,1,4294967295,0,0
oInvCollPH,1840,288,00380291,0,1,1,4294967295,0,0
oInvCollPH,1856,288,0018603C,0,1,1,4294967295,0,0
oInvCollPH,1872,288,0037E453,0,1,1,4294967295,0,0
oInvCollPH,1968,32,001A5937,0,1,1,4294967295,0,0
oInvCollPH,1968,48,001EB4D4,0,1,1,4294967295,0,0
oInvCollPH,1968,64,00203C21,0,1,1,4294967295,0,0
oInvCollPH,1968,80,0024D467,0,1,1,4294967295,0,0
oInvCollPH,1968,96,0025ACE4,0,1,1,4294967295,0,0
oInvCollPH,1968,112,002971D1,0,1,1,4294967295,0,0
oInvCollPH,1968,128,002E760C,0,1,1,4294967295,0,0
oInvCollPH,1968,144,00191277,0,1,1,4294967295,0,0
oInvCollPH,1968,272,00081057,0,1,1,4294967295,0,0
oInvCollPH,1968,256,00079174,0,1,1,4294967295,0,0
oInvCollPH,1968,240,00205CA5,0,1,1,4294967295,0,0
oInvCollPH,1968,224,0002C15D,0,1,1,4294967295,0,0
oInvCollPH,1968,208,001F9A62,0,1,1,4294967295,0,0
oInvCollPH,1968,192,000EE4E1,0,1,1,4294967295,0,0
oInvCollPH,1968,176,00168771,0,1,1,4294967295,0,0
oInvCollPH,1968,160,003EB476,0,1,1,4294967295,0,0
oInvCollPH,1904,464,000CD7C5,0,1,1,4294967295,0,0
oInvCollPH,1920,464,00327DAB,0,1,1,4294967295,0,0
oInvCollPH,1936,464,00080876,0,1,1,4294967295,0,0
oInvCollPH,1760,416,00252891,0,1,1,4294967295,0,0
oInvCollPH,1752,400,00180C9B,0,1,1,4294967295,0,0
oInvCollPH,1728,432,00012B25,0,1,1,4294967295,0,0
oInvCollPH,1744,432,003769B3,0,1,1,4294967295,0,0
oInvCollPH,1760,432,003EA0E3,0,1,1,4294967295,0,0
oInvCollPH,1776,432,0007EBCF,0,1,1,4294967295,0,0
oInvCollPH,1808,400,002B3C0E,0,1,1,4294967295,0,0
oInvCollPH,1808,416,0001A3F3,0,1,1,4294967295,0,0
oInvCollPH,1792,416,003F1DB2,0,1,1,4294967295,0,0
oInvCollPH,1808,432,00321A08,0,1,1,4294967295,0,0
oInvCollPH,1808,448,00186C45,0,1,1,4294967295,0,0
oInvCollPH,1808,464,0017B504,0,1,1,4294967295,0,0
oInvCollPH,1792,464,0006C18A,0,1,1,4294967295,0,0
oInvCollPH,1792,448,00133F3D,0,1,1,4294967295,0,0
oInvCollPH,1824,320,0036A69F,0,1,1,4294967295,0,0
oInvCollPH,1824,336,0034FD99,0,1,1,4294967295,0,0
oInvCollPH,1824,352,002B0142,0,1,1,4294967295,0,0
oInvCollPH,1840,352,0017F752,0,1,1,4294967295,0,0
oInvCollPH,1840,336,0026BAC1,0,1,1,4294967295,0,0
oInvCollPH,1840,320,0005FD9E,0,1,1,4294967295,0,0
oInvCollPH,1840,304,001D3AFE,0,1,1,4294967295,0,0
oInvCollPH,1808,368,00024B3E,0,1,1,4294967295,0,0
oInvCollPH,1792,384,000E24D9,0,1,1,4294967295,0,0
oInvCollPH,1824,384,00370D22,0,1,1,4294967295,0,0
oInvCollPH,1840,384,001C9877,0,1,1,4294967295,0,0
oInvCollPH,1840,368,0035B657,0,1,1,4294967295,0,0
oInvCollPH,1600,576,00175E35,0,1,1,4294967295,0,0
oInvCollPH,1616,576,0032328E,0,1,1,4294967295,0,0
oInvCollPH,1632,576,0022A2CD,0,1,1,4294967295,0,0
oInvCollPH,1648,384,00365C2E,0,1,1,4294967295,0,0
oInvCollPH,1648,400,0001CF4A,0,1,1,4294967295,0,0
oInvCollPH,1648,416,002F9B04,0,1,1,4294967295,0,0
oInvCollPH,1664,368,0016527F,0,1,1,4294967295,0,0
oInvCollPH,1680,368,0004BF56,0,1,1,4294967295,0,0
oInvCollPH,1696,368,0031FE42,0,1,1,4294967295,0,0
oInvCollPH,1696,384,003B7E6E,0,1,1,4294967295,0,0
oInvCollPH,1696,400,001B4EC5,0,1,1,4294967295,0,0
oInvCollPH,1696,416,000427DC,0,1,1,4294967295,0,0
oInvCollPH,1648,432,003C7DEF,0,1,1,4294967295,0,0
oInvCollPH,1648,448,0030E4AE,0,1,1,4294967295,0,0
oInvCollPH,1648,464,00236957,0,1,1,4294967295,0,0
oInvCollPH,1648,480,002F93CE,0,1,1,4294967295,0,0
oInvCollPH,1664,480,000047AB,0,1,1,4294967295,0,0
oInvCollPH,1680,480,0033C8CF,0,1,1,4294967295,0,0
oInvCollPH,1696,480,003AFA90,0,1,1,4294967295,0,0
oInvCollPH,1696,464,0031F542,0,1,1,4294967295,0,0
oInvCollPH,1696,448,002BFEF8,0,1,1,4294967295,0,0
oInvCollPH,1664,560,0003C2B7,0,1,1,4294967295,0,0
oInvCollPH,1680,560,001577B9,0,1,1,4294967295,0,0
oInvCollPH,1696,560,000455B9,0,1,1,4294967295,0,0
oInvCollPH,1696,576,001ACE50,0,1,1,4294967295,0,0
oInvCollPH,1696,592,00157C0D,0,1,1,4294967295,0,0
oInvCollPH,1696,608,0033E26B,0,1,1,4294967295,0,0
oInvCollPH,1696,624,0003B178,0,1,1,4294967295,0,0
oInvCollPH,1696,640,000FB349,0,1,1,4294967295,0,0
oInvCollPH,1680,640,00292805,0,1,1,4294967295,0,0
oInvCollPH,1664,640,0006EA96,0,1,1,4294967295,0,0
oInvCollPH,1648,640,0000FEEE,0,1,1,4294967295,0,0
oInvCollPH,1648,624,00159C84,0,1,1,4294967295,0,0
oInvCollPH,1648,608,002E5C7C,0,1,1,4294967295,0,0
oInvCollPH,1648,592,000B907C,0,1,1,4294967295,0,0
oInvCollPH,1536,192,00218BE7,0,1,1,4294967295,0,0
oInvCollPH,1552,192,00288684,0,1,1,4294967295,0,0
oInvCollPH,1568,192,000C7EFB,0,1,1,4294967295,0,0
oInvCollPH,1568,224,00209FFA,0,1,1,4294967295,0,0
oInvCollPH,1568,240,002EEC35,0,1,1,4294967295,0,0
oInvCollPH,1568,256,0014D64B,0,1,1,4294967295,0,0
oInvCollPH,1520,256,003CEBA8,0,1,1,4294967295,0,0
oInvCollPH,1520,240,0032D78F,0,1,1,4294967295,0,0
oInvCollPH,1520,224,000C7FBF,0,1,1,4294967295,0,0
oInvCollPH,1488,192,000D0F4F,0,1,1,4294967295,0,0
oInvCollPH,1504,192,002E7432,0,1,1,4294967295,0,0
oInvCollPH,1472,208,002342BB,0,1,1,4294967295,0,0
oInvCollPH,1488,208,00142CE9,0,1,1,4294967295,0,0
oInvCollPH,1504,208,0002B819,0,1,1,4294967295,0,0
oInvCollPH,1360,208,00036C4F,0,1,1,4294967295,0,0
oInvCollPH,1376,208,0020242D,0,1,1,4294967295,0,0
oInvCollPH,1392,208,002BFE35,0,1,1,4294967295,0,0
oInvCollPH,1392,192,00241583,0,1,1,4294967295,0,0
oInvCollPH,1376,192,003F38C1,0,1,1,4294967295,0,0
oInvCollPH,1424,272,00361114,0,1,1,4294967295,0,0
oInvCollPH,1440,272,003A971B,0,1,1,4294967295,0,0
oInvCollPH,1456,272,002B2447,0,1,1,4294967295,0,0
oInvCollPH,1504,336,000F2092,0,1,1,4294967295,0,0
oInvCollPH,1376,400,00317623,0,1,1,4294967295,0,0
oInvCollPH,1152,368,002B7BD7,0,1,1,4294967295,0,0
oInvCollPH,1184,368,003FE460,0,1,1,4294967295,0,0
oInvCollPH,1200,368,00301353,0,1,1,4294967295,0,0
oInvCollPH,1216,368,0037F99E,0,1,1,4294967295,0,0
oInvCollPH,1232,368,0006BECC,0,1,1,4294967295,0,0
oInvCollPH,1248,368,00396312,0,1,1,4294967295,0,0
oInvCollPH,1264,368,0030F58A,0,1,1,4294967295,0,0
oInvCollPH,1280,368,000E72E1,0,1,1,4294967295,0,0
oInvCollPH,1520,736,002F28D9,0,1,1,4294967295,0,0
oInvCollPH,1520,752,001FBAE5,0,1,1,4294967295,0,0
oInvCollPH,1520,768,0037C512,0,1,1,4294967295,0,0
oInvCollPH,1536,720,0015DB7A,0,1,1,4294967295,0,0
oInvCollPH,1552,720,00280DF6,0,1,1,4294967295,0,0
oInvCollPH,1568,720,001C00BA,0,1,1,4294967295,0,0
oInvCollPH,1568,736,002CA699,0,1,1,4294967295,0,0
oInvCollPH,1568,752,0011D891,0,1,1,4294967295,0,0
oInvCollPH,1568,768,001A8247,0,1,1,4294967295,0,0
oInvCollPH,1760,752,00156484,0,1,1,4294967295,0,0
oInvCollPH,2016,320,000A0A07,0,1,1,4294967295,0,0
oInvCollPH,2016,336,0024CB03,0,1,1,4294967295,0,0
oInvCollPH,2016,352,00175932,0,1,1,4294967295,0,0
oInvCollPH,2016,368,000BB53A,0,1,1,4294967295,0,0
oInvCollPH,2016,384,001B8B99,0,1,1,4294967295,0,0
oInvCollPH,2016,400,003428D0,0,1,1,4294967295,0,0
oInvCollPH,2016,416,002C600F,0,1,1,4294967295,0,0
oInvCollPH,2016,432,000D044C,0,1,1,4294967295,0,0
oInvCollPH,2016,448,00054992,0,1,1,4294967295,0,0
oInvCollPH,2016,464,003EF482,0,1,1,4294967295,0,0
oInvCollPH,2016,480,002E952A,0,1,1,4294967295,0,0
oInvCollPH,2016,496,0035E4E8,0,1,1,4294967295,0,0
oInvCollPH,2016,512,00028290,0,1,1,4294967295,0,0
oInvCollPH,2000,528,003BBE4B,0,1,1,4294967295,0,0
oInvCollPH,1984,544,002D6B52,0,1,1,4294967295,0,0
oInvCollPH,1984,560,003AB695,0,1,1,4294967295,0,0
oInvCollPH,1984,576,0011B43F,0,1,1,4294967295,0,0
oInvCollPH,1968,592,0025E9CE,0,1,1,4294967295,0,0
oInvCollPH,1952,608,00106F23,0,1,1,4294967295,0,0
oInvCollPH,1952,624,000ABA14,0,1,1,4294967295,0,0
oInvCollPH,1952,640,001CA2FD,0,1,1,4294967295,0,0
oInvCollPH,1936,672,00312E8F,0,1,1,4294967295,0,0
oInvCollPH,1936,688,0034593A,0,1,1,4294967295,0,0
oInvCollPH,1936,704,002A651F,0,1,1,4294967295,0,0
oInvCollPH,1936,736,003649F2,0,1,1,4294967295,0,0
oInvCollPH,1936,752,00293C1C,0,1,1,4294967295,0,0
oInvCollPH,1936,768,00275829,0,1,1,4294967295,0,0
oInvCollPH,1792,528,003233D1,0,1,1,4294967295,0,0
oInvCollPH,1792,544,0018C4F7,0,1,1,4294967295,0,0
oInvCollPH,1792,560,0016D937,0,1,1,4294967295,0,0
oInvCollPH,1792,576,003CD5CB,0,1,1,4294967295,0,0
oInvCollPH,1792,592,003648C0,0,1,1,4294967295,0,0
oInvCollPH,1792,608,0020B3F2,0,1,1,4294967295,0,0
oInvCollPH,1792,624,000F2475,0,1,1,4294967295,0,0
oInvCollPH,1792,640,00354A69,0,1,1,4294967295,0,0
oInvCollPH,1792,656,002052B6,0,1,1,4294967295,0,0
oInvCollPH,1792,736,000CF0A6,0,1,1,4294967295,0,0
oInvCollPH,1792,720,00250B07,0,1,1,4294967295,0,0
oInvCollPH,1792,704,0012CCCB,0,1,1,4294967295,0,0
oInvCollPH,1792,688,001E3721,0,1,1,4294967295,0,0
oInvCollPH,1792,672,0022BF8F,0,1,1,4294967295,0,0
oInvCollPH,1808,768,00036E28,0,1,1,4294967295,0,0
oInvCollPH,1808,752,003A2A1D,0,1,1,4294967295,0,0
oInvCollPH,1808,736,0012309E,0,1,1,4294967295,0,0
oInvCollPH,1808,720,001C59E6,0,1,1,4294967295,0,0
oInvCollPH,1808,704,000906B0,0,1,1,4294967295,0,0
oInvCollPH,1808,672,0012A016,0,1,1,4294967295,0,0
oInvCollPH,1808,656,00059DFE,0,1,1,4294967295,0,0
oInvCollPH,1808,640,00218DEB,0,1,1,4294967295,0,0
oInvCollPH,1808,624,0008B798,0,1,1,4294967295,0,0
oInvCollPH,1808,608,002CD66D,0,1,1,4294967295,0,0
oInvCollPH,1808,592,002BE482,0,1,1,4294967295,0,0
oInvCollPH,1808,576,00114E6C,0,1,1,4294967295,0,0
oInvCollPH,1808,560,002A4F9A,0,1,1,4294967295,0,0
oInvCollPH,1808,544,003B7E9D,0,1,1,4294967295,0,0
oInvCollPH,1808,528,0013F895,0,1,1,4294967295,0,0
oInvCollPH,1808,512,003AAC11,0,1,1,4294967295,0,0
oInvCollPH,1536,304,002E8E96,0,1,1,4294967295,0,0
oInvCollPH,1552,304,00089870,0,1,1,4294967295,0,0
oInvCollPH,1568,304,003B1DFC,0,1,1,4294967295,0,0
oInvCollPH,1568,320,002C7CF3,0,1,1,4294967295,0,0
oInvCollPH,1568,336,0030E49A,0,1,1,4294967295,0,0
oInvCollPH,1568,352,0016A8C9,0,1,1,4294967295,0,0
oInvCollPH,1568,368,00396D73,0,1,1,4294967295,0,0
oInvCollPH,1568,384,001BB73A,0,1,1,4294967295,0,0
oInvCollPH,1568,400,000ABA23,0,1,1,4294967295,0,0
oInvCollPH,1568,416,002EF03B,0,1,1,4294967295,0,0
oInvCollPH,1568,432,001E7887,0,1,1,4294967295,0,0
oInvCollPH,1568,448,00263924,0,1,1,4294967295,0,0
oInvCollPH,1520,640,00124BF7,0,1,1,4294967295,0,0
oInvCollPH,1536,640,0034796E,0,1,1,4294967295,0,0
oInvCollPH,1552,640,00179486,0,1,1,4294967295,0,0
oInvCollPH,1568,640,000FE963,0,1,1,4294967295,0,0
oInvCollPH,1568,624,0038C631,0,1,1,4294967295,0,0
oInvCollPH,1568,608,001B8289,0,1,1,4294967295,0,0
oInvCollPH,1568,592,0010AF5C,0,1,1,4294967295,0,0
oInvCollPH,1568,560,0025EF8E,0,1,1,4294967295,0,0
oInvCollPH,1568,544,0021853A,0,1,1,4294967295,0,0
oInvCollPH,1568,528,00399988,0,1,1,4294967295,0,0
oInvCollPH,1568,512,000F844C,0,1,1,4294967295,0,0
oInvCollPH,1568,496,003FA2A9,0,1,1,4294967295,0,0
oInvCollPH,1568,480,00196089,0,1,1,4294967295,0,0
oInvCollPH,1568,464,002F790E,0,1,1,4294967295,0,0
oInvCollPH,1520,320,0016DADF,0,1,1,4294967295,0,0
oInvCollPH,1520,352,002BDE10,0,1,1,4294967295,0,0
oInvCollPH,1520,368,0021E0AC,0,1,1,4294967295,0,0
oInvCollPH,1520,384,0003A695,0,1,1,4294967295,0,0
oInvCollPH,1520,400,00318223,0,1,1,4294967295,0,0
oInvCollPH,1520,416,00242CEA,0,1,1,4294967295,0,0
oInvCollPH,1520,432,001AC492,0,1,1,4294967295,0,0
oInvCollPH,1520,448,000D0D8F,0,1,1,4294967295,0,0
oInvCollPH,1520,464,001365CD,0,1,1,4294967295,0,0
oInvCollPH,1520,480,002F95D9,0,1,1,4294967295,0,0
oInvCollPH,1520,496,001FD129,0,1,1,4294967295,0,0
oInvCollPH,1520,512,00211850,0,1,1,4294967295,0,0
oInvCollPH,1520,528,0011B1F9,0,1,1,4294967295,0,0
oInvCollPH,1520,560,0031F717,0,1,1,4294967295,0,0
oInvCollPH,1520,576,0000B091,0,1,1,4294967295,0,0
oInvCollPH,1520,592,000A879B,0,1,1,4294967295,0,0
oInvCollPH,1520,608,003D7259,0,1,1,4294967295,0,0
oInvCollPH,1520,624,00327002,0,1,1,4294967295,0,0
oInvCollPH,1424,768,000C5BF3,0,1,1,4294967295,0,0
oInvCollPH,1440,768,001AB79E,0,1,1,4294967295,0,0
oInvCollPH,1456,768,000254C2,0,1,1,4294967295,0,0
oInvCollPH,1428,504,00331F31,0,1,1,4294967295,0,0
oInvCollPH,1428,576,0033BBA2,0,1,1,4294967295,0,0
oInvCollPH,1428,560,003683D7,0,1,1,4294967295,0,0
oInvCollPH,1428,544,003AB98D,0,1,1,4294967295,0,0
oInvCollPH,1428,528,0005AD00,0,1,1,4294967295,0,0
oInvCollPH,1424,592,001D641B,0,1,1,4294967295,0,0
oInvCollPH,1440,592,0014CFCF,0,1,1,4294967295,0,0
oInvCollPH,1436,488,002FAA0E,0,1,1,4294967295,0,0
oInvCollPH,1436,504,0018BBAD,0,1,1,4294967295,0,0
oInvCollPH,1436,528,001153F0,0,1,1,4294967295,0,0
oInvCollPH,1436,544,003128B4,0,1,1,4294967295,0,0
oInvCollPH,1436,560,001F88C6,0,1,1,4294967295,0,0
oInvCollPH,1436,576,0005A569,0,1,1,4294967295,0,0
oInvCollPH,1312,368,0030DB9F,0,1,1,4294967295,0,0
oInvCollPH,1328,368,0001A970,0,1,1,4294967295,0,0
oInvCollPH,1344,368,002041A6,0,1,1,4294967295,0,0
oInvCollPH,1344,384,003F8810,0,1,1,4294967295,0,0
oInvCollPH,1344,416,0003F4B3,0,1,1,4294967295,0,0
oInvCollPH,1344,432,001A905A,0,1,1,4294967295,0,0
oInvCollPH,1344,448,00113962,0,1,1,4294967295,0,0
oInvCollPH,1344,464,0006F772,0,1,1,4294967295,0,0
oInvCollPH,1344,480,003517C2,0,1,1,4294967295,0,0
oInvCollPH,1344,496,002981EA,0,1,1,4294967295,0,0
oInvCollPH,1344,512,001B6B4B,0,1,1,4294967295,0,0
oInvCollPH,1296,704,0026D5EE,0,1,1,4294967295,0,0
oInvCollPH,1312,704,001B750E,0,1,1,4294967295,0,0
oInvCollPH,1328,704,00139AC9,0,1,1,4294967295,0,0
oInvCollPH,1344,704,000CD0C7,0,1,1,4294967295,0,0
oInvCollPH,1344,688,0039E485,0,1,1,4294967295,0,0
oInvCollPH,1344,672,00149A84,0,1,1,4294967295,0,0
oInvCollPH,1344,656,0004A3BC,0,1,1,4294967295,0,0
oInvCollPH,1344,624,003101E3,0,1,1,4294967295,0,0
oInvCollPH,1344,608,001ECCC4,0,1,1,4294967295,0,0
oInvCollPH,1344,592,002B0983,0,1,1,4294967295,0,0
oInvCollPH,1344,576,00131E20,0,1,1,4294967295,0,0
oInvCollPH,1344,560,00121068,0,1,1,4294967295,0,0
oInvCollPH,1344,528,003FAB8E,0,1,1,4294967295,0,0
oInvCollPH,1600,560,00266FF2,0,1,1,4294967295,0,0
oInvCollPH,1616,544,002CF15B,0,1,1,4294967295,0,0
oInvCollPH,1616,560,0026360F,0,1,1,4294967295,0,0
oInvCollPH,1792,752,002787C8,0,1,1,4294967295,0,0
oInvCollPH,1776,768,002B9199,0,1,1,4294967295,0,0
oInvCollPH,1856,560,000F74F7,0,1,1,4294967295,0,0
oInvCollPH,1872,560,0032666C,0,1,1,4294967295,0,0
oInvCollPH,1888,560,00361359,0,1,1,4294967295,0,0
oInvCollPH,1296,688,0020E1CF,0,1,1,4294967295,0,0
oInvCollPH,1296,672,001EC3CD,0,1,1,4294967295,0,0
oInvCollPH,1296,656,00071073,0,1,1,4294967295,0,0
oInvCollPH,1088,784,00058CBE,0,1,1,4294967295,0,0
oInvCollPH,1104,784,00215A92,0,1,1,4294967295,0,0
oInvCollPH,1120,784,003C2319,0,1,1,4294967295,0,0
oInvCollPH,1136,784,00032F9F,0,1,1,4294967295,0,0
oInvCollPH,1152,784,00353963,0,1,1,4294967295,0,0
oInvCollPH,1168,784,00126D3B,0,1,1,4294967295,0,0
oInvCollPH,1184,784,00125AA4,0,1,1,4294967295,0,0
oInvCollPH,1200,784,001B453E,0,1,1,4294967295,0,0
oInvCollPH,1216,784,000B0C66,0,1,1,4294967295,0,0
oInvCollPH,1232,784,0005E6AA,0,1,1,4294967295,0,0
oInvCollPH,1248,784,001A2A3C,0,1,1,4294967295,0,0
oInvCollPH,1264,784,00365F2E,0,1,1,4294967295,0,0
oInvCollPH,1280,784,00019AE6,0,1,1,4294967295,0,0
oInvCollPH,1296,784,001D5665,0,1,1,4294967295,0,0
oInvCollPH,1312,784,00264DD8,0,1,1,4294967295,0,0
oInvCollPH,1328,784,003E58FA,0,1,1,4294967295,0,0
oInvCollPH,1344,784,00131FB0,0,1,1,4294967295,0,0
oInvCollPH,1360,784,00364826,0,1,1,4294967295,0,0
oInvCollPH,1376,784,001F4202,0,1,1,4294967295,0,0
oInvCollPH,1392,784,00128C09,0,1,1,4294967295,0,0
oInvCollPH,1472,784,0033BE95,0,1,1,4294967295,0,0
oInvCollPH,1488,784,003740B8,0,1,1,4294967295,0,0
oInvCollPH,1504,784,001EA55F,0,1,1,4294967295,0,0
oInvCollPH,1584,784,001CC4B6,0,1,1,4294967295,0,0
oInvCollPH,1600,784,0032ED4D,0,1,1,4294967295,0,0
oInvCollPH,1616,784,00238B0E,0,1,1,4294967295,0,0
oInvCollPH,1632,784,002D8268,0,1,1,4294967295,0,0
oInvCollPH,1648,784,0014C05C,0,1,1,4294967295,0,0
oInvCollPH,1664,784,00102CF5,0,1,1,4294967295,0,0
oInvCollPH,1680,784,002D132D,0,1,1,4294967295,0,0
oInvCollPH,1696,784,003925F5,0,1,1,4294967295,0,0
oInvCollPH,1712,784,0015D1F0,0,1,1,4294967295,0,0
oInvCollPH,1824,784,001D5B56,0,1,1,4294967295,0,0
oInvCollPH,1840,784,000A7FAF,0,1,1,4294967295,0,0
oInvCollPH,1856,784,00216225,0,1,1,4294967295,0,0
oInvCollPH,1872,784,003166F3,0,1,1,4294967295,0,0
oInvCollPH,1888,784,0018AD5B,0,1,1,4294967295,0,0
oInvCollPH,1904,784,002B7087,0,1,1,4294967295,0,0
oInvCollPH,1920,784,001376C2,0,1,1,4294967295,0,0
oInvCollPH,720,656,003F6145,0,1,1,4294967295,0,0
oInvCollPH,736,656,003CA963,0,1,1,4294967295,0,0
oInvCollPH,752,656,002CBCA5,0,1,1,4294967295,0,0
oInvCollPH,768,656,003383B9,0,1,1,4294967295,0,0
oInvCollPH,784,656,003B9E7A,0,1,1,4294967295,0,0
oInvCollPH,800,656,000C6B11,0,1,1,4294967295,0,0
oInvCollPH,816,656,0009CD83,0,1,1,4294967295,0,0
oInvCollPH,832,656,00282A51,0,1,1,4294967295,0,0
oInvCollPH,848,656,000E68DE,0,1,1,4294967295,0,0
oInvCollPH,864,656,003D3040,0,1,1,4294967295,0,0
oInvCollPH,880,656,000DA570,0,1,1,4294967295,0,0
oInvCollPH,896,656,002D327A,0,1,1,4294967295,0,0
oInvCollPH,912,656,00306D57,0,1,1,4294967295,0,0
oInvCollPH,928,656,001FB100,0,1,1,4294967295,0,0
oInvCollPH,944,656,001B39BE,0,1,1,4294967295,0,0
oInvCollPH,1008,544,001C39F7,0,1,1,4294967295,0,0
oInvCollPH,1024,544,0025D8AA,0,1,1,4294967295,0,0
oInvCollPH,1040,544,000EE11C,0,1,1,4294967295,0,0
oInvCollPH,1056,544,0036425B,0,1,1,4294967295,0,0
oInvCollPH,1072,544,0032A422,0,1,1,4294967295,0,0
oInvCollPH,1088,544,00258E7E,0,1,1,4294967295,0,0
oInvCollPH,1104,544,00255A69,0,1,1,4294967295,0,0
oInvCollPH,1120,560,0000EF7D,0,1,1,4294967295,0,0
oInvCollPH,1136,560,0023F3E1,0,1,1,4294967295,0,0
oInvCollPH,1152,576,0004E43C,0,1,1,4294967295,0,0
oInvCollPH,1152,592,0019E034,0,1,1,4294967295,0,0
oInvCollPH,1168,592,0038E990,0,1,1,4294967295,0,0
oInvCollPH,1184,608,001FA2A7,0,1,1,4294967295,0,0
oInvCollPH,1200,608,001C1EE4,0,1,1,4294967295,0,0
oInvCollPH,1232,640,002DE446,0,1,1,4294967295,0,0
oInvCollPH,1248,640,0003B4E1,0,1,1,4294967295,0,0
oInvCollPH,1264,640,00397A5B,0,1,1,4294967295,0,0
oInvCollPH,1280,640,001E37AF,0,1,1,4294967295,0,0
oInvCollPH,1552,64,0025AB9B,0,1,1,4294967295,0,0
oInvCollPH,1552,80,003CD84B,0,1,1,4294967295,0,0
oInvCollPH,1552,96,0039B2E9,0,1,1,4294967295,0,0
oInvCollPH,1568,96,0037BAFA,0,1,1,4294967295,0,0
oInvCollPH,1568,80,00195284,0,1,1,4294967295,0,0
oInvCollPH,1568,64,002EBC5F,0,1,1,4294967295,0,0
oInvCollPH,1568,48,00283091,0,1,1,4294967295,0,0
oInvCollPH,688,352,000ED9DB,0,1,1,4294967295,0,0
oInvCollPH,704,352,00367214,0,1,1,4294967295,0,0
oInvCollPH,560,208,000B03A1,0,1,1,4294967295,0,0
oInvCollPH,576,208,00345BF6,0,1,1,4294967295,0,0
oInvCollPH,576,192,0018A5B1,0,1,1,4294967295,0,0
oInvCollPH,688,208,001E2684,0,1,1,4294967295,0,0
oInvCollPH,704,208,002F60C4,0,1,1,4294967295,0,0
oInvCollPH,704,192,002CCD11,0,1,1,4294967295,0,0
oInvCollPH,720,80,003CDACB,0,1,1,4294967295,0,0
oInvCollPH,736,80,001CF607,0,1,1,4294967295,0,0
oInvCollPH,752,80,00212B46,0,1,1,4294967295,0,0
oInvCollPH,768,80,000B7A8A,0,1,1,4294967295,0,0
oInvCollPH,768,64,001C0DAD,0,1,1,4294967295,0,0
oInvCollPH,464,80,0002E1C0,0,1,1,4294967295,0,0
oInvCollPH,480,80,003A0473,0,1,1,4294967295,0,0
oInvCollPH,496,80,0027D497,0,1,1,4294967295,0,0
oInvCollPH,512,80,00163EE7,0,1,1,4294967295,0,0
oInvCollPH,512,64,003BC979,0,1,1,4294967295,0,0
oInvCollPH,480,432,0030D3DE,0,1,1,4294967295,0,0
oInvCollPH,496,416,003DADE3,0,1,1,4294967295,0,0
oInvCollPH,512,416,000D70CB,0,1,1,4294967295,0,0
oInvCollPH,528,416,0030FF52,0,1,1,4294967295,0,0
oInvCollPH,112,384,002591AF,0,1,1,4294967295,0,0
oInvCollPH,128,384,003845C8,0,1,1,4294967295,0,0
oInvCollPH,144,384,003E3F15,0,1,1,4294967295,0,0
oInvCollPH,144,400,002463B8,0,1,1,4294967295,0,0
oInvCollPH,160,416,000BC914,0,1,1,4294967295,0,0
oInvCollPH,176,416,001EB54C,0,1,1,4294967295,0,0
oInvCollPH,192,416,00249313,0,1,1,4294967295,0,0
oInvCollPH,208,416,0010F79C,0,1,1,4294967295,0,0
oInvCollPH,208,432,00394BB3,0,1,1,4294967295,0,0
oInvCollPH,528,256,0035CEF0,0,1,1,4294967295,0,0
oInvCollPH,608,256,0005D2E8,0,1,1,4294967295,0,0
oInvCollPH,624,256,0028DA8C,0,1,1,4294967295,0,0
oInvCollPH,640,256,00110CA9,0,1,1,4294967295,0,0
oInvCollPH,656,256,0031F5AF,0,1,1,4294967295,0,0
oInvCollPH,672,256,00269BA3,0,1,1,4294967295,0,0
oInvCollPH,688,256,0020F782,0,1,1,4294967295,0,0
oInvCollPH,704,256,002C4C74,0,1,1,4294967295,0,0
oInvCollPH,720,256,0005D286,0,1,1,4294967295,0,0
oInvCollPH,736,256,000AF65F,0,1,1,4294967295,0,0
oInvCollPH,752,256,00234A19,0,1,1,4294967295,0,0
oInvCollPH,768,256,002A3AFF,0,1,1,4294967295,0,0
oInvCollPH,624,224,0008DE74,0,1,1,4294967295,0,0
oInvCollPH,640,224,0034246D,0,1,1,4294967295,0,0
oInvCollPH,656,224,00256889,0,1,1,4294967295,0,0
oInvCollPH,672,224,0001D36C,0,1,1,4294967295,0,0
oInvCollPH,720,224,00145439,0,1,1,4294967295,0,0
oInvCollPH,736,224,003020A0,0,1,1,4294967295,0,0
oInvCollPH,752,224,002D273B,0,1,1,4294967295,0,0
oInvCollPH,768,224,0033C6C5,0,1,1,4294967295,0,0
oInvCollPH,800,448,000843C6,0,1,1,4294967295,0,0
oInvCollPH,816,448,002DDD1E,0,1,1,4294967295,0,0
oInvCollPH,832,448,0018C17C,0,1,1,4294967295,0,0
oInvCollPH,848,448,000E8FE3,0,1,1,4294967295,0,0
oInvCollPH,864,448,00361807,0,1,1,4294967295,0,0
oInvCollPH,784,32,000A7FA3,0,1,1,4294967295,0,0
oInvCollPH,800,32,0012D1D7,0,1,1,4294967295,0,0
oInvCollPH,816,32,000E6C78,0,1,1,4294967295,0,0
oInvCollPH,832,32,003DF1C0,0,1,1,4294967295,0,0
oInvCollPH,848,32,00276B37,0,1,1,4294967295,0,0
oInvCollPH,864,32,002761CF,0,1,1,4294967295,0,0
oInvCollPH,880,32,002312CB,0,1,1,4294967295,0,0
oInvCollPH,896,32,0001E5D2,0,1,1,4294967295,0,0
oInvCollPH,912,32,001FBA8E,0,1,1,4294967295,0,0
oInvCollPH,928,32,0002379D,0,1,1,4294967295,0,0
oInvCollPH,1568,16,000503E5,0,1,1,4294967295,0,0
oInvCollPH,1568,32,001B3F01,0,1,1,4294967295,0,0
oInvCollPH,1536,32,000D65A9,0,1,1,4294967295,0,0
oInvCollPH,1520,32,002EE21C,0,1,1,4294967295,0,0
oInvCollPH,1504,32,000BBD6B,0,1,1,4294967295,0,0
oInvCollPH,1488,32,000ECC49,0,1,1,4294967295,0,0
oInvCollPH,1472,32,00144A64,0,1,1,4294967295,0,0
oInvCollPH,1456,32,003C5C88,0,1,1,4294967295,0,0
oInvCollPH,1440,32,000501B8,0,1,1,4294967295,0,0
oInvCollPH,1424,32,0015BD5F,0,1,1,4294967295,0,0
oInvCollPH,1024,32,00001A15,0,1,1,4294967295,0,0
oInvCollPH,1040,32,00024029,0,1,1,4294967295,0,0
oInvCollPH,1056,32,0024C671,0,1,1,4294967295,0,0
oInvCollPH,1072,32,0012E83B,0,1,1,4294967295,0,0
oInvCollPH,1088,32,0011693A,0,1,1,4294967295,0,0
oInvCollPH,1328,32,000A10C3,0,1,1,4294967295,0,0
oInvCollPH,1312,32,002C75CE,0,1,1,4294967295,0,0
oInvCollPH,1296,32,00286EFF,0,1,1,4294967295,0,0
oInvCollPH,1280,32,0021B52D,0,1,1,4294967295,0,0
oInvCollPH,1264,32,00329ECB,0,1,1,4294967295,0,0
oInvCollPH,1168,32,000017F1,0,1,1,4294967295,0,0
oInvCollPH,1184,32,0029B084,0,1,1,4294967295,0,0
oInvCollPH,1152,32,001CB66C,0,1,1,4294967295,0,0
oInvCollPH,1136,32,003896B1,0,1,1,4294967295,0,0
oInvCollPH,1120,32,002AB98E,0,1,1,4294967295,0,0
oInvCollPH,1104,32,003B1997,0,1,1,4294967295,0,0
oInvCollPH,1200,32,00181608,0,1,1,4294967295,0,0
oInvCollPH,1216,32,0018F5B1,0,1,1,4294967295,0,0
oInvCollPH,1232,32,0022A001,0,1,1,4294967295,0,0
oInvCollPH,1248,32,003C2CBB,0,1,1,4294967295,0,0
oInvCollPH,1008,32,0024A47E,0,1,1,4294967295,0,0
oInvCollPH,992,32,00142446,0,1,1,4294967295,0,0
oInvCollPH,976,32,0036E2BF,0,1,1,4294967295,0,0
oInvCollPH,960,32,002D3292,0,1,1,4294967295,0,0
oInvCollPH,944,32,00044210,0,1,1,4294967295,0,0
oInvCollPH,1344,32,0028885F,0,1,1,4294967295,0,0
oInvCollPH,1360,32,00118477,0,1,1,4294967295,0,0
oInvCollPH,1376,32,000DE3A9,0,1,1,4294967295,0,0
oInvCollPH,1392,32,0000D989,0,1,1,4294967295,0,0
oInvCollPH,1408,32,002CD9B8,0,1,1,4294967295,0,0
oInvCollPH,1344,288,00180F48,0,1,1,4294967295,0,0
oInvCollPH,1344,272,0004F39A,0,1,1,4294967295,0,0
oInvCollPH,1344,256,002C651F,0,1,1,4294967295,0,0
oInvCollPH,1344,240,00009EF1,0,1,1,4294967295,0,0
oInvCollPH,1344,224,0037A057,0,1,1,4294967295,0,0
oInvCollPH,1344,192,002EC90F,0,1,1,4294967295,0,0
oInvCollPH,1328,192,00275941,0,1,1,4294967295,0,0
oInvCollPH,1312,192,001A22DD,0,1,1,4294967295,0,0
oInvCollPH,1296,192,0003BD2A,0,1,1,4294967295,0,0
oInvCollPH,1280,192,00024FB9,0,1,1,4294967295,0,0
oInvCollPH,1264,192,001934C4,0,1,1,4294967295,0,0
oInvCollPH,1248,192,00062EF6,0,1,1,4294967295,0,0
oInvCollPH,1232,192,001AE458,0,1,1,4294967295,0,0
oInvCollPH,1216,192,000DF78F,0,1,1,4294967295,0,0
oInvCollPH,1200,192,00131C63,0,1,1,4294967295,0,0
oInvCollPH,784,208,0006505E,0,1,1,4294967295,0,0
oInvCollPH,784,272,000E8ABB,0,1,1,4294967295,0,0
oInvCollPH,784,288,001539C0,0,1,1,4294967295,0,0
oInvCollPH,800,192,002A12F7,0,1,1,4294967295,0,0
oInvCollPH,816,192,003E743D,0,1,1,4294967295,0,0
oInvCollPH,832,192,0029B975,0,1,1,4294967295,0,0
oInvCollPH,848,192,00350DD9,0,1,1,4294967295,0,0
oInvCollPH,864,192,0022864B,0,1,1,4294967295,0,0
oInvCollPH,880,192,003BF7E1,0,1,1,4294967295,0,0
oInvCollPH,896,192,00319CAD,0,1,1,4294967295,0,0
oInvCollPH,912,192,0038EA12,0,1,1,4294967295,0,0
oInvCollPH,928,192,0019C71C,0,1,1,4294967295,0,0
oInvCollPH,1104,192,002EACD5,0,1,1,4294967295,0,0
oInvCollPH,1024,192,00188E3F,0,1,1,4294967295,0,0
oInvCollPH,1040,192,0022A9DC,0,1,1,4294967295,0,0
oInvCollPH,1056,192,0026292C,0,1,1,4294967295,0,0
oInvCollPH,1072,192,0036C94E,0,1,1,4294967295,0,0
oInvCollPH,1088,192,0023D2CC,0,1,1,4294967295,0,0
oInvCollPH,1008,192,003275B3,0,1,1,4294967295,0,0
oInvCollPH,992,192,003A3E2A,0,1,1,4294967295,0,0
oInvCollPH,976,192,00014002,0,1,1,4294967295,0,0
oInvCollPH,960,192,00168F29,0,1,1,4294967295,0,0
oInvCollPH,944,192,000D3F89,0,1,1,4294967295,0,0
oInvCollPH,1120,192,00260206,0,1,1,4294967295,0,0
oInvCollPH,1136,192,003B3571,0,1,1,4294967295,0,0
oInvCollPH,1152,192,0007EA2C,0,1,1,4294967295,0,0
oInvCollPH,1168,192,003464B4,0,1,1,4294967295,0,0
oInvCollPH,1184,192,00217079,0,1,1,4294967295,0,0
oInvCollPH,1328,288,002D3B81,0,1,1,4294967295,0,0
oInvCollPH,1312,288,001437BF,0,1,1,4294967295,0,0
oInvCollPH,1296,288,00070367,0,1,1,4294967295,0,0
oInvCollPH,1280,288,0019886D,0,1,1,4294967295,0,0
oInvCollPH,1264,288,002F0486,0,1,1,4294967295,0,0
oInvCollPH,1248,288,002D970A,0,1,1,4294967295,0,0
oInvCollPH,1232,288,0024C2DD,0,1,1,4294967295,0,0
oInvCollPH,1216,288,000D4EB5,0,1,1,4294967295,0,0
oInvCollPH,1200,288,0020B691,0,1,1,4294967295,0,0
oInvCollPH,1184,288,001F18F8,0,1,1,4294967295,0,0
oInvCollPH,1168,288,0006D47F,0,1,1,4294967295,0,0
oInvCollPH,1152,288,0014403D,0,1,1,4294967295,0,0
oInvCollPH,1136,288,0037E70C,0,1,1,4294967295,0,0
oInvCollPH,1120,288,0025DDF8,0,1,1,4294967295,0,0
oInvCollPH,1104,288,0008775D,0,1,1,4294967295,0,0
oInvCollPH,1088,288,003963DE,0,1,1,4294967295,0,0
oInvCollPH,1072,288,0032DD62,0,1,1,4294967295,0,0
oInvCollPH,1056,288,0010DEEF,0,1,1,4294967295,0,0
oInvCollPH,1040,288,0025F62D,0,1,1,4294967295,0,0
oInvCollPH,544,384,001CA4AB,0,1,1,4294967295,0,0
oInvCollPH,544,400,002E08A8,0,1,1,4294967295,0,0
oInvCollPH,560,368,00123577,0,1,1,4294967295,0,0
oInvCollPH,576,368,002869D5,0,1,1,4294967295,0,0
oInvCollPH,592,368,00161560,0,1,1,4294967295,0,0
oInvCollPH,592,400,00134404,0,1,1,4294967295,0,0
oInvCollPH,592,416,001D75A2,0,1,1,4294967295,0,0
oInvCollPH,592,432,002EEEF2,0,1,1,4294967295,0,0
oInvCollPH,592,448,002BFDAF,0,1,1,4294967295,0,0
oInvCollPH,592,464,002BE43A,0,1,1,4294967295,0,0
oInvCollPH,592,480,0014BE6E,0,1,1,4294967295,0,0
oInvCollPH,592,496,002455AE,0,1,1,4294967295,0,0
oInvCollPH,592,512,00113A89,0,1,1,4294967295,0,0
oInvCollPH,624,368,0036FBB1,0,1,1,4294967295,0,0
oInvCollPH,640,368,0021D089,0,1,1,4294967295,0,0
oInvCollPH,656,368,0028984E,0,1,1,4294967295,0,0
oInvCollPH,720,368,0025537E,0,1,1,4294967295,0,0
oInvCollPH,736,368,003FC412,0,1,1,4294967295,0,0
oInvCollPH,752,368,001A6A82,0,1,1,4294967295,0,0
oInvCollPH,768,368,002F89A9,0,1,1,4294967295,0,0
oInvCollPH,608,384,003AA3BF,0,1,1,4294967295,0,0
oInvCollPH,624,384,00151DC4,0,1,1,4294967295,0,0
oInvCollPH,640,384,0021E506,0,1,1,4294967295,0,0
oInvCollPH,656,384,0027930E,0,1,1,4294967295,0,0
oInvCollPH,672,384,002934A9,0,1,1,4294967295,0,0
oInvCollPH,688,384,001FBB87,0,1,1,4294967295,0,0
oInvCollPH,704,384,002B6031,0,1,1,4294967295,0,0
oInvCollPH,720,384,0037BAF4,0,1,1,4294967295,0,0
oInvCollPH,736,384,003FD9EA,0,1,1,4294967295,0,0
oInvCollPH,752,384,0017775A,0,1,1,4294967295,0,0
oInvCollPH,768,384,002F9B5E,0,1,1,4294967295,0,0
oInvCollPH,544,240,002275B1,0,1,1,4294967295,0,0
oInvCollPH,592,224,00012B2C,0,1,1,4294967295,0,0
oInvCollPH,592,272,00325F76,0,1,1,4294967295,0,0
oInvCollPH,592,288,0032F114,0,1,1,4294967295,0,0
oInvCollPH,576,288,0001B890,0,1,1,4294967295,0,0
oInvCollPH,560,288,0016C859,0,1,1,4294967295,0,0
oInvCollPH,544,288,00104E75,0,1,1,4294967295,0,0
oInvCollPH,416,288,000C9D6B,0,1,1,4294967295,0,0
oInvCollPH,432,288,00072CC9,0,1,1,4294967295,0,0
oInvCollPH,448,288,0033CBF8,0,1,1,4294967295,0,0
oInvCollPH,464,288,0028F240,0,1,1,4294967295,0,0
oInvCollPH,432,272,002DD3F4,0,1,1,4294967295,0,0
oInvCollPH,448,272,00225A2F,0,1,1,4294967295,0,0
oInvCollPH,464,272,0013F9FB,0,1,1,4294967295,0,0
oInvCollPH,480,272,0005B0A9,0,1,1,4294967295,0,0
oInvCollPH,496,272,001DB5CB,0,1,1,4294967295,0,0
oInvCollPH,480,288,0001FD04,0,1,1,4294967295,0,0
oInvCollPH,496,288,000049F1,0,1,1,4294967295,0,0
oInvCollPH,512,288,00373AF9,0,1,1,4294967295,0,0
oInvCollPH,528,288,00397292,0,1,1,4294967295,0,0
oInvCollPH,208,272,000BB9C6,0,1,1,4294967295,0,0
oInvCollPH,224,272,00202A5E,0,1,1,4294967295,0,0
oInvCollPH,240,272,000B7A75,0,1,1,4294967295,0,0
oInvCollPH,256,272,0036108C,0,1,1,4294967295,0,0
oInvCollPH,272,272,003AB8BC,0,1,1,4294967295,0,0
oInvCollPH,288,272,00156C1D,0,1,1,4294967295,0,0
oInvCollPH,304,272,0010B1D3,0,1,1,4294967295,0,0
oInvCollPH,320,272,003F2309,0,1,1,4294967295,0,0
oInvCollPH,336,272,000367EF,0,1,1,4294967295,0,0
oInvCollPH,352,272,003F3A6C,0,1,1,4294967295,0,0
oInvCollPH,368,272,000CB7FF,0,1,1,4294967295,0,0
oInvCollPH,384,272,002D9150,0,1,1,4294967295,0,0
oInvCollPH,400,272,00391D7F,0,1,1,4294967295,0,0
oInvCollPH,192,288,00124A1F,0,1,1,4294967295,0,0
oInvCollPH,192,304,0038895B,0,1,1,4294967295,0,0
oInvCollPH,208,304,00342035,0,1,1,4294967295,0,0
oInvCollPH,240,304,003A2E20,0,1,1,4294967295,0,0
oInvCollPH,256,304,0005C919,0,1,1,4294967295,0,0
oInvCollPH,272,304,001E5B72,0,1,1,4294967295,0,0
oInvCollPH,288,304,001745D3,0,1,1,4294967295,0,0
oInvCollPH,304,304,0019D5D2,0,1,1,4294967295,0,0
oInvCollPH,320,304,00132CDB,0,1,1,4294967295,0,0
oInvCollPH,336,304,000EA3F7,0,1,1,4294967295,0,0
oInvCollPH,352,304,000B2421,0,1,1,4294967295,0,0
oInvCollPH,368,304,003CD815,0,1,1,4294967295,0,0
oInvCollPH,384,304,0003D412,0,1,1,4294967295,0,0
oInvCollPH,224,304,000D5D5F,0,1,1,4294967295,0,0
oInvCollPH,400,304,00375168,0,1,1,4294967295,0,0
oInvCollPH,208,80,0039DE1E,0,1,1,4294967295,0,0
oInvCollPH,208,96,0015D96D,0,1,1,4294967295,0,0
oInvCollPH,208,112,0032FA06,0,1,1,4294967295,0,0
oInvCollPH,224,112,0034EA5D,0,1,1,4294967295,0,0
oInvCollPH,240,112,00201215,0,1,1,4294967295,0,0
oInvCollPH,256,112,0010F866,0,1,1,4294967295,0,0
oInvCollPH,256,96,000540C3,0,1,1,4294967295,0,0
oInvCollPH,256,80,002BC32F,0,1,1,4294967295,0,0
oInvCollPH,256,64,000E6950,0,1,1,4294967295,0,0
oInvCollPH,96,48,003A5826,0,1,1,4294967295,0,0
oInvCollPH,112,48,0022D0B5,0,1,1,4294967295,0,0
oInvCollPH,128,48,003E0508,0,1,1,4294967295,0,0
oInvCollPH,144,48,001CD9E7,0,1,1,4294967295,0,0
oInvCollPH,160,48,001DBBE8,0,1,1,4294967295,0,0
oInvCollPH,176,48,002177B3,0,1,1,4294967295,0,0
oInvCollPH,192,48,00073139,0,1,1,4294967295,0,0
oInvCollPH,272,48,0025FD13,0,1,1,4294967295,0,0
oInvCollPH,288,48,003CBEE1,0,1,1,4294967295,0,0
oInvCollPH,304,48,001EB7FD,0,1,1,4294967295,0,0
oInvCollPH,704,48,00039515,0,1,1,4294967295,0,0
oInvCollPH,688,48,0010D06E,0,1,1,4294967295,0,0
oInvCollPH,672,48,0037F21D,0,1,1,4294967295,0,0
oInvCollPH,656,48,0002CC78,0,1,1,4294967295,0,0
oInvCollPH,640,48,003E03B1,0,1,1,4294967295,0,0
oInvCollPH,624,48,0008F3AF,0,1,1,4294967295,0,0
oInvCollPH,608,48,00245453,0,1,1,4294967295,0,0
oInvCollPH,592,48,001130DD,0,1,1,4294967295,0,0
oInvCollPH,576,48,003B41F2,0,1,1,4294967295,0,0
oInvCollPH,560,48,0023D257,0,1,1,4294967295,0,0
oInvCollPH,544,48,0002844C,0,1,1,4294967295,0,0
oInvCollPH,528,48,002AC4FD,0,1,1,4294967295,0,0
oInvCollPH,384,48,00262843,0,1,1,4294967295,0,0
oInvCollPH,320,48,0002598E,0,1,1,4294967295,0,0
oInvCollPH,336,48,0025CEDC,0,1,1,4294967295,0,0
oInvCollPH,352,48,003B4DDF,0,1,1,4294967295,0,0
oInvCollPH,368,48,000BEB52,0,1,1,4294967295,0,0
oInvCollPH,448,48,00100AF8,0,1,1,4294967295,0,0
oInvCollPH,432,48,002369A4,0,1,1,4294967295,0,0
oInvCollPH,416,48,001766C5,0,1,1,4294967295,0,0
oInvCollPH,400,48,000EC790,0,1,1,4294967295,0,0
oInvCollPH,480,784,000996D3,0,1,1,4294967295,0,0
oInvCollPH,496,784,00393E3C,0,1,1,4294967295,0,0
oInvCollPH,512,784,00236248,0,1,1,4294967295,0,0
oInvCollPH,528,784,000052CC,0,1,1,4294967295,0,0
oInvCollPH,544,784,000FDDA8,0,1,1,4294967295,0,0
oInvCollPH,576,720,0021A651,0,1,1,4294967295,0,0
oInvCollPH,592,720,002732AC,0,1,1,4294967295,0,0
oInvCollPH,608,720,00286D12,0,1,1,4294967295,0,0
oInvCollPH,624,720,0011A7B2,0,1,1,4294967295,0,0
oInvCollPH,560,736,0024772A,0,1,1,4294967295,0,0
oInvCollPH,560,752,000A82A5,0,1,1,4294967295,0,0
oInvCollPH,560,768,00084223,0,1,1,4294967295,0,0
oInvCollPH,368,720,002E0191,0,1,1,4294967295,0,0
oInvCollPH,368,736,003BB81A,0,1,1,4294967295,0,0
oInvCollPH,368,752,003D8137,0,1,1,4294967295,0,0
oInvCollPH,368,768,0001D4D1,0,1,1,4294967295,0,0
oInvCollPH,368,784,003C356E,0,1,1,4294967295,0,0
oInvCollPH,368,800,003A4899,0,1,1,4294967295,0,0
oInvCollPH,384,704,002384A0,0,1,1,4294967295,0,0
oInvCollPH,400,704,001094D6,0,1,1,4294967295,0,0
oInvCollPH,416,704,003A553F,0,1,1,4294967295,0,0
oInvCollPH,432,704,002E995B,0,1,1,4294967295,0,0
oInvCollPH,448,704,002CD925,0,1,1,4294967295,0,0
oInvCollPH,448,720,001B0CF3,0,1,1,4294967295,0,0
oInvCollPH,448,736,002FB8E6,0,1,1,4294967295,0,0
oInvCollPH,448,752,000B65FF,0,1,1,4294967295,0,0
oInvCollPH,448,768,000E4B00,0,1,1,4294967295,0,0
oInvCollPH,256,720,002EC8B6,0,1,1,4294967295,0,0
oInvCollPH,256,736,00232229,0,1,1,4294967295,0,0
oInvCollPH,256,752,00333BAB,0,1,1,4294967295,0,0
oInvCollPH,256,768,00254A8A,0,1,1,4294967295,0,0
oInvCollPH,256,784,0008C221,0,1,1,4294967295,0,0
oInvCollPH,256,800,0013739A,0,1,1,4294967295,0,0
oInvCollPH,272,704,000EA079,0,1,1,4294967295,0,0
oInvCollPH,288,704,00190BF5,0,1,1,4294967295,0,0
oInvCollPH,288,720,001FCDCE,0,1,1,4294967295,0,0
oInvCollPH,288,736,003240E1,0,1,1,4294967295,0,0
oInvCollPH,288,752,0025AF96,0,1,1,4294967295,0,0
oInvCollPH,288,768,002F8DE2,0,1,1,4294967295,0,0
oInvCollPH,288,784,002DE2DE,0,1,1,4294967295,0,0
oInvCollPH,288,800,0039B62D,0,1,1,4294967295,0,0
oInvCollPH,144,800,0002CF04,0,1,1,4294967295,0,0
oInvCollPH,144,784,001C5330,0,1,1,4294967295,0,0
oInvCollPH,144,768,002CFF2A,0,1,1,4294967295,0,0
oInvCollPH,144,752,001383BF,0,1,1,4294967295,0,0
oInvCollPH,144,736,0031C8EF,0,1,1,4294967295,0,0
oInvCollPH,144,720,000F6FCF,0,1,1,4294967295,0,0
oInvCollPH,144,704,0026CC06,0,1,1,4294967295,0,0
oInvCollPH,160,688,000FC26A,0,1,1,4294967295,0,0
oInvCollPH,176,688,00047492,0,1,1,4294967295,0,0
oInvCollPH,176,704,003F7BF6,0,1,1,4294967295,0,0
oInvCollPH,176,720,0019DC7A,0,1,1,4294967295,0,0
oInvCollPH,176,736,000122BF,0,1,1,4294967295,0,0
oInvCollPH,176,752,000BCF28,0,1,1,4294967295,0,0
oInvCollPH,176,768,002748BF,0,1,1,4294967295,0,0
oInvCollPH,176,784,002F66AC,0,1,1,4294967295,0,0
oInvCollPH,176,800,00254E6F,0,1,1,4294967295,0,0
oInvCollPH,32,800,001BCC27,0,1,1,4294967295,0,0
oInvCollPH,32,784,0001AABA,0,1,1,4294967295,0,0
oInvCollPH,32,768,00295018,0,1,1,4294967295,0,0
oInvCollPH,32,752,000916C0,0,1,1,4294967295,0,0
oInvCollPH,32,736,00336F1C,0,1,1,4294967295,0,0
oInvCollPH,32,720,00283914,0,1,1,4294967295,0,0
oInvCollPH,32,704,000C2A24,0,1,1,4294967295,0,0
oInvCollPH,32,688,00146924,0,1,1,4294967295,0,0
oInvCollPH,32,672,001B8631,0,1,1,4294967295,0,0
oInvCollPH,48,656,0009E89D,0,1,1,4294967295,0,0
oInvCollPH,64,656,0001E071,0,1,1,4294967295,0,0
oInvCollPH,64,672,0032DB32,0,1,1,4294967295,0,0
oInvCollPH,64,688,0025B63A,0,1,1,4294967295,0,0
oInvCollPH,64,720,000029F9,0,1,1,4294967295,0,0
oInvCollPH,64,736,0004B90A,0,1,1,4294967295,0,0
oInvCollPH,64,752,0028E4B0,0,1,1,4294967295,0,0
oInvCollPH,64,768,003FB9AD,0,1,1,4294967295,0,0
oInvCollPH,64,784,000EE7B8,0,1,1,4294967295,0,0
oInvCollPH,64,800,0032A04E,0,1,1,4294967295,0,0
oInvCollPH,64,704,002F37D4,0,1,1,4294967295,0,0
oInvCollPH,544,480,0024EEE8,0,1,1,4294967295,0,0
oInvCollPH,544,496,003795FB,0,1,1,4294967295,0,0
oInvCollPH,544,512,0035FF57,0,1,1,4294967295,0,0
oInvCollPH,544,544,003D720F,0,1,1,4294967295,0,0
oInvCollPH,560,544,00047871,0,1,1,4294967295,0,0
oInvCollPH,576,544,000FBFDE,0,1,1,4294967295,0,0
oInvCollPH,592,544,0005A100,0,1,1,4294967295,0,0
oInvCollPH,608,544,00015D4D,0,1,1,4294967295,0,0
oInvCollPH,624,544,00012522,0,1,1,4294967295,0,0
oInvCollPH,640,544,0020E2D7,0,1,1,4294967295,0,0
oInvCollPH,656,544,000878C8,0,1,1,4294967295,0,0
oInvCollPH,672,544,000E5D58,0,1,1,4294967295,0,0
oInvCollPH,688,544,0003C435,0,1,1,4294967295,0,0
oInvCollPH,976,544,001F13B0,0,1,1,4294967295,0,0
oInvCollPH,960,544,003BDEF9,0,1,1,4294967295,0,0
oInvCollPH,944,544,001B64F4,0,1,1,4294967295,0,0
oInvCollPH,928,544,002734C9,0,1,1,4294967295,0,0
oInvCollPH,912,544,00204CAD,0,1,1,4294967295,0,0
oInvCollPH,896,544,000D24CB,0,1,1,4294967295,0,0
oInvCollPH,880,544,0000CBF1,0,1,1,4294967295,0,0
oInvCollPH,864,544,001354CA,0,1,1,4294967295,0,0
oInvCollPH,848,544,0002045F,0,1,1,4294967295,0,0
oInvCollPH,832,544,0026E5E2,0,1,1,4294967295,0,0
oInvCollPH,768,544,002D5CB8,0,1,1,4294967295,0,0
oInvCollPH,752,544,00310F83,0,1,1,4294967295,0,0
oInvCollPH,736,544,00036CA1,0,1,1,4294967295,0,0
oInvCollPH,720,544,003A6F69,0,1,1,4294967295,0,0
oInvCollPH,704,544,001BF77F,0,1,1,4294967295,0,0
oInvCollPH,816,544,00297758,0,1,1,4294967295,0,0
oInvCollPH,800,544,0024A247,0,1,1,4294967295,0,0
oInvCollPH,784,544,002C7E78,0,1,1,4294967295,0,0
oInvCollPH,960,528,002ACAC8,0,1,1,4294967295,0,0
oInvCollPH,944,528,003D1BAF,0,1,1,4294967295,0,0
oInvCollPH,928,528,000F3859,0,1,1,4294967295,0,0
oInvCollPH,912,528,0037C1DE,0,1,1,4294967295,0,0
oInvCollPH,896,528,00048BA5,0,1,1,4294967295,0,0
oInvCollPH,880,528,001FA712,0,1,1,4294967295,0,0
oInvCollPH,864,528,0029C204,0,1,1,4294967295,0,0
oInvCollPH,848,528,0002BD56,0,1,1,4294967295,0,0
oInvCollPH,832,528,000712A1,0,1,1,4294967295,0,0
oInvCollPH,816,528,00232FB7,0,1,1,4294967295,0,0
oInvCollPH,800,528,001B68D1,0,1,1,4294967295,0,0
oInvCollPH,784,528,001F3B9B,0,1,1,4294967295,0,0
oInvCollPH,768,528,0017EC4F,0,1,1,4294967295,0,0
oInvCollPH,752,528,00155AD6,0,1,1,4294967295,0,0
oInvCollPH,736,528,003CDB65,0,1,1,4294967295,0,0
oInvCollPH,720,528,000CA3FD,0,1,1,4294967295,0,0
oInvCollPH,704,528,000720D7,0,1,1,4294967295,0,0
oInvCollPH,688,528,00098E54,0,1,1,4294967295,0,0
oInvCollPH,672,528,0028C60F,0,1,1,4294967295,0,0
oInvCollPH,656,528,0027AC6C,0,1,1,4294967295,0,0
oInvCollPH,640,528,003A564B,0,1,1,4294967295,0,0
oInvCollPH,624,528,0020520D,0,1,1,4294967295,0,0
oInvCollPH,608,528,0031423C,0,1,1,4294967295,0,0
oInvCollPH,528,464,0027B545,0,1,1,4294967295,0,0
oInvCollPH,512,464,00123DC9,0,1,1,4294967295,0,0
oInvCollPH,496,464,0026F75D,0,1,1,4294967295,0,0
oInvCollPH,480,464,000AB910,0,1,1,4294967295,0,0
oInvCollPH,464,464,0039E007,0,1,1,4294967295,0,0
oInvCollPH,448,464,001A4AAD,0,1,1,4294967295,0,0
oInvCollPH,432,464,001689B5,0,1,1,4294967295,0,0
oInvCollPH,416,464,00113D37,0,1,1,4294967295,0,0
oInvCollPH,400,464,000FAD22,0,1,1,4294967295,0,0
oInvCollPH,384,464,0000C5BC,0,1,1,4294967295,0,0
oInvCollPH,96,464,00138146,0,1,1,4294967295,0,0
oInvCollPH,112,464,0011AF3E,0,1,1,4294967295,0,0
oInvCollPH,128,464,0010CC04,0,1,1,4294967295,0,0
oInvCollPH,144,464,00370451,0,1,1,4294967295,0,0
oInvCollPH,160,464,002170DD,0,1,1,4294967295,0,0
oInvCollPH,176,464,001AB59A,0,1,1,4294967295,0,0
oInvCollPH,192,464,00260D6D,0,1,1,4294967295,0,0
oInvCollPH,208,464,0018D052,0,1,1,4294967295,0,0
oInvCollPH,224,464,000E41C2,0,1,1,4294967295,0,0
oInvCollPH,240,464,0020F550,0,1,1,4294967295,0,0
oInvCollPH,256,464,002CFF5C,0,1,1,4294967295,0,0
oInvCollPH,272,464,001A5D6C,0,1,1,4294967295,0,0
oInvCollPH,288,464,0028A227,0,1,1,4294967295,0,0
oInvCollPH,304,464,00175C0A,0,1,1,4294967295,0,0
oInvCollPH,320,464,002D135B,0,1,1,4294967295,0,0
oInvCollPH,336,464,003B2532,0,1,1,4294967295,0,0
oInvCollPH,352,464,0021B8DF,0,1,1,4294967295,0,0
oInvCollPH,368,464,002A20E9,0,1,1,4294967295,0,0
oInvCollPH,80,64,00393791,0,1,1,4294967295,0,0
oInvCollPH,80,80,001AA538,0,1,1,4294967295,0,0
oInvCollPH,80,96,00118AC8,0,1,1,4294967295,0,0
oInvCollPH,80,112,001A5C22,0,1,1,4294967295,0,0
oInvCollPH,80,128,003924C5,0,1,1,4294967295,0,0
oInvCollPH,80,144,001553E3,0,1,1,4294967295,0,0
oInvCollPH,80,160,001D299B,0,1,1,4294967295,0,0
oInvCollPH,80,176,000BCB82,0,1,1,4294967295,0,0
oInvCollPH,80,192,0025FCFA,0,1,1,4294967295,0,0
oInvCollPH,80,208,001D1DD9,0,1,1,4294967295,0,0
oInvCollPH,80,528,001327EB,0,1,1,4294967295,0,0
oInvCollPH,80,512,0020D1E0,0,1,1,4294967295,0,0
oInvCollPH,80,496,001481D1,0,1,1,4294967295,0,0
oInvCollPH,80,480,0018A738,0,1,1,4294967295,0,0
oInvCollPH,80,304,0022983C,0,1,1,4294967295,0,0
oInvCollPH,80,288,001504FF,0,1,1,4294967295,0,0
oInvCollPH,80,336,003812E0,0,1,1,4294967295,0,0
oInvCollPH,80,352,001E7493,0,1,1,4294967295,0,0
oInvCollPH,80,368,001CBBBE,0,1,1,4294967295,0,0
oInvCollPH,80,272,0016AF1E,0,1,1,4294967295,0,0
oInvCollPH,80,256,00189752,0,1,1,4294967295,0,0
oInvCollPH,80,240,003297FD,0,1,1,4294967295,0,0
oInvCollPH,80,224,000778A8,0,1,1,4294967295,0,0
oInvCollPH,64,528,002B407D,0,1,1,4294967295,0,0
oInvCollPH,48,528,0009BB63,0,1,1,4294967295,0,0
oInvCollPH,32,528,003EAF15,0,1,1,4294967295,0,0
oInvCollPH,16,528,00116FEE,0,1,1,4294967295,0,0
oInvCollPH,0,528,0040110B,0,1,1,4294967295,0,0
oInvCollPFH,1424,208,00394DE4,0,1,1,4294967295,0,0
oInvCollPFH,1440,208,000AF24D,0,1,1,4294967295,0,0
oInvCollPFH,1456,208,000AD989,0,1,1,4294967295,0,0
oInvCollSM,1536,272,0015882C,0,1,1,4294967295,0,0
oInvCollSM,1552,272,0002BAD5,0,1,1,4294967295,0,0
oInvCollSM,1568,272,0010462F,0,1,1,4294967295,0,0
oInvCollSM,1808,480,00180E96,0,1,1,4294967295,0,0
oInvCollPFH,1424,704,0004C825,0,1,1,4294967295,0,0
oInvCollPFH,1440,704,00056A57,0,1,1,4294967295,0,0
oInvCollPFH,1456,704,0006D667,0,1,1,4294967295,0,0
oInvCollSH,1432,456,001DF7C1,0,1,1,4294967295,0,0
oInvCollSH,1448,456,002C2136,0,1,1,4294967295,0,0
oInvCollSH,1432,520,0001390F,0,1,1,4294967295,0,0
oInvCollSH,1448,520,002DCA3B,0,1,1,4294967295,0,0
oInvCollSH,1408,480,003DFA7C,0,1,1,4294967295,0,0
oInvCollSH,1424,480,001C8ECB,0,1,1,4294967295,0,0
oInvCollSH,1440,480,000D38D6,0,1,1,4294967295,0,0
oInvCollSH,1456,480,0001BF50,0,1,1,4294967295,0,0
oInvCollSH,1472,480,002A1A70,0,1,1,4294967295,0,0
oInvCollPH,1456,592,00391A88,0,1,1,4294967295,0,0
oEnemySpawnZone,1296,720,000F58A4,0,1,1,4294967295,0,1
oEnemySpawnZone,1120,576,002E3DB8,0,1,1,4294967295,0,1
oInvisibleSolid,1584,176,0004807D,0,1,1,4294967295,0,1
oInvisibleSolid,1728,416,001542B8,0,1,1,4294967295,0,1
oInvisibleSolid,1736,400,00115CDC,0,1,1,4294967295,0,1
oInvisibleLupSlope,1744,192,003939AF,0,1,1,4294967295,0,0
oInvisibleLupSlope,1760,208,002540E2,0,1,1,4294967295,0,0
oInvisibleLupSlope,1776,224,00050E7B,0,1,1,4294967295,0,0
oInvisibleLupSlope,1792,240,0028D8A5,0,1,1,4294967295,0,0
oInvisibleLupSlope,1808,256,003E1531,0,1,1,4294967295,0,0
oInvisibleLupSlope,1824,272,003395DE,0,1,1,4294967295,0,0
oInvisibleRupSlope,976,512,001B20D6,0,1,1,4294967295,0,0
oInvisibleRupSlope,992,496,0020C402,0,1,1,4294967295,0,0
oInvisibleRupSlope,1008,480,000CB65D,0,1,1,4294967295,0,0
oInvisibleRupSlope,1024,464,00288E82,0,1,1,4294967295,0,0
oInvisibleRupSlope,1040,448,002F7B3A,0,1,1,4294967295,0,0
oInvisibleRupSlope,1056,432,0007C17C,0,1,1,4294967295,0,0
oInvisibleRupSlope,1072,416,000AC5A4,0,1,1,4294967295,0,0
oInvisibleRupSlope,1088,400,003C48C3,0,1,1,4294967295,0,0
oInvisibleRupSlope,1104,384,003E7268,0,1,1,4294967295,0,0
oInvisibleRupSlope,1120,368,0034DA6A,0,1,1,4294967295,0,0
oInvisibleLCeilingSlope,992,512,00261422,0,1,1,4294967295,0,0
oInvisibleLCeilingSlope,1008,496,003308F1,0,1,1,4294967295,0,0
oInvisibleLCeilingSlope,1024,480,0029C34E,0,1,1,4294967295,0,0
oInvisibleLCeilingSlope,1040,464,00391864,0,1,1,4294967295,0,0
oInvisibleLCeilingSlope,1056,448,002EE34B,0,1,1,4294967295,0,0
oInvisibleLCeilingSlope,1072,432,002B8ED7,0,1,1,4294967295,0,0
oInvisibleLCeilingSlope,1088,416,00384C6F,0,1,1,4294967295,0,0
oInvisibleLCeilingSlope,1104,400,0008A7A0,0,1,1,4294967295,0,0
oInvisibleLCeilingSlope,1120,384,003B870A,0,1,1,4294967295,0,0
oInvisibleRCeilingSlope,1744,208,001A80DB,0,1,1,4294967295,0,0
oInvisibleRCeilingSlope,1760,224,003D16F0,0,1,1,4294967295,0,0
oInvisibleRCeilingSlope,1776,240,002EF817,0,1,1,4294967295,0,0
oInvisibleRCeilingSlope,1792,256,000734F8,0,1,1,4294967295,0,0
oInvisibleRCeilingSlope,1808,272,0034713E,0,1,1,4294967295,0,0
oInvisibleSolid,1712,192,0023BE2F,0,1,1,4294967295,0,1
oInvisibleSolid,1824,288,0033EA58,0,1,1,4294967295,0,1
oInvisibleSolid,1952,288,001218AB,0,1,1,4294967295,0,1
oInvisibleSolid,1968,0,0013090B,0,1,1,4294967295,0,1
oInvisibleSolid,1648,0,002B4C65,0,1,1,4294967295,0,1
oInvisibleSolid,1584,0,002E97BD,0,1,1,4294967295,0,1
oInvisibleSolid,1648,32,0010B7E7,0,1,1,4294967295,0,1
oInvisibleSolid,2016,304,00386720,0,1,1,4294967295,0,1
oInvisibleSolid,1984,528,000694B2,0,1,1,4294967295,0,1
oInvisibleSolid,1952,592,0013AF77,0,1,1,4294967295,0,1
oInvisibleSolid,1936,656,00192F61,0,1,1,4294967295,0,1
oInvisibleSolid,1920,720,0006301C,0,1,1,4294967295,0,0
oInvisibleSolid,1824,688,003EFA22,0,1,1,4294967295,0,0
oInvisibleSolid,1744,752,0015F752,0,1,1,4294967295,0,1
oInvisibleSolid,1728,768,0034AFA6,0,1,1,4294967295,0,1
oInvisibleSolid,1360,400,002189D6,0,1,1,4294967295,0,1
oInvisibleSolid,1296,368,002D9F0E,0,1,1,4294967295,0,1
oInvisibleSolid,1136,368,003736A7,0,1,1,4294967295,0,1
oInvisibleSolid,1168,368,0000ED7C,0,1,1,4294967295,0,1
oInvisibleSolid,1360,192,0039F055,0,1,1,4294967295,0,1
oInvisibleSolid,1472,192,001CC019,0,1,1,4294967295,0,1
oInvisibleSolid,1520,192,00338EF8,0,1,1,4294967295,0,1
oInvisibleSolid,1648,192,0012FD26,0,1,1,4294967295,0,1
oInvisibleSolid,1408,272,0024D622,0,1,1,4294967295,0,1
oInvisibleSolid,1488,336,0015FDE6,0,1,1,4294967295,0,1
oInvisibleSolid,1520,304,003E42F4,0,1,1,4294967295,0,1
oInvisibleSolid,1648,368,00295116,0,1,1,4294967295,0,1
oInvisibleSolid,1584,576,0009CD28,0,1,1,4294967295,0,1
oInvisibleSolid,1520,720,00331E2A,0,1,1,4294967295,0,1
oInvisibleSolid,1648,560,002ECE3E,0,1,1,4294967295,0,1
oInvisibleSolid,1824,304,001ED815,0,1,1,4294967295,0,1
oInvisibleSolid,1792,368,00187F29,0,1,1,4294967295,0,1
oInvisibleSolid,1792,400,0018EE37,0,1,1,4294967295,0,1
oInvisibleSolid,1888,464,0006CDC6,0,1,1,4294967295,0,1
oInvisibleSolid,1792,512,0011C783,0,1,1,4294967295,0,1
oInvisibleRCeilingSlope,1904,480,00053622,0,1,1,4294967295,0,0
oInvisibleLCeilingSlope,1920,480,001609CF,0,1,1,4294967295,0,0
oInvisibleSolid,1712,432,0021D822,0,1,1,4294967295,0,1
oInvisiblePlatform,1408,208,001D7C22,0,1,1,4294967295,0,1
oInvisibleSolidMorph,1520,272,002908A8,0,1,1,4294967295,0,1
oInvisibleSolidMorph,1792,480,00285AC5,0,1,1,4294967295,0,1
oInvisibleSolid,1408,768,00314E68,0,1,1,4294967295,0,1
oInvisiblePlatform,1408,704,0016EDC4,0,1,1,4294967295,0,1
oInvisibleSlimSolid,1416,456,002C17C6,0,1,1,4294967295,0,1
oInvisibleRCeilingSlope,1424,464,0003C771,0,1,1,4294967295,0,0
oInvisibleLCeilingSlope,1440,464,003ABAD8,0,1,1,4294967295,0,0
oInvisibleSlimSolid,1392,480,000B8BC4,0,1,1,4294967295,0,1
oInvisibleSlimSolid,1416,520,003A727C,0,1,1,4294967295,0,1
oInvisibleSolid,1360,544,0000F3F6,0,1,1,4294967295,0,0
oInvisibleSolid,1360,640,0017D524,0,1,1,4294967295,0,0
oInvisibleSolid,1504,544,000FE4FD,0,1,1,4294967295,0,0
oInvisibleSolid,1504,640,00095916,0,1,1,4294967295,0,0
oInvisibleSolid,1428,488,0027F7B1,0,1,1,4294967295,0,1
oInvisibleSolid,1408,592,000E0E71,0,1,1,4294967295,0,1
oInvisibleSolid,1600,544,003E150D,0,1,1,4294967295,0,1
oInvisibleSolid,1072,784,000CC162,0,1,1,4294967295,0,1
oInvisibleSolid,1840,560,0021233E,0,1,1,4294967295,0,1
oInvisibleLCeilingSlope,880,448,001DFF6B,0,1,1,4294967295,0,0
oInvisibleLCeilingSlope,896,432,00120CBC,0,1,1,4294967295,0,0
oInvisibleLCeilingSlope,912,416,0002B219,0,1,1,4294967295,0,0
oInvisibleLCeilingSlope,928,400,0022F0D6,0,1,1,4294967295,0,0
oInvisibleLCeilingSlope,944,384,00402F10,0,1,1,4294967295,0,0
oInvisibleLCeilingSlope,960,368,002610B4,0,1,1,4294967295,0,0
oInvisibleLCeilingSlope,976,352,00155156,0,1,1,4294967295,0,0
oInvisibleLCeilingSlope,992,336,0000EE6E,0,1,1,4294967295,0,0
oInvisibleLCeilingSlope,1008,320,00108765,0,1,1,4294967295,0,0
oInvisibleLCeilingSlope,1024,304,00177F25,0,1,1,4294967295,0,0
oInvisibleRupSlope,688,656,0019A81A,0,1,1,4294967295,0,0
oInvisibleRupSlope,672,672,0016CADD,0,1,1,4294967295,0,0
oInvisibleRupSlope,656,688,003E1293,0,1,1,4294967295,0,0
oInvisibleRupSlope,640,704,003B65A9,0,1,1,4294967295,0,0
oInvisibleLCeilingSlope,656,704,0009954A,0,1,1,4294967295,0,0
oInvisibleLupSlope,960,656,001212D7,0,1,1,4294967295,0,0
oInvisibleLupSlope,976,672,001BB6CF,0,1,1,4294967295,0,0
oInvisibleLupSlope,992,688,0009FD21,0,1,1,4294967295,0,0
oInvisibleLupSlope,1008,704,00222A8C,0,1,1,4294967295,0,0
oInvisibleLupSlope,1024,720,0036C1E4,0,1,1,4294967295,0,0
oInvisibleLupSlope,1040,736,000EAF94,0,1,1,4294967295,0,0
oInvisibleLupSlope,1056,752,00079A01,0,1,1,4294967295,0,0
oInvisibleLupSlope,1072,768,0020DE07,0,1,1,4294967295,0,0
oInvisibleRCeilingSlope,992,704,00403943,0,1,1,4294967295,0,0
oInvisibleRCeilingSlope,1040,752,0013FA69,0,1,1,4294967295,0,0
oInvisibleRCeilingSlope,1056,768,00324A8E,0,1,1,4294967295,0,0
oInvisibleSolid,704,656,002D6A34,0,1,1,4294967295,0,1
oInvisibleSolid,720,688,001A5556,0,1,1,4294967295,0,1
oInvisibleSolid,784,688,00363D60,0,1,1,4294967295,0,1
oInvisibleSolid,848,688,0018DF8B,0,1,1,4294967295,0,1
oInvisibleSolid,912,688,00078E66,0,1,1,4294967295,0,1
oInvisibleSolid,688,672,00372436,0,1,1,4294967295,0,0
oInvisibleSolid,672,688,0013F23B,0,1,1,4294967295,0,1
oInvisibleSolid,960,672,0009BCF5,0,1,1,4294967295,0,0
oInvisibleSolid,960,688,0027CBCB,0,1,1,4294967295,0,1
oInvisibleSolid,1008,720,0016A91E,0,1,1,4294967295,0,0
oInvisibleSolid,1008,736,002BDC2A,0,1,1,4294967295,0,1
oInvisibleSolid,992,544,0014CDAA,0,1,1,4294967295,0,1
oInvisibleSolid,1120,528,0008C747,0,1,1,4294967295,0,1
oInvisibleSolid,1152,560,002D7212,0,1,1,4294967295,0,1
oInvisibleSolid,1184,592,002D7988,0,1,1,4294967295,0,1
oInvisibleSolid,1216,624,00334ED0,0,1,1,4294967295,0,1
oInvisibleSolid,1216,640,002BA448,0,1,1,4294967295,0,1
oInvisibleSolid,1552,48,00191E71,0,1,1,4294967295,0,1
oInvisibleSolid,784,304,0026F797,0,1,1,4294967295,0,1
oInvisibleSolid,784,320,0032E77F,0,1,1,4294967295,0,1
oInvisibleSolid,784,336,0029C89D,0,1,1,4294967295,0,1
oInvisibleSolid,784,352,0031B58F,0,1,1,4294967295,0,1
oInvisibleSolid,784,368,002EC520,0,1,1,4294967295,0,1
oInvisibleSolid,784,384,0013D0C6,0,1,1,4294967295,0,1
oInvisibleSolid,784,400,0007109F,0,1,1,4294967295,0,1
oInvisibleSolid,784,416,00079F2F,0,1,1,4294967295,0,1
oInvisibleSolid,784,432,003DAB28,0,1,1,4294967295,0,1
oInvisibleSolid,784,448,001835CF,0,1,1,4294967295,0,1
oInvisibleSolid,784,192,003A63C5,0,1,1,4294967295,0,1
oInvisibleSolid,784,0,003C69C4,0,1,1,4294967295,0,1
oInvisibleSolid,0,0,003C6F2C,0,1,1,4294967295,0,1
oInvisibleSolid,0,64,00134D97,0,1,1,4294967295,0,1
oInvisibleSolid,208,64,00376E39,0,1,1,4294967295,0,1
oInvisibleSolid,464,64,0024EDC4,0,1,1,4294967295,0,1
oInvisibleSolid,720,64,0017CC61,0,1,1,4294967295,0,1
oInvisibleSolid,688,192,00198E6F,0,1,1,4294967295,0,1
oInvisibleSolid,560,192,0019A819,0,1,1,4294967295,0,1
oInvisibleSolid,608,224,0005A2F2,0,1,1,4294967295,0,1
oInvisibleSolid,672,352,003E32F4,0,1,1,4294967295,0,1
oInvisibleSolid,608,368,003E630D,0,1,1,4294967295,0,1
oInvisibleSolid,544,368,0015B161,0,1,1,4294967295,0,1
oInvisibleSolid,544,224,00379311,0,1,1,4294967295,0,1
oInvisibleSolid,512,256,0037B97E,0,1,1,4294967295,0,1
oInvisibleSolid,416,272,001F3720,0,1,1,4294967295,0,1
oInvisibleSolid,192,272,002EC9CB,0,1,1,4294967295,0,1
oInvisibleSolid,96,320,00202A45,0,1,1,4294967295,0,0
oInvisibleSolid,96,384,00209617,0,1,1,4294967295,0,1
oInvisibleSolid,96,416,000CE1FF,0,1,1,4294967295,0,1
oInvisibleSolid,480,416,003B70FA,0,1,1,4294967295,0,1
oInvisibleSolid,96,448,00367EF4,0,1,1,4294967295,0,1
oInvisibleSolid,32,656,00139A9C,0,1,1,4294967295,0,1
oInvisibleSolid,144,688,002E5EE3,0,1,1,4294967295,0,1
oInvisibleSolid,256,704,00140575,0,1,1,4294967295,0,1
oInvisibleSolid,368,704,001541C8,0,1,1,4294967295,0,1
oInvisibleSolid,560,720,002AA82D,0,1,1,4294967295,0,1
oInvisibleSolid,464,784,000E8C79,0,1,1,4294967295,0,1
oInvisibleSolid,544,528,001692AB,0,1,1,4294967295,0,1
