oExit,40,480,002D8DEC,0,1,1,4294967295,0,1
oSwitchPanelColor,1744,560,0031E9B2,0,1,1,4294967295,0,1
oSwitchPanelColor,1952,560,001E6E65,0,1,1,4294967295,0,1
oSignPost,2784,384,0025F63C,0,1,1,4294967295,0,1
oExit,3000,224,0025A384,0,1,1,4294967295,0,1
oSignPost,496,512,000C3D03,0,1,1,4294967295,0,1
oMovingPlatform,928,176,0025C75D,0,1,1,4294967295,0,1
oMovingPlatform,1184,80,0007B2EE,0,1,1,4294967295,0,1
oMovingPlatform,1296,176,000A11FA,0,1,1,4294967295,0,1
oBarrierColor,1888,528,002E72CD,0,1,1,4294967295,0,1
oBarrierColor,1712,528,000CEDE0,0,1,1,4294967295,0,1
oEventBarrier,2944,192,003322B9,0,1,1,4294967295,0,1
oEventBarrier,2464,528,003432E3,0,1,1,4294967295,0,1
oEventBarrier,144,752,002359EC,0,1,1,4294967295,0,1
oZeldaBreakPot,1392,704,003B748F,0,1,1,4294967295,0,0
oZeldaBreakPot,1408,704,0021B3BE,0,1,1,4294967295,0,0
oZeldaBreakPot,1952,368,00387E6B,0,1,1,4294967295,0,0
oZeldaBreakPot,1968,368,0017B0BB,0,1,1,4294967295,0,0
oZeldaBreakPot,2608,576,0012B4BA,0,1,1,4294967295,0,0
oZeldaBreakPot,2624,576,003E8CB9,0,1,1,4294967295,0,0
oZeldaBreakPot,2640,576,001ED582,0,1,1,4294967295,0,0
oZeldaBreakPot,2240,272,001EE1A4,0,1,1,4294967295,0,0
oZeldaBreakPot,2256,272,00005C82,0,1,1,4294967295,0,0
oZeldaBreakPot,3024,240,0019F015,0,1,1,4294967295,0,0
oZeldaBreakPot,2976,240,0014D23A,0,1,1,4294967295,0,0
oMoneyChest,2096,80,000C1ABD,0,1,1,4294967295,0,1
oLargeJumper,339,488,00071B46,0,1,1,4294967295,0,0
oLargeJumper,99,328,001AAA54,0,1,1,4294967295,0,0
oLargeJumper,2019,360,00070C35,0,1,1,4294967295,0,0
oSmallJumper,2496,464,000F902C,0,1,1,4294967295,0,0
oMarioSpikeCeiling,1168,32,0019E667,0,1,1,4294967295,0,0
oMarioSpikeCeiling,1184,32,003F093C,0,1,1,4294967295,0,0
oMarioSpikeCeiling,1200,32,001965D0,0,1,1,4294967295,0,0
oMarioSpikeCeiling,1216,32,0028C113,0,1,1,4294967295,0,0
oCh7WallHead,2000,452,00267401,0,1,1,4294967295,0,1
oMarioSpikeFloor,1472,704,000CF51E,0,1,1,4294967295,0,0
oMarioSpikeFloor,1488,704,00032C5E,0,1,1,4294967295,0,0
oMarioSpikeFloor,1504,704,00129467,0,1,1,4294967295,0,0
oMarioSpikeFloor,1520,704,003E67CD,0,1,1,4294967295,0,0
oMarioSpikeFloor,1280,704,001CA407,0,1,1,4294967295,0,0
oMarioSpikeFloor,1296,704,002939CF,0,1,1,4294967295,0,0
oMarioSpikeFloor,1312,704,001CCE70,0,1,1,4294967295,0,0
oMarioSpikeFloor,1328,704,001D5A22,0,1,1,4294967295,0,0
oMarioSpikeFloor,1344,672,0033477A,0,1,1,4294967295,0,0
oMarioSpikeFloor,1456,672,0018390B,0,1,1,4294967295,0,0
oMarioSpikeFloor,1360,704,0032CDCF,0,1,1,4294967295,0,0
oMarioSpikeFloor,1440,704,001D0742,0,1,1,4294967295,0,0
oMarioSpikeFloor,2112,368,003FC14D,0,1,1,4294967295,0,0
oMarioSpikeFloor,2128,368,001C73BD,0,1,1,4294967295,0,0
oMarioSpikeFloor,2144,368,00260188,0,1,1,4294967295,0,0
oMarioSpikeFloor,2160,368,0032DE23,0,1,1,4294967295,0,0
oMarioSpikeFloor,2176,368,000FBB17,0,1,1,4294967295,0,0
oMarioSpikeFloor,2192,368,0037C098,0,1,1,4294967295,0,0
oMarioSpikeFloor,2208,368,001DD8D8,0,1,1,4294967295,0,0
oMarioSpikeFloor,2224,368,00297F8E,0,1,1,4294967295,0,0
oMarioSpikeFloor,2240,368,002AD5A5,0,1,1,4294967295,0,0
oMarioSpikeFloor,2256,368,0010977B,0,1,1,4294967295,0,0
oMarioSpikeFloor,2272,368,001EFF89,0,1,1,4294967295,0,0
oMarioSpikeFloor,2288,368,00140DBA,0,1,1,4294967295,0,0
oMarioSpikeFloor,2304,368,000AB77D,0,1,1,4294967295,0,0
oMarioSpikeFloor,2320,368,00017719,0,1,1,4294967295,0,0
oMarioSpikeFloor,2336,368,002E9838,0,1,1,4294967295,0,0
oMarioSpikeFloor,2352,368,00093E68,0,1,1,4294967295,0,0
oMarioSpikeFloor,2368,368,000206F7,0,1,1,4294967295,0,0
oMarioSpikeFloor,2384,368,003C35DD,0,1,1,4294967295,0,0
oMarioSpikeFloor,2400,368,00236B1F,0,1,1,4294967295,0,0
oMarioSpikeFloor,2416,368,0006295A,0,1,1,4294967295,0,0
oMarioSpikeFloor,2432,368,0025DE96,0,1,1,4294967295,0,0
oMarioSpikeFloor,2448,368,000A835C,0,1,1,4294967295,0,0
oCh7WallHead,1920,275,000907A7,0,1,1,4294967295,0,1
oCh7WallHead,2032,179,002807B6,0,1,1,4294967295,0,1
oCh7WallHead,1920,243,00291F24,0,1,1,4294967295,0,1
oCh7WallHead,2032,211,0005C8A3,0,1,1,4294967295,0,1
oMarioChainBall,608,416,0006AB64,0,1,1,4294967295,0,1
oMarioChainBall,1408,736,003AC486,0,1,1,4294967295,0,1
oMarioChainBall,1408,736,002499E8,0,1,1,4294967295,0,1
oMarioChainBall,1408,736,0025742B,0,1,1,4294967295,0,1
oMarioChainBall,2592,304,000D39A1,0,1,1,4294967295,0,1
oMarioChainBall,2736,272,002D1D39,0,1,1,4294967295,0,1
oMarioChainBall,848,528,00149A2C,0,1,1,4294967295,0,1
oWB_Scorpion,656,512,0021EF35,0,1,1,4294967295,0,0
oWB_SilverKnight,1424,480,00202FB4,0,1,1,4294967295,0,0
oWB_BigBat,1216,368,002929BE,0,1,1,4294967295,0,0
oWB_BigBat,1392,784,003106E8,0,1,1,4294967295,0,0
oWB_BigBat,1952,656,001B56FC,0,1,1,4294967295,0,0
oWB_BigBat,2448,224,00175B62,0,1,1,4294967295,0,1
oWB_BigBat,2880,448,00120323,0,1,1,4294967295,0,1
oWB_Monkey,464,192,0030A577,0,1,1,4294967295,0,0
oWB_Monkey,240,192,00298C5C,0,1,1,4294967295,0,0
oWB_Crab,1616,480,0006A972,0,1,1,4294967295,0,0
oPlayerIdle,80,512,0004406E,0,1,1,4294967295,0,1
oPlayer1,112,512,002A1B8D,0,1,1,4294967295,0,0
oCh7RockSpawner,592,32,002DAAB4,0,1,1,4294967295,0,1
oCh7RockSpawner,1008,32,003C1816,0,1,1,4294967295,0,1
oCh7RockSpawner,1136,32,0000E770,0,1,1,4294967295,0,1
oCh7RockSpawner,1264,32,0022B266,0,1,1,4294967295,0,1
oCh7RockSpawner,1392,32,0032EB3C,0,1,1,4294967295,0,1
oCh7RockSpawner,1136,304,00131B4B,0,1,1,4294967295,0,1
oCh7RockSpawner,1376,304,003A8603,0,1,1,4294967295,0,1
oCh7RockSpawner,1616,304,00016583,0,1,1,4294967295,0,1
oInvCollPH,48,512,0005A55A,0,1,1,4294967295,0,0
oInvCollPH,64,512,0028C349,0,1,1,4294967295,0,0
oInvCollPH,80,512,0001FA22,0,1,1,4294967295,0,0
oInvCollPH,96,512,00216D15,0,1,1,4294967295,0,0
oInvCollPH,112,512,0029E4A5,0,1,1,4294967295,0,0
oInvCollPH,128,512,0030E0B8,0,1,1,4294967295,0,0
oInvCollPH,144,512,003AF9DD,0,1,1,4294967295,0,0
oInvCollPH,160,512,0035F7F9,0,1,1,4294967295,0,0
oInvCollPH,176,512,002E5D65,0,1,1,4294967295,0,0
oInvCollPH,192,512,002B7CD2,0,1,1,4294967295,0,0
oInvCollPH,208,512,00190B13,0,1,1,4294967295,0,0
oInvCollPH,16,416,003A3E71,0,1,1,4294967295,0,0
oInvCollPH,16,432,003545B5,0,1,1,4294967295,0,0
oInvCollPH,16,448,00142E6B,0,1,1,4294967295,0,0
oInvCollPH,16,464,0031518F,0,1,1,4294967295,0,0
oInvCollPH,16,480,000FC99E,0,1,1,4294967295,0,0
oInvCollPH,16,496,003CBE07,0,1,1,4294967295,0,0
oInvCollPH,256,368,00033844,0,1,1,4294967295,0,0
oInvCollPH,272,368,0023CE57,0,1,1,4294967295,0,0
oInvCollPH,272,352,000F92AE,0,1,1,4294967295,0,0
oInvCollPH,416,368,00319A5D,0,1,1,4294967295,0,0
oInvCollPH,432,368,002B5813,0,1,1,4294967295,0,0
oInvCollPH,432,352,001A8CFB,0,1,1,4294967295,0,0
oInvCollPH,448,208,000E4A5D,0,1,1,4294967295,0,0
oInvCollPH,464,208,0006FA3E,0,1,1,4294967295,0,0
oInvCollPH,464,192,00306C1A,0,1,1,4294967295,0,0
oInvCollPH,224,208,0023C98A,0,1,1,4294967295,0,0
oInvCollPH,240,208,00343812,0,1,1,4294967295,0,0
oInvCollPH,240,192,000EFC81,0,1,1,4294967295,0,0
oInvCollPH,128,400,00035DDD,0,1,1,4294967295,0,0
oInvCollPH,144,400,003F672E,0,1,1,4294967295,0,0
oInvCollPH,160,400,0019BABA,0,1,1,4294967295,0,0
oInvCollPH,176,400,000DCA11,0,1,1,4294967295,0,0
oInvCollPH,176,384,0034D802,0,1,1,4294967295,0,0
oInvCollPH,160,384,0036C662,0,1,1,4294967295,0,0
oInvCollPH,32,400,0024D949,0,1,1,4294967295,0,0
oInvCollPH,48,400,0015DFF8,0,1,1,4294967295,0,0
oInvCollPH,48,384,0002064F,0,1,1,4294967295,0,0
oInvCollPH,96,352,0007568F,0,1,1,4294967295,0,0
oInvCollPH,112,352,0008B250,0,1,1,4294967295,0,0
oInvCollPH,64,368,002307F2,0,1,1,4294967295,0,0
oInvCollPH,80,368,002C38D7,0,1,1,4294967295,0,0
oInvCollPH,96,368,004026F2,0,1,1,4294967295,0,0
oInvCollPH,112,368,0018C7BD,0,1,1,4294967295,0,0
oInvCollPH,144,368,00044EEE,0,1,1,4294967295,0,0
oInvCollPH,144,352,000F0D8A,0,1,1,4294967295,0,0
oInvCollPH,128,352,00143302,0,1,1,4294967295,0,0
oInvCollPH,80,352,001AEA23,0,1,1,4294967295,0,0
oInvCollPH,64,352,00080C39,0,1,1,4294967295,0,0
oInvCollPH,48,352,000951FF,0,1,1,4294967295,0,0
oInvCollPH,336,512,00311BAA,0,1,1,4294967295,0,0
oInvCollPH,352,512,00080A03,0,1,1,4294967295,0,0
oInvCollPH,320,512,00362E9B,0,1,1,4294967295,0,0
oInvCollPH,368,512,0009AC86,0,1,1,4294967295,0,0
oInvCollPH,304,512,00141B68,0,1,1,4294967295,0,0
oInvCollPH,288,512,002A53CA,0,1,1,4294967295,0,0
oInvCollPH,272,512,0017BDE3,0,1,1,4294967295,0,0
oInvCollPH,256,512,002973DC,0,1,1,4294967295,0,0
oInvCollPH,240,512,003B4F49,0,1,1,4294967295,0,0
oInvCollPH,224,512,00224AFD,0,1,1,4294967295,0,0
oInvCollPH,432,512,00237087,0,1,1,4294967295,0,0
oInvCollPH,416,512,003F300E,0,1,1,4294967295,0,0
oInvCollPH,400,512,002E6C9D,0,1,1,4294967295,0,0
oInvCollPH,384,512,003AC868,0,1,1,4294967295,0,0
oInvCollPH,496,512,0024723A,0,1,1,4294967295,0,0
oInvCollPH,480,512,0025B4C2,0,1,1,4294967295,0,0
oInvCollPH,464,512,000E75BB,0,1,1,4294967295,0,0
oInvCollPH,448,512,000944E0,0,1,1,4294967295,0,0
oInvCollPH,592,512,00309582,0,1,1,4294967295,0,0
oInvCollPH,576,512,00020A2E,0,1,1,4294967295,0,0
oInvCollPH,560,512,001D3AA0,0,1,1,4294967295,0,0
oInvCollPH,544,512,0033F6B6,0,1,1,4294967295,0,0
oInvCollPH,528,512,00085040,0,1,1,4294967295,0,0
oInvCollPH,512,512,0022B39E,0,1,1,4294967295,0,0
oInvCollPH,656,512,0005A30C,0,1,1,4294967295,0,0
oInvCollPH,640,512,0038CA1C,0,1,1,4294967295,0,0
oInvCollPH,624,512,00131422,0,1,1,4294967295,0,0
oInvCollPH,608,512,0022F444,0,1,1,4294967295,0,0
oInvCollPH,672,512,003E6115,0,1,1,4294967295,0,0
oInvCollPH,688,512,00311BEE,0,1,1,4294967295,0,0
oInvCollPH,704,512,0032CE7D,0,1,1,4294967295,0,0
oInvCollPH,720,512,00102159,0,1,1,4294967295,0,0
oInvCollPH,736,512,00280EBF,0,1,1,4294967295,0,0
oInvCollPH,752,512,000DF25A,0,1,1,4294967295,0,0
oInvCollPH,752,528,00018C0B,0,1,1,4294967295,0,0
oInvCollPH,16,336,0018223B,0,1,1,4294967295,0,0
oInvCollPH,16,320,0025CB6B,0,1,1,4294967295,0,0
oInvCollPH,16,304,0023FC06,0,1,1,4294967295,0,0
oInvCollPH,16,288,0017D3E9,0,1,1,4294967295,0,0
oInvCollPH,16,272,001DA32F,0,1,1,4294967295,0,0
oInvCollPH,16,256,002EFA66,0,1,1,4294967295,0,0
oInvCollPH,16,240,00272097,0,1,1,4294967295,0,0
oInvCollPH,16,224,0005E400,0,1,1,4294967295,0,0
oInvCollPH,16,208,001E020F,0,1,1,4294967295,0,0
oInvCollPH,16,192,00371DB9,0,1,1,4294967295,0,0
oInvCollPH,16,176,000C7FBE,0,1,1,4294967295,0,0
oInvCollPH,16,160,0006A524,0,1,1,4294967295,0,0
oInvCollPH,16,144,002288D5,0,1,1,4294967295,0,0
oInvCollPH,16,128,00102C13,0,1,1,4294967295,0,0
oInvCollPH,16,112,0012CD8D,0,1,1,4294967295,0,0
oInvCollPH,16,96,0034675B,0,1,1,4294967295,0,0
oInvCollPH,16,80,000849F5,0,1,1,4294967295,0,0
oInvCollPH,16,64,004005D9,0,1,1,4294967295,0,0
oInvCollPH,16,48,00042157,0,1,1,4294967295,0,0
oInvCollPH,16,32,00219DB7,0,1,1,4294967295,0,0
oInvCollPH,592,0,003ADBA8,0,1,1,4294967295,0,0
oInvCollPH,832,528,000BDDDE,0,1,1,4294967295,0,0
oInvCollPH,848,512,0005ED16,0,1,1,4294967295,0,0
oInvCollPH,848,528,0009368B,0,1,1,4294967295,0,0
oInvCollPH,624,384,0018CE7B,0,1,1,4294967295,0,0
oInvCollPH,624,400,001D280B,0,1,1,4294967295,0,0
oInvCollPH,624,416,003AE8BE,0,1,1,4294967295,0,0
oInvCollPH,624,432,0016F9F3,0,1,1,4294967295,0,0
oInvCollPH,608,432,003E228F,0,1,1,4294967295,0,0
oInvCollPH,592,432,0008D47A,0,1,1,4294967295,0,0
oInvCollPH,576,432,0018AC5E,0,1,1,4294967295,0,0
oInvCollPH,576,416,002B552D,0,1,1,4294967295,0,0
oInvCollPH,576,400,0008AF01,0,1,1,4294967295,0,0
oInvCollPH,880,32,0015B23A,0,1,1,4294967295,0,0
oInvCollPH,880,48,0015A98F,0,1,1,4294967295,0,0
oInvCollPH,880,64,00011A90,0,1,1,4294967295,0,0
oInvCollPH,880,80,00344EBA,0,1,1,4294967295,0,0
oInvCollPH,864,80,003C03AC,0,1,1,4294967295,0,0
oInvCollPH,864,64,0010BE6C,0,1,1,4294967295,0,0
oInvCollPH,864,48,003FD039,0,1,1,4294967295,0,0
oInvCollPH,896,304,002D0121,0,1,1,4294967295,0,0
oInvCollPH,912,304,001FF4B9,0,1,1,4294967295,0,0
oInvCollPH,880,320,000B946E,0,1,1,4294967295,0,0
oInvCollPH,880,336,0014CD55,0,1,1,4294967295,0,0
oInvCollPH,880,352,00081480,0,1,1,4294967295,0,0
oInvCollPH,880,368,00017958,0,1,1,4294967295,0,0
oInvCollPH,848,368,0020B45D,0,1,1,4294967295,0,0
oInvCollPH,832,368,0000F58C,0,1,1,4294967295,0,0
oInvCollPH,864,256,0024C2A1,0,1,1,4294967295,0,0
oInvCollPH,880,256,003CE270,0,1,1,4294967295,0,0
oInvCollPH,800,368,0014B9BA,0,1,1,4294967295,0,0
oInvCollPH,816,368,002B4513,0,1,1,4294967295,0,0
oInvCollPH,768,368,003D3D52,0,1,1,4294967295,0,0
oInvCollPH,784,368,00402766,0,1,1,4294967295,0,0
oInvCollPH,704,368,00338876,0,1,1,4294967295,0,0
oInvCollPH,720,368,0029CE54,0,1,1,4294967295,0,0
oInvCollPH,736,368,0001820F,0,1,1,4294967295,0,0
oInvCollPH,752,368,002B79B6,0,1,1,4294967295,0,0
oInvCollPH,688,368,0034DFDE,0,1,1,4294967295,0,0
oInvCollPH,672,368,003C238F,0,1,1,4294967295,0,0
oInvCollPH,640,368,0021BA15,0,1,1,4294967295,0,0
oInvCollPH,656,368,001A8C26,0,1,1,4294967295,0,0
oInvCollPH,592,128,003BD682,0,1,1,4294967295,0,0
oInvCollPH,576,144,003E0582,0,1,1,4294967295,0,0
oInvCollPH,576,160,003B3127,0,1,1,4294967295,0,0
oInvCollPH,576,176,002CFF2E,0,1,1,4294967295,0,0
oInvCollPH,576,192,000BE6E1,0,1,1,4294967295,0,0
oInvCollPH,576,208,0031A89E,0,1,1,4294967295,0,0
oInvCollPH,576,224,003632BC,0,1,1,4294967295,0,0
oInvCollPH,576,240,002FB34E,0,1,1,4294967295,0,0
oInvCollPH,576,256,0026AD17,0,1,1,4294967295,0,0
oInvCollPH,576,272,0009F412,0,1,1,4294967295,0,0
oInvCollPH,576,288,001B5932,0,1,1,4294967295,0,0
oInvCollPH,576,304,000C0257,0,1,1,4294967295,0,0
oInvCollPH,576,320,0031633A,0,1,1,4294967295,0,0
oInvCollPH,576,336,00159000,0,1,1,4294967295,0,0
oInvCollPH,576,352,0029DC96,0,1,1,4294967295,0,0
oInvCollPH,576,368,0032CEEC,0,1,1,4294967295,0,0
oInvCollPH,912,256,0015812D,0,1,1,4294967295,0,0
oInvCollPH,928,256,003241A2,0,1,1,4294967295,0,0
oInvCollPH,944,256,00152FCB,0,1,1,4294967295,0,0
oInvCollPH,960,256,00110721,0,1,1,4294967295,0,0
oInvCollPH,976,256,0017FE15,0,1,1,4294967295,0,0
oInvCollPH,992,256,0024BCE7,0,1,1,4294967295,0,0
oInvCollPH,1008,256,00256BFE,0,1,1,4294967295,0,0
oInvCollPH,1024,256,002AB607,0,1,1,4294967295,0,0
oInvCollPH,1040,256,0008B751,0,1,1,4294967295,0,0
oInvCollPH,1120,256,00274E0B,0,1,1,4294967295,0,0
oInvCollPH,1104,256,003D044C,0,1,1,4294967295,0,0
oInvCollPH,1088,256,001E1EFE,0,1,1,4294967295,0,0
oInvCollPH,1072,256,002A6524,0,1,1,4294967295,0,0
oInvCollPH,1056,256,0002C8CC,0,1,1,4294967295,0,0
oInvCollPH,1200,256,0029B308,0,1,1,4294967295,0,0
oInvCollPH,1184,256,0007A852,0,1,1,4294967295,0,0
oInvCollPH,1168,256,002B8D4B,0,1,1,4294967295,0,0
oInvCollPH,1152,256,000BCFF7,0,1,1,4294967295,0,0
oInvCollPH,1136,256,003E85AE,0,1,1,4294967295,0,0
oInvCollPH,1280,256,00392F9E,0,1,1,4294967295,0,0
oInvCollPH,1264,256,00006A2A,0,1,1,4294967295,0,0
oInvCollPH,1248,256,00365FB1,0,1,1,4294967295,0,0
oInvCollPH,1232,256,00235576,0,1,1,4294967295,0,0
oInvCollPH,1216,256,0000065D,0,1,1,4294967295,0,0
oInvCollPH,1360,256,000A0546,0,1,1,4294967295,0,0
oInvCollPH,1344,256,003A85E7,0,1,1,4294967295,0,0
oInvCollPH,1328,256,0009DF06,0,1,1,4294967295,0,0
oInvCollPH,1312,256,0039AAAF,0,1,1,4294967295,0,0
oInvCollPH,1296,256,0018B901,0,1,1,4294967295,0,0
oInvCollPH,1440,256,0024BA23,0,1,1,4294967295,0,0
oInvCollPH,1424,256,00004E5B,0,1,1,4294967295,0,0
oInvCollPH,1408,256,002C1607,0,1,1,4294967295,0,0
oInvCollPH,1392,256,003FB358,0,1,1,4294967295,0,0
oInvCollPH,1376,256,003AA102,0,1,1,4294967295,0,0
oInvCollPH,1520,256,000EAB2A,0,1,1,4294967295,0,0
oInvCollPH,1504,256,0011FF9C,0,1,1,4294967295,0,0
oInvCollPH,1488,256,002F5423,0,1,1,4294967295,0,0
oInvCollPH,1472,256,001D882D,0,1,1,4294967295,0,0
oInvCollPH,1456,256,003414C5,0,1,1,4294967295,0,0
oInvCollPH,1584,256,0007E4BF,0,1,1,4294967295,0,0
oInvCollPH,1568,256,0009409F,0,1,1,4294967295,0,0
oInvCollPH,1552,256,00078B04,0,1,1,4294967295,0,0
oInvCollPH,1536,256,001D3F28,0,1,1,4294967295,0,0
oInvCollPH,1008,0,0012434C,0,1,1,4294967295,0,0
oInvCollPH,1136,0,0021E869,0,1,1,4294967295,0,0
oInvCollPH,1264,0,0024EFFC,0,1,1,4294967295,0,0
oInvCollPH,1392,0,003DCE1A,0,1,1,4294967295,0,0
oInvCollPH,1024,16,003A0CD0,0,1,1,4294967295,0,0
oInvCollPH,1040,16,0009DC69,0,1,1,4294967295,0,0
oInvCollPH,1056,16,0039B2CA,0,1,1,4294967295,0,0
oInvCollPH,1072,16,000F0BEF,0,1,1,4294967295,0,0
oInvCollPH,1088,16,00006D1C,0,1,1,4294967295,0,0
oInvCollPH,1104,16,0028D31B,0,1,1,4294967295,0,0
oInvCollPH,1152,16,001B9CD7,0,1,1,4294967295,0,0
oInvCollPH,1168,16,0001E94A,0,1,1,4294967295,0,0
oInvCollPH,1184,16,00108500,0,1,1,4294967295,0,0
oInvCollPH,1200,16,000D940C,0,1,1,4294967295,0,0
oInvCollPH,1216,16,00304892,0,1,1,4294967295,0,0
oInvCollPH,1232,16,003C5A1A,0,1,1,4294967295,0,0
oInvCollPH,1280,16,0032F2C0,0,1,1,4294967295,0,0
oInvCollPH,1296,16,001069D6,0,1,1,4294967295,0,0
oInvCollPH,1312,16,003904C1,0,1,1,4294967295,0,0
oInvCollPH,1328,16,0027D9ED,0,1,1,4294967295,0,0
oInvCollPH,1344,16,00153772,0,1,1,4294967295,0,0
oInvCollPH,1360,16,000E5AEC,0,1,1,4294967295,0,0
oInvCollPH,1600,240,000ED527,0,1,1,4294967295,0,0
oInvCollPH,1616,224,00172D4C,0,1,1,4294967295,0,0
oInvCollPH,1600,48,002A4872,0,1,1,4294967295,0,0
oInvCollPH,1600,64,0023ECDE,0,1,1,4294967295,0,0
oInvCollPH,1600,80,0010AC78,0,1,1,4294967295,0,0
oInvCollPH,1600,96,0025DAF5,0,1,1,4294967295,0,0
oInvCollPH,1600,112,003899CA,0,1,1,4294967295,0,0
oInvCollPH,1616,112,0016BFA7,0,1,1,4294967295,0,0
oInvCollPH,1632,224,000177F5,0,1,1,4294967295,0,0
oInvCollPH,1648,224,00108AA8,0,1,1,4294967295,0,0
oInvCollPH,2096,80,00018FED,0,1,1,4294967295,0,0
oInvCollPH,1904,32,003418D7,0,1,1,4294967295,0,0
oInvCollPH,1904,48,002940E5,0,1,1,4294967295,0,0
oInvCollPH,1904,64,001155DB,0,1,1,4294967295,0,0
oInvCollPH,1904,80,003758EA,0,1,1,4294967295,0,0
oInvCollPH,1904,96,00338856,0,1,1,4294967295,0,0
oInvCollPH,1904,112,0013347C,0,1,1,4294967295,0,0
oInvCollPH,1904,128,00181405,0,1,1,4294967295,0,0
oInvCollPH,1904,144,0004018C,0,1,1,4294967295,0,0
oInvCollPH,1904,160,00050142,0,1,1,4294967295,0,0
oInvCollPH,1904,176,001D60B0,0,1,1,4294967295,0,0
oInvCollPH,1904,192,000C9F82,0,1,1,4294967295,0,0
oInvCollPH,1904,208,0002AD4E,0,1,1,4294967295,0,0
oInvCollPH,1904,224,003AD31A,0,1,1,4294967295,0,0
oInvCollPH,1904,240,0012B3EF,0,1,1,4294967295,0,0
oInvCollPH,1904,256,0014EEC4,0,1,1,4294967295,0,0
oInvCollPH,1904,272,00061236,0,1,1,4294967295,0,0
oInvCollPH,1888,272,00104920,0,1,1,4294967295,0,0
oInvCollPH,1888,256,00243212,0,1,1,4294967295,0,0
oInvCollPH,1888,240,00293705,0,1,1,4294967295,0,0
oInvCollPH,1888,224,002CB3E3,0,1,1,4294967295,0,0
oInvCollPH,1888,208,0027DC7B,0,1,1,4294967295,0,0
oInvCollPH,1888,192,001BBE80,0,1,1,4294967295,0,0
oInvCollPH,1888,176,00125583,0,1,1,4294967295,0,0
oInvCollPH,1888,160,00040439,0,1,1,4294967295,0,0
oInvCollPH,1888,144,0018ECBE,0,1,1,4294967295,0,0
oInvCollPH,1888,128,003B541D,0,1,1,4294967295,0,0
oInvCollPH,1888,112,003DF718,0,1,1,4294967295,0,0
oInvCollPH,1888,96,00164622,0,1,1,4294967295,0,0
oInvCollPH,1888,80,000A4CC8,0,1,1,4294967295,0,0
oInvCollPH,1888,64,0003769A,0,1,1,4294967295,0,0
oInvCollPH,1888,48,001FD4B0,0,1,1,4294967295,0,0
oInvCollPH,1632,80,0003A585,0,1,1,4294967295,0,0
oInvCollPH,1648,80,0015A71B,0,1,1,4294967295,0,0
oInvCollPH,1648,64,0035CF62,0,1,1,4294967295,0,0
oInvCollPH,1664,48,0031C959,0,1,1,4294967295,0,0
oInvCollPH,1680,48,002551B0,0,1,1,4294967295,0,0
oInvCollPH,1680,32,00099BDC,0,1,1,4294967295,0,0
oInvCollPH,1616,96,002A22D4,0,1,1,4294967295,0,0
oInvCollPH,880,384,002579AE,0,1,1,4294967295,0,0
oInvCollPH,880,400,003A5A1D,0,1,1,4294967295,0,0
oInvCollPH,880,416,002E4F00,0,1,1,4294967295,0,0
oInvCollPH,880,432,002F76A1,0,1,1,4294967295,0,0
oInvCollPH,880,448,003A4C2D,0,1,1,4294967295,0,0
oInvCollPH,880,464,003B0122,0,1,1,4294967295,0,0
oInvCollPH,880,480,003C43A1,0,1,1,4294967295,0,0
oInvCollPH,880,496,002E9B0B,0,1,1,4294967295,0,0
oInvCollPH,880,512,002C83E6,0,1,1,4294967295,0,0
oInvCollPH,880,528,00360C3F,0,1,1,4294967295,0,0
oInvCollPH,864,528,000C735C,0,1,1,4294967295,0,0
oInvCollPH,864,496,00235106,0,1,1,4294967295,0,0
oInvCollPH,864,480,000D4C6A,0,1,1,4294967295,0,0
oInvCollPH,864,464,003026BF,0,1,1,4294967295,0,0
oInvCollPH,864,448,00127992,0,1,1,4294967295,0,0
oInvCollPH,864,432,00086300,0,1,1,4294967295,0,0
oInvCollPH,864,416,001B7905,0,1,1,4294967295,0,0
oInvCollPH,864,400,000C5E82,0,1,1,4294967295,0,0
oInvCollPH,912,608,000203E9,0,1,1,4294967295,0,0
oInvCollPH,928,592,0026BC1D,0,1,1,4294967295,0,0
oInvCollPH,944,608,00086F19,0,1,1,4294967295,0,0
oInvCollPH,784,640,0015640A,0,1,1,4294967295,0,0
oInvCollPH,800,640,001783DB,0,1,1,4294967295,0,0
oInvCollPH,816,640,000486DA,0,1,1,4294967295,0,0
oInvCollPH,960,608,002702E0,0,1,1,4294967295,0,0
oInvCollPH,976,608,000C3459,0,1,1,4294967295,0,0
oInvCollPH,1072,544,00018AFB,0,1,1,4294967295,0,0
oInvCollPH,1088,528,0007DF07,0,1,1,4294967295,0,0
oInvCollPH,1152,304,000A488C,0,1,1,4294967295,0,0
oInvCollPH,1168,304,00370E1D,0,1,1,4294967295,0,0
oInvCollPH,1184,304,0002F188,0,1,1,4294967295,0,0
oInvCollPH,1200,304,0025C8E2,0,1,1,4294967295,0,0
oInvCollPH,1216,304,0035A11D,0,1,1,4294967295,0,0
oInvCollPH,1232,304,0032F75B,0,1,1,4294967295,0,0
oInvCollPH,1248,304,002C2BE0,0,1,1,4294967295,0,0
oInvCollPH,1264,304,001164C1,0,1,1,4294967295,0,0
oInvCollPH,1280,304,00015BDB,0,1,1,4294967295,0,0
oInvCollPH,1312,304,0023F7B8,0,1,1,4294967295,0,0
oInvCollPH,1328,304,00218D17,0,1,1,4294967295,0,0
oInvCollPH,1344,304,00298703,0,1,1,4294967295,0,0
oInvCollPH,1392,304,00386C36,0,1,1,4294967295,0,0
oInvCollPH,1408,304,00267061,0,1,1,4294967295,0,0
oInvCollPH,1424,304,0032512E,0,1,1,4294967295,0,0
oInvCollPH,1440,304,003068F2,0,1,1,4294967295,0,0
oInvCollPH,1472,304,002EC539,0,1,1,4294967295,0,0
oInvCollPH,1488,304,003B0CAE,0,1,1,4294967295,0,0
oInvCollPH,1504,304,000F50D2,0,1,1,4294967295,0,0
oInvCollPH,1520,304,003157E8,0,1,1,4294967295,0,0
oInvCollPH,1536,304,00378350,0,1,1,4294967295,0,0
oInvCollPH,1552,304,0033C3ED,0,1,1,4294967295,0,0
oInvCollPH,1568,304,0009D7F0,0,1,1,4294967295,0,0
oInvCollPH,1584,304,003FABC7,0,1,1,4294967295,0,0
oInvCollPH,1584,288,001B7073,0,1,1,4294967295,0,0
oInvCollPH,1120,272,00399590,0,1,1,4294967295,0,0
oInvCollPH,1136,272,00083E7D,0,1,1,4294967295,0,0
oInvCollPH,1360,272,000F2262,0,1,1,4294967295,0,0
oInvCollPH,1376,272,001224FD,0,1,1,4294967295,0,0
oInvCollPH,1600,272,000FEDCE,0,1,1,4294967295,0,0
oInvCollPH,1616,272,0037C1D2,0,1,1,4294967295,0,0
oInvCollPH,1632,304,0036A676,0,1,1,4294967295,0,0
oInvCollPH,1632,320,00040ED0,0,1,1,4294967295,0,0
oInvCollPH,1632,336,001004FE,0,1,1,4294967295,0,0
oInvCollPH,1632,352,000AC836,0,1,1,4294967295,0,0
oInvCollPH,1648,352,00370B2F,0,1,1,4294967295,0,0
oInvCollPH,1664,352,0033D941,0,1,1,4294967295,0,0
oInvCollPH,1680,352,001F0E24,0,1,1,4294967295,0,0
oInvCollPH,1696,352,002BC03E,0,1,1,4294967295,0,0
oInvCollPH,1712,352,003C8061,0,1,1,4294967295,0,0
oInvCollPH,1728,352,0036C20A,0,1,1,4294967295,0,0
oInvCollPH,1744,352,003A3A15,0,1,1,4294967295,0,0
oInvCollPH,1760,352,000F6E76,0,1,1,4294967295,0,0
oInvCollPH,1776,352,00127690,0,1,1,4294967295,0,0
oInvCollPH,1792,288,003B50AC,0,1,1,4294967295,0,0
oInvCollPH,1808,288,003CEE05,0,1,1,4294967295,0,0
oInvCollPH,1808,304,0033C174,0,1,1,4294967295,0,0
oInvCollPH,1808,320,00247225,0,1,1,4294967295,0,0
oInvCollPH,1808,336,001989DA,0,1,1,4294967295,0,0
oInvCollPH,1808,352,00142CD7,0,1,1,4294967295,0,0
oInvCollPH,1792,384,003B657D,0,1,1,4294967295,0,0
oInvCollPH,1792,400,001802E8,0,1,1,4294967295,0,0
oInvCollPH,1792,416,000B36B4,0,1,1,4294967295,0,0
oInvCollPH,1840,528,003FF023,0,1,1,4294967295,0,0
oInvCollPH,1808,400,002B0B86,0,1,1,4294967295,0,0
oInvCollPH,1808,384,00292A5E,0,1,1,4294967295,0,0
oInvCollPH,1808,368,0017006B,0,1,1,4294967295,0,0
oInvCollPH,1936,416,003BFD31,0,1,1,4294967295,0,0
oInvCollPH,1712,464,001AA10A,0,1,1,4294967295,0,0
oInvCollPH,1920,400,00048464,0,1,1,4294967295,0,0
oInvCollPH,1936,384,003C7787,0,1,1,4294967295,0,0
oInvCollPH,1952,384,003111E5,0,1,1,4294967295,0,0
oInvCollPH,1968,384,0004C4C4,0,1,1,4294967295,0,0
oInvCollPH,1984,384,00057362,0,1,1,4294967295,0,0
oInvCollPH,2000,384,0001526C,0,1,1,4294967295,0,0
oInvCollPH,2000,400,001748F4,0,1,1,4294967295,0,0
oInvCollPH,1984,400,0038A36C,0,1,1,4294967295,0,0
oInvCollPH,1968,400,0010B0A1,0,1,1,4294967295,0,0
oInvCollPH,1952,400,003F1638,0,1,1,4294967295,0,0
oInvCollPH,1088,496,0021F83C,0,1,1,4294967295,0,0
oInvCollPH,1104,480,000A9CE5,0,1,1,4294967295,0,0
oInvCollPH,1120,480,000A658C,0,1,1,4294967295,0,0
oInvCollPH,1136,480,003FBE3F,0,1,1,4294967295,0,0
oInvCollPH,1152,480,00219657,0,1,1,4294967295,0,0
oInvCollPH,1168,480,0004A120,0,1,1,4294967295,0,0
oInvCollPH,1184,480,001F5EA1,0,1,1,4294967295,0,0
oInvCollPH,1200,480,0007F055,0,1,1,4294967295,0,0
oInvCollPH,1216,480,00195607,0,1,1,4294967295,0,0
oInvCollPH,1232,480,0002AFE2,0,1,1,4294967295,0,0
oInvCollPH,1248,480,00094100,0,1,1,4294967295,0,0
oInvCollPH,1264,480,0014A5C9,0,1,1,4294967295,0,0
oInvCollPH,1280,480,001C4819,0,1,1,4294967295,0,0
oInvCollPH,1296,480,0005B514,0,1,1,4294967295,0,0
oInvCollPH,1312,480,00182638,0,1,1,4294967295,0,0
oInvCollPH,1328,480,00074B4A,0,1,1,4294967295,0,0
oInvCollPH,1344,480,0000EC8D,0,1,1,4294967295,0,0
oInvCollPH,1360,480,0013B46E,0,1,1,4294967295,0,0
oInvCollPH,1376,480,0026393D,0,1,1,4294967295,0,0
oInvCollPH,1392,480,0037A8E7,0,1,1,4294967295,0,0
oInvCollPH,1408,480,00065C3A,0,1,1,4294967295,0,0
oInvCollPH,1424,480,0020F36F,0,1,1,4294967295,0,0
oInvCollPH,1440,480,00196CFC,0,1,1,4294967295,0,0
oInvCollPH,1456,480,00400099,0,1,1,4294967295,0,0
oInvCollPH,1472,480,002F575C,0,1,1,4294967295,0,0
oInvCollPH,1488,480,001D3DDC,0,1,1,4294967295,0,0
oInvCollPH,1504,480,003C45C2,0,1,1,4294967295,0,0
oInvCollPH,1520,480,00097AE4,0,1,1,4294967295,0,0
oInvCollPH,1536,480,000923FB,0,1,1,4294967295,0,0
oInvCollPH,1552,480,003B15EF,0,1,1,4294967295,0,0
oInvCollPH,1568,480,001CD1FF,0,1,1,4294967295,0,0
oInvCollPH,1584,480,002D11F2,0,1,1,4294967295,0,0
oInvCollPH,1600,480,000B9180,0,1,1,4294967295,0,0
oInvCollPH,1616,480,00334938,0,1,1,4294967295,0,0
oInvCollPH,1632,480,00004BB9,0,1,1,4294967295,0,0
oInvCollPH,1648,480,0037B18C,0,1,1,4294967295,0,0
oInvCollPH,1664,480,0031B308,0,1,1,4294967295,0,0
oInvCollPH,1680,480,003573D9,0,1,1,4294967295,0,0
oInvCollPH,1712,480,002B9EF3,0,1,1,4294967295,0,0
oInvCollPH,1712,496,00267E31,0,1,1,4294967295,0,0
oInvCollPH,928,304,001B1F79,0,1,1,4294967295,0,0
oInvCollPH,944,304,0038C410,0,1,1,4294967295,0,0
oInvCollPH,960,304,001627BA,0,1,1,4294967295,0,0
oInvCollPH,976,304,0034CC4B,0,1,1,4294967295,0,0
oInvCollPH,992,304,000FFE87,0,1,1,4294967295,0,0
oInvCollPH,1008,304,0036D2E2,0,1,1,4294967295,0,0
oInvCollPH,1024,304,002C9C11,0,1,1,4294967295,0,0
oInvCollPH,1040,304,002C1ADF,0,1,1,4294967295,0,0
oInvCollPH,1056,304,000FB690,0,1,1,4294967295,0,0
oInvCollPH,1072,304,00264517,0,1,1,4294967295,0,0
oInvCollPH,1088,304,00105A80,0,1,1,4294967295,0,0
oInvCollPH,1104,304,00374E22,0,1,1,4294967295,0,0
oInvCollPH,1104,288,0028D9B0,0,1,1,4294967295,0,0
oInvCollPH,1456,304,001CA7FE,0,1,1,4294967295,0,0
oInvCollPH,1296,304,001DB05A,0,1,1,4294967295,0,0
oInvCollPH,1344,288,000496C6,0,1,1,4294967295,0,0
oInvCollPH,1808,464,002320CE,0,1,1,4294967295,0,0
oInvCollPH,1808,480,000DF080,0,1,1,4294967295,0,0
oInvCollPH,1808,496,00052CBB,0,1,1,4294967295,0,0
oInvCollPH,1808,512,00195C12,0,1,1,4294967295,0,0
oInvCollPH,1840,544,0031C313,0,1,1,4294967295,0,0
oInvCollPH,1840,560,00215094,0,1,1,4294967295,0,0
oInvCollPH,1840,576,00013440,0,1,1,4294967295,0,0
oInvCollPH,1904,512,00248E5C,0,1,1,4294967295,0,0
oInvCollPH,1792,576,002360D1,0,1,1,4294967295,0,0
oInvCollPH,1792,560,0035ABD0,0,1,1,4294967295,0,0
oInvCollPH,1792,544,001E799E,0,1,1,4294967295,0,0
oInvCollPH,1792,528,002B83FB,0,1,1,4294967295,0,0
oInvCollPH,1792,512,00270960,0,1,1,4294967295,0,0
oInvCollPH,1792,496,001F7549,0,1,1,4294967295,0,0
oInvCollPH,1792,480,0023B5F9,0,1,1,4294967295,0,0
oInvCollPH,1712,512,003BCF38,0,1,1,4294967295,0,0
oInvCollPH,1696,512,0006BD1D,0,1,1,4294967295,0,0
oInvCollPH,1840,416,0007E5E9,0,1,1,4294967295,0,0
oInvCollPH,2000,480,001B77D6,0,1,1,4294967295,0,0
oInvCollPH,2000,496,002C4BED,0,1,1,4294967295,0,0
oInvCollPH,1984,496,001271DC,0,1,1,4294967295,0,0
oInvCollPH,1904,464,003B7E46,0,1,1,4294967295,0,0
oInvCollPH,1920,464,00294B27,0,1,1,4294967295,0,0
oInvCollPH,1936,464,001ED160,0,1,1,4294967295,0,0
oInvCollPH,1952,464,0016113E,0,1,1,4294967295,0,0
oInvCollPH,1968,464,001898AB,0,1,1,4294967295,0,0
oInvCollPH,1888,480,0003F320,0,1,1,4294967295,0,0
oInvCollPH,1888,496,0021D40D,0,1,1,4294967295,0,0
oInvCollPH,1920,496,00309FA0,0,1,1,4294967295,0,0
oInvCollPH,1936,496,001CC606,0,1,1,4294967295,0,0
oInvCollPH,1952,496,003A3365,0,1,1,4294967295,0,0
oInvCollPH,1968,496,003D4F06,0,1,1,4294967295,0,0
oInvCollPH,1104,544,003FDDA8,0,1,1,4294967295,0,0
oInvCollPH,1104,560,001C33A8,0,1,1,4294967295,0,0
oInvCollPH,1104,576,001B69F9,0,1,1,4294967295,0,0
oInvCollPH,1104,592,0004F47B,0,1,1,4294967295,0,0
oInvCollPH,1088,608,0029F168,0,1,1,4294967295,0,0
oInvCollPH,1072,624,000D415A,0,1,1,4294967295,0,0
oInvCollPH,1056,640,003BDCC8,0,1,1,4294967295,0,0
oInvCollPH,1040,656,001D5AC6,0,1,1,4294967295,0,0
oInvCollPH,1024,656,001B1228,0,1,1,4294967295,0,0
oInvCollPH,1008,656,00179527,0,1,1,4294967295,0,0
oInvCollPH,992,656,00091599,0,1,1,4294967295,0,0
oInvCollPH,976,672,0028F730,0,1,1,4294967295,0,0
oInvCollPH,960,672,001D8B69,0,1,1,4294967295,0,0
oInvCollPH,944,672,0029F7FD,0,1,1,4294967295,0,0
oInvCollPH,928,672,00080159,0,1,1,4294967295,0,0
oInvCollPH,912,672,002FCA10,0,1,1,4294967295,0,0
oInvCollPH,896,672,00042BDB,0,1,1,4294967295,0,0
oInvCollPH,880,688,002B2F2D,0,1,1,4294967295,0,0
oInvCollPH,864,688,00122862,0,1,1,4294967295,0,0
oInvCollPH,848,688,0016B15E,0,1,1,4294967295,0,0
oInvCollPH,832,688,002822DF,0,1,1,4294967295,0,0
oInvCollPH,816,688,00083490,0,1,1,4294967295,0,0
oInvCollPH,800,688,0014A675,0,1,1,4294967295,0,0
oInvCollPH,784,704,0031FB49,0,1,1,4294967295,0,0
oInvCollPH,768,704,0035AF7F,0,1,1,4294967295,0,0
oInvCollPH,752,704,001EA3E6,0,1,1,4294967295,0,0
oInvCollPH,736,704,001649A2,0,1,1,4294967295,0,0
oInvCollPH,720,704,002F7FAC,0,1,1,4294967295,0,0
oInvCollPH,704,704,0033A34B,0,1,1,4294967295,0,0
oInvCollPH,688,704,00173581,0,1,1,4294967295,0,0
oInvCollPH,672,704,000B281D,0,1,1,4294967295,0,0
oInvCollPH,688,544,00355BCA,0,1,1,4294967295,0,0
oInvCollPH,688,560,002D73D8,0,1,1,4294967295,0,0
oInvCollPH,688,576,001BF9CB,0,1,1,4294967295,0,0
oInvCollPH,688,592,0039B792,0,1,1,4294967295,0,0
oInvCollPH,736,528,0006C4D8,0,1,1,4294967295,0,0
oInvCollPH,720,528,00321AE7,0,1,1,4294967295,0,0
oInvCollPH,704,528,001B2636,0,1,1,4294967295,0,0
oInvCollPH,688,608,002B8E69,0,1,1,4294967295,0,0
oInvCollPH,688,624,00343C53,0,1,1,4294967295,0,0
oInvCollPH,688,640,001392C5,0,1,1,4294967295,0,0
oInvCollPH,688,656,002DB6BC,0,1,1,4294967295,0,0
oInvCollPH,672,560,00031F94,0,1,1,4294967295,0,0
oInvCollPH,672,576,001621EC,0,1,1,4294967295,0,0
oInvCollPH,672,592,0023C7FE,0,1,1,4294967295,0,0
oInvCollPH,672,608,003FA6F4,0,1,1,4294967295,0,0
oInvCollPH,672,624,00326FD4,0,1,1,4294967295,0,0
oInvCollPH,672,640,003E9087,0,1,1,4294967295,0,0
oInvCollPH,672,656,002B204E,0,1,1,4294967295,0,0
oInvCollPH,160,528,002271B7,0,1,1,4294967295,0,0
oInvCollPH,176,528,000187A3,0,1,1,4294967295,0,0
oInvCollPH,192,528,003B5107,0,1,1,4294967295,0,0
oInvCollPH,208,528,000B6F5D,0,1,1,4294967295,0,0
oInvCollPH,224,528,00350772,0,1,1,4294967295,0,0
oInvCollPH,240,528,002459B8,0,1,1,4294967295,0,0
oInvCollPH,256,528,000C1AAB,0,1,1,4294967295,0,0
oInvCollPH,272,528,001968AB,0,1,1,4294967295,0,0
oInvCollPH,320,528,0008A5D1,0,1,1,4294967295,0,0
oInvCollPH,336,528,00336CE6,0,1,1,4294967295,0,0
oInvCollPH,352,528,001DA662,0,1,1,4294967295,0,0
oInvCollPH,368,528,0007FB73,0,1,1,4294967295,0,0
oInvCollPH,384,528,003A8FFD,0,1,1,4294967295,0,0
oInvCollPH,400,528,0039E1BD,0,1,1,4294967295,0,0
oInvCollPH,416,528,00360B52,0,1,1,4294967295,0,0
oInvCollPH,432,528,001667EC,0,1,1,4294967295,0,0
oInvCollPH,448,528,0017C1C8,0,1,1,4294967295,0,0
oInvCollPH,464,528,0018DD55,0,1,1,4294967295,0,0
oInvCollPH,480,528,003314E3,0,1,1,4294967295,0,0
oInvCollPH,496,528,001FF8F2,0,1,1,4294967295,0,0
oInvCollPH,544,528,0036D21B,0,1,1,4294967295,0,0
oInvCollPH,560,528,002DCEB4,0,1,1,4294967295,0,0
oInvCollPH,576,528,00029CF9,0,1,1,4294967295,0,0
oInvCollPH,592,528,000A3396,0,1,1,4294967295,0,0
oInvCollPH,608,528,00033453,0,1,1,4294967295,0,0
oInvCollPH,624,528,003482F0,0,1,1,4294967295,0,0
oInvCollPH,640,528,001FB682,0,1,1,4294967295,0,0
oInvCollPH,656,528,00306A1C,0,1,1,4294967295,0,0
oInvCollPH,288,560,00034861,0,1,1,4294967295,0,0
oInvCollPH,288,576,0035D259,0,1,1,4294967295,0,0
oInvCollPH,288,592,00011CA9,0,1,1,4294967295,0,0
oInvCollPH,288,608,000F2B29,0,1,1,4294967295,0,0
oInvCollPH,288,624,00230A1A,0,1,1,4294967295,0,0
oInvCollPH,288,640,00222249,0,1,1,4294967295,0,0
oInvCollPH,288,656,002E444D,0,1,1,4294967295,0,0
oInvCollPH,304,656,00200F63,0,1,1,4294967295,0,0
oInvCollPH,304,640,002131E8,0,1,1,4294967295,0,0
oInvCollPH,304,624,000CEA8C,0,1,1,4294967295,0,0
oInvCollPH,304,608,0031606C,0,1,1,4294967295,0,0
oInvCollPH,304,592,0019505E,0,1,1,4294967295,0,0
oInvCollPH,304,576,00036D67,0,1,1,4294967295,0,0
oInvCollPH,304,560,000B22E5,0,1,1,4294967295,0,0
oInvCollPH,304,544,003E1891,0,1,1,4294967295,0,0
oInvCollPH,512,560,00237D01,0,1,1,4294967295,0,0
oInvCollPH,512,576,00081678,0,1,1,4294967295,0,0
oInvCollPH,512,592,0007F5CB,0,1,1,4294967295,0,0
oInvCollPH,512,608,0024CC1E,0,1,1,4294967295,0,0
oInvCollPH,512,624,001ACFE2,0,1,1,4294967295,0,0
oInvCollPH,512,640,001C709B,0,1,1,4294967295,0,0
oInvCollPH,512,656,00336ED8,0,1,1,4294967295,0,0
oInvCollPH,528,656,000659CA,0,1,1,4294967295,0,0
oInvCollPH,528,640,000AB407,0,1,1,4294967295,0,0
oInvCollPH,528,624,002FECD1,0,1,1,4294967295,0,0
oInvCollPH,528,608,003C208D,0,1,1,4294967295,0,0
oInvCollPH,528,592,000455A6,0,1,1,4294967295,0,0
oInvCollPH,528,576,001C7CA3,0,1,1,4294967295,0,0
oInvCollPH,528,560,0009F181,0,1,1,4294967295,0,0
oInvCollPH,528,544,0019D96B,0,1,1,4294967295,0,0
oInvCollPH,672,688,003E24E5,0,1,1,4294967295,0,0
oInvCollPH,144,544,00045C16,0,1,1,4294967295,0,0
oInvCollPH,144,560,001ACA80,0,1,1,4294967295,0,0
oInvCollPH,144,576,0039F85E,0,1,1,4294967295,0,0
oInvCollPH,144,592,0039035C,0,1,1,4294967295,0,0
oInvCollPH,144,608,0009F600,0,1,1,4294967295,0,0
oInvCollPH,144,624,000B2510,0,1,1,4294967295,0,0
oInvCollPH,144,640,002F6904,0,1,1,4294967295,0,0
oInvCollPH,144,656,0024AC95,0,1,1,4294967295,0,0
oInvCollPH,144,672,00138934,0,1,1,4294967295,0,0
oInvCollPH,144,688,0026CB6F,0,1,1,4294967295,0,0
oInvCollPH,112,688,001DFBDF,0,1,1,4294967295,0,0
oInvCollPH,96,688,00377407,0,1,1,4294967295,0,0
oInvCollPH,80,688,00329792,0,1,1,4294967295,0,0
oInvCollPH,64,688,00035ABF,0,1,1,4294967295,0,0
oInvCollPH,128,816,001ECBD2,0,1,1,4294967295,0,0
oInvCollPH,144,816,00331AB4,0,1,1,4294967295,0,0
oInvCollPH,160,816,003A4B45,0,1,1,4294967295,0,0
oInvCollPH,1104,512,00205A10,0,1,1,4294967295,0,0
oInvCollPH,1104,528,003392FF,0,1,1,4294967295,0,0
oInvCollPH,1120,496,0032A3BB,0,1,1,4294967295,0,0
oInvCollPH,1136,496,003CAD66,0,1,1,4294967295,0,0
oInvCollPH,1152,496,00007281,0,1,1,4294967295,0,0
oInvCollPH,1168,496,002B3F2C,0,1,1,4294967295,0,0
oInvCollPH,1184,496,002D47E2,0,1,1,4294967295,0,0
oInvCollPH,1200,496,0017A0B3,0,1,1,4294967295,0,0
oInvCollPH,1248,496,001B0127,0,1,1,4294967295,0,0
oInvCollPH,1264,496,002B8E46,0,1,1,4294967295,0,0
oInvCollPH,1280,496,002FC47C,0,1,1,4294967295,0,0
oInvCollPH,1296,496,000ED849,0,1,1,4294967295,0,0
oInvCollPH,1312,496,0004801E,0,1,1,4294967295,0,0
oInvCollPH,1328,496,0020C069,0,1,1,4294967295,0,0
oInvCollPH,1344,496,0019B013,0,1,1,4294967295,0,0
oInvCollPH,1360,496,003B5170,0,1,1,4294967295,0,0
oInvCollPH,1376,496,000CDBA1,0,1,1,4294967295,0,0
oInvCollPH,1392,496,0028B254,0,1,1,4294967295,0,0
oInvCollPH,1408,496,003F5DF0,0,1,1,4294967295,0,0
oInvCollPH,1424,496,002CD53E,0,1,1,4294967295,0,0
oInvCollPH,1440,496,0013BAC3,0,1,1,4294967295,0,0
oInvCollPH,1456,496,001A49F5,0,1,1,4294967295,0,0
oInvCollPH,1472,496,001C28F6,0,1,1,4294967295,0,0
oInvCollPH,1488,496,002A1899,0,1,1,4294967295,0,0
oInvCollPH,1504,496,002EDFFF,0,1,1,4294967295,0,0
oInvCollPH,1520,496,001E63F1,0,1,1,4294967295,0,0
oInvCollPH,1536,496,0019BE5C,0,1,1,4294967295,0,0
oInvCollPH,1552,496,0005FA07,0,1,1,4294967295,0,0
oInvCollPH,1568,496,00062952,0,1,1,4294967295,0,0
oInvCollPH,1584,496,001AC064,0,1,1,4294967295,0,0
oInvCollPH,1600,496,00347902,0,1,1,4294967295,0,0
oInvCollPH,1616,496,0019F3FD,0,1,1,4294967295,0,0
oInvCollPH,1632,496,001FC9BD,0,1,1,4294967295,0,0
oInvCollPH,1648,496,0004419D,0,1,1,4294967295,0,0
oInvCollPH,1664,496,0020FA59,0,1,1,4294967295,0,0
oInvCollPH,1680,496,003C1F3B,0,1,1,4294967295,0,0
oInvCollPH,1216,528,001E2A48,0,1,1,4294967295,0,0
oInvCollPH,1216,544,003A853F,0,1,1,4294967295,0,0
oInvCollPH,1232,544,002116DA,0,1,1,4294967295,0,0
oInvCollPH,1232,528,001F994D,0,1,1,4294967295,0,0
oInvCollPH,1232,512,000D44C4,0,1,1,4294967295,0,0
oInvCollPH,1568,608,001DD37F,0,1,1,4294967295,0,0
oInvCollPH,1584,592,00044806,0,1,1,4294967295,0,0
oInvCollPH,1600,592,00192ADC,0,1,1,4294967295,0,0
oInvCollPH,1616,592,002151F5,0,1,1,4294967295,0,0
oInvCollPH,1632,592,0028492E,0,1,1,4294967295,0,0
oInvCollPH,1648,592,0026E80B,0,1,1,4294967295,0,0
oInvCollPH,1664,592,0010B4ED,0,1,1,4294967295,0,0
oInvCollPH,1680,592,001F2778,0,1,1,4294967295,0,0
oInvCollPH,1696,592,0014EB53,0,1,1,4294967295,0,0
oInvCollPH,1712,592,000A4F67,0,1,1,4294967295,0,0
oInvCollPH,1776,592,003E6EEC,0,1,1,4294967295,0,0
oInvCollPH,1760,592,00374307,0,1,1,4294967295,0,0
oInvCollPH,1744,592,003FA2B0,0,1,1,4294967295,0,0
oInvCollPH,1728,592,003B3256,0,1,1,4294967295,0,0
oInvCollPH,1856,592,001AF264,0,1,1,4294967295,0,0
oInvCollPH,1872,592,0026F8FF,0,1,1,4294967295,0,0
oInvCollPH,1888,592,002A5838,0,1,1,4294967295,0,0
oInvCollPH,1904,592,003D1DEB,0,1,1,4294967295,0,0
oInvCollPH,1920,592,0002191E,0,1,1,4294967295,0,0
oInvCollPH,1936,592,000A95B6,0,1,1,4294967295,0,0
oInvCollPH,1952,592,0030EE4A,0,1,1,4294967295,0,0
oInvCollPH,1968,592,00128C59,0,1,1,4294967295,0,0
oInvCollPH,1984,592,000D90EA,0,1,1,4294967295,0,0
oInvCollPH,2000,592,00145306,0,1,1,4294967295,0,0
oInvCollPH,2016,592,00382BBA,0,1,1,4294967295,0,0
oInvCollPH,2032,592,003AD1A0,0,1,1,4294967295,0,0
oInvCollPH,1568,640,0006768B,0,1,1,4294967295,0,0
oInvCollPH,1568,656,003048A2,0,1,1,4294967295,0,0
oInvCollPH,1568,672,0040120D,0,1,1,4294967295,0,0
oInvCollPH,1216,640,0014CD9C,0,1,1,4294967295,0,0
oInvCollPH,1216,656,001898A8,0,1,1,4294967295,0,0
oInvCollPH,1216,672,002D005A,0,1,1,4294967295,0,0
oInvCollPH,1232,672,00097BAB,0,1,1,4294967295,0,0
oInvCollPH,1232,656,002B8B7E,0,1,1,4294967295,0,0
oInvCollPH,1232,640,00401F93,0,1,1,4294967295,0,0
oInvCollPH,1232,624,000F4A91,0,1,1,4294967295,0,0
oInvCollPH,1200,688,00148A9C,0,1,1,4294967295,0,0
oInvCollPH,1248,688,0032A1BD,0,1,1,4294967295,0,0
oInvCollPH,1264,688,003E9C16,0,1,1,4294967295,0,0
oInvCollPH,1264,704,0007B98B,0,1,1,4294967295,0,0
oInvCollPH,1536,704,00068222,0,1,1,4294967295,0,0
oInvCollPH,1552,688,00199435,0,1,1,4294967295,0,0
oInvCollPH,1280,720,00329B7D,0,1,1,4294967295,0,0
oInvCollPH,1296,720,0010CB49,0,1,1,4294967295,0,0
oInvCollPH,1520,720,00205B76,0,1,1,4294967295,0,0
oInvCollPH,1504,720,0020AA67,0,1,1,4294967295,0,0
oInvCollPH,1488,720,003AFB42,0,1,1,4294967295,0,0
oInvCollPH,1472,720,0032DE00,0,1,1,4294967295,0,0
oInvCollPH,1456,704,002E805E,0,1,1,4294967295,0,0
oInvCollPH,1440,720,00221568,0,1,1,4294967295,0,0
oInvCollPH,1424,720,00105DA1,0,1,1,4294967295,0,0
oInvCollPH,1408,720,0017B96A,0,1,1,4294967295,0,0
oInvCollPH,1392,720,003758F4,0,1,1,4294967295,0,0
oInvCollPH,1376,720,001CF0C0,0,1,1,4294967295,0,0
oInvCollPH,1312,720,003D1A55,0,1,1,4294967295,0,0
oInvCollPH,1328,720,0000C0F7,0,1,1,4294967295,0,0
oInvCollPH,1344,704,00135E39,0,1,1,4294967295,0,0
oInvCollPH,1360,720,0036C647,0,1,1,4294967295,0,0
oInvCollPH,176,816,0012A33C,0,1,1,4294967295,0,0
oInvCollPH,192,816,003FE007,0,1,1,4294967295,0,0
oInvCollPH,208,816,00346B37,0,1,1,4294967295,0,0
oInvCollPH,224,816,0015BA13,0,1,1,4294967295,0,0
oInvCollPH,240,816,00310046,0,1,1,4294967295,0,0
oInvCollPH,256,816,003A7176,0,1,1,4294967295,0,0
oInvCollPH,272,816,00370198,0,1,1,4294967295,0,0
oInvCollPH,288,816,0014E0D1,0,1,1,4294967295,0,0
oInvCollPH,304,816,003F25AB,0,1,1,4294967295,0,0
oInvCollPH,320,816,000EE8DB,0,1,1,4294967295,0,0
oInvCollPH,336,816,0022CE18,0,1,1,4294967295,0,0
oInvCollPH,352,816,003AB2A4,0,1,1,4294967295,0,0
oInvCollPH,368,816,002E63A1,0,1,1,4294967295,0,0
oInvCollPH,384,816,003A90E6,0,1,1,4294967295,0,0
oInvCollPH,400,816,00351BD4,0,1,1,4294967295,0,0
oInvCollPH,416,816,002A65CB,0,1,1,4294967295,0,0
oInvCollPH,432,816,001D5CF9,0,1,1,4294967295,0,0
oInvCollPH,448,816,00235D0C,0,1,1,4294967295,0,0
oInvCollPH,464,816,00254211,0,1,1,4294967295,0,0
oInvCollPH,480,816,003B614B,0,1,1,4294967295,0,0
oInvCollPH,496,816,003304DB,0,1,1,4294967295,0,0
oInvCollPH,512,816,003E1219,0,1,1,4294967295,0,0
oInvCollPH,528,816,002490AD,0,1,1,4294967295,0,0
oInvCollPH,544,816,002DD657,0,1,1,4294967295,0,0
oInvCollPH,560,816,00183FE9,0,1,1,4294967295,0,0
oInvCollPH,576,816,000B1AA8,0,1,1,4294967295,0,0
oInvCollPH,592,816,0024E04E,0,1,1,4294967295,0,0
oInvCollPH,608,816,000C9729,0,1,1,4294967295,0,0
oInvCollPH,624,816,00095C3A,0,1,1,4294967295,0,0
oInvCollPH,640,816,000612C5,0,1,1,4294967295,0,0
oInvCollPH,656,816,0007B5F6,0,1,1,4294967295,0,0
oInvCollPH,672,816,0013A5AA,0,1,1,4294967295,0,0
oInvCollPH,688,816,00027C67,0,1,1,4294967295,0,0
oInvCollPH,704,816,0022CB5F,0,1,1,4294967295,0,0
oInvCollPH,720,816,00245786,0,1,1,4294967295,0,0
oInvCollPH,736,816,0006F1A8,0,1,1,4294967295,0,0
oInvCollPH,752,816,00216BA0,0,1,1,4294967295,0,0
oInvCollPH,768,816,0010984E,0,1,1,4294967295,0,0
oInvCollPH,784,816,002192A6,0,1,1,4294967295,0,0
oInvCollPH,800,816,0036C64B,0,1,1,4294967295,0,0
oInvCollPH,816,816,0021815B,0,1,1,4294967295,0,0
oInvCollPH,832,816,000585FE,0,1,1,4294967295,0,0
oInvCollPH,848,816,0036C1BF,0,1,1,4294967295,0,0
oInvCollPH,864,816,00387807,0,1,1,4294967295,0,0
oInvCollPH,880,816,002B0FA6,0,1,1,4294967295,0,0
oInvCollPH,896,816,00224E61,0,1,1,4294967295,0,0
oInvCollPH,912,816,002DDFD1,0,1,1,4294967295,0,0
oInvCollPH,112,816,0033C367,0,1,1,4294967295,0,0
oInvCollPH,96,816,003A4F71,0,1,1,4294967295,0,0
oInvCollPH,80,800,0013E298,0,1,1,4294967295,0,0
oInvCollPH,144,704,001A1307,0,1,1,4294967295,0,0
oInvCollPH,144,720,002ABAC6,0,1,1,4294967295,0,0
oInvCollPH,144,736,0037220E,0,1,1,4294967295,0,0
oInvCollPH,128,736,0026E12A,0,1,1,4294967295,0,0
oInvCollPH,128,720,003EE00C,0,1,1,4294967295,0,0
oInvCollPH,48,704,003A9999,0,1,1,4294967295,0,0
oInvCollPH,48,720,0023FC81,0,1,1,4294967295,0,0
oInvCollPH,48,736,000BC8CF,0,1,1,4294967295,0,0
oInvCollPH,48,752,003716F6,0,1,1,4294967295,0,0
oInvCollPH,48,768,001E93D2,0,1,1,4294967295,0,0
oInvCollPH,80,784,001AAAE5,0,1,1,4294967295,0,0
oInvCollPH,2048,592,00244F31,0,1,1,4294967295,0,0
oInvCollPH,2064,592,003DB10A,0,1,1,4294967295,0,0
oInvCollPH,2064,608,0011FD14,0,1,1,4294967295,0,0
oInvCollPH,2064,512,001DF3BB,0,1,1,4294967295,0,0
oInvCollPH,2096,352,00372166,0,1,1,4294967295,0,0
oInvCollPH,2096,368,000281EC,0,1,1,4294967295,0,0
oInvCollPH,2432,304,00399BAF,0,1,1,4294967295,0,0
oInvCollPH,2448,304,00177C8B,0,1,1,4294967295,0,0
oInvCollPH,2448,288,000209EB,0,1,1,4294967295,0,0
oInvCollPH,2576,304,000F54E8,0,1,1,4294967295,0,0
oInvCollPH,2592,304,0010CFD5,0,1,1,4294967295,0,0
oInvCollPH,2592,288,00291B99,0,1,1,4294967295,0,0
oInvCollPH,2720,272,002BD162,0,1,1,4294967295,0,0
oInvCollPH,2736,272,00061642,0,1,1,4294967295,0,0
oInvCollPH,2736,256,002820A0,0,1,1,4294967295,0,0
oInvCollPH,2688,368,00072619,0,1,1,4294967295,0,0
oInvCollPH,2704,368,002503C4,0,1,1,4294967295,0,0
oInvCollPH,2704,352,001E2B80,0,1,1,4294967295,0,0
oInvCollPH,2544,384,00094CE9,0,1,1,4294967295,0,0
oInvCollPH,2560,384,0025D751,0,1,1,4294967295,0,0
oInvCollPH,2576,384,00229864,0,1,1,4294967295,0,0
oInvCollPH,2592,384,000976D4,0,1,1,4294967295,0,0
oInvCollPH,2608,384,0034BE71,0,1,1,4294967295,0,0
oInvCollPH,2624,384,000B9861,0,1,1,4294967295,0,0
oInvCollPH,2640,384,001D9710,0,1,1,4294967295,0,0
oInvCollPH,2656,384,0005568D,0,1,1,4294967295,0,0
oInvCollPH,2672,384,002A63C0,0,1,1,4294967295,0,0
oInvCollPH,2672,400,0036547B,0,1,1,4294967295,0,0
oInvCollPH,2656,400,001F8045,0,1,1,4294967295,0,0
oInvCollPH,2640,400,0022366A,0,1,1,4294967295,0,0
oInvCollPH,2624,400,001163A9,0,1,1,4294967295,0,0
oInvCollPH,2608,400,000268F9,0,1,1,4294967295,0,0
oInvCollPH,2592,400,002C97F6,0,1,1,4294967295,0,0
oInvCollPH,2576,400,00235AAF,0,1,1,4294967295,0,0
oInvCollPH,2560,400,0013103F,0,1,1,4294967295,0,0
oInvCollPH,2544,400,0023BE66,0,1,1,4294967295,0,0
oInvCollPH,2528,400,002F81D4,0,1,1,4294967295,0,0
oInvCollPH,2672,544,002619A3,0,1,1,4294967295,0,0
oInvCollPH,2656,560,00171629,0,1,1,4294967295,0,0
oInvCollPH,2656,576,003D8032,0,1,1,4294967295,0,0
oInvCollPH,2496,496,00196827,0,1,1,4294967295,0,0
oInvCollPH,2512,496,000D44D9,0,1,1,4294967295,0,0
oInvCollPH,2528,496,001C2A94,0,1,1,4294967295,0,0
oInvCollPH,2544,496,0008DC69,0,1,1,4294967295,0,0
oInvCollPH,2544,480,0039B09E,0,1,1,4294967295,0,0
oInvCollPH,2528,480,00025844,0,1,1,4294967295,0,0
oInvCollPH,2512,480,00372527,0,1,1,4294967295,0,0
oInvCollPH,2208,304,003D8E09,0,1,1,4294967295,0,0
oInvCollPH,2224,304,001E5E8C,0,1,1,4294967295,0,0
oInvCollPH,2240,304,00295449,0,1,1,4294967295,0,0
oInvCollPH,2256,304,00135CB3,0,1,1,4294967295,0,0
oInvCollPH,2272,304,003FDD8F,0,1,1,4294967295,0,0
oInvCollPH,2288,304,0024C4C8,0,1,1,4294967295,0,0
oInvCollPH,2288,288,003706DC,0,1,1,4294967295,0,0
oInvCollPH,2272,288,0021B429,0,1,1,4294967295,0,0
oInvCollPH,2256,288,00339821,0,1,1,4294967295,0,0
oInvCollPH,2240,288,00274F7E,0,1,1,4294967295,0,0
oInvCollPH,2224,288,002A28ED,0,1,1,4294967295,0,0
oInvCollPH,2176,432,002C8F9A,0,1,1,4294967295,0,0
oInvCollPH,2176,448,0012C258,0,1,1,4294967295,0,0
oInvCollPH,2176,464,0010BB59,0,1,1,4294967295,0,0
oInvCollPH,2176,480,00342388,0,1,1,4294967295,0,0
oInvCollPH,2192,480,00210FA5,0,1,1,4294967295,0,0
oInvCollPH,2192,464,0003BF5C,0,1,1,4294967295,0,0
oInvCollPH,2192,448,00254A2C,0,1,1,4294967295,0,0
oInvCollPH,2192,432,0030E6F4,0,1,1,4294967295,0,0
oInvCollPH,2192,416,0025554A,0,1,1,4294967295,0,0
oInvCollPH,2336,432,0033FE3F,0,1,1,4294967295,0,0
oInvCollPH,2336,448,0023FD7E,0,1,1,4294967295,0,0
oInvCollPH,2336,464,001E6EFF,0,1,1,4294967295,0,0
oInvCollPH,2336,480,0026FE55,0,1,1,4294967295,0,0
oInvCollPH,2352,480,000DFFBF,0,1,1,4294967295,0,0
oInvCollPH,2352,464,003624B3,0,1,1,4294967295,0,0
oInvCollPH,2352,448,00114531,0,1,1,4294967295,0,0
oInvCollPH,2352,432,001E3B2A,0,1,1,4294967295,0,0
oInvCollPH,2352,416,00358401,0,1,1,4294967295,0,0
oInvCollPH,2480,288,002C5690,0,1,1,4294967295,0,0
oInvCollPH,2480,304,0035A108,0,1,1,4294967295,0,0
oInvCollPH,2480,320,000F6B94,0,1,1,4294967295,0,0
oInvCollPH,2480,336,0038FEFB,0,1,1,4294967295,0,0
oInvCollPH,2480,352,001F4795,0,1,1,4294967295,0,0
oInvCollPH,2480,368,003B71F8,0,1,1,4294967295,0,0
oInvCollPH,2480,432,0026A87E,0,1,1,4294967295,0,0
oInvCollPH,2480,416,00085158,0,1,1,4294967295,0,0
oInvCollPH,2480,400,0014D791,0,1,1,4294967295,0,0
oInvCollPH,2480,384,001E7D9A,0,1,1,4294967295,0,0
oInvCollPH,2464,320,00174BF6,0,1,1,4294967295,0,0
oInvCollPH,2464,336,0001FE38,0,1,1,4294967295,0,0
oInvCollPH,2464,352,001DF5FB,0,1,1,4294967295,0,0
oInvCollPH,2464,368,00070BB8,0,1,1,4294967295,0,0
oInvCollPH,2464,416,003D3ED8,0,1,1,4294967295,0,0
oInvCollPH,2464,432,003E98C9,0,1,1,4294967295,0,0
oInvCollPH,2464,448,002F8954,0,1,1,4294967295,0,0
oInvCollPH,2464,464,00130821,0,1,1,4294967295,0,0
oInvCollPH,2464,480,00060DFC,0,1,1,4294967295,0,0
oInvCollPH,2464,496,0009B69A,0,1,1,4294967295,0,0
oInvCollPH,2464,512,0026BCEB,0,1,1,4294967295,0,0
oInvCollPH,2480,512,0003E560,0,1,1,4294967295,0,0
oInvCollPH,2480,464,000F6AB3,0,1,1,4294967295,0,0
oInvCollPH,2480,448,001186FC,0,1,1,4294967295,0,0
oInvCollPH,2944,176,0034A18E,0,1,1,4294967295,0,0
oInvCollPH,2960,176,000CF32C,0,1,1,4294967295,0,0
oInvCollPH,2960,160,0015B623,0,1,1,4294967295,0,0
oInvCollPH,3040,176,000C8118,0,1,1,4294967295,0,0
oInvCollPH,3040,192,003A6695,0,1,1,4294967295,0,0
oInvCollPH,3040,208,0023B4F4,0,1,1,4294967295,0,0
oInvCollPH,3040,224,0005FBB5,0,1,1,4294967295,0,0
oInvCollPH,3040,240,00024EC1,0,1,1,4294967295,0,0
oInvCollPH,2032,384,0018AD97,0,1,1,4294967295,0,0
oInvCollPH,2016,416,0015F6B5,0,1,1,4294967295,0,0
oInvCollPH,2016,432,002D9B69,0,1,1,4294967295,0,0
oInvCollPH,2016,448,00095EBE,0,1,1,4294967295,0,0
oInvCollPH,2016,464,0004D0B9,0,1,1,4294967295,0,0
oInvCollPH,2016,496,00216591,0,1,1,4294967295,0,0
oInvCollPH,2032,496,001269FC,0,1,1,4294967295,0,0
oInvCollPH,2064,496,0035AC74,0,1,1,4294967295,0,0
oInvCollPH,2064,480,00180EAB,0,1,1,4294967295,0,0
oInvCollPH,2064,464,001C210A,0,1,1,4294967295,0,0
oInvCollPH,2064,448,0030D545,0,1,1,4294967295,0,0
oInvCollPH,2064,432,00200024,0,1,1,4294967295,0,0
oInvCollPH,2064,416,00255A09,0,1,1,4294967295,0,0
oInvCollPH,2144,48,003F0CDB,0,1,1,4294967295,0,0
oInvCollPH,2144,64,0010280A,0,1,1,4294967295,0,0
oInvCollPH,2144,80,003F0113,0,1,1,4294967295,0,0
oInvCollPH,2144,32,0036A899,0,1,1,4294967295,0,0
oInvCollPH,2240,48,001365E7,0,1,1,4294967295,0,0
oInvCollPH,2256,48,000A6965,0,1,1,4294967295,0,0
oInvCollPH,1408,16,000E956B,0,1,1,4294967295,0,0
oInvCollPH,1424,16,00179B6F,0,1,1,4294967295,0,0
oInvCollPH,1440,16,00186F84,0,1,1,4294967295,0,0
oInvCollPH,1456,16,001A3A5A,0,1,1,4294967295,0,0
oInvCollPH,1472,16,002A39A4,0,1,1,4294967295,0,0
oInvCollPH,1488,16,000A4383,0,1,1,4294967295,0,0
oInvCollPH,1504,16,00319A4D,0,1,1,4294967295,0,0
oInvCollPH,1520,16,0026AD71,0,1,1,4294967295,0,0
oInvCollPH,1536,16,00101088,0,1,1,4294967295,0,0
oInvCollPH,1552,16,001E304B,0,1,1,4294967295,0,0
oInvCollPH,1568,16,0009EA03,0,1,1,4294967295,0,0
oInvCollPH,1584,16,000E25CF,0,1,1,4294967295,0,0
oInvCollPH,1696,16,00254216,0,1,1,4294967295,0,0
oInvCollPH,1712,16,0037121F,0,1,1,4294967295,0,0
oInvCollPH,1728,16,002229DF,0,1,1,4294967295,0,0
oInvCollPH,1760,16,0003E28E,0,1,1,4294967295,0,0
oInvCollPH,1776,16,0011D5F2,0,1,1,4294967295,0,0
oInvCollPH,1792,16,001D379E,0,1,1,4294967295,0,0
oInvCollPH,1808,16,000D0BA2,0,1,1,4294967295,0,0
oInvCollPH,1824,16,0021F707,0,1,1,4294967295,0,0
oInvCollPH,1840,16,002A85E7,0,1,1,4294967295,0,0
oInvCollPH,1856,16,00035DE8,0,1,1,4294967295,0,0
oInvCollPH,1872,16,00374B46,0,1,1,4294967295,0,0
oInvCollPH,1744,16,0023C041,0,1,1,4294967295,0,0
oInvCollPH,1920,16,00211697,0,1,1,4294967295,0,0
oInvCollPH,1936,16,003B67AC,0,1,1,4294967295,0,0
oInvCollPH,1952,16,001AE41D,0,1,1,4294967295,0,0
oInvCollPH,1968,16,000CB1F7,0,1,1,4294967295,0,0
oInvCollPH,1984,16,000FE0D1,0,1,1,4294967295,0,0
oInvCollPH,2000,16,0025074D,0,1,1,4294967295,0,0
oInvCollPH,2016,16,001C6C29,0,1,1,4294967295,0,0
oInvCollPH,2032,16,000C9AAE,0,1,1,4294967295,0,0
oInvCollPH,2048,16,003B7B12,0,1,1,4294967295,0,0
oInvCollPH,2064,16,0011C65C,0,1,1,4294967295,0,0
oInvCollPH,2080,16,0004CDB3,0,1,1,4294967295,0,0
oInvCollPH,2096,16,003A4720,0,1,1,4294967295,0,0
oInvCollPH,2112,16,003D16FC,0,1,1,4294967295,0,0
oInvCollPH,2128,16,000F6E83,0,1,1,4294967295,0,0
oInvCollPH,2224,64,0022D2A0,0,1,1,4294967295,0,0
oInvCollPH,2224,80,0003AF88,0,1,1,4294967295,0,0
oInvCollPH,2064,96,00286E9C,0,1,1,4294967295,0,0
oInvCollPH,2112,96,001F9F0F,0,1,1,4294967295,0,0
oInvCollPH,2128,96,0010D0DB,0,1,1,4294967295,0,0
oInvCollPH,2048,112,0033113B,0,1,1,4294967295,0,0
oInvCollPH,2048,128,000B7512,0,1,1,4294967295,0,0
oInvCollPH,2048,144,001BACF6,0,1,1,4294967295,0,0
oInvCollPH,2080,144,0012704B,0,1,1,4294967295,0,0
oInvCollPH,2096,144,001BC5EE,0,1,1,4294967295,0,0
oInvCollPH,2112,144,000B530B,0,1,1,4294967295,0,0
oInvCollPH,2128,144,002F30FF,0,1,1,4294967295,0,0
oInvCollPH,2144,144,002CDB75,0,1,1,4294967295,0,0
oInvCollPH,2160,144,002483FB,0,1,1,4294967295,0,0
oInvCollPH,2176,144,00160378,0,1,1,4294967295,0,0
oInvCollPH,2192,144,000FE907,0,1,1,4294967295,0,0
oInvCollPH,2208,144,001FD510,0,1,1,4294967295,0,0
oInvCollPH,2224,144,002225BF,0,1,1,4294967295,0,0
oInvCollPH,2224,128,001A2CE9,0,1,1,4294967295,0,0
oInvCollPH,2224,112,0003B7D1,0,1,1,4294967295,0,0
oInvCollPH,2224,96,0037FC3B,0,1,1,4294967295,0,0
oInvCollPH,2272,64,0001259A,0,1,1,4294967295,0,0
oInvCollPH,2272,80,003476EF,0,1,1,4294967295,0,0
oInvCollPH,2272,96,002ABDF6,0,1,1,4294967295,0,0
oInvCollPH,2272,112,000863D1,0,1,1,4294967295,0,0
oInvCollPH,2272,128,00203D52,0,1,1,4294967295,0,0
oInvCollPH,2272,144,001F958C,0,1,1,4294967295,0,0
oInvCollPH,2288,144,003DAFF5,0,1,1,4294967295,0,0
oInvCollPH,2304,144,001842AA,0,1,1,4294967295,0,0
oInvCollPH,2320,144,001FDEA3,0,1,1,4294967295,0,0
oInvCollPH,2336,144,002EDF2A,0,1,1,4294967295,0,0
oInvCollPH,2352,144,0034C06F,0,1,1,4294967295,0,0
oInvCollPH,2368,144,002F4E9F,0,1,1,4294967295,0,0
oInvCollPH,2384,144,0001CEA1,0,1,1,4294967295,0,0
oInvCollPH,2400,144,001CC1B8,0,1,1,4294967295,0,0
oInvCollPH,2416,144,001F4622,0,1,1,4294967295,0,0
oInvCollPH,2432,144,0019B616,0,1,1,4294967295,0,0
oInvCollPH,2448,144,0034CDBA,0,1,1,4294967295,0,0
oInvCollPH,2464,144,00321309,0,1,1,4294967295,0,0
oInvCollPH,2480,144,003DFC31,0,1,1,4294967295,0,0
oInvCollPH,2496,144,00376ED1,0,1,1,4294967295,0,0
oInvCollPH,2512,144,00185AA8,0,1,1,4294967295,0,0
oInvCollPH,2528,144,000BC94F,0,1,1,4294967295,0,0
oInvCollPH,2544,144,000155C7,0,1,1,4294967295,0,0
oInvCollPH,2560,144,0003D12F,0,1,1,4294967295,0,0
oInvCollPH,2576,144,00295A41,0,1,1,4294967295,0,0
oInvCollPH,2592,144,001BCF4D,0,1,1,4294967295,0,0
oInvCollPH,2608,144,00239936,0,1,1,4294967295,0,0
oInvCollPH,2624,144,001AA7CE,0,1,1,4294967295,0,0
oInvCollPH,2640,144,0009F032,0,1,1,4294967295,0,0
oInvCollPH,2656,144,0005675C,0,1,1,4294967295,0,0
oInvCollPH,2672,144,00191798,0,1,1,4294967295,0,0
oInvCollPH,2688,144,00011616,0,1,1,4294967295,0,0
oInvCollPH,2704,144,00384356,0,1,1,4294967295,0,0
oInvCollPH,2720,144,0013136C,0,1,1,4294967295,0,0
oInvCollPH,2736,144,0033F2B9,0,1,1,4294967295,0,0
oInvCollPH,2752,144,001AB61C,0,1,1,4294967295,0,0
oInvCollPH,2768,144,0006E53E,0,1,1,4294967295,0,0
oInvCollPH,2784,144,000698FD,0,1,1,4294967295,0,0
oInvCollPH,2800,144,00151310,0,1,1,4294967295,0,0
oInvCollPH,2816,144,00317420,0,1,1,4294967295,0,0
oInvCollPH,2832,144,000B0313,0,1,1,4294967295,0,0
oInvCollPH,2848,144,001F8CEE,0,1,1,4294967295,0,0
oInvCollPH,2864,144,0024CECC,0,1,1,4294967295,0,0
oInvCollPH,2880,144,00154FB7,0,1,1,4294967295,0,0
oInvCollPH,2896,144,00318D2D,0,1,1,4294967295,0,0
oInvCollPH,2912,144,003AD01C,0,1,1,4294967295,0,0
oInvCollPH,2928,144,000F8CD4,0,1,1,4294967295,0,0
oInvCollPH,2976,144,00208E3E,0,1,1,4294967295,0,0
oInvCollPH,2992,144,000DA992,0,1,1,4294967295,0,0
oInvCollPH,3008,144,00054EF7,0,1,1,4294967295,0,0
oInvCollPH,3024,144,001FE9D1,0,1,1,4294967295,0,0
oInvCollPH,2432,640,003DD321,0,1,1,4294967295,0,0
oInvCollPH,2448,624,0008C440,0,1,1,4294967295,0,0
oInvCollPH,2080,624,00135D53,0,1,1,4294967295,0,0
oInvCollPH,2096,624,00221F8B,0,1,1,4294967295,0,0
oInvCollPH,2096,640,0033DDA7,0,1,1,4294967295,0,0
oInvCollPH,2128,656,0025AD0A,0,1,1,4294967295,0,0
oInvCollPH,2144,656,0021A294,0,1,1,4294967295,0,0
oInvCollPH,2160,656,003928FA,0,1,1,4294967295,0,0
oInvCollPH,2176,656,00303183,0,1,1,4294967295,0,0
oInvCollPH,2192,656,0026A40E,0,1,1,4294967295,0,0
oInvCollPH,2208,656,00356D36,0,1,1,4294967295,0,0
oInvCollPH,2224,656,000F7393,0,1,1,4294967295,0,0
oInvCollPH,2240,656,00337E3E,0,1,1,4294967295,0,0
oInvCollPH,2256,656,00219517,0,1,1,4294967295,0,0
oInvCollPH,2416,656,002C93D4,0,1,1,4294967295,0,0
oInvCollPH,2400,656,001FC3BF,0,1,1,4294967295,0,0
oInvCollPH,2384,656,00062B53,0,1,1,4294967295,0,0
oInvCollPH,2368,656,002D40EB,0,1,1,4294967295,0,0
oInvCollPH,2352,656,00017125,0,1,1,4294967295,0,0
oInvCollPH,2336,656,002B447B,0,1,1,4294967295,0,0
oInvCollPH,2320,656,0033C5AE,0,1,1,4294967295,0,0
oInvCollPH,2304,656,0002BAE9,0,1,1,4294967295,0,0
oInvCollPH,2288,656,0010B4D9,0,1,1,4294967295,0,0
oInvCollPH,2272,656,002219B4,0,1,1,4294967295,0,0
oInvCollPH,2480,592,000A8F31,0,1,1,4294967295,0,0
oInvCollPH,2496,592,0033BA18,0,1,1,4294967295,0,0
oInvCollPH,2512,592,003D411B,0,1,1,4294967295,0,0
oInvCollPH,2528,592,002783EB,0,1,1,4294967295,0,0
oInvCollPH,2544,592,002EF92B,0,1,1,4294967295,0,0
oInvCollPH,2560,592,00276197,0,1,1,4294967295,0,0
oInvCollPH,2576,592,00076779,0,1,1,4294967295,0,0
oInvCollPH,2592,592,0010FF75,0,1,1,4294967295,0,0
oInvCollPH,2608,592,00133C3A,0,1,1,4294967295,0,0
oInvCollPH,2624,592,002CA71A,0,1,1,4294967295,0,0
oInvCollPH,2640,592,003B3BCD,0,1,1,4294967295,0,0
oInvCollPH,2080,400,0011422F,0,1,1,4294967295,0,0
oInvCollPH,2096,400,0008E1D7,0,1,1,4294967295,0,0
oInvCollPH,2112,400,00310AB7,0,1,1,4294967295,0,0
oInvCollPH,2128,400,0022361B,0,1,1,4294967295,0,0
oInvCollPH,2144,400,000B499D,0,1,1,4294967295,0,0
oInvCollPH,2160,400,001E8BAF,0,1,1,4294967295,0,0
oInvCollPH,2208,400,00081DA8,0,1,1,4294967295,0,0
oInvCollPH,2224,400,0006127F,0,1,1,4294967295,0,0
oInvCollPH,2448,400,001F5728,0,1,1,4294967295,0,0
oInvCollPH,2432,400,0019C7BE,0,1,1,4294967295,0,0
oInvCollPH,2416,400,0039AF3A,0,1,1,4294967295,0,0
oInvCollPH,2400,400,000DEFD0,0,1,1,4294967295,0,0
oInvCollPH,2384,400,000E304A,0,1,1,4294967295,0,0
oInvCollPH,2368,400,00278016,0,1,1,4294967295,0,0
oInvCollPH,2320,400,001A03CC,0,1,1,4294967295,0,0
oInvCollPH,2304,400,001DDE67,0,1,1,4294967295,0,0
oInvCollPH,2288,400,0024A43C,0,1,1,4294967295,0,0
oInvCollPH,2272,400,002BB145,0,1,1,4294967295,0,0
oInvCollPH,2256,400,000ABF3C,0,1,1,4294967295,0,0
oInvCollPH,2240,400,002B4141,0,1,1,4294967295,0,0
oInvCollPH,2048,176,002A6A58,0,1,1,4294967295,0,0
oInvCollPH,2048,192,002E2EA0,0,1,1,4294967295,0,0
oInvCollPH,2048,208,0002B858,0,1,1,4294967295,0,0
oInvCollPH,2048,224,0007E5FD,0,1,1,4294967295,0,0
oInvCollPH,2048,240,00279D56,0,1,1,4294967295,0,0
oInvCollPH,2048,256,002D8AFA,0,1,1,4294967295,0,0
oInvCollPH,2048,272,001A1C2D,0,1,1,4294967295,0,0
oInvCollPH,2048,288,00389725,0,1,1,4294967295,0,0
oInvCollPH,2048,304,001C99DD,0,1,1,4294967295,0,0
oInvCollPH,2048,320,00341B14,0,1,1,4294967295,0,0
oInvCollPH,2048,336,001E8CB7,0,1,1,4294967295,0,0
oInvCollPH,2048,352,00361CAF,0,1,1,4294967295,0,0
oInvCollPH,2048,368,001CDB76,0,1,1,4294967295,0,0
oInvCollPH,2064,336,00196ADC,0,1,1,4294967295,0,0
oInvCollPH,2064,320,00084A89,0,1,1,4294967295,0,0
oInvCollPH,2064,304,0012549B,0,1,1,4294967295,0,0
oInvCollPH,2064,288,000AFFBB,0,1,1,4294967295,0,0
oInvCollPH,2064,272,002C8654,0,1,1,4294967295,0,0
oInvCollPH,2064,256,00362EB1,0,1,1,4294967295,0,0
oInvCollPH,2064,240,003E85A1,0,1,1,4294967295,0,0
oInvCollPH,2064,224,00061F48,0,1,1,4294967295,0,0
oInvCollPH,2064,208,000F0DE9,0,1,1,4294967295,0,0
oInvCollPH,2064,192,00260450,0,1,1,4294967295,0,0
oInvCollPH,2064,176,00069092,0,1,1,4294967295,0,0
oInvCollPH,2064,160,0025F110,0,1,1,4294967295,0,0
oInvCollPH,2864,256,0020F718,0,1,1,4294967295,0,0
oInvCollPH,2880,256,0035541C,0,1,1,4294967295,0,0
oInvCollPH,2896,256,002A091A,0,1,1,4294967295,0,0
oInvCollPH,2912,256,00357C0E,0,1,1,4294967295,0,0
oInvCollPH,2928,256,00220085,0,1,1,4294967295,0,0
oInvCollPH,2944,256,003ABB66,0,1,1,4294967295,0,0
oInvCollPH,2960,256,003BCAD3,0,1,1,4294967295,0,0
oInvCollPH,2976,256,002C2D50,0,1,1,4294967295,0,0
oInvCollPH,2992,256,00096D8B,0,1,1,4294967295,0,0
oInvCollPH,3008,256,00249405,0,1,1,4294967295,0,0
oInvCollPH,3024,256,00156A87,0,1,1,4294967295,0,0
oInvCollPH,2688,416,0032FCB7,0,1,1,4294967295,0,0
oInvCollPH,2688,432,001BB976,0,1,1,4294967295,0,0
oInvCollPH,2688,448,00111645,0,1,1,4294967295,0,0
oInvCollPH,2688,464,002BB76E,0,1,1,4294967295,0,0
oInvCollPH,2848,272,00147B6A,0,1,1,4294967295,0,0
oInvCollPH,2848,288,001918DB,0,1,1,4294967295,0,0
oInvCollPH,2848,304,0027444C,0,1,1,4294967295,0,0
oInvCollPH,2848,320,00269C91,0,1,1,4294967295,0,0
oInvCollPH,2848,336,0008F681,0,1,1,4294967295,0,0
oInvCollPH,2832,352,0032C62C,0,1,1,4294967295,0,0
oInvCollPH,2816,368,0007711F,0,1,1,4294967295,0,0
oInvCollPH,2688,480,00345E1B,0,1,1,4294967295,0,0
oInvCollPH,2688,496,001A9833,0,1,1,4294967295,0,0
oInvCollPH,2688,512,003E2841,0,1,1,4294967295,0,0
oInvCollPH,2688,528,003D140F,0,1,1,4294967295,0,0
oInvCollPH,2752,384,00159C41,0,1,1,4294967295,0,0
oInvCollPH,2736,384,0032D5CA,0,1,1,4294967295,0,0
oInvCollPH,2720,384,00343B74,0,1,1,4294967295,0,0
oInvCollPH,2800,384,0022B569,0,1,1,4294967295,0,0
oInvCollPH,2784,384,0039F3B1,0,1,1,4294967295,0,0
oInvCollPH,2768,384,002F761B,0,1,1,4294967295,0,0
oInvCollPH,336,48,00161DFE,0,1,1,4294967295,0,0
oInvCollPH,352,48,0007AA8E,0,1,1,4294967295,0,0
oInvCollPH,352,32,000AC8F6,0,1,1,4294967295,0,0
oInvCollPH,608,16,002E6513,0,1,1,4294967295,0,0
oInvCollPH,624,16,0022C6E4,0,1,1,4294967295,0,0
oInvCollPH,640,16,00265490,0,1,1,4294967295,0,0
oInvCollPH,656,16,001EBFE4,0,1,1,4294967295,0,0
oInvCollPH,672,16,000E3489,0,1,1,4294967295,0,0
oInvCollPH,688,16,00177B54,0,1,1,4294967295,0,0
oInvCollPH,704,16,0015F8AA,0,1,1,4294967295,0,0
oInvCollPH,720,16,000FA4A2,0,1,1,4294967295,0,0
oInvCollPH,736,16,00349899,0,1,1,4294967295,0,0
oInvCollPH,752,16,0008DBBB,0,1,1,4294967295,0,0
oInvCollPH,976,16,0030D699,0,1,1,4294967295,0,0
oInvCollPH,960,16,000ED1AE,0,1,1,4294967295,0,0
oInvCollPH,944,16,003616A3,0,1,1,4294967295,0,0
oInvCollPH,928,16,002C922C,0,1,1,4294967295,0,0
oInvCollPH,912,16,003032A2,0,1,1,4294967295,0,0
oInvCollPH,896,16,001439D0,0,1,1,4294967295,0,0
oInvCollPH,848,16,001325FC,0,1,1,4294967295,0,0
oInvCollPH,832,16,003F61B7,0,1,1,4294967295,0,0
oInvCollPH,816,16,001B06C3,0,1,1,4294967295,0,0
oInvCollPH,800,16,001EF316,0,1,1,4294967295,0,0
oInvCollPH,784,16,00054624,0,1,1,4294967295,0,0
oInvCollPH,768,16,00043F22,0,1,1,4294967295,0,0
oInvCollPH,32,16,002A9B26,0,1,1,4294967295,0,0
oInvCollPH,48,16,00089812,0,1,1,4294967295,0,0
oInvCollPH,64,16,002C81C4,0,1,1,4294967295,0,0
oInvCollPH,80,16,0026A85A,0,1,1,4294967295,0,0
oInvCollPH,96,16,001C8B16,0,1,1,4294967295,0,0
oInvCollPH,112,16,003FFB0D,0,1,1,4294967295,0,0
oInvCollPH,128,16,003C8138,0,1,1,4294967295,0,0
oInvCollPH,144,16,003BC38A,0,1,1,4294967295,0,0
oInvCollPH,224,16,000A66D2,0,1,1,4294967295,0,0
oInvCollPH,208,16,00193847,0,1,1,4294967295,0,0
oInvCollPH,192,16,0016F0A7,0,1,1,4294967295,0,0
oInvCollPH,176,16,003319FC,0,1,1,4294967295,0,0
oInvCollPH,160,16,0005EDFE,0,1,1,4294967295,0,0
oInvCollPH,304,16,0020C78A,0,1,1,4294967295,0,0
oInvCollPH,288,16,001FBEDC,0,1,1,4294967295,0,0
oInvCollPH,272,16,001569FE,0,1,1,4294967295,0,0
oInvCollPH,256,16,0025FF2E,0,1,1,4294967295,0,0
oInvCollPH,240,16,00308385,0,1,1,4294967295,0,0
oInvCollPH,560,16,00014588,0,1,1,4294967295,0,0
oInvCollPH,544,16,000E43BA,0,1,1,4294967295,0,0
oInvCollPH,528,16,0004E2E7,0,1,1,4294967295,0,0
oInvCollPH,512,16,00071115,0,1,1,4294967295,0,0
oInvCollPH,496,16,0004F74F,0,1,1,4294967295,0,0
oInvCollPH,480,16,002B9C38,0,1,1,4294967295,0,0
oInvCollPH,464,16,0031AD0B,0,1,1,4294967295,0,0
oInvCollPH,448,16,0006843C,0,1,1,4294967295,0,0
oInvCollPH,432,16,00005F1A,0,1,1,4294967295,0,0
oInvCollPH,416,16,003EA29F,0,1,1,4294967295,0,0
oInvCollPH,400,16,003FF9F7,0,1,1,4294967295,0,0
oInvCollPH,384,16,003DC5F5,0,1,1,4294967295,0,0
oInvCollPH,368,16,000D927A,0,1,1,4294967295,0,0
oInvCollPH,320,16,001930FD,0,1,1,4294967295,0,0
oInvCollSM,1808,432,0013D5AC,0,1,1,4294967295,0,0
oInvCollSM,1936,432,00013897,0,1,1,4294967295,0,0
oInvisibleSolid,32,512,003184CC,0,1,1,4294967295,0,1
oInvisibleSolid,0,32,00260B98,0,1,1,4294967295,0,1
oInvisibleSolid,224,192,00279699,0,1,1,4294967295,0,1
oInvisibleSolid,448,192,002247AA,0,1,1,4294967295,0,1
oInvisibleSolid,576,384,001BD250,0,1,1,4294967295,0,1
oInvisibleSolid,416,352,0017C599,0,1,1,4294967295,0,1
oInvisibleSolid,256,352,00390E7E,0,1,1,4294967295,0,1
oInvisibleSolid,0,0,00048A8C,0,1,1,4294967295,0,1
oInvisibleSolid,32,352,0016D6EA,0,1,1,4294967295,0,1
oInvisibleSolid,576,0,00383A32,0,1,1,4294967295,0,1
oInvisibleSolid,608,0,001C84B7,0,1,1,4294967295,0,1
oInvisibleSolid,608,32,0036F544,0,1,1,4294967295,0,0
oInvisibleSolid,560,32,00222527,0,1,1,4294967295,0,0
oInvisibleSolid,32,384,000C5B49,0,1,1,4294967295,0,1
oInvisibleSolid,128,384,0003A459,0,1,1,4294967295,0,1
oInvisibleSolid,832,512,000E4740,0,1,1,4294967295,0,1
oInvisibleLupLowSlope,608,128,00305228,0,1,1,4294967295,0,0
oInvisibleLupLowSlope,640,144,0025DBCE,0,1,1,4294967295,0,0
oInvisibleLupLowSlope,672,160,00173920,0,1,1,4294967295,0,0
oInvisibleLupLowSlope,704,176,0026C200,0,1,1,4294967295,0,0
oInvisibleLupLowSlope,736,192,000D702A,0,1,1,4294967295,0,0
oInvisibleLupLowSlope,768,208,003E05A8,0,1,1,4294967295,0,0
oInvisibleLupLowSlope,800,224,00137F4A,0,1,1,4294967295,0,0
oInvisibleLupLowSlope,832,240,002D6C04,0,1,1,4294967295,0,0
oInvisibleSolid,864,32,00067032,0,1,1,4294967295,0,1
oInvisibleSolid,896,256,00276B94,0,1,1,4294967295,0,1
oInvisibleSolid,576,128,00351825,0,1,1,4294967295,0,1
oInvisibleSolid,864,384,0036115C,0,1,1,4294967295,0,1
oInvisibleSolid,608,144,000DDCD8,0,1,1,4294967295,0,1
oInvisibleSolid,640,160,00229FFB,0,1,1,4294967295,0,1
oInvisibleSolid,672,176,001C147C,0,1,1,4294967295,0,1
oInvisibleSolid,704,192,00304982,0,1,1,4294967295,0,1
oInvisibleSolid,736,208,002EC59F,0,1,1,4294967295,0,1
oInvisibleSolid,768,224,00148C35,0,1,1,4294967295,0,1
oInvisibleSolid,800,240,0020FB53,0,1,1,4294967295,0,1
oInvisibleSolid,832,256,00144DD8,0,1,1,4294967295,0,1
oInvisibleSolid,976,32,0006A9F7,0,1,1,4294967295,0,0
oInvisibleSolid,1024,32,000921A4,0,1,1,4294967295,0,0
oInvisibleSolid,992,0,000EC1CF,0,1,1,4294967295,0,1
oInvisibleSolid,1104,32,0018F902,0,1,1,4294967295,0,0
oInvisibleSolid,1152,32,00108257,0,1,1,4294967295,0,0
oInvisibleSolid,1120,0,00238012,0,1,1,4294967295,0,1
oInvisibleSolid,1248,0,003EA28C,0,1,1,4294967295,0,1
oInvisibleSolid,1376,0,003C686D,0,1,1,4294967295,0,1
oInvisibleSolid,1232,32,003C76B6,0,1,1,4294967295,0,0
oInvisibleSolid,1280,32,00248D4F,0,1,1,4294967295,0,0
oInvisibleSolid,1360,32,00362DEB,0,1,1,4294967295,0,0
oInvisibleSolid,1408,32,000DC6D9,0,1,1,4294967295,0,0
oInvisibleSolid,1408,0,003E5913,0,1,1,4294967295,0,1
oInvisibleSolid,1280,0,003E902B,0,1,1,4294967295,0,1
oInvisibleSolid,1152,0,000237F5,0,1,1,4294967295,0,1
oInvisibleSolid,1024,0,000199C2,0,1,1,4294967295,0,1
oInvisibleSolid,1600,224,00215F8F,0,1,1,4294967295,0,1
oInvisibleSolid,1600,32,00351163,0,1,1,4294967295,0,1
oInvisibleSolid,1920,384,000CB3C7,0,1,1,4294967295,0,1
oInvisibleSolid,1632,32,000257DE,0,1,1,4294967295,0,1
oInvisibleSolid,1664,32,000276C1,0,1,1,4294967295,0,1
oInvisibleSolid,1888,32,0034592E,0,1,1,4294967295,0,1
oInvisibleSolid,2080,80,0032A670,0,1,1,4294967295,0,1
oInvisibleSolid,2048,160,002B3BC9,0,1,1,4294967295,0,1
oInvisibleSolid,2048,96,000B89EE,0,1,1,4294967295,0,1
oInvisibleLupLowSlope,1664,224,0018B712,0,1,1,4294967295,0,0
oInvisibleLupLowSlope,1696,240,00112DBD,0,1,1,4294967295,0,0
oInvisibleLupLowSlope,1728,256,00304219,0,1,1,4294967295,0,0
oInvisibleLupLowSlope,1760,272,002B0858,0,1,1,4294967295,0,0
oInvisibleSolid,1920,416,003242AE,0,1,1,4294967295,0,1
oInvisibleSolid,2016,384,001049B8,0,1,1,4294967295,0,1
oInvisibleSolid,1888,464,003F0A40,0,1,1,4294967295,0,1
oInvisibleSolid,1792,368,00359C76,0,1,1,4294967295,0,1
oInvisibleSolid,1792,464,00117197,0,1,1,4294967295,0,1
oInvisibleSolid,1696,464,00402238,0,1,1,4294967295,0,1
oInvisibleSolid,1088,480,00006C29,0,1,1,4294967295,0,1
oInvisibleSolid,1088,512,00255945,0,1,1,4294967295,0,1
oInvisibleSolid,896,288,00252B81,0,1,1,4294967295,0,1
oInvisibleSolid,1152,288,0033F616,0,1,1,4294967295,0,1
oInvisibleSolid,1392,288,0021CDE4,0,1,1,4294967295,0,1
oInvisibleSolid,1632,288,003BFB83,0,1,1,4294967295,0,1
oInvisibleSolid,1664,240,000F74B4,0,1,1,4294967295,0,1
oInvisibleSolid,1696,256,000FEB15,0,1,1,4294967295,0,1
oInvisibleSolid,1728,272,001DD9FE,0,1,1,4294967295,0,1
oInvisibleSolid,768,640,0035F00D,0,1,1,4294967295,0,1
oInvisibleSolid,896,608,0016A0C6,0,1,1,4294967295,0,1
oInvisibleSolid,1056,544,00127CA7,0,1,1,4294967295,0,1
oInvisibleRupLowSlope,832,624,003C7978,0,1,1,4294967295,0,0
oInvisibleRupLowSlope,864,608,003C1C8A,0,1,1,4294967295,0,0
oInvisibleRupLowSlope,736,640,0003B69D,0,1,1,4294967295,0,0
oInvisibleRupLowSlope,704,656,000E291E,0,1,1,4294967295,0,0
oInvisibleRupSlope,992,592,000061F6,0,1,1,4294967295,0,0
oInvisibleRupSlope,1008,576,000B7914,0,1,1,4294967295,0,0
oInvisibleRupSlope,1024,560,001A3BD0,0,1,1,4294967295,0,0
oInvisibleRupSlope,1040,544,0017C71C,0,1,1,4294967295,0,0
oInvisibleSolidMorph,1792,432,0019202F,0,1,1,4294967295,0,1
oInvisibleSolidMorph,1920,432,0021BA87,0,1,1,4294967295,0,1
oInvisibleSolid,1824,528,001BE238,0,1,1,4294967295,0,1
oInvisibleSolid,1888,512,003A134D,0,1,1,4294967295,0,1
oInvisibleSolid,1824,416,00301306,0,1,1,4294967295,0,1
oInvisibleSolid,1984,480,000491F7,0,1,1,4294967295,0,1
oInvisibleSolid,288,544,002352F8,0,1,1,4294967295,0,1
oInvisibleSolid,512,544,001274BD,0,1,1,4294967295,0,1
oInvisibleSolid,672,544,0007AAE1,0,1,1,4294967295,0,1
oInvisibleSolid,1216,512,0015B1A3,0,1,1,4294967295,0,1
oInvisibleSolid,1216,624,00298CB7,0,1,1,4294967295,0,1
oInvisibleRupLowSlope,1152,688,000BDF07,0,1,1,4294967295,0,0
oInvisibleRupLowSlope,1120,704,0027B8D7,0,1,1,4294967295,0,0
oInvisibleRupLowSlope,1088,720,00270240,0,1,1,4294967295,0,0
oInvisibleRupLowSlope,1056,736,001EF698,0,1,1,4294967295,0,0
oInvisibleRupLowSlope,1024,752,00365AB0,0,1,1,4294967295,0,0
oInvisibleRupLowSlope,992,768,0023A0F7,0,1,1,4294967295,0,0
oInvisibleRupLowSlope,960,784,001FF656,0,1,1,4294967295,0,0
oInvisibleRupLowSlope,928,800,000E8E73,0,1,1,4294967295,0,0
oInvisibleSolid,0,544,0011ECEF,0,1,1,4294967295,0,1
oInvisibleSolid,0,816,001FBB8A,0,1,1,4294967295,0,1
oInvisibleSolid,672,672,000C056B,0,1,1,4294967295,0,1
oInvisibleSolid,736,656,0011F281,0,1,1,4294967295,0,1
oInvisibleSolid,864,624,0030DD2B,0,1,1,4294967295,0,1
oInvisibleSolid,1040,560,003EF0CB,0,1,1,4294967295,0,1
oInvisibleSolid,1024,576,003E0E75,0,1,1,4294967295,0,1
oInvisibleSolid,1008,592,002D6034,0,1,1,4294967295,0,1
oInvisibleSolid,1568,592,001E206F,0,1,1,4294967295,0,1
oInvisibleSolid,1568,624,003A1339,0,1,1,4294967295,0,1
oInvisibleSolid,1536,688,0001EDEA,0,1,1,4294967295,0,1
oInvisibleSolid,1184,688,003AD3EE,0,1,1,4294967295,0,1
oInvisibleSolid,1152,704,001354E0,0,1,1,4294967295,0,1
oInvisibleSolid,1120,720,003127F8,0,1,1,4294967295,0,1
oInvisibleSolid,1088,736,002D3521,0,1,1,4294967295,0,1
oInvisibleSolid,1056,752,001B8734,0,1,1,4294967295,0,1
oInvisibleSolid,1024,768,000A1A94,0,1,1,4294967295,0,1
oInvisibleSolid,992,784,0012AB7F,0,1,1,4294967295,0,1
oInvisibleSolid,960,800,001F7D34,0,1,1,4294967295,0,1
oInvisibleSolid,928,576,0036D530,0,1,1,4294967295,0,1
oInvisibleSolid,0,704,00102456,0,1,1,4294967295,0,1
oInvisibleSolid,128,704,000A8C5C,0,1,1,4294967295,0,1
oInvisibleSolid,2144,0,00299006,0,1,1,4294967295,0,1
oInvisibleSolid,2272,0,001B1A1D,0,1,1,4294967295,0,1
oInvisibleSolid,2432,288,000EFBED,0,1,1,4294967295,0,1
oInvisibleSolid,2464,288,0035E523,0,1,1,4294967295,0,1
oInvisibleSolid,2576,288,000C057C,0,1,1,4294967295,0,1
oInvisibleSolid,2208,288,002D0B53,0,1,1,4294967295,0,1
oInvisibleSolid,2080,352,000B9C07,0,1,1,4294967295,0,1
oInvisibleSolid,2048,512,002B15B6,0,1,1,4294967295,0,1
oInvisibleSolid,2080,384,001FA907,0,1,1,4294967295,0,1
oInvisibleSolid,2176,416,00157DB2,0,1,1,4294967295,0,1
oInvisibleSolid,2336,416,00301E0C,0,1,1,4294967295,0,1
oInvisibleSolid,2496,480,00375472,0,1,1,4294967295,0,1
oInvisibleSolid,2720,256,003D2C0E,0,1,1,4294967295,0,1
oInvisibleSolid,2944,160,003BA277,0,1,1,4294967295,0,1
oInvisibleSolid,3040,160,0001CBE5,0,1,1,4294967295,0,1
oInvisibleSolid,2848,256,003C2929,0,1,1,4294967295,0,1
oInvisibleSolid,2528,384,001340ED,0,1,1,4294967295,0,1
oInvisibleSolid,2688,352,001BD407,0,1,1,4294967295,0,1
oInvisibleSolid,2688,384,003A72DB,0,1,1,4294967295,0,1
oInvisibleSolid,2656,544,00304BE1,0,1,1,4294967295,0,1
oInvisibleSolid,2464,592,002541FF,0,1,1,4294967295,0,1
oInvisibleSolid,2432,624,00296647,0,1,1,4294967295,0,1
oInvisibleSolid,2112,656,004023A5,0,1,1,4294967295,0,1
oInvisibleSolid,2240,0,001072DE,0,1,1,4294967295,0,1
oInvisibleSolid,64,784,0039CCED,0,1,1,4294967295,0,1
oInvisibleSolid,1456,688,002A9928,0,1,1,4294967295,0,1
oInvisibleSolid,1344,688,001841F9,0,1,1,4294967295,0,1
oPartySplitGoal,2880,192,002009D1,0,1,1,4294967295,0,1
oInvisibleSolid,336,32,0019C2BC,0,1,1,4294967295,0,1
oInvisibleSolid,2816,352,001C6DB7,0,1,1,4294967295,0,1
oMapDoor,2824,320,00317B47,0,1,1,4294967295,0,1
oMapDoor,72,752,002758A3,0,1,1,4294967295,0,1
