oExit,0,240,00276A9D,0,1,1,4294967295,0,1
oExit,2848,240,001F4D16,0,1,1,4294967295,0,1
oGamePower,2746,62,000B2DFD,0,1,1,4294967295,0,1
oGamePower,443,61,00285BDC,0,1,1,4294967295,0,1
oPT_Skeleton,720,176,00189BFF,0,1,1,4294967295,0,1
oPT_Skeleton,1312,272,00326093,0,1,1,4294967295,0,1
oPT_Skeleton,2480,272,000A9C17,0,1,1,4294967295,0,1
oPT_IceSpirit,2160,144,001C7EAC,0,1,1,4294967295,0,1
oPlayer1,48,272,00181B75,0,1,1,4294967295,0,0
oPT_FireEye,1904,112,0019C43A,0,1,1,4294967295,0,1
oInvCollPH,16,272,003C39D7,0,1,1,4294967295,0,0
oInvCollPH,32,272,0030DC14,0,1,1,4294967295,0,0
oInvCollPH,48,272,00184E33,0,1,1,4294967295,0,0
oInvCollPH,64,272,000AF58E,0,1,1,4294967295,0,0
oInvCollPH,80,272,0036C724,0,1,1,4294967295,0,0
oInvCollPH,96,272,0009B424,0,1,1,4294967295,0,0
oInvCollPH,112,272,00339D9C,0,1,1,4294967295,0,0
oInvCollPH,128,272,0028D31C,0,1,1,4294967295,0,0
oInvCollPH,144,272,00344706,0,1,1,4294967295,0,0
oInvCollPH,160,272,00354D3B,0,1,1,4294967295,0,0
oInvCollPH,176,272,003E6B8B,0,1,1,4294967295,0,0
oInvCollPH,192,272,001B5332,0,1,1,4294967295,0,0
oInvCollPH,192,288,0035E12E,0,1,1,4294967295,0,0
oInvCollPH,192,304,003E0025,0,1,1,4294967295,0,0
oInvCollPH,192,320,00388FE0,0,1,1,4294967295,0,0
oInvCollPH,192,336,00018CC6,0,1,1,4294967295,0,0
oInvCollPH,288,240,0024EDD0,0,1,1,4294967295,0,0
oInvCollPH,304,240,002C69D1,0,1,1,4294967295,0,0
oInvCollPH,320,240,001BB026,0,1,1,4294967295,0,0
oInvCollPH,272,256,00364028,0,1,1,4294967295,0,0
oInvCollPH,272,272,001738C1,0,1,1,4294967295,0,0
oInvCollPH,272,288,0036E480,0,1,1,4294967295,0,0
oInvCollPH,272,304,00323375,0,1,1,4294967295,0,0
oInvCollPH,272,320,002CE26B,0,1,1,4294967295,0,0
oInvCollPH,272,336,00330BDC,0,1,1,4294967295,0,0
oInvCollPH,336,240,00138C24,0,1,1,4294967295,0,0
oInvCollPH,352,240,002B6CA8,0,1,1,4294967295,0,0
oInvCollPH,368,240,000EE66C,0,1,1,4294967295,0,0
oInvCollPH,384,240,002DD9A3,0,1,1,4294967295,0,0
oInvCollPH,384,256,0039C268,0,1,1,4294967295,0,0
oInvCollPH,384,272,00279F15,0,1,1,4294967295,0,0
oInvCollPH,384,288,001B0EBE,0,1,1,4294967295,0,0
oInvCollPH,384,304,0027AB9A,0,1,1,4294967295,0,0
oInvCollPH,384,320,00081A91,0,1,1,4294967295,0,0
oInvCollPH,384,336,00376733,0,1,1,4294967295,0,0
oInvCollPH,464,256,00209A5F,0,1,1,4294967295,0,0
oInvCollPH,464,272,003790D8,0,1,1,4294967295,0,0
oInvCollPH,464,288,00038082,0,1,1,4294967295,0,0
oInvCollPH,464,304,0001A204,0,1,1,4294967295,0,0
oInvCollPH,464,320,000F6635,0,1,1,4294967295,0,0
oInvCollPH,464,336,00290D53,0,1,1,4294967295,0,0
oInvCollPH,608,176,000B706A,0,1,1,4294967295,0,0
oInvCollPH,624,176,002EEC7B,0,1,1,4294967295,0,0
oInvCollPH,640,176,0023ADB3,0,1,1,4294967295,0,0
oInvCollPH,656,176,0026907F,0,1,1,4294967295,0,0
oInvCollPH,672,176,0010AFD7,0,1,1,4294967295,0,0
oInvCollPH,688,176,000AE554,0,1,1,4294967295,0,0
oInvCollPH,704,176,000D41E4,0,1,1,4294967295,0,0
oInvCollPH,720,176,000E2F86,0,1,1,4294967295,0,0
oInvCollPH,736,176,002B198B,0,1,1,4294967295,0,0
oInvCollPH,752,176,000B60F3,0,1,1,4294967295,0,0
oInvCollPH,768,176,00060688,0,1,1,4294967295,0,0
oInvCollPH,768,192,00156190,0,1,1,4294967295,0,0
oInvCollPH,768,208,002EB40E,0,1,1,4294967295,0,0
oInvCollPH,768,224,0023F2EF,0,1,1,4294967295,0,0
oInvCollPH,768,240,00278B60,0,1,1,4294967295,0,0
oInvCollPH,768,256,001FC330,0,1,1,4294967295,0,0
oInvCollPH,768,272,0034B4A6,0,1,1,4294967295,0,0
oInvCollPH,768,288,0001D8C0,0,1,1,4294967295,0,0
oInvCollPH,768,304,00361AA4,0,1,1,4294967295,0,0
oInvCollPH,768,320,0016B737,0,1,1,4294967295,0,0
oInvCollPH,768,336,001A0C6F,0,1,1,4294967295,0,0
oInvCollPH,848,256,002B7D60,0,1,1,4294967295,0,0
oInvCollPH,848,272,0004773F,0,1,1,4294967295,0,0
oInvCollPH,848,288,0016239F,0,1,1,4294967295,0,0
oInvCollPH,848,304,000ABAC2,0,1,1,4294967295,0,0
oInvCollPH,848,320,000FE27F,0,1,1,4294967295,0,0
oInvCollPH,848,336,0018735D,0,1,1,4294967295,0,0
oInvCollPH,864,240,001B722F,0,1,1,4294967295,0,0
oInvCollPH,880,240,001A2093,0,1,1,4294967295,0,0
oInvCollPH,896,240,0020DBC1,0,1,1,4294967295,0,0
oInvCollPH,912,224,002CB527,0,1,1,4294967295,0,0
oInvCollPH,928,208,0012CA40,0,1,1,4294967295,0,0
oInvCollPH,944,208,0030C319,0,1,1,4294967295,0,0
oInvCollPH,960,208,00124D49,0,1,1,4294967295,0,0
oInvCollPH,960,224,0003A0F6,0,1,1,4294967295,0,0
oInvCollPH,960,240,002D6C0B,0,1,1,4294967295,0,0
oInvCollPH,960,256,00264FD4,0,1,1,4294967295,0,0
oInvCollPH,960,272,00393634,0,1,1,4294967295,0,0
oInvCollPH,960,288,00079B10,0,1,1,4294967295,0,0
oInvCollPH,960,304,003AC17C,0,1,1,4294967295,0,0
oInvCollPH,960,320,002F0D96,0,1,1,4294967295,0,0
oInvCollPH,960,336,0006D1ED,0,1,1,4294967295,0,0
oInvCollPH,1040,256,0005BBDF,0,1,1,4294967295,0,0
oInvCollPH,1040,272,00116E5C,0,1,1,4294967295,0,0
oInvCollPH,1040,288,0012026E,0,1,1,4294967295,0,0
oInvCollPH,1040,304,003A2D77,0,1,1,4294967295,0,0
oInvCollPH,1040,320,00269460,0,1,1,4294967295,0,0
oInvCollPH,1040,336,00225F56,0,1,1,4294967295,0,0
oInvCollPH,1056,240,0032326D,0,1,1,4294967295,0,0
oInvCollPH,1072,240,00218ADD,0,1,1,4294967295,0,0
oInvCollPH,1088,240,000F74BD,0,1,1,4294967295,0,0
oInvCollPH,1088,256,001E82C9,0,1,1,4294967295,0,0
oInvCollPH,1120,272,003D4E81,0,1,1,4294967295,0,0
oInvCollPH,1136,272,0029FF58,0,1,1,4294967295,0,0
oInvCollPH,1152,272,002F3029,0,1,1,4294967295,0,0
oInvCollPH,1168,272,002C094C,0,1,1,4294967295,0,0
oInvCollPH,1248,272,0035AB7B,0,1,1,4294967295,0,0
oInvCollPH,1232,272,00030513,0,1,1,4294967295,0,0
oInvCollPH,1216,272,0006F846,0,1,1,4294967295,0,0
oInvCollPH,1200,272,00071C5F,0,1,1,4294967295,0,0
oInvCollPH,1184,272,0012A2CC,0,1,1,4294967295,0,0
oInvCollPH,1264,272,002FF4AB,0,1,1,4294967295,0,0
oInvCollPH,1280,272,002ABF50,0,1,1,4294967295,0,0
oInvCollPH,1296,272,0039FB78,0,1,1,4294967295,0,0
oInvCollPH,1312,272,00336C87,0,1,1,4294967295,0,0
oInvCollPH,1328,272,001827AE,0,1,1,4294967295,0,0
oInvCollPFH,1184,208,0007829C,0,1,1,4294967295,0,0
oInvCollPFH,1200,208,0019421E,0,1,1,4294967295,0,0
oInvCollPFH,1216,208,000FAF31,0,1,1,4294967295,0,0
oInvCollPFH,1248,160,000BD79E,0,1,1,4294967295,0,0
oInvCollPFH,1264,160,000E3BA3,0,1,1,4294967295,0,0
oInvCollPFH,1280,160,00397F94,0,1,1,4294967295,0,0
oInvCollPH,1344,272,002BA5BF,0,1,1,4294967295,0,0
oInvCollPH,1360,272,000963F4,0,1,1,4294967295,0,0
oInvCollPH,1376,272,00293C23,0,1,1,4294967295,0,0
oInvCollPH,1392,272,002BF394,0,1,1,4294967295,0,0
oInvCollPH,1408,272,003326FF,0,1,1,4294967295,0,0
oInvCollPH,1616,288,001EF814,0,1,1,4294967295,0,0
oInvCollPH,1616,304,003A0986,0,1,1,4294967295,0,0
oInvCollPH,1616,320,00016121,0,1,1,4294967295,0,0
oInvCollPH,1616,336,000B6DE6,0,1,1,4294967295,0,0
oInvCollPH,1632,272,0033CB3B,0,1,1,4294967295,0,0
oInvCollPH,1648,272,0012182D,0,1,1,4294967295,0,0
oInvCollPH,1664,272,001A2681,0,1,1,4294967295,0,0
oInvCollPH,1536,208,00167CAD,0,1,1,4294967295,0,0
oInvCollPH,1552,208,003442D6,0,1,1,4294967295,0,0
oInvCollPH,1568,208,003D21E2,0,1,1,4294967295,0,0
oInvCollPH,1520,224,001A369D,0,1,1,4294967295,0,0
oInvCollPH,1520,240,0003B559,0,1,1,4294967295,0,0
oInvCollPH,1520,256,00033350,0,1,1,4294967295,0,0
oInvCollPH,1520,272,000A6E09,0,1,1,4294967295,0,0
oInvCollPH,1520,288,00019EDE,0,1,1,4294967295,0,0
oInvCollPH,1520,304,0016C1FA,0,1,1,4294967295,0,0
oInvCollPH,1520,320,0005EC26,0,1,1,4294967295,0,0
oInvCollPH,1520,336,0027E723,0,1,1,4294967295,0,0
oInvCollPH,1568,224,00232504,0,1,1,4294967295,0,0
oInvCollPH,1568,240,001FC884,0,1,1,4294967295,0,0
oInvCollPH,1568,256,00355AF0,0,1,1,4294967295,0,0
oInvCollPH,1568,272,0038284C,0,1,1,4294967295,0,0
oInvCollPH,1568,288,00334A2E,0,1,1,4294967295,0,0
oInvCollPH,1568,304,00260898,0,1,1,4294967295,0,0
oInvCollPH,1568,320,00385E40,0,1,1,4294967295,0,0
oInvCollPH,1568,336,001A22B2,0,1,1,4294967295,0,0
oInvCollPH,1424,160,001BB7D4,0,1,1,4294967295,0,0
oInvCollPH,1424,176,003EEAC3,0,1,1,4294967295,0,0
oInvCollPH,1424,192,0033C2E0,0,1,1,4294967295,0,0
oInvCollPH,1424,208,001D97B9,0,1,1,4294967295,0,0
oInvCollPH,1424,224,000020B7,0,1,1,4294967295,0,0
oInvCollPH,1424,240,00233B29,0,1,1,4294967295,0,0
oInvCollPH,1424,256,0010A4FF,0,1,1,4294967295,0,0
oInvCollPH,1440,144,003AE774,0,1,1,4294967295,0,0
oInvCollPH,1456,144,003EC4D3,0,1,1,4294967295,0,0
oInvCollPH,1472,144,002B8AE9,0,1,1,4294967295,0,0
oInvCollPH,1472,160,000716EE,0,1,1,4294967295,0,0
oInvCollPH,1472,176,00338B0A,0,1,1,4294967295,0,0
oInvCollPH,1472,192,0024A2F5,0,1,1,4294967295,0,0
oInvCollPH,1472,208,003BFAA4,0,1,1,4294967295,0,0
oInvCollPH,1472,224,0005F8F7,0,1,1,4294967295,0,0
oInvCollPH,1472,240,003CFB68,0,1,1,4294967295,0,0
oInvCollPH,1472,256,00128B1D,0,1,1,4294967295,0,0
oInvCollPH,1472,272,001BA055,0,1,1,4294967295,0,0
oInvCollPH,1472,288,00128128,0,1,1,4294967295,0,0
oInvCollPH,1472,304,00124DB0,0,1,1,4294967295,0,0
oInvCollPH,1472,320,003302B1,0,1,1,4294967295,0,0
oInvCollPH,1472,336,000B10A4,0,1,1,4294967295,0,0
oInvCollPH,1680,256,00233B52,0,1,1,4294967295,0,0
oInvCollPH,1696,240,00299D43,0,1,1,4294967295,0,0
oInvCollPH,1712,240,0020DA92,0,1,1,4294967295,0,0
oInvCollPH,1728,240,00110519,0,1,1,4294967295,0,0
oInvCollPH,1744,240,001D1F71,0,1,1,4294967295,0,0
oInvCollPH,1760,240,003E1811,0,1,1,4294967295,0,0
oInvCollPH,1776,240,004023C4,0,1,1,4294967295,0,0
oInvCollPH,1792,240,0032D6C1,0,1,1,4294967295,0,0
oInvCollPH,1808,240,002AD88E,0,1,1,4294967295,0,0
oInvCollPH,1824,240,002341BB,0,1,1,4294967295,0,0
oInvCollPH,1840,240,001F65F6,0,1,1,4294967295,0,0
oInvCollPH,1856,240,00099E00,0,1,1,4294967295,0,0
oInvCollPH,1872,240,0003E995,0,1,1,4294967295,0,0
oInvCollPH,1888,240,0039343E,0,1,1,4294967295,0,0
oInvCollPH,1904,240,00384EE6,0,1,1,4294967295,0,0
oInvCollPH,1920,240,00296A2C,0,1,1,4294967295,0,0
oInvCollPH,2064,304,00062A41,0,1,1,4294967295,0,0
oInvCollPH,2080,304,00308E71,0,1,1,4294967295,0,0
oInvCollPH,2240,304,00041922,0,1,1,4294967295,0,0
oInvCollPH,2224,304,0020247C,0,1,1,4294967295,0,0
oInvCollPH,2208,304,00319C35,0,1,1,4294967295,0,0
oInvCollPH,2192,304,003764C6,0,1,1,4294967295,0,0
oInvCollPH,2176,304,000C1385,0,1,1,4294967295,0,0
oInvCollPH,2160,304,00235317,0,1,1,4294967295,0,0
oInvCollPH,2144,304,0000D09F,0,1,1,4294967295,0,0
oInvCollPH,2128,304,00368BB7,0,1,1,4294967295,0,0
oInvCollPH,2112,304,00071E18,0,1,1,4294967295,0,0
oInvCollPH,2096,304,001FBAF2,0,1,1,4294967295,0,0
oInvCollPH,2256,224,0013FA1F,0,1,1,4294967295,0,0
oInvCollPH,2256,240,0037FDF5,0,1,1,4294967295,0,0
oInvCollPH,2256,256,003B40A4,0,1,1,4294967295,0,0
oInvCollPH,2256,272,00122520,0,1,1,4294967295,0,0
oInvCollPH,2256,288,0006AA6E,0,1,1,4294967295,0,0
oInvCollPH,2272,208,000FF39B,0,1,1,4294967295,0,0
oInvCollPH,2288,208,0007BDF7,0,1,1,4294967295,0,0
oInvCollPH,2304,208,00131F5F,0,1,1,4294967295,0,0
oInvCollPH,2304,224,0035F168,0,1,1,4294967295,0,0
oInvCollPH,2304,240,003E792A,0,1,1,4294967295,0,0
oInvCollPH,2304,256,002E0121,0,1,1,4294967295,0,0
oInvCollPH,2336,272,0038B449,0,1,1,4294967295,0,0
oInvCollPH,2352,272,001BCE02,0,1,1,4294967295,0,0
oInvCollPH,2368,272,001B90A8,0,1,1,4294967295,0,0
oInvCollPH,2384,272,000994FB,0,1,1,4294967295,0,0
oInvCollPH,2400,272,00123D8D,0,1,1,4294967295,0,0
oInvCollPH,2416,272,000485D6,0,1,1,4294967295,0,0
oInvCollPH,2432,272,0002FF24,0,1,1,4294967295,0,0
oInvCollPH,2448,272,00325879,0,1,1,4294967295,0,0
oInvCollPH,2464,272,000C0BD5,0,1,1,4294967295,0,0
oInvCollPH,2624,336,0012728E,0,1,1,4294967295,0,0
oInvCollPH,2624,320,0032F6C2,0,1,1,4294967295,0,0
oInvCollPH,2624,304,002BFCDA,0,1,1,4294967295,0,0
oInvCollPH,2624,288,0034667E,0,1,1,4294967295,0,0
oInvCollPH,2624,272,0019B467,0,1,1,4294967295,0,0
oInvCollPH,2608,272,00027CE5,0,1,1,4294967295,0,0
oInvCollPH,2592,272,00184D03,0,1,1,4294967295,0,0
oInvCollPH,2576,272,00397842,0,1,1,4294967295,0,0
oInvCollPH,2560,272,00125C84,0,1,1,4294967295,0,0
oInvCollPH,2544,272,00082765,0,1,1,4294967295,0,0
oInvCollPH,2528,272,00081D3A,0,1,1,4294967295,0,0
oInvCollPH,2512,272,000E867F,0,1,1,4294967295,0,0
oInvCollPH,2496,272,000AD8C7,0,1,1,4294967295,0,0
oInvCollPH,2480,272,00002B9F,0,1,1,4294967295,0,0
oInvCollPH,2704,288,002178C0,0,1,1,4294967295,0,0
oInvCollPH,2704,304,00365327,0,1,1,4294967295,0,0
oInvCollPH,2704,320,00162AFD,0,1,1,4294967295,0,0
oInvCollPH,2704,336,002151B0,0,1,1,4294967295,0,0
oInvCollPH,2720,272,001C626F,0,1,1,4294967295,0,0
oInvCollPH,2736,272,00400C17,0,1,1,4294967295,0,0
oInvCollPH,2752,272,0000AFFB,0,1,1,4294967295,0,0
oInvCollPH,2768,272,00115101,0,1,1,4294967295,0,0
oInvCollPH,2784,272,002B7B32,0,1,1,4294967295,0,0
oInvCollPH,2800,272,001AF4E3,0,1,1,4294967295,0,0
oInvCollPH,2816,272,0027FB58,0,1,1,4294967295,0,0
oInvCollPH,2832,272,0004A844,0,1,1,4294967295,0,0
oInvCollPH,2848,272,0030118F,0,1,1,4294967295,0,0
oInvCollPFH,1760,144,002B3D15,0,1,1,4294967295,0,0
oInvCollPFH,1776,144,001C8FBB,0,1,1,4294967295,0,0
oInvCollPFH,1792,144,002FE807,0,1,1,4294967295,0,0
oInvCollPFH,2144,240,001F01BA,0,1,1,4294967295,0,0
oInvCollPFH,2160,240,0011700C,0,1,1,4294967295,0,0
oInvCollPFH,2176,240,002C6EF2,0,1,1,4294967295,0,0
oInvCollPFH,2400,192,000D780E,0,1,1,4294967295,0,0
oInvCollPFH,2416,192,001676AB,0,1,1,4294967295,0,0
oInvCollPFH,2432,192,0014C396,0,1,1,4294967295,0,0
oInvCollPFH,2528,176,001E137F,0,1,1,4294967295,0,0
oInvCollPFH,2544,176,0017751D,0,1,1,4294967295,0,0
oInvCollPFH,2560,176,0039DF4E,0,1,1,4294967295,0,0
oInvisibleSolid,0,272,0000C8C5,0,1,1,4294967295,0,1
oInvisibleSolid,272,240,003AD999,0,1,1,4294967295,0,1
oInvisibleSolid,464,240,000FEA1F,0,1,1,4294967295,0,1
oInvisibleSolid,592,176,002DF1E3,0,1,1,4294967295,0,1
oInvisibleRupLowSlope,464,224,003F3DD3,0,1,1,4294967295,0,0
oInvisibleRupLowSlope,496,208,002F79D7,0,1,1,4294967295,0,0
oInvisibleRupLowSlope,528,192,0021CE50,0,1,1,4294967295,0,0
oInvisibleRupLowSlope,560,176,00279A0E,0,1,1,4294967295,0,0
oInvisibleSolid,496,224,0020CE52,0,1,1,4294967295,0,1
oInvisibleSolid,528,208,00354BB2,0,1,1,4294967295,0,1
oInvisibleSolid,560,192,0003E1A3,0,1,1,4294967295,0,1
oInvisibleSolid,848,240,002A3FCA,0,1,1,4294967295,0,1
oInvisibleSolid,912,208,001729F7,0,1,1,4294967295,0,1
oInvisibleSolid,1040,240,0013300F,0,1,1,4294967295,0,1
oInvisibleSolid,1104,272,00201935,0,1,1,4294967295,0,1
oInvisiblePlatform,1168,208,00128262,0,1,1,4294967295,0,1
oInvisiblePlatform,1232,160,0024B122,0,1,1,4294967295,0,1
oInvisibleSolid,2704,272,0001A695,0,1,1,4294967295,0,1
oInvisibleSolid,2256,208,001D7105,0,1,1,4294967295,0,1
oInvisibleSolid,2320,272,001C0CB0,0,1,1,4294967295,0,1
oInvisibleSolid,1936,304,00331079,0,1,1,4294967295,0,1
oInvisibleSolid,1424,144,00053C10,0,1,1,4294967295,0,1
oInvisibleSolid,1520,208,0004F5BC,0,1,1,4294967295,0,1
oInvisibleSolid,1616,272,001F8BB8,0,1,1,4294967295,0,1
oInvisibleSolid,1680,240,000940BE,0,1,1,4294967295,0,1
oInvisibleSolid,1936,256,0029029E,0,1,1,4294967295,0,1
oInvisibleSolid,1936,272,00008EF9,0,1,1,4294967295,0,1
oInvisibleSolid,1936,288,001AA549,0,1,1,4294967295,0,1
oInvisibleLupLowSlope,1936,240,002D5DAB,0,1,1,4294967295,0,0
oInvisibleLupLowSlope,1968,256,000E5B91,0,1,1,4294967295,0,0
oInvisibleLupLowSlope,2000,272,000805C6,0,1,1,4294967295,0,0
oInvisibleLupLowSlope,2032,288,001ED3E1,0,1,1,4294967295,0,0
oInvisiblePlatform,2128,240,00093EC4,0,1,1,4294967295,0,1
oInvisiblePlatform,1744,144,001B9FF4,0,1,1,4294967295,0,1
oInvisiblePlatform,2384,192,001FFDD2,0,1,1,4294967295,0,1
oInvisiblePlatform,2512,176,0016A423,0,1,1,4294967295,0,1
