oExit,0,240,001DBF17,0,1,1,4294967295,0,1
oExit,4432,240,0023B832,0,1,1,4294967295,0,1
oPlatformTouch,192,256,00370B29,0,1,1,4294967295,0,1
oColorZone,864,160,002A09C7,0,1,1,4294967295,0,1
oColorZone,1344,128,003C45E3,0,1,1,4294967295,0,1
oColorZone,2000,224,000C8A68,0,1,1,4294967295,0,1
oColorZone,2640,224,002F94A0,0,1,1,4294967295,0,1
oColorZone,2928,144,00148624,0,1,1,4294967295,0,1
oColorZone,2928,80,0023690E,0,1,1,4294967295,0,1
oColorZone,2928,208,003F2AE3,0,1,1,4294967295,0,1
oColorZone,3152,144,002EAF76,0,1,1,4294967295,0,1
oColorZone,3728,128,002911EA,0,1,1,4294967295,0,1
oColorZone,4336,208,00262E8F,0,1,1,4294967295,0,1
oStaticSpikeRed,416,192,003A4811,0,1,1,4294967295,0,0
oStaticSpikeRed,416,224,0023C544,0,1,1,4294967295,0,0
oStaticSpikeRed,576,64,001F35F2,0,1,1,4294967295,0,0
oStaticSpikeRed,576,96,000174C7,0,1,1,4294967295,0,0
oStaticSpikeRed,576,32,003835DF,0,1,1,4294967295,0,0
oStaticSpikeRed,704,128,003048FA,0,1,1,4294967295,0,0
oStaticSpikeRed,704,160,001A06CE,0,1,1,4294967295,0,0
oStaticSpikeRed,816,192,000BD2D6,0,1,1,4294967295,0,0
oStaticSpikeRed,816,224,002B9ACB,0,1,1,4294967295,0,0
oStaticSpikeRed,816,32,00289FC1,0,1,1,4294967295,0,0
oStaticSpikeRed,816,64,001F3B50,0,1,1,4294967295,0,0
oStaticSpikeRed,816,96,0034F4C7,0,1,1,4294967295,0,0
oStaticSpikeRed,976,192,0013A92A,0,1,1,4294967295,0,0
oStaticSpikeRed,976,224,000B33FA,0,1,1,4294967295,0,0
oStaticSpikeRed,976,128,0022FF0A,0,1,1,4294967295,0,0
oStaticSpikeRed,976,160,001E18BB,0,1,1,4294967295,0,0
oStaticSpikeRed,1152,32,00178FB9,0,1,1,4294967295,0,0
oStaticSpikeRed,1152,64,0004F2F7,0,1,1,4294967295,0,0
oStaticSpikeRed,1152,96,0005323C,0,1,1,4294967295,0,0
oStaticSpikeRed,1152,128,00197AC6,0,1,1,4294967295,0,0
oStaticSpikeRed,1152,160,0039AEFA,0,1,1,4294967295,0,0
oStaticSpikeRed,1376,192,001EA7CE,0,1,1,4294967295,0,0
oStaticSpikeRed,1376,224,00128CD8,0,1,1,4294967295,0,0
oStaticSpikeRed,1376,48,003825DA,0,1,1,4294967295,0,0
oStaticSpikeRed,1376,80,001DB3A1,0,1,1,4294967295,0,0
oStaticSpikeRed,1280,128,000887D9,0,1,1,4294967295,0,0
oStaticSpikeRed,1280,160,001A7C65,0,1,1,4294967295,0,0
oStaticSpikeRed,1280,240,00081951,0,1,1,4294967295,0,0
oStaticSpikeRed,1248,128,003E1AC4,0,1,1,4294967295,0,0
oStaticSpikeRed,1216,128,000C177D,0,1,1,4294967295,0,0
oStaticSpikeRed,1184,128,00404036,0,1,1,4294967295,0,0
oStaticSpikeRed,1376,112,0033168D,0,1,1,4294967295,0,0
oStaticSpikeRed,1552,128,00374594,0,1,1,4294967295,0,0
oStaticSpikeRed,1552,160,003824B3,0,1,1,4294967295,0,0
oStaticSpikeRed,1552,192,0036916F,0,1,1,4294967295,0,0
oStaticSpikeRed,1552,224,0036A4A9,0,1,1,4294967295,0,0
oStaticSpikeRed,1808,128,0029CF89,0,1,1,4294967295,0,0
oStaticSpikeRed,1680,128,0030883C,0,1,1,4294967295,0,0
oStaticSpikeRed,1584,128,002C7E2D,0,1,1,4294967295,0,0
oStaticSpikeRed,1616,128,000D0973,0,1,1,4294967295,0,0
oStaticSpikeRed,1648,128,00399992,0,1,1,4294967295,0,0
oStaticSpikeRed,1712,128,001932C4,0,1,1,4294967295,0,0
oStaticSpikeRed,1744,128,003AE924,0,1,1,4294967295,0,0
oStaticSpikeRed,1776,128,001FE97A,0,1,1,4294967295,0,0
oStaticSpikeRed,1840,128,00069E54,0,1,1,4294967295,0,0
oStaticSpikeRed,1872,128,0020C0EF,0,1,1,4294967295,0,0
oStaticSpikeRed,1872,160,0037CAB7,0,1,1,4294967295,0,0
oStaticSpikeRed,1872,192,00345350,0,1,1,4294967295,0,0
oStaticSpikeRed,1616,96,000CB576,0,1,1,4294967295,0,0
oStaticSpikeRed,1712,80,0003167C,0,1,1,4294967295,0,0
oStaticSpikeRed,1712,48,00226CAF,0,1,1,4294967295,0,0
oStaticSpikeRed,1808,96,00124964,0,1,1,4294967295,0,0
oStaticSpikeRed,1712,16,001FEE54,0,1,1,4294967295,0,0
oStaticSpikeRed,1872,224,002CDA61,0,1,1,4294967295,0,0
oStaticSpikeRed,2032,176,002A8524,0,1,1,4294967295,0,0
oStaticSpikeRed,2064,176,0034E56E,0,1,1,4294967295,0,0
oStaticSpikeRed,2096,176,0016281C,0,1,1,4294967295,0,0
oStaticSpikeRed,2128,176,003206FA,0,1,1,4294967295,0,0
oStaticSpikeRed,2128,208,0024FE3C,0,1,1,4294967295,0,0
oStaticSpikeRed,2160,176,001F6B50,0,1,1,4294967295,0,0
oStaticSpikeRed,2192,176,003638C9,0,1,1,4294967295,0,0
oStaticSpikeRed,2224,144,0024BF6A,0,1,1,4294967295,0,0
oStaticSpikeRed,2256,144,0013400C,0,1,1,4294967295,0,0
oStaticSpikeRed,2288,144,000CA92F,0,1,1,4294967295,0,0
oStaticSpikeRed,2032,144,001624F4,0,1,1,4294967295,0,0
oStaticSpikeRed,2032,112,001E31BD,0,1,1,4294967295,0,0
oStaticSpikeRed,2032,80,002E3FEC,0,1,1,4294967295,0,0
oStaticSpikeRed,2032,48,003132CD,0,1,1,4294967295,0,0
oStaticSpikeRed,2032,16,0022EF11,0,1,1,4294967295,0,0
oStaticSpikeRed,2160,208,003810F0,0,1,1,4294967295,0,0
oStaticSpikeRed,2256,240,002255DA,0,1,1,4294967295,0,0
oStaticSpikeRed,2320,176,003B175B,0,1,1,4294967295,0,0
oStaticSpikeRed,2352,176,001967FB,0,1,1,4294967295,0,0
oStaticSpikeRed,2352,208,00294844,0,1,1,4294967295,0,0
oStaticSpikeRed,2384,176,00029816,0,1,1,4294967295,0,0
oStaticSpikeRed,2384,208,000F0B23,0,1,1,4294967295,0,0
oStaticSpikeRed,2416,176,0019DCAF,0,1,1,4294967295,0,0
oStaticSpikeRed,2448,176,001F0840,0,1,1,4294967295,0,0
oStaticSpikeRed,2528,208,0026EAFD,0,1,1,4294967295,0,0
oStaticSpikeRed,2528,240,002DBBE8,0,1,1,4294967295,0,0
oStaticSpikeRed,2656,144,00202553,0,1,1,4294967295,0,0
oStaticSpikeRed,2656,176,003DC72D,0,1,1,4294967295,0,0
oStaticSpikeRed,2656,208,000F18D4,0,1,1,4294967295,0,0
oStaticSpikeRed,2896,240,00262BAE,0,1,1,4294967295,0,0
oStaticSpikeRed,2896,208,00146820,0,1,1,4294967295,0,0
oStaticSpikeRed,2896,176,002E87EC,0,1,1,4294967295,0,0
oStaticSpikeRed,2896,144,002ACBFA,0,1,1,4294967295,0,0
oStaticSpikeRed,2656,112,00014133,0,1,1,4294967295,0,0
oStaticSpikeRed,2624,112,002F2E8D,0,1,1,4294967295,0,0
oStaticSpikeRed,2592,112,003A7B9F,0,1,1,4294967295,0,0
oStaticSpikeRed,3072,192,001B7472,0,1,1,4294967295,0,0
oStaticSpikeRed,3104,192,002418A2,0,1,1,4294967295,0,0
oStaticSpikeRed,3136,192,000070AC,0,1,1,4294967295,0,0
oStaticSpikeRed,3168,192,00212F74,0,1,1,4294967295,0,0
oStaticSpikeRed,3200,192,00345464,0,1,1,4294967295,0,0
oStaticSpikeRed,3232,192,003F8020,0,1,1,4294967295,0,0
oStaticSpikeRed,3264,192,000BDDAC,0,1,1,4294967295,0,0
oStaticSpikeRed,3296,192,0025475B,0,1,1,4294967295,0,0
oStaticSpikeRed,3328,192,002ED934,0,1,1,4294967295,0,0
oStaticSpikeRed,3360,192,0009BDFB,0,1,1,4294967295,0,0
oStaticSpikeRed,3392,192,003FF8B0,0,1,1,4294967295,0,0
oStaticSpikeRed,3072,128,0033AB39,0,1,1,4294967295,0,0
oStaticSpikeRed,3104,128,00305A74,0,1,1,4294967295,0,0
oStaticSpikeRed,3136,128,0002721F,0,1,1,4294967295,0,0
oStaticSpikeRed,3168,128,00216C1E,0,1,1,4294967295,0,0
oStaticSpikeRed,3200,128,00075DDB,0,1,1,4294967295,0,0
oStaticSpikeRed,3232,128,0037E1CC,0,1,1,4294967295,0,0
oStaticSpikeRed,3264,128,00051577,0,1,1,4294967295,0,0
oStaticSpikeRed,3296,128,000CE392,0,1,1,4294967295,0,0
oStaticSpikeRed,3328,128,0038EAB1,0,1,1,4294967295,0,0
oStaticSpikeRed,3360,128,00216999,0,1,1,4294967295,0,0
oStaticSpikeRed,3392,128,0005F3AB,0,1,1,4294967295,0,0
oStaticSpikeRed,3424,128,003EB9F0,0,1,1,4294967295,0,0
oStaticSpikeRed,3424,192,0033EE1D,0,1,1,4294967295,0,0
oStaticSpikeRed,3456,128,00398CA7,0,1,1,4294967295,0,0
oStaticSpikeRed,3456,192,001D6EB4,0,1,1,4294967295,0,0
oStaticSpikeRed,3488,128,00264BCC,0,1,1,4294967295,0,0
oStaticSpikeRed,3488,192,0029A071,0,1,1,4294967295,0,0
oStaticSpikeRed,3616,128,002A2E17,0,1,1,4294967295,0,0
oStaticSpikeRed,3616,160,0018C9D3,0,1,1,4294967295,0,0
oStaticSpikeRed,3616,192,001A40FD,0,1,1,4294967295,0,0
oStaticSpikeRed,3744,0,0017AF15,0,1,1,4294967295,0,0
oStaticSpikeRed,3744,32,001F6B16,0,1,1,4294967295,0,0
oStaticSpikeRed,3744,64,001931F0,0,1,1,4294967295,0,0
oStaticSpikeRed,3744,96,000ACB66,0,1,1,4294967295,0,0
oStaticSpikeRed,3744,192,00171373,0,1,1,4294967295,0,0
oStaticSpikeRed,3744,224,000B43D2,0,1,1,4294967295,0,0
oStaticSpikeRed,3920,96,001597E6,0,1,1,4294967295,0,0
oStaticSpikeRed,3984,160,002A6626,0,1,1,4294967295,0,0
oStaticSpikeRed,3872,224,002FF0BD,0,1,1,4294967295,0,0
oStaticSpikeRed,4080,208,00065256,0,1,1,4294967295,0,0
oStaticSpikeRed,4064,128,00287E4E,0,1,1,4294967295,0,0
oStaticSpikeRed,4160,80,000C2CEF,0,1,1,4294967295,0,0
oStaticSpikeRed,4144,160,0001D10E,0,1,1,4294967295,0,0
oStaticSpikeRed,4224,224,0016A5D0,0,1,1,4294967295,0,0
oPlayer1,48,272,001F027E,0,1,1,4294967295,0,0
oInvCollPH,16,272,000F141A,0,1,1,4294967295,0,0
oInvCollPH,32,272,00215A6D,0,1,1,4294967295,0,0
oInvCollPH,48,272,0038B78C,0,1,1,4294967295,0,0
oInvCollPH,64,272,00121E78,0,1,1,4294967295,0,0
oInvCollPH,80,272,00338EEA,0,1,1,4294967295,0,0
oInvCollPH,96,272,0014CEE4,0,1,1,4294967295,0,0
oInvCollPH,112,272,0014D2C3,0,1,1,4294967295,0,0
oInvCollPH,112,288,001EFFFF,0,1,1,4294967295,0,0
oInvCollPH,112,304,0012C8C5,0,1,1,4294967295,0,0
oInvCollPH,112,320,0036757E,0,1,1,4294967295,0,0
oInvCollPH,112,336,001DDF78,0,1,1,4294967295,0,0
oInvCollPH,4352,272,00267790,0,1,1,4294967295,0,0
oInvCollPH,4368,272,003ABC65,0,1,1,4294967295,0,0
oInvCollPH,4384,272,00039664,0,1,1,4294967295,0,0
oInvCollPH,4400,272,002021A3,0,1,1,4294967295,0,0
oInvCollPH,4416,272,000B049D,0,1,1,4294967295,0,0
oInvCollPH,4432,272,003CEC43,0,1,1,4294967295,0,0
oInvCollPH,4336,288,003F4BAB,0,1,1,4294967295,0,0
oInvCollPH,4336,304,00205D0F,0,1,1,4294967295,0,0
oInvCollPH,4336,320,00343F15,0,1,1,4294967295,0,0
oInvCollPH,4288,320,001A2B4D,0,1,1,4294967295,0,0
oInvCollPH,64,16,000E46CC,0,1,1,4294967295,0,0
oInvCollPH,64,32,0032A268,0,1,1,4294967295,0,0
oInvCollPH,112,0,002C32E3,0,1,1,4294967295,0,0
oInvCollPH,112,16,00391546,0,1,1,4294967295,0,0
oInvCollPH,112,32,0016DBE6,0,1,1,4294967295,0,0
oInvCollPH,80,32,000496F1,0,1,1,4294967295,0,0
oInvCollPH,96,32,0002E368,0,1,1,4294967295,0,0
oInvCollPH,4304,304,002A81D9,0,1,1,4294967295,0,0
oInvCollPH,4320,304,002781E9,0,1,1,4294967295,0,0
oInvCollPH,4288,336,002880B5,0,1,1,4294967295,0,0
oInvisibleSolid,0,272,002A2A36,0,1,1,4294967295,0,1
oInvisibleSolid,4336,272,00133B00,0,1,1,4294967295,0,1
oInvisibleSolid,4288,288,000C6FD4,0,1,1,4294967295,0,0
oInvisibleSolid,4288,304,00369BB7,0,1,1,4294967295,0,1
oInvisibleSolid,64,48,0011407D,0,1,1,4294967295,0,0
oInvisibleSolid,112,48,0018CBDE,0,1,1,4294967295,0,0
oInvisibleSolid,64,0,003F9FFF,0,1,1,4294967295,0,1
oMapDoor,4312,272,0036E86F,0,1,1,4294967295,0,1
