tileVault,0,304,112,16,16,16,0,1,1,4294967295
tileVault,16,304,112,16,16,16,0,1,1,4294967295
tileVault,32,304,112,16,16,16,0,1,1,4294967295
tileVault,48,304,112,16,16,16,0,1,1,4294967295
tileVault,64,304,112,16,16,16,0,1,1,4294967295
tileVault,80,304,112,16,16,16,0,1,1,4294967295
tileVault,96,304,112,16,16,16,0,1,1,4294967295
tileVault,112,304,112,16,16,16,0,1,1,4294967295
tileVault,0,320,112,16,16,16,0,1,1,4294967295
tileVault,16,320,112,16,16,16,0,1,1,4294967295
tileVault,32,320,112,16,16,16,0,1,1,4294967295
tileVault,48,320,112,16,16,16,0,1,1,4294967295
tileVault,64,320,112,16,16,16,0,1,1,4294967295
tileVault,80,320,112,16,16,16,0,1,1,4294967295
tileVault,96,320,112,16,16,16,0,1,1,4294967295
tileVault,112,320,112,16,16,16,0,1,1,4294967295
tileVault,112,336,112,16,16,16,0,1,1,4294967295
tileVault,96,336,112,16,16,16,0,1,1,4294967295
tileVault,80,336,112,16,16,16,0,1,1,4294967295
tileVault,64,336,112,16,16,16,0,1,1,4294967295
tileVault,48,336,112,16,16,16,0,1,1,4294967295
tileVault,32,336,112,16,16,16,0,1,1,4294967295
tileVault,16,336,112,16,16,16,0,1,1,4294967295
tileVault,0,336,112,16,16,16,0,1,1,4294967295
tileVault,128,304,112,16,16,16,0,1,1,4294967295
tileVault,144,304,112,16,16,16,0,1,1,4294967295
tileVault,160,304,112,16,16,16,0,1,1,4294967295
tileVault,176,304,112,16,16,16,0,1,1,4294967295
tileVault,192,304,112,16,16,16,0,1,1,4294967295
tileVault,208,304,112,16,16,16,0,1,1,4294967295
tileVault,224,304,112,16,16,16,0,1,1,4294967295
tileVault,240,304,112,16,16,16,0,1,1,4294967295
tileVault,240,320,112,16,16,16,0,1,1,4294967295
tileVault,176,320,112,16,16,16,0,1,1,4294967295
tileVault,160,320,112,16,16,16,0,1,1,4294967295
tileVault,144,320,112,16,16,16,0,1,1,4294967295
tileVault,128,320,112,16,16,16,0,1,1,4294967295
tileVault,128,336,112,16,16,16,0,1,1,4294967295
tileVault,144,336,112,16,16,16,0,1,1,4294967295
tileVault,160,336,112,16,16,16,0,1,1,4294967295
tileVault,176,336,112,16,16,16,0,1,1,4294967295
tileVault,240,336,112,16,16,16,0,1,1,4294967295
tileVault,0,224,112,16,16,16,0,1,1,4294967295
tileVault,16,224,112,16,16,16,0,1,1,4294967295
tileVault,32,224,112,16,16,16,0,1,1,4294967295
tileVault,48,224,112,16,16,16,0,1,1,4294967295
tileVault,48,208,112,16,16,16,0,1,1,4294967295
tileVault,48,192,112,16,16,16,0,1,1,4294967295
tileVault,48,176,112,16,16,16,0,1,1,4294967295
tileVault,48,160,112,16,16,16,0,1,1,4294967295
tileVault,48,144,112,16,16,16,0,1,1,4294967295
tileVault,48,128,112,16,16,16,0,1,1,4294967295
tileVault,48,112,112,16,16,16,0,1,1,4294967295
tileVault,48,96,112,16,16,16,0,1,1,4294967295
tileVault,48,80,112,16,16,16,0,1,1,4294967295
tileVault,48,64,112,16,16,16,0,1,1,4294967295
tileVault,48,48,112,16,16,16,0,1,1,4294967295
tileVault,48,32,112,16,16,16,0,1,1,4294967295
tileVault,48,16,112,16,16,16,0,1,1,4294967295
tileVault,48,0,112,16,16,16,0,1,1,4294967295
tileVault,32,0,112,16,16,16,0,1,1,4294967295
tileVault,16,0,112,16,16,16,0,1,1,4294967295
tileVault,0,0,112,16,16,16,0,1,1,4294967295
tileVault,0,16,112,16,16,16,0,1,1,4294967295
tileVault,0,32,112,16,16,16,0,1,1,4294967295
tileVault,0,48,112,16,16,16,0,1,1,4294967295
tileVault,0,64,112,16,16,16,0,1,1,4294967295
tileVault,0,80,112,16,16,16,0,1,1,4294967295
tileVault,0,96,112,16,16,16,0,1,1,4294967295
tileVault,0,112,112,16,16,16,0,1,1,4294967295
tileVault,0,128,112,16,16,16,0,1,1,4294967295
tileVault,0,144,112,16,16,16,0,1,1,4294967295
tileVault,0,160,112,16,16,16,0,1,1,4294967295
tileVault,0,176,112,16,16,16,0,1,1,4294967295
tileVault,0,192,112,16,16,16,0,1,1,4294967295
tileVault,0,208,112,16,16,16,0,1,1,4294967295
tileVault,16,208,112,16,16,16,0,1,1,4294967295
tileVault,16,192,112,16,16,16,0,1,1,4294967295
tileVault,16,176,112,16,16,16,0,1,1,4294967295
tileVault,16,160,112,16,16,16,0,1,1,4294967295
tileVault,16,144,112,16,16,16,0,1,1,4294967295
tileVault,16,128,112,16,16,16,0,1,1,4294967295
tileVault,16,112,112,16,16,16,0,1,1,4294967295
tileVault,16,96,112,16,16,16,0,1,1,4294967295
tileVault,16,80,112,16,16,16,0,1,1,4294967295
tileVault,16,64,112,16,16,16,0,1,1,4294967295
tileVault,16,48,112,16,16,16,0,1,1,4294967295
tileVault,16,32,112,16,16,16,0,1,1,4294967295
tileVault,16,16,112,16,16,16,0,1,1,4294967295
tileVault,32,16,112,16,16,16,0,1,1,4294967295
tileVault,32,32,112,16,16,16,0,1,1,4294967295
tileVault,32,48,112,16,16,16,0,1,1,4294967295
tileVault,32,64,112,16,16,16,0,1,1,4294967295
tileVault,32,80,112,16,16,16,0,1,1,4294967295
tileVault,32,96,112,16,16,16,0,1,1,4294967295
tileVault,32,112,112,16,16,16,0,1,1,4294967295
tileVault,32,128,112,16,16,16,0,1,1,4294967295
tileVault,32,144,112,16,16,16,0,1,1,4294967295
tileVault,32,160,112,16,16,16,0,1,1,4294967295
tileVault,32,176,112,16,16,16,0,1,1,4294967295
tileVault,32,192,112,16,16,16,0,1,1,4294967295
tileVault,32,208,112,16,16,16,0,1,1,4294967295
tileVault,64,224,112,16,16,16,0,1,1,4294967295
tileVault,80,224,112,16,16,16,0,1,1,4294967295
tileVault,96,224,112,16,16,16,0,1,1,4294967295
tileVault,112,224,112,16,16,16,0,1,1,4294967295
tileVault,112,208,112,16,16,16,0,1,1,4294967295
tileVault,96,208,112,16,16,16,0,1,1,4294967295
tileVault,80,208,112,16,16,16,0,1,1,4294967295
tileVault,64,208,112,16,16,16,0,1,1,4294967295
tileVault,64,192,112,16,16,16,0,1,1,4294967295
tileVault,64,176,112,16,16,16,0,1,1,4294967295
tileVault,64,160,112,16,16,16,0,1,1,4294967295
tileVault,64,144,112,16,16,16,0,1,1,4294967295
tileVault,64,128,112,16,16,16,0,1,1,4294967295
tileVault,64,112,112,16,16,16,0,1,1,4294967295
tileVault,64,96,112,16,16,16,0,1,1,4294967295
tileVault,64,80,112,16,16,16,0,1,1,4294967295
tileVault,64,64,112,16,16,16,0,1,1,4294967295
tileVault,64,48,112,16,16,16,0,1,1,4294967295
tileVault,64,32,112,16,16,16,0,1,1,4294967295
tileVault,64,16,112,16,16,16,0,1,1,4294967295
tileVault,64,0,112,16,16,16,0,1,1,4294967295
tileVault,80,0,112,16,16,16,0,1,1,4294967295
tileVault,96,0,112,16,16,16,0,1,1,4294967295
tileVault,112,0,112,16,16,16,0,1,1,4294967295
tileVault,112,16,112,16,16,16,0,1,1,4294967295
tileVault,112,32,112,16,16,16,0,1,1,4294967295
tileVault,112,48,112,16,16,16,0,1,1,4294967295
tileVault,112,64,112,16,16,16,0,1,1,4294967295
tileVault,112,80,112,16,16,16,0,1,1,4294967295
tileVault,112,96,112,16,16,16,0,1,1,4294967295
tileVault,112,112,112,16,16,16,0,1,1,4294967295
tileVault,112,128,112,16,16,16,0,1,1,4294967295
tileVault,112,144,112,16,16,16,0,1,1,4294967295
tileVault,112,160,112,16,16,16,0,1,1,4294967295
tileVault,112,176,112,16,16,16,0,1,1,4294967295
tileVault,112,192,112,16,16,16,0,1,1,4294967295
tileVault,96,192,112,16,16,16,0,1,1,4294967295
tileVault,96,176,112,16,16,16,0,1,1,4294967295
tileVault,96,160,112,16,16,16,0,1,1,4294967295
tileVault,96,144,112,16,16,16,0,1,1,4294967295
tileVault,96,128,112,16,16,16,0,1,1,4294967295
tileVault,96,112,112,16,16,16,0,1,1,4294967295
tileVault,96,96,112,16,16,16,0,1,1,4294967295
tileVault,96,80,112,16,16,16,0,1,1,4294967295
tileVault,96,64,112,16,16,16,0,1,1,4294967295
tileVault,96,48,112,16,16,16,0,1,1,4294967295
tileVault,96,32,112,16,16,16,0,1,1,4294967295
tileVault,96,16,112,16,16,16,0,1,1,4294967295
tileVault,80,16,112,16,16,16,0,1,1,4294967295
tileVault,80,32,112,16,16,16,0,1,1,4294967295
tileVault,80,48,112,16,16,16,0,1,1,4294967295
tileVault,80,64,112,16,16,16,0,1,1,4294967295
tileVault,80,80,112,16,16,16,0,1,1,4294967295
tileVault,80,96,112,16,16,16,0,1,1,4294967295
tileVault,80,112,112,16,16,16,0,1,1,4294967295
tileVault,80,128,112,16,16,16,0,1,1,4294967295
tileVault,80,144,112,16,16,16,0,1,1,4294967295
tileVault,80,160,112,16,16,16,0,1,1,4294967295
tileVault,80,176,112,16,16,16,0,1,1,4294967295
tileVault,80,192,112,16,16,16,0,1,1,4294967295
tileVault,128,208,112,16,16,16,0,1,1,4294967295
tileVault,144,208,112,16,16,16,0,1,1,4294967295
tileVault,128,192,112,16,16,16,0,1,1,4294967295
tileVault,144,192,112,16,16,16,0,1,1,4294967295
tileVault,160,192,112,16,16,16,0,1,1,4294967295
tileVault,176,192,112,16,16,16,0,1,1,4294967295
tileVault,128,176,112,16,16,16,0,1,1,4294967295
tileVault,144,176,112,16,16,16,0,1,1,4294967295
tileVault,160,176,112,16,16,16,0,1,1,4294967295
tileVault,176,176,112,16,16,16,0,1,1,4294967295
tileVault,192,176,112,16,16,16,0,1,1,4294967295
tileVault,208,176,112,16,16,16,0,1,1,4294967295
tileVault,128,160,112,16,16,16,0,1,1,4294967295
tileVault,144,160,112,16,16,16,0,1,1,4294967295
tileVault,160,160,112,16,16,16,0,1,1,4294967295
tileVault,176,160,112,16,16,16,0,1,1,4294967295
tileVault,192,160,112,16,16,16,0,1,1,4294967295
tileVault,208,160,112,16,16,16,0,1,1,4294967295
tileVault,224,160,112,16,16,16,0,1,1,4294967295
tileVault,240,160,112,16,16,16,0,1,1,4294967295
tileVault,128,144,112,16,16,16,0,1,1,4294967295
tileVault,144,144,112,16,16,16,0,1,1,4294967295
tileVault,160,144,112,16,16,16,0,1,1,4294967295
tileVault,176,144,112,16,16,16,0,1,1,4294967295
tileVault,192,144,112,16,16,16,0,1,1,4294967295
tileVault,208,144,112,16,16,16,0,1,1,4294967295
tileVault,224,144,112,16,16,16,0,1,1,4294967295
tileVault,240,144,112,16,16,16,0,1,1,4294967295
tileVault,256,128,112,16,16,16,0,1,1,4294967295
tileVault,240,128,112,16,16,16,0,1,1,4294967295
tileVault,224,128,112,16,16,16,0,1,1,4294967295
tileVault,208,128,112,16,16,16,0,1,1,4294967295
tileVault,192,128,112,16,16,16,0,1,1,4294967295
tileVault,128,128,112,16,16,16,0,1,1,4294967295
tileVault,256,112,112,16,16,16,0,1,1,4294967295
tileVault,240,112,112,16,16,16,0,1,1,4294967295
tileVault,224,112,112,16,16,16,0,1,1,4294967295
tileVault,208,112,112,16,16,16,0,1,1,4294967295
tileVault,192,112,112,16,16,16,0,1,1,4294967295
tileVault,128,112,112,16,16,16,0,1,1,4294967295
tileVault,272,96,112,16,16,16,0,1,1,4294967295
tileVault,256,96,112,16,16,16,0,1,1,4294967295
tileVault,240,96,112,16,16,16,0,1,1,4294967295
tileVault,224,96,112,16,16,16,0,1,1,4294967295
tileVault,208,96,112,16,16,16,0,1,1,4294967295
tileVault,192,96,112,16,16,16,0,1,1,4294967295
tileVault,176,96,112,16,16,16,0,1,1,4294967295
tileVault,160,96,112,16,16,16,0,1,1,4294967295
tileVault,144,96,112,16,16,16,0,1,1,4294967295
tileVault,128,96,112,16,16,16,0,1,1,4294967295
tileVault,272,80,112,16,16,16,0,1,1,4294967295
tileVault,256,80,112,16,16,16,0,1,1,4294967295
tileVault,192,80,112,16,16,16,0,1,1,4294967295
tileVault,128,80,112,16,16,16,0,1,1,4294967295
tileVault,128,64,112,16,16,16,0,1,1,4294967295
tileVault,192,64,112,16,16,16,0,1,1,4294967295
tileVault,256,64,112,16,16,16,0,1,1,4294967295
tileVault,272,64,112,16,16,16,0,1,1,4294967295
tileVault,288,64,112,16,16,16,0,1,1,4294967295
tileVault,304,64,112,16,16,16,0,1,1,4294967295
tileVault,128,48,112,16,16,16,0,1,1,4294967295
tileVault,144,48,112,16,16,16,0,1,1,4294967295
tileVault,160,48,112,16,16,16,0,1,1,4294967295
tileVault,176,48,112,16,16,16,0,1,1,4294967295
tileVault,192,48,112,16,16,16,0,1,1,4294967295
tileVault,208,48,112,16,16,16,0,1,1,4294967295
tileVault,224,48,112,16,16,16,0,1,1,4294967295
tileVault,240,48,112,16,16,16,0,1,1,4294967295
tileVault,256,48,112,16,16,16,0,1,1,4294967295
tileVault,272,48,112,16,16,16,0,1,1,4294967295
tileVault,288,48,112,16,16,16,0,1,1,4294967295
tileVault,304,48,112,16,16,16,0,1,1,4294967295
tileVault,320,48,112,16,16,16,0,1,1,4294967295
tileVault,336,48,112,16,16,16,0,1,1,4294967295
tileVault,128,32,112,16,16,16,0,1,1,4294967295
tileVault,192,32,112,16,16,16,0,1,1,4294967295
tileVault,256,32,112,16,16,16,0,1,1,4294967295
tileVault,320,32,112,16,16,16,0,1,1,4294967295
tileVault,336,32,112,16,16,16,0,1,1,4294967295
tileVault,352,32,112,16,16,16,0,1,1,4294967295
tileVault,368,32,112,16,16,16,0,1,1,4294967295
tileVault,128,16,112,16,16,16,0,1,1,4294967295
tileVault,192,16,112,16,16,16,0,1,1,4294967295
tileVault,256,16,112,16,16,16,0,1,1,4294967295
tileVault,320,16,112,16,16,16,0,1,1,4294967295
tileVault,336,16,112,16,16,16,0,1,1,4294967295
tileVault,352,16,112,16,16,16,0,1,1,4294967295
tileVault,368,16,112,16,16,16,0,1,1,4294967295
tileVault,384,16,112,16,16,16,0,1,1,4294967295
tileVault,400,16,112,16,16,16,0,1,1,4294967295
tileVault,416,16,112,16,16,16,0,1,1,4294967295
tileVault,432,16,112,16,16,16,0,1,1,4294967295
tileVault,128,0,112,16,16,16,0,1,1,4294967295
tileVault,144,0,112,16,16,16,0,1,1,4294967295
tileVault,160,0,112,16,16,16,0,1,1,4294967295
tileVault,176,0,112,16,16,16,0,1,1,4294967295
tileVault,192,0,112,16,16,16,0,1,1,4294967295
tileVault,208,0,112,16,16,16,0,1,1,4294967295
tileVault,224,0,112,16,16,16,0,1,1,4294967295
tileVault,240,0,112,16,16,16,0,1,1,4294967295
tileVault,256,0,112,16,16,16,0,1,1,4294967295
tileVault,272,0,112,16,16,16,0,1,1,4294967295
tileVault,288,0,112,16,16,16,0,1,1,4294967295
tileVault,304,0,112,16,16,16,0,1,1,4294967295
tileVault,320,0,112,16,16,16,0,1,1,4294967295
tileVault,336,0,112,16,16,16,0,1,1,4294967295
tileVault,352,0,112,16,16,16,0,1,1,4294967295
tileVault,368,0,112,16,16,16,0,1,1,4294967295
tileVault,384,0,112,16,16,16,0,1,1,4294967295
tileVault,400,0,112,16,16,16,0,1,1,4294967295
tileVault,416,0,112,16,16,16,0,1,1,4294967295
tileVault,432,0,112,16,16,16,0,1,1,4294967295
tileVault,448,16,112,16,16,16,0,1,1,4294967295
tileVault,464,16,112,16,16,16,0,1,1,4294967295
tileVault,464,0,112,16,16,16,0,1,1,4294967295
tileVault,448,0,112,16,16,16,0,1,1,4294967295
tileVault,480,0,112,16,16,16,0,1,1,4294967295
tileVault,480,16,112,16,16,16,0,1,1,4294967295
tileVault,496,16,112,16,16,16,0,1,1,4294967295
tileVault,496,0,112,16,16,16,0,1,1,4294967295
tileVault,512,0,112,16,16,16,0,1,1,4294967295
tileVault,512,16,112,16,16,16,0,1,1,4294967295
tileVault,512,32,112,16,16,16,0,1,1,4294967295
tileVault,528,32,112,16,16,16,0,1,1,4294967295
tileVault,528,16,112,16,16,16,0,1,1,4294967295
tileVault,528,0,112,16,16,16,0,1,1,4294967295
tileVault,544,0,112,16,16,16,0,1,1,4294967295
tileVault,544,16,112,16,16,16,0,1,1,4294967295
tileVault,544,32,112,16,16,16,0,1,1,4294967295
tileVault,544,48,112,16,16,16,0,1,1,4294967295
tileVault,560,48,112,16,16,16,0,1,1,4294967295
tileVault,560,32,112,16,16,16,0,1,1,4294967295
tileVault,560,16,112,16,16,16,0,1,1,4294967295
tileVault,560,0,112,16,16,16,0,1,1,4294967295
tileVault,576,64,112,16,16,16,0,1,1,4294967295
tileVault,592,64,112,16,16,16,0,1,1,4294967295
tileVault,592,48,112,16,16,16,0,1,1,4294967295
tileVault,592,0,112,16,16,16,0,1,1,4294967295
tileVault,576,0,112,16,16,16,0,1,1,4294967295
tileVault,576,48,112,16,16,16,0,1,1,4294967295
tileVault,608,80,112,16,16,16,0,1,1,4294967295
tileVault,608,96,112,16,16,16,0,1,1,4294967295
tileVault,624,96,112,16,16,16,0,1,1,4294967295
tileVault,624,80,112,16,16,16,0,1,1,4294967295
tileVault,624,64,112,16,16,16,0,1,1,4294967295
tileVault,624,48,112,16,16,16,0,1,1,4294967295
tileVault,624,32,112,16,16,16,0,1,1,4294967295
tileVault,624,16,112,16,16,16,0,1,1,4294967295
tileVault,624,0,112,16,16,16,0,1,1,4294967295
tileVault,608,0,112,16,16,16,0,1,1,4294967295
tileVault,608,48,112,16,16,16,0,1,1,4294967295
tileVault,608,64,112,16,16,16,0,1,1,4294967295
tileVault,640,0,112,16,16,16,0,1,1,4294967295
tileVault,640,48,112,16,16,16,0,1,1,4294967295
tileVault,640,96,112,16,16,16,0,1,1,4294967295
tileVault,640,112,112,16,16,16,0,1,1,4294967295
tileVault,640,128,112,16,16,16,0,1,1,4294967295
tileVault,656,160,112,16,16,16,0,1,1,4294967295
tileVault,656,144,112,16,16,16,0,1,1,4294967295
tileVault,656,128,112,16,16,16,0,1,1,4294967295
tileVault,656,112,112,16,16,16,0,1,1,4294967295
tileVault,656,96,112,16,16,16,0,1,1,4294967295
tileVault,656,48,112,16,16,16,0,1,1,4294967295
tileVault,656,0,112,16,16,16,0,1,1,4294967295
tileVault,672,160,112,16,16,16,0,1,1,4294967295
tileVault,672,144,112,16,16,16,0,1,1,4294967295
tileVault,672,128,112,16,16,16,0,1,1,4294967295
tileVault,672,112,112,16,16,16,0,1,1,4294967295
tileVault,672,96,112,16,16,16,0,1,1,4294967295
tileVault,672,48,112,16,16,16,0,1,1,4294967295
tileVault,672,0,112,16,16,16,0,1,1,4294967295
tileVault,688,176,112,16,16,16,0,1,1,4294967295
tileVault,688,160,112,16,16,16,0,1,1,4294967295
tileVault,688,144,112,16,16,16,0,1,1,4294967295
tileVault,688,128,112,16,16,16,0,1,1,4294967295
tileVault,688,112,112,16,16,16,0,1,1,4294967295
tileVault,688,96,112,16,16,16,0,1,1,4294967295
tileVault,688,80,112,16,16,16,0,1,1,4294967295
tileVault,688,64,112,16,16,16,0,1,1,4294967295
tileVault,688,48,112,16,16,16,0,1,1,4294967295
tileVault,688,32,112,16,16,16,0,1,1,4294967295
tileVault,688,16,112,16,16,16,0,1,1,4294967295
tileVault,688,0,112,16,16,16,0,1,1,4294967295
tileVault,704,176,112,16,16,16,0,1,1,4294967295
tileVault,704,160,112,16,16,16,0,1,1,4294967295
tileVault,704,144,112,16,16,16,0,1,1,4294967295
tileVault,704,96,112,16,16,16,0,1,1,4294967295
tileVault,704,48,112,16,16,16,0,1,1,4294967295
tileVault,704,0,112,16,16,16,0,1,1,4294967295
tileVault,256,304,112,16,16,16,0,1,1,4294967295
tileVault,272,304,112,16,16,16,0,1,1,4294967295
tileVault,288,304,112,16,16,16,0,1,1,4294967295
tileVault,304,304,112,16,16,16,0,1,1,4294967295
tileVault,320,304,112,16,16,16,0,1,1,4294967295
tileVault,336,304,112,16,16,16,0,1,1,4294967295
tileVault,352,304,112,16,16,16,0,1,1,4294967295
tileVault,368,304,112,16,16,16,0,1,1,4294967295
tileVault,384,304,112,16,16,16,0,1,1,4294967295
tileVault,400,304,112,16,16,16,0,1,1,4294967295
tileVault,416,304,112,16,16,16,0,1,1,4294967295
tileVault,432,304,112,16,16,16,0,1,1,4294967295
tileVault,448,304,112,16,16,16,0,1,1,4294967295
tileVault,464,304,112,16,16,16,0,1,1,4294967295
tileVault,480,304,112,16,16,16,0,1,1,4294967295
tileVault,496,304,112,16,16,16,0,1,1,4294967295
tileVault,512,304,112,16,16,16,0,1,1,4294967295
tileVault,528,304,112,16,16,16,0,1,1,4294967295
tileVault,544,304,112,16,16,16,0,1,1,4294967295
tileVault,560,304,112,16,16,16,0,1,1,4294967295
tileVault,576,304,112,16,16,16,0,1,1,4294967295
tileVault,592,304,112,16,16,16,0,1,1,4294967295
tileVault,608,304,112,16,16,16,0,1,1,4294967295
tileVault,624,304,112,16,16,16,0,1,1,4294967295
tileVault,640,304,112,16,16,16,0,1,1,4294967295
tileVault,656,304,112,16,16,16,0,1,1,4294967295
tileVault,672,304,112,16,16,16,0,1,1,4294967295
tileVault,688,304,112,16,16,16,0,1,1,4294967295
tileVault,704,304,112,16,16,16,0,1,1,4294967295
tileVault,704,320,112,16,16,16,0,1,1,4294967295
tileVault,640,320,112,16,16,16,0,1,1,4294967295
tileVault,624,320,112,16,16,16,0,1,1,4294967295
tileVault,560,320,112,16,16,16,0,1,1,4294967295
tileVault,544,320,112,16,16,16,0,1,1,4294967295
tileVault,528,320,112,16,16,16,0,1,1,4294967295
tileVault,512,320,112,16,16,16,0,1,1,4294967295
tileVault,448,320,112,16,16,16,0,1,1,4294967295
tileVault,432,320,112,16,16,16,0,1,1,4294967295
tileVault,368,320,112,16,16,16,0,1,1,4294967295
tileVault,352,320,112,16,16,16,0,1,1,4294967295
tileVault,336,320,112,16,16,16,0,1,1,4294967295
tileVault,320,320,112,16,16,16,0,1,1,4294967295
tileVault,256,320,112,16,16,16,0,1,1,4294967295
tileVault,256,336,112,16,16,16,0,1,1,4294967295
tileVault,320,336,112,16,16,16,0,1,1,4294967295
tileVault,336,336,112,16,16,16,0,1,1,4294967295
tileVault,352,336,112,16,16,16,0,1,1,4294967295
tileVault,368,336,112,16,16,16,0,1,1,4294967295
tileVault,432,336,112,16,16,16,0,1,1,4294967295
tileVault,448,336,112,16,16,16,0,1,1,4294967295
tileVault,512,336,112,16,16,16,0,1,1,4294967295
tileVault,528,336,112,16,16,16,0,1,1,4294967295
tileVault,544,336,112,16,16,16,0,1,1,4294967295
tileVault,560,336,112,16,16,16,0,1,1,4294967295
tileVault,624,336,112,16,16,16,0,1,1,4294967295
tileVault,640,336,112,16,16,16,0,1,1,4294967295
tileVault,704,336,112,16,16,16,0,1,1,4294967295
tileVault,720,192,112,16,16,16,0,1,1,4294967295
tileVault,736,192,112,16,16,16,0,1,1,4294967295
tileVault,752,208,112,16,16,16,0,1,1,4294967295
tileVault,768,208,112,16,16,16,0,1,1,4294967295
tileVault,784,224,112,16,16,16,0,1,1,4294967295
tileVault,784,0,112,16,16,16,0,1,1,4294967295
tileVault,784,16,112,16,16,16,0,1,1,4294967295
tileVault,784,32,112,16,16,16,0,1,1,4294967295
tileVault,784,48,112,16,16,16,0,1,1,4294967295
tileVault,784,64,112,16,16,16,0,1,1,4294967295
tileVault,784,80,112,16,16,16,0,1,1,4294967295
tileVault,784,96,112,16,16,16,0,1,1,4294967295
tileVault,784,112,112,16,16,16,0,1,1,4294967295
tileVault,784,128,112,16,16,16,0,1,1,4294967295
tileVault,784,144,112,16,16,16,0,1,1,4294967295
tileVault,784,160,112,16,16,16,0,1,1,4294967295
tileVault,784,176,112,16,16,16,0,1,1,4294967295
tileVault,784,192,112,16,16,16,0,1,1,4294967295
tileVault,784,208,112,16,16,16,0,1,1,4294967295
tileVault,752,192,112,16,16,16,0,1,1,4294967295
tileVault,768,192,112,16,16,16,0,1,1,4294967295
tileVault,768,176,112,16,16,16,0,1,1,4294967295
tileVault,768,160,112,16,16,16,0,1,1,4294967295
tileVault,768,144,112,16,16,16,0,1,1,4294967295
tileVault,768,128,112,16,16,16,0,1,1,4294967295
tileVault,768,112,112,16,16,16,0,1,1,4294967295
tileVault,768,96,112,16,16,16,0,1,1,4294967295
tileVault,768,80,112,16,16,16,0,1,1,4294967295
tileVault,768,64,112,16,16,16,0,1,1,4294967295
tileVault,768,48,112,16,16,16,0,1,1,4294967295
tileVault,768,32,112,16,16,16,0,1,1,4294967295
tileVault,768,16,112,16,16,16,0,1,1,4294967295
tileVault,768,0,112,16,16,16,0,1,1,4294967295
tileVault,720,0,112,16,16,16,0,1,1,4294967295
tileVault,720,48,112,16,16,16,0,1,1,4294967295
tileVault,720,96,112,16,16,16,0,1,1,4294967295
tileVault,720,144,112,16,16,16,0,1,1,4294967295
tileVault,720,160,112,16,16,16,0,1,1,4294967295
tileVault,720,176,112,16,16,16,0,1,1,4294967295
tileVault,736,176,112,16,16,16,0,1,1,4294967295
tileVault,736,160,112,16,16,16,0,1,1,4294967295
tileVault,736,144,112,16,16,16,0,1,1,4294967295
tileVault,736,96,112,16,16,16,0,1,1,4294967295
tileVault,736,48,112,16,16,16,0,1,1,4294967295
tileVault,736,0,112,16,16,16,0,1,1,4294967295
tileVault,752,0,112,16,16,16,0,1,1,4294967295
tileVault,752,16,112,16,16,16,0,1,1,4294967295
tileVault,752,32,112,16,16,16,0,1,1,4294967295
tileVault,752,48,112,16,16,16,0,1,1,4294967295
tileVault,752,64,112,16,16,16,0,1,1,4294967295
tileVault,752,80,112,16,16,16,0,1,1,4294967295
tileVault,752,96,112,16,16,16,0,1,1,4294967295
tileVault,752,112,112,16,16,16,0,1,1,4294967295
tileVault,752,128,112,16,16,16,0,1,1,4294967295
tileVault,752,144,112,16,16,16,0,1,1,4294967295
tileVault,752,160,112,16,16,16,0,1,1,4294967295
tileVault,752,176,112,16,16,16,0,1,1,4294967295
tileVault,720,304,112,16,16,16,0,1,1,4294967295
tileVault,736,304,112,16,16,16,0,1,1,4294967295
tileVault,752,304,112,16,16,16,0,1,1,4294967295
tileVault,768,304,112,16,16,16,0,1,1,4294967295
tileVault,784,304,112,16,16,16,0,1,1,4294967295
tileVault,784,320,112,16,16,16,0,1,1,4294967295
tileVault,768,320,112,16,16,16,0,1,1,4294967295
tileVault,752,320,112,16,16,16,0,1,1,4294967295
tileVault,736,320,112,16,16,16,0,1,1,4294967295
tileVault,720,320,112,16,16,16,0,1,1,4294967295
tileVault,720,336,112,16,16,16,0,1,1,4294967295
tileVault,736,336,112,16,16,16,0,1,1,4294967295
tileVault,752,336,112,16,16,16,0,1,1,4294967295
tileVault,768,336,112,16,16,16,0,1,1,4294967295
tileVault,784,336,112,16,16,16,0,1,1,4294967295
tileVault,272,16,0,32,48,32,0,1,1,4294967295
tileVault,576,16,0,32,48,32,0,1,1,4294967295
tileVault,640,16,0,32,48,32,0,1,1,4294967295
tileVault,640,64,0,32,48,32,0,1,1,4294967295
tileVault,208,64,0,32,48,32,0,1,1,4294967295
tileVault,208,16,0,32,48,32,0,1,1,4294967295
tileVault,144,112,0,32,48,32,0,1,1,4294967295
tileVault,144,64,0,32,48,32,0,1,1,4294967295
tileVault,144,16,0,32,48,32,0,1,1,4294967295
tileVault,704,16,0,32,48,32,0,1,1,4294967295
tileVault,704,64,0,32,48,32,0,1,1,4294967295
tileVault,704,112,0,32,48,32,0,1,1,4294967295
tileVault,624,112,112,16,16,16,0,1,1,4294967295
tileVault,624,128,112,16,16,16,0,1,1,4294967295
tileVault,640,144,112,16,16,16,0,1,1,4294967295
tileVault,640,160,112,16,16,16,0,1,1,4294967295
tileVault,672,176,112,16,16,16,0,1,1,4294967295
tileVault,704,192,112,16,16,16,0,1,1,4294967295
tileVault,736,208,112,16,16,16,0,1,1,4294967295
tileVault,768,224,112,16,16,16,0,1,1,4294967295
tileVault,384,320,0,32,48,32,0,1,1,4294967295
tileVault,464,320,0,32,48,32,0,1,1,4294967295
tileVault,576,320,0,32,48,32,0,1,1,4294967295
tileVault,272,320,0,32,48,32,0,1,1,4294967295
tileVault,320,288,112,16,16,16,0,1,1,4294967295
tileVault,336,288,112,16,16,16,0,1,1,4294967295
tileVault,544,288,112,16,16,16,0,1,1,4294967295
tileVault,560,288,112,16,16,16,0,1,1,4294967295
tileVault,416,240,112,0,16,16,0,1,1,4294967295
tileVault,432,240,112,0,16,16,0,1,1,4294967295
tileVault,448,240,112,0,16,16,0,1,1,4294967295
tileVault,464,240,112,0,16,16,0,1,1,4294967295
tileVault,224,320,112,16,16,16,0,1,1,4294967295
tileVault,224,336,112,16,16,16,0,1,1,4294967295
tileVault,192,320,112,16,16,16,0,1,1,4294967295
tileVault,192,336,112,16,16,16,0,1,1,4294967295
tileVault,208,320,0,32,16,32,0,1,1,4294967295
tileVault,672,320,32,32,16,32,0,1,1,4294967295
tileVault,656,320,112,16,16,16,0,1,1,4294967295
tileVault,656,336,112,16,16,16,0,1,1,4294967295
tileVault,688,320,112,16,16,16,0,1,1,4294967295
tileVault,688,336,112,16,16,16,0,1,1,4294967295
