oMCastle_TorchA,320,224,0014C6AF,0,1,1,4294967295,0,0
oMCastle_TorchA,640,128,00066DDF,0,1,1,4294967295,0,0
oMCastle_TorchA,704,128,0017ED83,0,1,1,4294967295,0,0
oMCastle_TorchA,1024,192,00146E91,0,1,1,4294967295,0,0
oMCastle_TorchA,1216,192,001B0B6A,0,1,1,4294967295,0,0
oMCastle_TorchA,1408,192,002D2EB8,0,1,1,4294967295,0,0
oMCastle_TorchA,1600,192,000664BB,0,1,1,4294967295,0,0
oMCastle_TorchA,192,288,001D6AA5,0,1,1,4294967295,0,0
oMCastle_TorchA,1920,256,003A5994,0,1,1,4294967295,0,0
oMCastle_TorchA,2048,256,0027A96D,0,1,1,4294967295,0,0
oMCastle_TorchA,2304,192,002156A7,0,1,1,4294967295,0,0
oMCastle_TorchA,2496,192,001744E3,0,1,1,4294967295,0,0
oMCastle_TorchA,2688,192,00039B75,0,1,1,4294967295,0,0
oMCastle_TorchA,2880,192,0033E353,0,1,1,4294967295,0,0
oExit,0,384,002AAA6E,0,1,1,4294967295,0,1
oMarioBreakBlock,2656,288,00047F29,0,1,1,4294967295,0,0
oMarioBreakBlock,2672,288,0003E8BA,0,1,1,4294967295,0,0
oMarioBreakBlock,2688,288,0031C7B1,0,1,1,4294967295,0,0
oMarioBreakBlock,2704,288,000C384C,0,1,1,4294967295,0,0
oExit,3088,256,0027537E,0,1,1,4294967295,0,1
oStrikeChainPoint,1056,272,000CD21B,0,1,1,4294967295,0,0
oStrikeChainPoint,1056,352,003E128C,0,1,1,4294967295,0,0
oStrikeChainPoint,1568,224,00292E0A,0,1,1,4294967295,0,0
oStrikeChainPoint,1728,384,000072AF,0,1,1,4294967295,0,0
oMCastle_PlatA,2048,328,003A25F4,0,1,1,4294967295,0,0
oHeartPiece,3000,400,00212783,0,1,1,4294967295,0,1
oZapTrap,992,128,0019E0B8,0,1,1,4294967295,0,1
oZapTrap,1264,160,0014AC55,0,1,1,4294967295,0,1
oZapTrap,1360,160,000FC370,0,1,1,4294967295,0,1
oZapTrap,1456,160,00104F92,0,1,1,4294967295,0,1
oCastleRedSpike,752,208,00301B24,0,1,1,4294967295,0,0
oCastleRedSpike,752,236,003F9160,0,1,1,4294967295,0,0
oCastleRedSpike,752,266,00344FFA,0,1,1,4294967295,0,0
oCastleRedSpike,848,208,000E8CAE,0,1,1,4294967295,0,0
oCastleRedSpike,848,240,00378BA8,0,1,1,4294967295,0,0
oCastleRedSpike,848,268,0036E112,0,1,1,4294967295,0,0
oCastleRedSpike,912,352,002BC6DE,0,1,1,4294967295,0,0
oCastleRedSpike,992,256,0035F214,0,1,1,4294967295,0,0
oCastleRedSpike,992,288,0007BAC0,0,1,1,4294967295,0,0
oCastleRedSpike,992,320,00086CEB,0,1,1,4294967295,0,0
oCastleRedSpike,992,384,000F855F,0,1,1,4294967295,0,0
oCastleRedSpike,1120,192,001DBBD5,0,1,1,4294967295,0,0
oCastleRedSpike,1120,224,0006AAB4,0,1,1,4294967295,0,0
oCastleRedSpike,1120,256,000BF558,0,1,1,4294967295,0,0
oCastleRedSpike,1152,288,000E5476,0,1,1,4294967295,0,0
oCastleRedSpike,1264,144,00400616,0,1,1,4294967295,0,0
oCastleRedSpike,1264,336,00177B22,0,1,1,4294967295,0,0
oCastleRedSpike,1360,144,003274B8,0,1,1,4294967295,0,0
oCastleRedSpike,1360,336,00114E35,0,1,1,4294967295,0,0
oCastleRedSpike,1456,144,001E31A8,0,1,1,4294967295,0,0
oCastleRedSpike,1456,336,00376B1B,0,1,1,4294967295,0,0
oCastleRedSpike,1808,304,003883C9,0,1,1,4294967295,0,0
oCastleRedSpike,1808,336,001B7C50,0,1,1,4294967295,0,0
oCastleRedSpike,1616,256,0014061D,0,1,1,4294967295,0,0
oCastleRedSpike,1616,288,00295896,0,1,1,4294967295,0,0
oCastleRedSpike,1616,320,0007FD2C,0,1,1,4294967295,0,0
oCastleRedSpike,1616,352,000CFD59,0,1,1,4294967295,0,0
oCastleRedSpike,1616,384,0023C806,0,1,1,4294967295,0,0
oCastleRedSpike,2528,400,003475F9,0,1,1,4294967295,0,0
oCastleRedSpike,2592,336,001C495A,0,1,1,4294967295,0,0
oMovingTrapRed,1136,320,00376F4F,0,1,1,4294967295,0,1
oMovingTrapRed,1792,368,0005B22D,0,1,1,4294967295,0,1
oMovingTrapRed,1648,304,0002FA8C,0,1,1,4294967295,0,1
oRedDiamond,720,272,001F6DD2,0,1,1,4294967295,0,0
oRedDiamond,1152,256,00351058,0,1,1,4294967295,0,0
oRedDiamond,1568,288,002976C4,0,1,1,4294967295,0,0
oRedDiamond,2560,368,00115D92,0,1,1,4294967295,0,0
oRedDiamond,2048,368,00204F20,0,1,1,4294967295,0,0
oMovingTrapRed,2544,320,00336738,0,1,1,4294967295,0,1
oStaticSpikeRed,2992,320,000D5696,0,1,1,4294967295,0,0
oStaticSpikeRed,2976,320,0016E168,0,1,1,4294967295,0,0
oStaticSpikeRed,3008,320,0018332B,0,1,1,4294967295,0,0
oStaticSpikeRed,3024,320,00321286,0,1,1,4294967295,0,0
oStaticSpikeRed,2976,340,00055667,0,1,1,4294967295,0,0
oStaticSpikeRed,2976,360,00118319,0,1,1,4294967295,0,0
oStaticSpikeRed,2976,380,0037F8EA,0,1,1,4294967295,0,0
oStaticSpikeRed,2992,340,0039C245,0,1,1,4294967295,0,0
oStaticSpikeRed,3008,340,0017889B,0,1,1,4294967295,0,0
oStaticSpikeRed,3024,340,00158F64,0,1,1,4294967295,0,0
oStaticSpikeRed,2992,360,002232B2,0,1,1,4294967295,0,0
oStaticSpikeRed,2992,380,001EC65E,0,1,1,4294967295,0,0
oStaticSpikeRed,3008,360,0016497A,0,1,1,4294967295,0,0
oStaticSpikeRed,3008,380,000BF47A,0,1,1,4294967295,0,0
oStaticSpikeRed,3024,360,00117570,0,1,1,4294967295,0,0
oStaticSpikeRed,3024,380,0016D8B1,0,1,1,4294967295,0,0
oMagicalBat,320,336,00167204,0,1,1,4294967295,0,0
oMagicalBat,800,416,003B45CB,0,1,1,4294967295,0,0
oMagicalBat,960,352,002DB155,0,1,1,4294967295,0,0
oMagicalBat,1184,368,0002C4B1,0,1,1,4294967295,0,0
oMagicalBat,1312,368,002F4F85,0,1,1,4294967295,0,0
oMagicalBat,1408,368,00038D7E,0,1,1,4294967295,0,0
oMagicalBat,1920,432,0029EB3E,0,1,1,4294967295,0,0
oMagicalBat,2448,304,0021F2AA,0,1,1,4294967295,0,0
oPlayer1,48,416,0003EE31,0,1,1,4294967295,0,0
oInvCollPH,16,416,000DC762,0,1,1,4294967295,0,0
oInvCollPH,32,416,00125991,0,1,1,4294967295,0,0
oInvCollPH,48,416,002F7DAA,0,1,1,4294967295,0,0
oInvCollPH,64,416,00270516,0,1,1,4294967295,0,0
oInvCollPH,80,416,00316366,0,1,1,4294967295,0,0
oInvCollPH,96,416,003F8D5C,0,1,1,4294967295,0,0
oInvCollPH,112,416,0032C50A,0,1,1,4294967295,0,0
oInvCollPH,128,416,0035D53D,0,1,1,4294967295,0,0
oInvCollPH,144,416,003C771B,0,1,1,4294967295,0,0
oInvCollPH,160,416,000ABCC2,0,1,1,4294967295,0,0
oInvCollPH,176,416,0002045B,0,1,1,4294967295,0,0
oInvCollPH,176,464,000A9760,0,1,1,4294967295,0,0
oInvCollPH,176,432,00391CC9,0,1,1,4294967295,0,0
oInvCollPH,176,448,0002163E,0,1,1,4294967295,0,0
oInvCollPH,0,272,0035C1F1,0,1,1,4294967295,0,0
oInvCollPH,16,272,0019DEB9,0,1,1,4294967295,0,0
oInvCollPH,32,272,003578C0,0,1,1,4294967295,0,0
oInvCollPH,48,272,000A05A9,0,1,1,4294967295,0,0
oInvCollPH,64,272,0039AB5C,0,1,1,4294967295,0,0
oInvCollPH,80,272,0028E412,0,1,1,4294967295,0,0
oInvCollPH,96,272,0038DE0F,0,1,1,4294967295,0,0
oInvCollPH,112,272,000F0124,0,1,1,4294967295,0,0
oInvCollPH,112,256,003613F2,0,1,1,4294967295,0,0
oInvCollPH,112,240,00095EBC,0,1,1,4294967295,0,0
oInvCollPH,112,224,002A513D,0,1,1,4294967295,0,0
oInvCollPH,144,208,002FC8BD,0,1,1,4294967295,0,0
oInvCollPH,160,208,00390D15,0,1,1,4294967295,0,0
oInvCollPH,176,208,003FB980,0,1,1,4294967295,0,0
oInvCollPH,192,208,0027AA3F,0,1,1,4294967295,0,0
oInvCollPH,208,208,001F4C5A,0,1,1,4294967295,0,0
oInvCollPH,224,208,00359A17,0,1,1,4294967295,0,0
oInvCollPH,240,208,0010F7EF,0,1,1,4294967295,0,0
oInvCollPH,240,192,002B3290,0,1,1,4294967295,0,0
oInvCollPH,240,176,000A2009,0,1,1,4294967295,0,0
oInvCollPH,240,160,00368EC0,0,1,1,4294967295,0,0
oInvCollPH,128,208,0003E2D9,0,1,1,4294967295,0,0
oInvCollPH,256,144,00153F59,0,1,1,4294967295,0,0
oInvCollPH,272,144,000A2710,0,1,1,4294967295,0,0
oInvCollPH,288,144,0001A615,0,1,1,4294967295,0,0
oInvCollPH,304,144,00401E84,0,1,1,4294967295,0,0
oInvCollPH,320,144,000B0E6E,0,1,1,4294967295,0,0
oInvCollPH,336,144,00277BEF,0,1,1,4294967295,0,0
oInvCollPH,352,144,0039488A,0,1,1,4294967295,0,0
oInvCollPH,368,144,003C5E6F,0,1,1,4294967295,0,0
oInvCollPH,368,128,001B2B22,0,1,1,4294967295,0,0
oInvCollPH,2112,240,003C47FB,0,1,1,4294967295,0,0
oInvCollPH,2112,256,0029EB86,0,1,1,4294967295,0,0
oInvCollPH,2112,272,001B0926,0,1,1,4294967295,0,0
oInvCollPH,2128,272,0000C5A3,0,1,1,4294967295,0,0
oInvCollPH,2144,272,00330FD5,0,1,1,4294967295,0,0
oInvCollPH,2160,272,001ECDE7,0,1,1,4294967295,0,0
oInvCollPH,2160,256,00103B88,0,1,1,4294967295,0,0
oInvCollPH,2160,240,002239D3,0,1,1,4294967295,0,0
oInvCollPH,2160,224,0025ED40,0,1,1,4294967295,0,0
oInvCollPH,2112,192,0017FAFD,0,1,1,4294967295,0,0
oInvCollPH,2112,208,00029D9F,0,1,1,4294967295,0,0
oInvCollPH,2176,208,0031C282,0,1,1,4294967295,0,0
oInvCollPH,2192,208,0035885F,0,1,1,4294967295,0,0
oInvCollPH,2208,208,001A66E1,0,1,1,4294967295,0,0
oInvCollPH,2224,208,0026DF0C,0,1,1,4294967295,0,0
oInvCollPH,2224,192,0030A576,0,1,1,4294967295,0,0
oInvCollPH,2224,176,003EFC0E,0,1,1,4294967295,0,0
oInvCollPH,2224,160,001AEA05,0,1,1,4294967295,0,0
oInvCollPH,2224,144,00221EE4,0,1,1,4294967295,0,0
oInvCollPH,2224,128,00287254,0,1,1,4294967295,0,0
oInvCollPH,2368,304,0017C0A4,0,1,1,4294967295,0,0
oInvCollPH,2368,320,001605B0,0,1,1,4294967295,0,0
oInvCollPH,2368,336,001E2130,0,1,1,4294967295,0,0
oInvCollPH,2368,352,000AA9B0,0,1,1,4294967295,0,0
oInvCollPH,2368,368,000325E7,0,1,1,4294967295,0,0
oInvCollPH,2368,384,000192E0,0,1,1,4294967295,0,0
oInvCollPH,2368,400,0034B04E,0,1,1,4294967295,0,0
oInvCollPH,2368,416,000E355A,0,1,1,4294967295,0,0
oInvCollPH,2368,432,0032D33A,0,1,1,4294967295,0,0
oInvCollPH,2368,448,0038B12B,0,1,1,4294967295,0,0
oInvCollPH,2368,464,003CF5DE,0,1,1,4294967295,0,0
oInvCollPH,2416,464,0023A41F,0,1,1,4294967295,0,0
oInvCollPH,2416,448,003E8E09,0,1,1,4294967295,0,0
oInvCollPH,2416,432,003BCEB9,0,1,1,4294967295,0,0
oInvCollPH,2416,416,000E1331,0,1,1,4294967295,0,0
oInvCollPH,2416,400,00027736,0,1,1,4294967295,0,0
oInvCollPH,2416,384,00265219,0,1,1,4294967295,0,0
oInvCollPH,2416,368,00351B6C,0,1,1,4294967295,0,0
oInvCollPH,2416,352,00077C5D,0,1,1,4294967295,0,0
oInvCollPH,2416,336,000C5F3B,0,1,1,4294967295,0,0
oInvCollPH,2416,320,00004AC3,0,1,1,4294967295,0,0
oInvCollPH,2416,304,00139C06,0,1,1,4294967295,0,0
oInvCollPH,2416,288,003996F7,0,1,1,4294967295,0,0
oInvCollPH,2400,288,00112EC3,0,1,1,4294967295,0,0
oInvCollPH,2384,288,0015C9E9,0,1,1,4294967295,0,0
oInvCollPH,2464,304,003886D0,0,1,1,4294967295,0,0
oInvCollPH,2480,304,002DD62D,0,1,1,4294967295,0,0
oInvCollPH,2496,304,001CC274,0,1,1,4294967295,0,0
oInvCollPH,2512,304,0032FE54,0,1,1,4294967295,0,0
oInvCollPH,2528,304,0017B3A9,0,1,1,4294967295,0,0
oInvCollPH,2544,304,00066D0C,0,1,1,4294967295,0,0
oInvCollPH,2560,304,001996C3,0,1,1,4294967295,0,0
oInvCollPH,2560,288,000D2C0E,0,1,1,4294967295,0,0
oInvCollPH,2576,288,0025D754,0,1,1,4294967295,0,0
oInvCollPH,2592,288,00238A14,0,1,1,4294967295,0,0
oInvCollPH,2608,288,00103C7B,0,1,1,4294967295,0,0
oInvCollPH,2624,288,00336212,0,1,1,4294967295,0,0
oInvCollPH,2640,288,00131BBA,0,1,1,4294967295,0,0
oInvCollPH,2640,304,001E3CDC,0,1,1,4294967295,0,0
oInvCollPH,2624,304,00264C86,0,1,1,4294967295,0,0
oInvCollPH,2608,304,002F9804,0,1,1,4294967295,0,0
oInvCollPH,2592,304,0002991F,0,1,1,4294967295,0,0
oInvCollPH,2576,304,000C5CA7,0,1,1,4294967295,0,0
oInvCollPH,2480,288,0012FC60,0,1,1,4294967295,0,0
oInvCollPH,2496,288,000CD4BE,0,1,1,4294967295,0,0
oInvCollPH,2512,288,001175E8,0,1,1,4294967295,0,0
oInvCollPH,2528,288,001BC025,0,1,1,4294967295,0,0
oInvCollPH,2544,288,0030BC91,0,1,1,4294967295,0,0
oInvCollPH,2464,432,001A0353,0,1,1,4294967295,0,0
oInvCollPH,2464,448,00341801,0,1,1,4294967295,0,0
oInvCollPH,2464,464,001E2D07,0,1,1,4294967295,0,0
oInvCollPH,2480,416,003F5ED2,0,1,1,4294967295,0,0
oInvCollPH,2496,416,00117EB9,0,1,1,4294967295,0,0
oInvCollPH,2512,416,001DDFE7,0,1,1,4294967295,0,0
oInvCollPH,2528,416,002BB861,0,1,1,4294967295,0,0
oInvCollPH,2544,416,0004FDDF,0,1,1,4294967295,0,0
oInvCollPH,2560,416,0033AD19,0,1,1,4294967295,0,0
oInvCollPH,2576,416,001FA46B,0,1,1,4294967295,0,0
oInvCollPH,2592,416,003C39F1,0,1,1,4294967295,0,0
oInvCollPH,2608,416,0000FEAD,0,1,1,4294967295,0,0
oInvCollPH,2624,416,0008A214,0,1,1,4294967295,0,0
oInvCollPH,2640,416,00375D2A,0,1,1,4294967295,0,0
oInvCollPH,2656,400,003B3B14,0,1,1,4294967295,0,0
oInvCollPH,2672,384,0019EBB4,0,1,1,4294967295,0,0
oInvCollPH,2688,384,001D6A1E,0,1,1,4294967295,0,0
oInvCollPH,2704,384,0010D953,0,1,1,4294967295,0,0
oInvCollPH,2720,304,00100070,0,1,1,4294967295,0,0
oInvCollPH,2720,320,003ADA4C,0,1,1,4294967295,0,0
oInvCollPH,2720,336,002E2B70,0,1,1,4294967295,0,0
oInvCollPH,2720,352,00176313,0,1,1,4294967295,0,0
oInvCollPH,2720,368,001B47CD,0,1,1,4294967295,0,0
oInvCollPH,2736,288,00203AF3,0,1,1,4294967295,0,0
oInvCollPH,2752,288,0003DE15,0,1,1,4294967295,0,0
oInvCollPH,2768,288,001F579A,0,1,1,4294967295,0,0
oInvCollPH,2768,304,0037BE8C,0,1,1,4294967295,0,0
oInvCollPH,2768,320,002694B7,0,1,1,4294967295,0,0
oInvCollPH,2768,336,00337EF8,0,1,1,4294967295,0,0
oInvCollPH,2768,352,0022EE42,0,1,1,4294967295,0,0
oInvCollPH,2768,368,001F073F,0,1,1,4294967295,0,0
oInvCollPH,2784,384,001104E8,0,1,1,4294967295,0,0
oInvCollPH,2800,384,0025A754,0,1,1,4294967295,0,0
oInvCollPH,2816,384,001A348F,0,1,1,4294967295,0,0
oInvCollPH,2832,384,002AF1EA,0,1,1,4294967295,0,0
oInvCollPH,2832,400,0013CD14,0,1,1,4294967295,0,0
oInvCollPH,2848,416,00175B98,0,1,1,4294967295,0,0
oInvCollPH,2864,416,00403A4C,0,1,1,4294967295,0,0
oInvCollPH,2880,416,00288762,0,1,1,4294967295,0,0
oInvCollPH,2896,416,002556E1,0,1,1,4294967295,0,0
oInvCollPH,2912,416,000DC336,0,1,1,4294967295,0,0
oInvCollPH,2928,416,003B31A1,0,1,1,4294967295,0,0
oInvCollPH,2944,416,001524A2,0,1,1,4294967295,0,0
oInvCollPH,2960,416,0024B33B,0,1,1,4294967295,0,0
oInvCollPH,2976,416,00094D2E,0,1,1,4294967295,0,0
oInvCollPH,2992,416,0036FDEE,0,1,1,4294967295,0,0
oInvCollPH,3008,416,003F80BB,0,1,1,4294967295,0,0
oInvCollPH,3024,416,0028BFA2,0,1,1,4294967295,0,0
oInvCollPH,3040,400,001FC3B7,0,1,1,4294967295,0,0
oInvCollPH,3040,384,003007D1,0,1,1,4294967295,0,0
oInvCollPH,3040,368,000184DB,0,1,1,4294967295,0,0
oInvCollPH,3040,352,00384734,0,1,1,4294967295,0,0
oInvCollPH,3040,336,000793EF,0,1,1,4294967295,0,0
oInvCollPH,3088,288,002CEC02,0,1,1,4294967295,0,0
oInvCollPH,3072,288,003E67C3,0,1,1,4294967295,0,0
oInvCollPH,3056,288,0001A1D2,0,1,1,4294967295,0,0
oInvCollPH,3040,320,00143691,0,1,1,4294967295,0,0
oInvCollPH,3024,288,0033E42B,0,1,1,4294967295,0,0
oInvCollPH,3008,288,0025DEB2,0,1,1,4294967295,0,0
oInvCollPH,2992,288,002F8245,0,1,1,4294967295,0,0
oInvCollPH,2976,288,000CD9C1,0,1,1,4294967295,0,0
oInvCollPH,2960,288,00369D1E,0,1,1,4294967295,0,0
oInvCollPH,2944,288,0001C499,0,1,1,4294967295,0,0
oInvCollPH,2928,288,0034C1FF,0,1,1,4294967295,0,0
oInvCollPH,2912,288,0036185C,0,1,1,4294967295,0,0
oInvCollPH,2896,288,000959D9,0,1,1,4294967295,0,0
oInvCollPH,2880,288,002352F1,0,1,1,4294967295,0,0
oInvCollPH,2864,288,002AE3E4,0,1,1,4294967295,0,0
oInvCollPH,2848,304,0017A867,0,1,1,4294967295,0,0
oInvCollPH,2864,304,00340AD0,0,1,1,4294967295,0,0
oInvCollPH,2880,304,0035C362,0,1,1,4294967295,0,0
oInvCollPH,2896,304,003E5E8A,0,1,1,4294967295,0,0
oInvCollPH,2912,336,001AD448,0,1,1,4294967295,0,0
oInvCollPH,2928,336,002BA9DD,0,1,1,4294967295,0,0
oInvCollPH,2944,336,0003DF15,0,1,1,4294967295,0,0
oInvCollPH,2960,336,00116BEA,0,1,1,4294967295,0,0
oInvCollPH,2960,320,00367A9D,0,1,1,4294967295,0,0
oInvCollPH,2976,304,0023A857,0,1,1,4294967295,0,0
oInvCollPH,2992,304,0021BF08,0,1,1,4294967295,0,0
oInvCollPH,3008,304,00169AE6,0,1,1,4294967295,0,0
oInvCollPH,3024,304,00289964,0,1,1,4294967295,0,0
oInvCollPH,2944,128,00175307,0,1,1,4294967295,0,0
oInvCollPH,2944,144,003B3B83,0,1,1,4294967295,0,0
oInvCollPH,2944,160,002CE154,0,1,1,4294967295,0,0
oInvCollPH,2944,176,00070A64,0,1,1,4294967295,0,0
oInvCollPH,2960,176,001FB9C5,0,1,1,4294967295,0,0
oInvCollPH,2976,176,00215BB3,0,1,1,4294967295,0,0
oInvCollPH,2992,176,000128AB,0,1,1,4294967295,0,0
oInvCollPH,3008,176,002BF26F,0,1,1,4294967295,0,0
oInvCollPH,3024,176,002A9371,0,1,1,4294967295,0,0
oInvCollPH,3040,176,003E663F,0,1,1,4294967295,0,0
oInvCollPH,3056,176,0000C7A0,0,1,1,4294967295,0,0
oInvCollPH,3072,176,003A3226,0,1,1,4294967295,0,0
oInvCollPH,3088,176,0009E0A5,0,1,1,4294967295,0,0
oInvCollPH,2240,112,003C8960,0,1,1,4294967295,0,0
oInvCollPH,2256,112,003C3ED1,0,1,1,4294967295,0,0
oInvCollPH,2272,112,00185F05,0,1,1,4294967295,0,0
oInvCollPH,2288,112,003C7F8C,0,1,1,4294967295,0,0
oInvCollPH,2304,112,0020DC76,0,1,1,4294967295,0,0
oInvCollPH,2320,112,00260534,0,1,1,4294967295,0,0
oInvCollPH,2336,112,000F17A2,0,1,1,4294967295,0,0
oInvCollPH,2352,112,000D16A6,0,1,1,4294967295,0,0
oInvCollPH,2368,112,003183CA,0,1,1,4294967295,0,0
oInvCollPH,2384,112,00118208,0,1,1,4294967295,0,0
oInvCollPH,2400,112,002A23EC,0,1,1,4294967295,0,0
oInvCollPH,2416,112,0035947B,0,1,1,4294967295,0,0
oInvCollPH,2432,112,0031997E,0,1,1,4294967295,0,0
oInvCollPH,2448,112,00298403,0,1,1,4294967295,0,0
oInvCollPH,2464,112,0039D14E,0,1,1,4294967295,0,0
oInvCollPH,2480,112,002979C2,0,1,1,4294967295,0,0
oInvCollPH,2496,112,0033412D,0,1,1,4294967295,0,0
oInvCollPH,2512,112,0034608C,0,1,1,4294967295,0,0
oInvCollPH,2528,112,00058293,0,1,1,4294967295,0,0
oInvCollPH,2544,112,00093757,0,1,1,4294967295,0,0
oInvCollPH,2560,112,001DEB68,0,1,1,4294967295,0,0
oInvCollPH,2576,112,000565F0,0,1,1,4294967295,0,0
oInvCollPH,2592,112,002A99DB,0,1,1,4294967295,0,0
oInvCollPH,2608,112,001DE4E9,0,1,1,4294967295,0,0
oInvCollPH,2624,112,002A4E5F,0,1,1,4294967295,0,0
oInvCollPH,2640,112,003EB6AD,0,1,1,4294967295,0,0
oInvCollPH,2656,112,00332AB9,0,1,1,4294967295,0,0
oInvCollPH,2672,112,002B88DF,0,1,1,4294967295,0,0
oInvCollPH,2688,112,00137D86,0,1,1,4294967295,0,0
oInvCollPH,2704,112,00194C3A,0,1,1,4294967295,0,0
oInvCollPH,2720,112,000D92AD,0,1,1,4294967295,0,0
oInvCollPH,2736,112,000C5AEC,0,1,1,4294967295,0,0
oInvCollPH,2752,112,00087272,0,1,1,4294967295,0,0
oInvCollPH,2768,112,0005CA36,0,1,1,4294967295,0,0
oInvCollPH,2784,112,003A9B54,0,1,1,4294967295,0,0
oInvCollPH,2800,112,003F76BA,0,1,1,4294967295,0,0
oInvCollPH,2816,112,00252DE2,0,1,1,4294967295,0,0
oInvCollPH,2832,112,002F544B,0,1,1,4294967295,0,0
oInvCollPH,2848,112,001E1447,0,1,1,4294967295,0,0
oInvCollPH,2864,112,002F567F,0,1,1,4294967295,0,0
oInvCollPH,2880,112,003879C6,0,1,1,4294967295,0,0
oInvCollPH,2896,112,00253CEF,0,1,1,4294967295,0,0
oInvCollPH,2912,112,000F6BA4,0,1,1,4294967295,0,0
oInvCollPH,2928,112,00277974,0,1,1,4294967295,0,0
oInvCollPH,2096,176,0021A4CB,0,1,1,4294967295,0,0
oInvCollPH,2080,176,003B2D1E,0,1,1,4294967295,0,0
oInvCollPH,2064,176,002D7A3C,0,1,1,4294967295,0,0
oInvCollPH,2048,176,00289C82,0,1,1,4294967295,0,0
oInvCollPH,2032,176,00187599,0,1,1,4294967295,0,0
oInvCollPH,2016,176,0039DD71,0,1,1,4294967295,0,0
oInvCollPH,2000,176,00151CBB,0,1,1,4294967295,0,0
oInvCollPH,1984,176,0027975F,0,1,1,4294967295,0,0
oInvCollPH,1968,176,00015E38,0,1,1,4294967295,0,0
oInvCollPH,1952,176,00149F92,0,1,1,4294967295,0,0
oInvCollPH,1936,176,00265941,0,1,1,4294967295,0,0
oInvCollPH,1920,176,000C020B,0,1,1,4294967295,0,0
oInvCollPH,1904,176,00036642,0,1,1,4294967295,0,0
oInvCollPH,1888,176,000E4936,0,1,1,4294967295,0,0
oInvCollPH,1872,176,00165DBC,0,1,1,4294967295,0,0
oInvCollPH,1856,176,00204A09,0,1,1,4294967295,0,0
oInvCollPH,1840,192,0017205F,0,1,1,4294967295,0,0
oInvCollPH,1840,208,0026FCB6,0,1,1,4294967295,0,0
oInvCollPH,1840,224,0023090D,0,1,1,4294967295,0,0
oInvCollPH,1840,240,00234A6E,0,1,1,4294967295,0,0
oInvCollPH,1840,256,001415C0,0,1,1,4294967295,0,0
oInvCollPH,1840,272,00020514,0,1,1,4294967295,0,0
oInvCollPH,1824,272,00138C6A,0,1,1,4294967295,0,0
oInvCollPH,1808,272,0009D493,0,1,1,4294967295,0,0
oInvCollPH,1792,272,0023948A,0,1,1,4294967295,0,0
oInvCollPH,1792,256,000F4764,0,1,1,4294967295,0,0
oInvCollPH,1792,240,0033F219,0,1,1,4294967295,0,0
oInvCollPH,1776,208,00181BDD,0,1,1,4294967295,0,0
oInvCollPH,1760,208,0037DE07,0,1,1,4294967295,0,0
oInvCollPH,1744,208,0014114C,0,1,1,4294967295,0,0
oInvCollPH,1728,208,00015FB1,0,1,1,4294967295,0,0
oInvCollPH,1728,192,001C1A24,0,1,1,4294967295,0,0
oInvCollPH,1728,176,0007A4A8,0,1,1,4294967295,0,0
oInvCollPH,1728,160,0003A581,0,1,1,4294967295,0,0
oInvCollPH,1728,144,000E390B,0,1,1,4294967295,0,0
oInvCollPH,1712,112,003A098D,0,1,1,4294967295,0,0
oInvCollPH,1696,112,0010BA4C,0,1,1,4294967295,0,0
oInvCollPH,1616,112,0002FD39,0,1,1,4294967295,0,0
oInvCollPH,1680,112,003BD4A7,0,1,1,4294967295,0,0
oInvCollPH,1664,112,00093866,0,1,1,4294967295,0,0
oInvCollPH,1648,112,00231A3A,0,1,1,4294967295,0,0
oInvCollPH,1632,112,001B1634,0,1,1,4294967295,0,0
oInvCollPH,1600,112,000BDE4E,0,1,1,4294967295,0,0
oInvCollPH,1584,112,00246D80,0,1,1,4294967295,0,0
oInvCollPH,1568,112,003E0E7D,0,1,1,4294967295,0,0
oInvCollPH,1552,112,001E0DDC,0,1,1,4294967295,0,0
oInvCollPH,1536,112,00146C4F,0,1,1,4294967295,0,0
oInvCollPH,1520,112,00313FCD,0,1,1,4294967295,0,0
oInvCollPH,1504,112,00300E2C,0,1,1,4294967295,0,0
oInvCollPH,1488,112,0016EF86,0,1,1,4294967295,0,0
oInvCollPH,1472,112,000C74FB,0,1,1,4294967295,0,0
oInvCollPH,1456,112,003F5F0F,0,1,1,4294967295,0,0
oInvCollPH,1440,112,001FD046,0,1,1,4294967295,0,0
oInvCollPH,1424,112,00267749,0,1,1,4294967295,0,0
oInvCollPH,1408,112,000ECE9C,0,1,1,4294967295,0,0
oInvCollPH,1392,112,003558EB,0,1,1,4294967295,0,0
oInvCollPH,1376,112,00277BEE,0,1,1,4294967295,0,0
oInvCollPH,1360,112,002A0C63,0,1,1,4294967295,0,0
oInvCollPH,1344,112,00281866,0,1,1,4294967295,0,0
oInvCollPH,1328,112,001E0B18,0,1,1,4294967295,0,0
oInvCollPH,1312,112,0028F393,0,1,1,4294967295,0,0
oInvCollPH,1296,112,0017536B,0,1,1,4294967295,0,0
oInvCollPH,1280,112,000E7CB0,0,1,1,4294967295,0,0
oInvCollPH,1264,112,000C35ED,0,1,1,4294967295,0,0
oInvCollPH,1248,112,003CD7C5,0,1,1,4294967295,0,0
oInvCollPH,1232,112,0000D680,0,1,1,4294967295,0,0
oInvCollPH,1216,112,0005DE6E,0,1,1,4294967295,0,0
oInvCollPH,1200,112,000650D9,0,1,1,4294967295,0,0
oInvCollPH,1184,112,0039974E,0,1,1,4294967295,0,0
oInvCollPH,1168,112,0017FA7B,0,1,1,4294967295,0,0
oInvCollPH,1152,112,0034D97E,0,1,1,4294967295,0,0
oInvCollPH,1136,112,002F730B,0,1,1,4294967295,0,0
oInvCollPH,1120,112,002B9C3E,0,1,1,4294967295,0,0
oInvCollPH,1104,112,001EA32B,0,1,1,4294967295,0,0
oInvCollPH,1088,112,002B8A76,0,1,1,4294967295,0,0
oInvCollPH,1072,112,00272BD0,0,1,1,4294967295,0,0
oInvCollPH,1056,112,0023CBB4,0,1,1,4294967295,0,0
oInvCollPH,1008,112,002CDCE9,0,1,1,4294967295,0,0
oInvCollPH,1040,112,002E23EF,0,1,1,4294967295,0,0
oInvCollPH,1024,112,00142569,0,1,1,4294967295,0,0
oInvCollPH,992,112,00401F28,0,1,1,4294967295,0,0
oInvCollPH,976,112,0014C01B,0,1,1,4294967295,0,0
oInvCollPH,960,112,00262B38,0,1,1,4294967295,0,0
oInvCollPH,944,112,0001D286,0,1,1,4294967295,0,0
oInvCollPH,928,112,00088C45,0,1,1,4294967295,0,0
oInvCollPH,912,112,000EF1E5,0,1,1,4294967295,0,0
oInvCollPH,896,112,001CCE12,0,1,1,4294967295,0,0
oInvCollPH,880,128,00232E1F,0,1,1,4294967295,0,0
oInvCollPH,880,144,00238DFE,0,1,1,4294967295,0,0
oInvCollPH,880,160,001A024A,0,1,1,4294967295,0,0
oInvCollPH,880,176,000FD452,0,1,1,4294967295,0,0
oInvCollPH,864,176,0006784D,0,1,1,4294967295,0,0
oInvCollPH,848,176,00375FE3,0,1,1,4294967295,0,0
oInvCollPH,832,176,003D51CC,0,1,1,4294967295,0,0
oInvCollPH,832,96,0024D805,0,1,1,4294967295,0,0
oInvCollPH,832,112,003836C6,0,1,1,4294967295,0,0
oInvCollPH,832,160,0031085B,0,1,1,4294967295,0,0
oInvCollPH,832,144,00090ADD,0,1,1,4294967295,0,0
oInvCollPH,832,80,0006C3AC,0,1,1,4294967295,0,0
oInvCollPH,832,64,00214D04,0,1,1,4294967295,0,0
oInvCollPH,704,176,0036D2C5,0,1,1,4294967295,0,0
oInvCollPH,720,176,002F220D,0,1,1,4294967295,0,0
oInvCollPH,736,176,002BB905,0,1,1,4294967295,0,0
oInvCollPH,752,176,003DB868,0,1,1,4294967295,0,0
oInvCollPH,752,160,001BEA7D,0,1,1,4294967295,0,0
oInvCollPH,736,160,000A9E25,0,1,1,4294967295,0,0
oInvCollPH,720,160,0034A3EA,0,1,1,4294967295,0,0
oInvCollPH,816,48,0014ABAA,0,1,1,4294967295,0,0
oInvCollPH,800,48,002FB35F,0,1,1,4294967295,0,0
oInvCollPH,784,48,001B91BB,0,1,1,4294967295,0,0
oInvCollPH,768,48,00183CA6,0,1,1,4294967295,0,0
oInvCollPH,752,48,00391F68,0,1,1,4294967295,0,0
oInvCollPH,736,48,003AE5EF,0,1,1,4294967295,0,0
oInvCollPH,720,48,0030239C,0,1,1,4294967295,0,0
oInvCollPH,704,48,00110E2B,0,1,1,4294967295,0,0
oInvCollPH,688,48,000F4288,0,1,1,4294967295,0,0
oInvCollPH,672,48,001A982F,0,1,1,4294967295,0,0
oInvCollPH,656,48,003D8E32,0,1,1,4294967295,0,0
oInvCollPH,640,48,0029C102,0,1,1,4294967295,0,0
oInvCollPH,624,48,0021FDC2,0,1,1,4294967295,0,0
oInvCollPH,608,48,0003A794,0,1,1,4294967295,0,0
oInvCollPH,592,48,00320CBA,0,1,1,4294967295,0,0
oInvCollPH,576,48,0009FED3,0,1,1,4294967295,0,0
oInvCollPH,560,48,003BFB04,0,1,1,4294967295,0,0
oInvCollPH,544,48,003390EE,0,1,1,4294967295,0,0
oInvCollPH,528,48,00386421,0,1,1,4294967295,0,0
oInvCollPH,512,48,0011888E,0,1,1,4294967295,0,0
oInvCollPH,496,48,001DBE45,0,1,1,4294967295,0,0
oInvCollPH,480,48,00122C5C,0,1,1,4294967295,0,0
oInvCollPH,464,48,00018142,0,1,1,4294967295,0,0
oInvCollPH,448,48,0028488D,0,1,1,4294967295,0,0
oInvCollPH,592,160,00383B8F,0,1,1,4294967295,0,0
oInvCollPH,608,160,003BA650,0,1,1,4294967295,0,0
oInvCollPH,624,160,00368FB0,0,1,1,4294967295,0,0
oInvCollPH,640,160,001DACDA,0,1,1,4294967295,0,0
oInvCollPH,656,160,0019BD72,0,1,1,4294967295,0,0
oInvCollPH,672,160,00382626,0,1,1,4294967295,0,0
oInvCollPH,688,160,001AD0E0,0,1,1,4294967295,0,0
oInvCollPH,688,192,002C50F4,0,1,1,4294967295,0,0
oInvCollPH,688,208,00188E87,0,1,1,4294967295,0,0
oInvCollPH,688,224,0024097A,0,1,1,4294967295,0,0
oInvCollPH,688,240,002501B3,0,1,1,4294967295,0,0
oInvCollPH,688,256,000EF2D8,0,1,1,4294967295,0,0
oInvCollPH,688,272,0021FB0E,0,1,1,4294967295,0,0
oInvCollPH,688,288,00361FB7,0,1,1,4294967295,0,0
oInvCollPH,688,304,002C7C49,0,1,1,4294967295,0,0
oInvCollPH,688,320,000CE363,0,1,1,4294967295,0,0
oInvCollPH,688,336,001FBCCD,0,1,1,4294967295,0,0
oInvCollPH,688,352,001119E7,0,1,1,4294967295,0,0
oInvCollPH,688,368,002AA2C9,0,1,1,4294967295,0,0
oInvCollPH,688,384,0026CEF8,0,1,1,4294967295,0,0
oInvCollPH,688,400,002D58A5,0,1,1,4294967295,0,0
oInvCollPH,688,416,0026B1CB,0,1,1,4294967295,0,0
oInvCollPH,688,432,000EB51C,0,1,1,4294967295,0,0
oInvCollPH,688,448,0016E0A8,0,1,1,4294967295,0,0
oInvCollPH,688,464,00244C61,0,1,1,4294967295,0,0
oInvCollPH,576,176,00316195,0,1,1,4294967295,0,0
oInvCollPH,576,192,0013473C,0,1,1,4294967295,0,0
oInvCollPH,576,208,00171260,0,1,1,4294967295,0,0
oInvCollPH,576,224,0003C163,0,1,1,4294967295,0,0
oInvCollPH,576,240,0035BDEC,0,1,1,4294967295,0,0
oInvCollPH,560,256,002AC3BA,0,1,1,4294967295,0,0
oInvCollPH,544,256,001E1651,0,1,1,4294967295,0,0
oInvCollPH,528,256,0031A433,0,1,1,4294967295,0,0
oInvCollPH,512,256,0001F197,0,1,1,4294967295,0,0
oInvCollPH,496,256,002BD445,0,1,1,4294967295,0,0
oInvCollPH,480,256,0018A9E4,0,1,1,4294967295,0,0
oInvCollPH,464,256,002283BF,0,1,1,4294967295,0,0
oInvCollPH,448,272,0039C368,0,1,1,4294967295,0,0
oInvCollPH,448,288,003416B9,0,1,1,4294967295,0,0
oInvCollPH,448,304,003148AD,0,1,1,4294967295,0,0
oInvCollPH,448,320,000C6544,0,1,1,4294967295,0,0
oInvCollPH,448,336,0004AADE,0,1,1,4294967295,0,0
oInvCollPH,448,352,0006C033,0,1,1,4294967295,0,0
oInvCollPH,448,368,0008002E,0,1,1,4294967295,0,0
oInvCollPH,448,384,0012A90C,0,1,1,4294967295,0,0
oInvCollPH,448,400,000114AB,0,1,1,4294967295,0,0
oInvCollPH,448,416,0010F9C6,0,1,1,4294967295,0,0
oInvCollPH,448,432,0008391A,0,1,1,4294967295,0,0
oInvCollPH,448,448,0026D5A1,0,1,1,4294967295,0,0
oInvCollPH,448,464,0007AB99,0,1,1,4294967295,0,0
oInvCollPH,384,112,0017246A,0,1,1,4294967295,0,0
oInvCollPH,400,112,000707E0,0,1,1,4294967295,0,0
oInvCollPH,416,112,003CC114,0,1,1,4294967295,0,0
oInvCollPH,432,112,0027AABD,0,1,1,4294967295,0,0
oInvCollPH,432,96,003BF4DC,0,1,1,4294967295,0,0
oInvCollPH,432,80,003FD2B2,0,1,1,4294967295,0,0
oInvCollPH,432,64,001DE8D8,0,1,1,4294967295,0,0
oInvisibleSolid,0,416,0012593B,0,1,1,4294967295,0,1
oInvisibleSolid,448,256,002B95CD,0,1,1,4294967295,0,1
oInvisibleSolid,704,160,00153A86,0,1,1,4294967295,0,1
oInvisibleSolid,576,160,001B12E7,0,1,1,4294967295,0,1
oInvisibleSolid,0,0,000C9409,0,1,1,4294967295,0,1
oInvisibleSolid,128,0,00315F7E,0,1,1,4294967295,0,1
oInvisibleSolid,256,0,00307802,0,1,1,4294967295,0,1
oInvisibleSolid,384,0,003A683B,0,1,1,4294967295,0,1
oInvisibleSolid,448,0,0017000D,0,1,1,4294967295,0,1
oInvisibleSolid,832,128,0011D1EF,0,1,1,4294967295,0,1
oInvisibleSolid,832,0,002EDF00,0,1,1,4294967295,0,1
oInvisibleSolid,1792,224,0000CEC8,0,1,1,4294967295,0,1
oInvisibleSolid,2112,224,0022FBC1,0,1,1,4294967295,0,1
oInvisibleSolid,1728,128,00007EFB,0,1,1,4294967295,0,1
oInvisibleSolid,1856,128,0030CE5A,0,1,1,4294967295,0,1
oInvisibleSolid,2112,128,003EFEE8,0,1,1,4294967295,0,1
oInvisibleSolid,2464,288,00070E71,0,1,1,4294967295,0,1
oInvisibleSolid,2368,288,002CA550,0,1,1,4294967295,0,1
oInvisibleSolid,2464,416,0025266F,0,1,1,4294967295,0,1
oInvisibleSolid,2656,384,001C4BA6,0,1,1,4294967295,0,1
oInvisibleSolid,2720,288,001DFB72,0,1,1,4294967295,0,1
oInvisibleSolid,2912,320,00379DE5,0,1,1,4294967295,0,1
oInvisibleSolid,3040,288,003A83DC,0,1,1,4294967295,0,1
oInvisibleSolid,2848,288,000D4E3A,0,1,1,4294967295,0,1
oInvisibleSolid,2944,0,001819D7,0,1,1,4294967295,0,1
oDiamondDoor,2912,352,00220500,0,1,1,4294967295,0,0
