tileBTB_Zero,160,272,32,0,48,32,0,1,1,4294967295
tileBTB_Zero,160,304,32,0,48,32,0,1,1,4294967295
tileBTB_Zero,320,272,32,0,48,32,0,1,1,4294967295
tileBTB_Zero,320,304,32,0,48,32,0,1,1,4294967295
tileBTB_Zero,576,272,32,0,48,32,0,1,1,4294967295
tileBTB_Zero,576,304,32,0,48,32,0,1,1,4294967295
tileBTB_Zero,848,272,32,0,48,32,0,1,1,4294967295
tileBTB_Zero,848,304,32,0,48,32,0,1,1,4294967295
tileBTB_Zero,50,272,80,80,48,16,0,1,1,4294967295
tileBTB_Zero,50,320,80,80,48,16,0,1,1,4294967295
tileBTB_Zero,16,272,80,80,32,16,0,1,1,4294967295
tileBTB_Zero,16,320,80,80,32,16,0,1,1,4294967295
tileBTB_Zero,0,272,96,80,16,16,0,1,1,4294967295
tileBTB_Zero,0,320,96,80,16,16,0,1,1,4294967295
tileBTB_Zero,208,272,48,0,48,32,0,1,1,4294967295
tileBTB_Zero,208,304,48,0,48,32,0,1,1,4294967295
tileBTB_Zero,464,272,48,0,48,32,0,1,1,4294967295
tileBTB_Zero,464,304,48,0,48,32,0,1,1,4294967295
tileBTB_Zero,736,272,48,0,48,32,0,1,1,4294967295
tileBTB_Zero,736,304,48,0,48,32,0,1,1,4294967295
tileBTB_Zero,1408,496,48,0,48,32,0,1,1,4294967295
tileBTB_Zero,1408,528,48,0,48,32,0,1,1,4294967295
tileBTB_Zero,1408,560,48,0,48,32,0,1,1,4294967295
tileBTB_Zero,1808,496,48,0,48,32,0,1,1,4294967295
tileBTB_Zero,1808,528,48,0,48,32,0,1,1,4294967295
tileBTB_Zero,1776,496,32,0,32,32,0,1,1,4294967295
tileBTB_Zero,1776,528,32,0,32,32,0,1,1,4294967295
tileBTB_Zero,976,496,32,0,48,32,0,1,1,4294967295
tileBTB_Zero,976,528,32,0,48,32,0,1,1,4294967295
tileBTB_Zero,976,560,32,0,48,32,0,1,1,4294967295
tileBTB_Zero,976,592,32,0,48,32,0,1,1,4294967295
tileBTB_Zero,976,624,32,0,48,32,0,1,1,4294967295
tileBTB_Zero,976,656,32,0,48,32,0,1,1,4294967295
tileBTB_Zero,288,688,80,80,32,16,0,1,1,4294967295
tileBTB_Zero,320,688,80,80,32,16,0,1,1,4294967295
tileBTB_Zero,352,688,80,80,32,16,0,1,1,4294967295
tileBTB_Zero,384,688,80,80,32,16,0,1,1,4294967295
tileBTB_Zero,416,688,80,80,32,16,0,1,1,4294967295
tileBTB_Zero,448,688,80,80,32,16,0,1,1,4294967295
tileBTB_Zero,480,688,80,80,32,16,0,1,1,4294967295
tileBTB_Zero,512,688,80,80,32,16,0,1,1,4294967295
tileBTB_Zero,544,688,80,80,32,16,0,1,1,4294967295
tileBTB_Zero,576,688,80,80,32,16,0,1,1,4294967295
tileBTB_Zero,608,688,80,80,32,16,0,1,1,4294967295
tileBTB_Zero,640,688,80,80,32,16,0,1,1,4294967295
tileBTB_Zero,672,688,80,80,32,16,0,1,1,4294967295
tileBTB_Zero,704,688,80,80,32,16,0,1,1,4294967295
tileBTB_Zero,736,688,80,80,32,16,0,1,1,4294967295
tileBTB_Zero,768,688,80,80,32,16,0,1,1,4294967295
tileBTB_Zero,800,688,80,80,32,16,0,1,1,4294967295
tileBTB_Zero,832,688,80,80,32,16,0,1,1,4294967295
tileBTB_Zero,864,688,80,80,32,16,0,1,1,4294967295
tileBTB_Zero,896,688,80,80,32,16,0,1,1,4294967295
tileBTB_Zero,928,688,80,80,32,16,0,1,1,4294967295
tileBTB_Zero,960,688,80,80,16,16,0,1,1,4294967295
tileBTB_Zero,96,496,48,0,48,32,0,1,1,4294967295
tileBTB_Zero,240,640,48,0,48,32,0,1,1,4294967295
tileBTB_Zero,240,672,48,0,48,16,0,1,1,4294967295
tileBTB_Zero,208,624,48,0,48,16,0,1,1,4294967295
tileBTB_Zero,144,576,48,0,48,16,0,1,1,4294967295
tileBTB_Zero,208,592,48,0,48,32,0,1,1,4294967295
tileBTB_Zero,144,544,48,0,48,32,0,1,1,4294967295
tileBTB_Zero,0,496,48,0,32,32,0,1,1,4294967295
tileBTB_Zero,32,496,48,0,32,32,0,1,1,4294967295
tileBTB_Zero,64,496,48,0,32,32,0,1,1,4294967295
tileBTB_Zero,208,640,48,0,32,32,0,1,1,4294967295
tileBTB_Zero,208,672,48,0,32,32,0,1,1,4294967295
tileBTB_Zero,176,608,48,0,32,32,0,1,1,4294967295
tileBTB_Zero,176,640,48,0,32,32,0,1,1,4294967295
tileBTB_Zero,176,672,48,0,32,32,0,1,1,4294967295
tileBTB_Zero,16,608,48,0,32,32,0,1,1,4294967295
tileBTB_Zero,48,608,48,0,32,32,0,1,1,4294967295
tileBTB_Zero,80,608,48,0,32,32,0,1,1,4294967295
tileBTB_Zero,112,608,48,0,32,32,0,1,1,4294967295
tileBTB_Zero,144,608,48,0,32,32,0,1,1,4294967295
tileBTB_Zero,16,640,48,0,32,32,0,1,1,4294967295
tileBTB_Zero,48,640,48,0,32,32,0,1,1,4294967295
tileBTB_Zero,80,640,48,0,32,32,0,1,1,4294967295
tileBTB_Zero,112,640,48,0,32,32,0,1,1,4294967295
tileBTB_Zero,144,640,48,0,32,32,0,1,1,4294967295
tileBTB_Zero,16,672,48,0,32,32,0,1,1,4294967295
tileBTB_Zero,48,672,48,0,32,32,0,1,1,4294967295
tileBTB_Zero,80,672,48,0,32,32,0,1,1,4294967295
tileBTB_Zero,112,672,48,0,32,32,0,1,1,4294967295
tileBTB_Zero,144,672,48,0,32,32,0,1,1,4294967295
tileBTB_Zero,16,528,48,0,32,32,0,1,1,4294967295
tileBTB_Zero,16,560,48,0,32,32,0,1,1,4294967295
tileBTB_Zero,48,528,48,0,32,32,0,1,1,4294967295
tileBTB_Zero,48,560,48,0,32,32,0,1,1,4294967295
tileBTB_Zero,80,528,48,0,32,32,0,1,1,4294967295
tileBTB_Zero,80,560,48,0,32,32,0,1,1,4294967295
tileBTB_Zero,112,560,48,0,32,32,0,1,1,4294967295
tileBTB_Zero,112,528,48,0,32,32,0,1,1,4294967295
tileBTB_Zero,144,528,64,0,32,16,0,1,1,4294967295
tileBTB_Zero,240,688,48,16,32,16,0,1,1,4294967295
tileBTB_Zero,16,592,48,0,32,16,0,1,1,4294967295
tileBTB_Zero,48,592,48,0,32,16,0,1,1,4294967295
tileBTB_Zero,80,592,48,0,32,16,0,1,1,4294967295
tileBTB_Zero,112,592,48,0,32,16,0,1,1,4294967295
tileBTB_Zero,144,592,48,0,32,16,0,1,1,4294967295
tileBTB_Zero,176,592,48,0,32,16,0,1,1,4294967295
tileBTB_Zero,0,528,64,0,16,32,0,1,1,4294967295
tileBTB_Zero,0,560,64,0,16,32,0,1,1,4294967295
tileBTB_Zero,0,592,64,0,16,32,0,1,1,4294967295
tileBTB_Zero,0,624,64,0,16,32,0,1,1,4294967295
tileBTB_Zero,0,656,64,0,16,32,0,1,1,4294967295
tileBTB_Zero,0,688,64,0,16,16,0,1,1,4294967295
tileBTB_Zero,272,688,64,0,16,16,0,1,1,4294967295
tileBTB_Zero,368,272,48,0,32,32,0,1,1,4294967295
tileBTB_Zero,400,272,48,0,32,32,0,1,1,4294967295
tileBTB_Zero,432,272,48,0,32,32,0,1,1,4294967295
tileBTB_Zero,368,304,48,0,32,32,0,1,1,4294967295
tileBTB_Zero,400,304,48,0,32,32,0,1,1,4294967295
tileBTB_Zero,432,304,48,0,32,32,0,1,1,4294967295
tileBTB_Zero,624,272,48,0,32,32,0,1,1,4294967295
tileBTB_Zero,656,272,48,0,32,32,0,1,1,4294967295
tileBTB_Zero,688,272,48,0,32,32,0,1,1,4294967295
tileBTB_Zero,624,304,48,0,32,32,0,1,1,4294967295
tileBTB_Zero,656,304,48,0,32,32,0,1,1,4294967295
tileBTB_Zero,688,304,48,0,32,32,0,1,1,4294967295
tileBTB_Zero,896,272,48,0,32,32,0,1,1,4294967295
tileBTB_Zero,928,272,48,0,32,32,0,1,1,4294967295
tileBTB_Zero,960,272,48,0,32,32,0,1,1,4294967295
tileBTB_Zero,992,272,48,0,32,32,0,1,1,4294967295
tileBTB_Zero,1024,272,48,0,32,32,0,1,1,4294967295
tileBTB_Zero,1056,272,48,0,32,32,0,1,1,4294967295
tileBTB_Zero,1088,272,48,0,32,32,0,1,1,4294967295
tileBTB_Zero,1120,272,48,0,32,32,0,1,1,4294967295
tileBTB_Zero,896,304,48,0,32,32,0,1,1,4294967295
tileBTB_Zero,928,304,48,0,32,32,0,1,1,4294967295
tileBTB_Zero,960,304,48,0,32,32,0,1,1,4294967295
tileBTB_Zero,992,304,48,0,32,32,0,1,1,4294967295
tileBTB_Zero,1024,304,48,0,32,32,0,1,1,4294967295
tileBTB_Zero,1056,304,48,0,32,32,0,1,1,4294967295
tileBTB_Zero,1088,304,48,0,32,32,0,1,1,4294967295
tileBTB_Zero,1120,304,48,0,32,32,0,1,1,4294967295
tileBTB_Zero,720,272,48,0,16,32,0,1,1,4294967295
tileBTB_Zero,720,304,48,0,16,32,0,1,1,4294967295
tileBTB_Zero,400,160,80,0,16,32,0,1,1,4294967295
tileBTB_Zero,400,192,80,0,16,32,0,1,1,4294967295
tileBTB_Zero,400,224,80,0,16,32,0,1,1,4294967295
tileBTB_Zero,384,160,32,0,16,32,0,1,1,4294967295
tileBTB_Zero,384,192,32,0,16,32,0,1,1,4294967295
tileBTB_Zero,384,224,32,0,16,32,0,1,1,4294967295
tileBTB_Zero,369,128,80,80,48,16,0,1,1,4294967295
tileBTB_Zero,384,144,80,80,48,16,0,1,1,4294967295
tileBTB_Zero,16,128,80,80,32,16,0,1,1,4294967295
tileBTB_Zero,48,128,80,80,32,16,0,1,1,4294967295
tileBTB_Zero,80,128,80,80,32,16,0,1,1,4294967295
tileBTB_Zero,112,128,80,80,32,16,0,1,1,4294967295
tileBTB_Zero,144,128,80,80,32,16,0,1,1,4294967295
tileBTB_Zero,176,128,80,80,32,16,0,1,1,4294967295
tileBTB_Zero,208,128,80,80,32,16,0,1,1,4294967295
tileBTB_Zero,240,128,80,80,32,16,0,1,1,4294967295
tileBTB_Zero,272,128,80,80,32,16,0,1,1,4294967295
tileBTB_Zero,304,128,80,80,32,16,0,1,1,4294967295
tileBTB_Zero,336,128,80,80,32,16,0,1,1,4294967295
tileBTB_Zero,0,144,80,80,32,16,0,1,1,4294967295
tileBTB_Zero,32,144,80,80,32,16,0,1,1,4294967295
tileBTB_Zero,64,144,80,80,32,16,0,1,1,4294967295
tileBTB_Zero,96,144,80,80,32,16,0,1,1,4294967295
tileBTB_Zero,128,144,80,80,32,16,0,1,1,4294967295
tileBTB_Zero,160,144,80,80,32,16,0,1,1,4294967295
tileBTB_Zero,192,144,80,80,32,16,0,1,1,4294967295
tileBTB_Zero,224,144,80,80,32,16,0,1,1,4294967295
tileBTB_Zero,256,144,80,80,32,16,0,1,1,4294967295
tileBTB_Zero,288,144,80,80,32,16,0,1,1,4294967295
tileBTB_Zero,320,144,80,80,32,16,0,1,1,4294967295
tileBTB_Zero,352,144,80,80,32,16,0,1,1,4294967295
tileBTB_Zero,0,128,96,80,16,16,0,1,1,4294967295
tileBTB_Zero,397,16,64,80,48,16,0,1,1,4294967295
tileBTB_Zero,496,0,64,80,48,16,0,1,1,4294967295
tileBTB_Zero,768,0,64,80,48,16,0,1,1,4294967295
tileBTB_Zero,467,16,80,80,48,16,0,1,1,4294967295
tileBTB_Zero,544,0,80,80,48,16,0,1,1,4294967295
tileBTB_Zero,816,0,80,80,48,16,0,1,1,4294967295
tileBTB_Zero,915,16,80,80,48,16,0,1,1,4294967295
tileBTB_Zero,739,16,80,80,48,16,0,1,1,4294967295
tileBTB_Zero,573,16,64,80,48,16,0,1,1,4294967295
tileBTB_Zero,845,16,64,80,48,16,0,1,1,4294967295
tileBTB_Zero,624,16,80,80,32,16,0,1,1,4294967295
tileBTB_Zero,656,16,80,80,32,16,0,1,1,4294967295
tileBTB_Zero,688,16,80,80,32,16,0,1,1,4294967295
tileBTB_Zero,720,16,80,80,16,16,0,1,1,4294967295
tileBTB_Zero,656,144,64,80,32,16,0,1,1,4294967295
tileBTB_Zero,688,144,112,80,16,16,0,1,1,4294967295
tileBTB_Zero,480,64,32,0,48,32,0,1,1,4294967295
tileBTB_Zero,992,688,48,0,32,16,0,1,1,4294967295
tileBTB_Zero,976,688,64,0,16,16,0,1,1,4294967295
tileBTB_Zero,1776,560,32,0,48,32,0,1,1,4294967295
tileBTB_Zero,2032,256,80,0,16,32,0,1,1,4294967295
tileBTB_Zero,2016,256,32,0,16,32,0,1,1,4294967295
tileBTB_Zero,2160,496,32,0,48,32,0,1,1,4294967295
tileBTB_Zero,2160,528,32,0,48,32,0,1,1,4294967295
tileBTB_Zero,1888,368,32,0,48,32,0,1,1,4294967295
tileBTB_Zero,1888,400,32,0,48,32,0,1,1,4294967295
tileBTB_Zero,1888,432,32,0,48,32,0,1,1,4294967295
tileBTB_Zero,1888,464,32,0,48,32,0,1,1,4294967295
tileBTB_Zero,1920,256,32,0,64,32,0,1,1,4294967295
tileBTB_Zero,1824,272,32,16,64,16,0,1,1,4294967295
tileBTB_Zero,1856,256,64,0,32,16,0,1,1,4294967295
tileBTB_Zero,1840,256,32,0,16,16,0,1,1,4294967295
tileBTB_Zero,2176,208,32,0,48,32,0,1,1,4294967295
tileBTB_Zero,2176,240,32,0,48,32,0,1,1,4294967295
tileBTB_Zero,2096,272,32,0,48,32,0,1,1,4294967295
tileBTB_Zero,2096,304,32,0,48,32,0,1,1,4294967295
tileBTB_Zero,1984,336,32,0,48,32,0,1,1,4294967295
tileBTB_Zero,1840,224,32,0,48,32,0,1,1,4294967295
tileBTB_Zero,2000,224,48,0,48,32,0,1,1,4294967295
tileBTB_Zero,1888,224,48,0,32,32,0,1,1,4294967295
tileBTB_Zero,1920,224,48,0,32,32,0,1,1,4294967295
tileBTB_Zero,1952,224,48,0,32,32,0,1,1,4294967295
tileBTB_Zero,1984,224,48,0,16,32,0,1,1,4294967295
tileBTB_Zero,528,80,80,16,16,16,0,1,1,4294967295
tileBTB_Zero,528,64,48,0,32,16,0,1,1,4294967295
tileBTB_Zero,560,64,48,0,48,16,0,1,1,4294967295
tileBTB_Zero,480,96,32,0,16,32,0,1,1,4294967295
tileBTB_Zero,480,128,32,0,16,32,0,1,1,4294967295
tileBTB_Zero,480,160,32,0,16,32,0,1,1,4294967295
tileBTB_Zero,576,80,32,0,16,32,0,1,1,4294967295
tileBTB_Zero,576,112,32,0,16,32,0,1,1,4294967295
tileBTB_Zero,576,144,32,0,16,32,0,1,1,4294967295
tileBTB_Zero,576,176,32,0,16,32,0,1,1,4294967295
tileBTB_Zero,496,96,80,0,16,32,0,1,1,4294967295
tileBTB_Zero,496,128,80,0,16,32,0,1,1,4294967295
tileBTB_Zero,496,160,80,0,16,32,0,1,1,4294967295
tileBTB_Zero,592,80,80,0,16,32,0,1,1,4294967295
tileBTB_Zero,592,112,80,0,16,32,0,1,1,4294967295
tileBTB_Zero,592,144,80,0,16,32,0,1,1,4294967295
tileBTB_Zero,592,176,80,0,16,32,0,1,1,4294967295
tileBTB_Zero,752,64,32,0,16,32,0,1,1,4294967295
tileBTB_Zero,752,96,32,0,16,32,0,1,1,4294967295
tileBTB_Zero,752,128,32,0,16,32,0,1,1,4294967295
tileBTB_Zero,752,160,32,0,16,32,0,1,1,4294967295
tileBTB_Zero,848,96,32,0,16,32,0,1,1,4294967295
tileBTB_Zero,848,128,32,0,16,32,0,1,1,4294967295
tileBTB_Zero,848,160,32,0,16,32,0,1,1,4294967295
tileBTB_Zero,864,96,80,0,16,32,0,1,1,4294967295
tileBTB_Zero,864,128,80,0,16,32,0,1,1,4294967295
tileBTB_Zero,864,160,80,0,16,32,0,1,1,4294967295
tileBTB_Zero,768,160,80,0,16,32,0,1,1,4294967295
tileBTB_Zero,768,128,80,0,16,32,0,1,1,4294967295
tileBTB_Zero,768,96,80,0,16,32,0,1,1,4294967295
tileBTB_Zero,768,80,80,16,16,16,0,1,1,4294967295
tileBTB_Zero,768,64,48,0,32,16,0,1,1,4294967295
tileBTB_Zero,832,64,48,0,48,32,0,1,1,4294967295
tileBTB_Zero,816,80,32,16,16,16,0,1,1,4294967295
tileBTB_Zero,800,64,48,0,32,16,0,1,1,4294967295
tileBTB_Zero,576,208,64,0,32,16,0,1,1,4294967295
tileBTB_Zero,544,208,48,0,32,16,0,1,1,4294967295
tileBTB_Zero,480,192,32,0,64,16,0,1,1,4294967295
tileBTB_Zero,464,208,32,16,48,16,0,1,1,4294967295
tileBTB_Zero,512,208,48,16,32,16,0,1,1,4294967295
tileBTB_Zero,752,192,32,0,16,16,0,1,1,4294967295
tileBTB_Zero,816,192,32,0,64,16,0,1,1,4294967295
tileBTB_Zero,1504,432,160,0,32,16,0,1,1,4294967295
tileBTB_Zero,1632,432,160,0,32,16,0,1,1,4294967295
tileBTB_Zero,1568,432,160,16,32,16,0,1,1,4294967295
tileBTB_Zero,1696,432,160,16,32,16,0,1,1,4294967295
tileBTB_Zero,768,192,80,0,16,16,0,1,1,4294967295
tileBTB_Zero,1152,208,32,0,48,32,0,1,1,4294967295
tileBTB_Zero,1152,240,32,0,48,32,0,1,1,4294967295
tileBTB_Zero,1152,272,48,0,32,32,0,1,1,4294967295
tileBTB_Zero,1152,304,48,0,32,32,0,1,1,4294967295
tileBTB_Zero,1184,272,48,0,32,32,0,1,1,4294967295
tileBTB_Zero,1184,304,48,0,32,32,0,1,1,4294967295
tileBTB_Zero,1200,208,48,0,32,32,0,1,1,4294967295
tileBTB_Zero,1200,240,48,0,32,32,0,1,1,4294967295
tileBTB_Zero,1216,272,48,0,32,32,0,1,1,4294967295
tileBTB_Zero,1232,208,48,0,32,32,0,1,1,4294967295
tileBTB_Zero,1232,240,48,0,32,32,0,1,1,4294967295
tileBTB_Zero,1264,208,48,0,32,32,0,1,1,4294967295
tileBTB_Zero,1264,240,48,0,32,32,0,1,1,4294967295
tileBTB_Zero,1296,208,48,0,32,32,0,1,1,4294967295
tileBTB_Zero,1840,208,32,16,48,16,0,1,1,4294967295
tileBTB_Zero,1888,208,48,16,32,16,0,1,1,4294967295
tileBTB_Zero,1920,208,48,16,32,16,0,1,1,4294967295
tileBTB_Zero,1952,208,48,16,32,16,0,1,1,4294967295
tileBTB_Zero,1984,208,48,16,32,16,0,1,1,4294967295
tileBTB_Zero,2016,208,64,16,32,16,0,1,1,4294967295
tileBTB_Zero,1328,208,64,0,32,16,0,1,1,4294967295
tileBTB_Zero,1296,240,64,0,32,16,0,1,1,4294967295
tileBTB_Zero,1248,272,48,0,48,16,0,1,1,4294967295
tileBTB_Zero,1216,304,48,0,48,16,0,1,1,4294967295
tileBTB_Zero,1248,288,64,16,32,16,0,1,1,4294967295
tileBTB_Zero,1216,320,64,16,32,16,0,1,1,4294967295
tileBTB_Zero,1296,256,80,16,16,16,0,1,1,4294967295
tileBTB_Zero,1328,224,80,16,16,16,0,1,1,4294967295
tileBTB_Zero,1408,432,32,16,64,16,0,1,1,4294967295
tileBTB_Zero,1760,432,32,16,64,16,0,1,1,4294967295
tileBTB_Zero,1392,416,32,0,16,16,0,1,1,4294967295
tileBTB_Zero,1424,448,32,0,16,16,0,1,1,4294967295
tileBTB_Zero,1776,448,32,0,16,16,0,1,1,4294967295
tileBTB_Zero,1440,448,80,0,16,16,0,1,1,4294967295
tileBTB_Zero,1792,448,80,0,16,16,0,1,1,4294967295
tileBTB_Zero,1408,416,64,0,32,16,0,1,1,4294967295
tileBTB_Zero,1792,416,32,0,32,16,0,1,1,4294967295
tileBTB_Zero,1824,416,80,0,16,16,0,1,1,4294967295
tileBTB_Zero,1024,496,48,0,32,32,0,1,1,4294967295
tileBTB_Zero,1056,496,48,0,32,32,0,1,1,4294967295
tileBTB_Zero,1088,496,48,0,32,32,0,1,1,4294967295
tileBTB_Zero,1120,496,48,0,32,32,0,1,1,4294967295
tileBTB_Zero,1152,496,48,0,32,32,0,1,1,4294967295
tileBTB_Zero,1184,496,48,0,32,32,0,1,1,4294967295
tileBTB_Zero,1216,496,48,0,32,32,0,1,1,4294967295
tileBTB_Zero,1248,496,48,0,32,32,0,1,1,4294967295
tileBTB_Zero,1280,496,48,0,32,32,0,1,1,4294967295
tileBTB_Zero,1312,496,48,0,32,32,0,1,1,4294967295
tileBTB_Zero,1344,496,48,0,32,32,0,1,1,4294967295
tileBTB_Zero,1376,496,48,0,32,32,0,1,1,4294967295
tileBTB_Zero,1024,528,48,0,32,32,0,1,1,4294967295
tileBTB_Zero,1056,528,48,0,32,32,0,1,1,4294967295
tileBTB_Zero,1088,528,48,0,32,32,0,1,1,4294967295
tileBTB_Zero,1120,528,48,0,32,32,0,1,1,4294967295
tileBTB_Zero,1152,528,48,0,32,32,0,1,1,4294967295
tileBTB_Zero,1184,528,48,0,32,32,0,1,1,4294967295
tileBTB_Zero,1216,528,48,0,32,32,0,1,1,4294967295
tileBTB_Zero,1248,528,48,0,32,32,0,1,1,4294967295
tileBTB_Zero,1280,528,48,0,32,32,0,1,1,4294967295
tileBTB_Zero,1312,528,48,0,32,32,0,1,1,4294967295
tileBTB_Zero,1344,528,48,0,32,32,0,1,1,4294967295
tileBTB_Zero,1376,528,48,0,32,32,0,1,1,4294967295
tileBTB_Zero,1024,560,48,0,32,32,0,1,1,4294967295
tileBTB_Zero,1056,560,48,0,32,32,0,1,1,4294967295
tileBTB_Zero,1088,560,48,0,32,32,0,1,1,4294967295
tileBTB_Zero,1120,560,48,0,32,32,0,1,1,4294967295
tileBTB_Zero,1152,560,48,0,32,32,0,1,1,4294967295
tileBTB_Zero,1184,560,48,0,32,32,0,1,1,4294967295
tileBTB_Zero,1216,560,48,0,32,32,0,1,1,4294967295
tileBTB_Zero,1248,560,48,0,32,32,0,1,1,4294967295
tileBTB_Zero,1280,560,48,0,32,32,0,1,1,4294967295
tileBTB_Zero,1312,560,48,0,32,32,0,1,1,4294967295
tileBTB_Zero,1344,560,48,0,32,32,0,1,1,4294967295
tileBTB_Zero,1376,560,48,0,32,32,0,1,1,4294967295
tileBTB_Zero,1024,592,48,0,32,32,0,1,1,4294967295
tileBTB_Zero,1056,592,48,0,32,32,0,1,1,4294967295
tileBTB_Zero,1088,592,48,0,32,32,0,1,1,4294967295
tileBTB_Zero,1120,592,48,0,32,32,0,1,1,4294967295
tileBTB_Zero,1152,592,48,0,32,32,0,1,1,4294967295
tileBTB_Zero,1184,592,48,0,32,32,0,1,1,4294967295
tileBTB_Zero,1216,592,48,0,32,32,0,1,1,4294967295
tileBTB_Zero,1248,592,48,0,32,32,0,1,1,4294967295
tileBTB_Zero,1280,592,48,0,32,32,0,1,1,4294967295
tileBTB_Zero,1312,592,48,0,32,32,0,1,1,4294967295
tileBTB_Zero,1344,592,48,0,32,32,0,1,1,4294967295
tileBTB_Zero,1376,592,48,0,32,32,0,1,1,4294967295
tileBTB_Zero,1408,592,48,0,32,32,0,1,1,4294967295
tileBTB_Zero,1440,592,48,0,32,32,0,1,1,4294967295
tileBTB_Zero,1472,592,48,0,32,32,0,1,1,4294967295
tileBTB_Zero,1504,592,48,0,32,32,0,1,1,4294967295
tileBTB_Zero,1536,592,48,0,32,32,0,1,1,4294967295
tileBTB_Zero,1568,592,48,0,32,32,0,1,1,4294967295
tileBTB_Zero,1600,592,48,0,32,32,0,1,1,4294967295
tileBTB_Zero,1632,592,48,0,32,32,0,1,1,4294967295
tileBTB_Zero,1664,592,48,0,32,32,0,1,1,4294967295
tileBTB_Zero,1696,592,48,0,32,32,0,1,1,4294967295
tileBTB_Zero,1728,592,48,0,32,32,0,1,1,4294967295
tileBTB_Zero,1760,592,48,0,32,32,0,1,1,4294967295
tileBTB_Zero,1792,592,48,0,32,32,0,1,1,4294967295
tileBTB_Zero,1024,624,48,0,32,32,0,1,1,4294967295
tileBTB_Zero,1056,624,48,0,32,32,0,1,1,4294967295
tileBTB_Zero,1088,624,48,0,32,32,0,1,1,4294967295
tileBTB_Zero,1120,624,48,0,32,32,0,1,1,4294967295
tileBTB_Zero,1152,624,48,0,32,32,0,1,1,4294967295
tileBTB_Zero,1184,624,48,0,32,32,0,1,1,4294967295
tileBTB_Zero,1216,624,48,0,32,32,0,1,1,4294967295
tileBTB_Zero,1248,624,48,0,32,32,0,1,1,4294967295
tileBTB_Zero,1280,624,48,0,32,32,0,1,1,4294967295
tileBTB_Zero,1312,624,48,0,32,32,0,1,1,4294967295
tileBTB_Zero,1344,624,48,0,32,32,0,1,1,4294967295
tileBTB_Zero,1376,624,48,0,32,32,0,1,1,4294967295
tileBTB_Zero,1408,624,48,0,32,32,0,1,1,4294967295
tileBTB_Zero,1440,624,48,0,32,32,0,1,1,4294967295
tileBTB_Zero,1472,624,48,0,32,32,0,1,1,4294967295
tileBTB_Zero,1504,624,48,0,32,32,0,1,1,4294967295
tileBTB_Zero,1536,624,48,0,32,32,0,1,1,4294967295
tileBTB_Zero,1568,624,48,0,32,32,0,1,1,4294967295
tileBTB_Zero,1600,624,48,0,32,32,0,1,1,4294967295
tileBTB_Zero,1632,624,48,0,32,32,0,1,1,4294967295
tileBTB_Zero,1664,624,48,0,32,32,0,1,1,4294967295
tileBTB_Zero,1696,624,48,0,32,32,0,1,1,4294967295
tileBTB_Zero,1728,624,48,0,32,32,0,1,1,4294967295
tileBTB_Zero,1760,624,48,0,32,32,0,1,1,4294967295
tileBTB_Zero,1792,624,48,0,32,32,0,1,1,4294967295
tileBTB_Zero,1024,656,48,0,32,32,0,1,1,4294967295
tileBTB_Zero,1056,656,48,0,32,32,0,1,1,4294967295
tileBTB_Zero,1088,656,48,0,32,32,0,1,1,4294967295
tileBTB_Zero,1120,656,48,0,32,32,0,1,1,4294967295
tileBTB_Zero,1152,656,48,0,32,32,0,1,1,4294967295
tileBTB_Zero,1184,656,48,0,32,32,0,1,1,4294967295
tileBTB_Zero,1216,656,48,0,32,32,0,1,1,4294967295
tileBTB_Zero,1248,656,48,0,32,32,0,1,1,4294967295
tileBTB_Zero,1280,656,48,0,32,32,0,1,1,4294967295
tileBTB_Zero,1312,656,48,0,32,32,0,1,1,4294967295
tileBTB_Zero,1344,656,48,0,32,32,0,1,1,4294967295
tileBTB_Zero,1376,656,48,0,32,32,0,1,1,4294967295
tileBTB_Zero,1408,656,48,0,32,32,0,1,1,4294967295
tileBTB_Zero,1440,656,48,0,32,32,0,1,1,4294967295
tileBTB_Zero,1472,656,48,0,32,32,0,1,1,4294967295
tileBTB_Zero,1504,656,48,0,32,32,0,1,1,4294967295
tileBTB_Zero,1536,656,48,0,32,32,0,1,1,4294967295
tileBTB_Zero,1568,656,48,0,32,32,0,1,1,4294967295
tileBTB_Zero,1600,656,48,0,32,32,0,1,1,4294967295
tileBTB_Zero,1632,656,48,0,32,32,0,1,1,4294967295
tileBTB_Zero,1664,656,48,0,32,32,0,1,1,4294967295
tileBTB_Zero,1696,656,48,0,32,32,0,1,1,4294967295
tileBTB_Zero,1728,656,48,0,32,32,0,1,1,4294967295
tileBTB_Zero,1760,656,48,0,32,32,0,1,1,4294967295
tileBTB_Zero,1792,656,48,0,32,32,0,1,1,4294967295
tileBTB_Zero,1024,688,48,0,32,16,0,1,1,4294967295
tileBTB_Zero,1056,688,48,0,32,16,0,1,1,4294967295
tileBTB_Zero,1088,688,48,0,32,16,0,1,1,4294967295
tileBTB_Zero,1120,688,48,0,32,16,0,1,1,4294967295
tileBTB_Zero,1152,688,48,0,32,16,0,1,1,4294967295
tileBTB_Zero,1184,688,48,0,32,16,0,1,1,4294967295
tileBTB_Zero,1216,688,48,0,32,16,0,1,1,4294967295
tileBTB_Zero,1248,688,48,0,32,16,0,1,1,4294967295
tileBTB_Zero,1280,688,48,0,32,16,0,1,1,4294967295
tileBTB_Zero,1312,688,48,0,32,16,0,1,1,4294967295
tileBTB_Zero,1344,688,48,0,32,16,0,1,1,4294967295
tileBTB_Zero,1376,688,48,0,32,16,0,1,1,4294967295
tileBTB_Zero,1408,688,48,0,32,16,0,1,1,4294967295
tileBTB_Zero,1440,688,48,0,32,16,0,1,1,4294967295
tileBTB_Zero,1472,688,48,0,32,16,0,1,1,4294967295
tileBTB_Zero,1504,688,48,0,32,16,0,1,1,4294967295
tileBTB_Zero,1536,688,48,0,32,16,0,1,1,4294967295
tileBTB_Zero,1568,688,48,0,32,16,0,1,1,4294967295
tileBTB_Zero,1600,688,48,0,32,16,0,1,1,4294967295
tileBTB_Zero,1632,688,48,0,32,16,0,1,1,4294967295
tileBTB_Zero,1664,688,48,0,32,16,0,1,1,4294967295
tileBTB_Zero,1696,688,48,0,32,16,0,1,1,4294967295
tileBTB_Zero,1728,688,48,0,32,16,0,1,1,4294967295
tileBTB_Zero,1760,688,48,0,32,16,0,1,1,4294967295
tileBTB_Zero,1792,688,48,0,32,16,0,1,1,4294967295
tileBTB_Zero,1296,416,48,0,48,16,0,1,1,4294967295
tileBTB_Zero,1328,336,32,16,48,16,0,1,1,4294967295
tileBTB_Zero,1376,336,48,16,32,16,0,1,1,4294967295
tileBTB_Zero,1408,336,48,16,32,16,0,1,1,4294967295
tileBTB_Zero,1440,336,48,16,32,16,0,1,1,4294967295
tileBTB_Zero,1472,336,48,16,32,16,0,1,1,4294967295
tileBTB_Zero,1504,336,48,16,32,16,0,1,1,4294967295
tileBTB_Zero,1536,336,48,16,32,16,0,1,1,4294967295
tileBTB_Zero,1568,336,48,16,32,16,0,1,1,4294967295
tileBTB_Zero,1600,336,48,16,32,16,0,1,1,4294967295
tileBTB_Zero,1632,336,48,16,32,16,0,1,1,4294967295
tileBTB_Zero,1664,336,48,16,32,16,0,1,1,4294967295
tileBTB_Zero,1696,336,48,16,32,16,0,1,1,4294967295
tileBTB_Zero,1728,336,48,16,32,16,0,1,1,4294967295
tileBTB_Zero,1760,336,48,16,32,16,0,1,1,4294967295
tileBTB_Zero,1792,336,48,16,32,16,0,1,1,4294967295
tileBTB_Zero,1824,336,48,16,32,16,0,1,1,4294967295
tileBTB_Zero,1856,336,48,16,32,16,0,1,1,4294967295
tileBTB_Zero,1888,336,48,16,16,16,0,1,1,4294967295
tileBTB_Zero,1888,352,32,0,16,16,0,1,1,4294967295
tileBTB_Zero,1904,336,80,16,16,16,0,1,1,4294967295
tileBTB_Zero,1904,352,80,0,16,16,0,1,1,4294967295
tileBTB_Zero,2144,272,48,0,32,32,0,1,1,4294967295
tileBTB_Zero,2176,272,48,0,32,32,0,1,1,4294967295
tileBTB_Zero,2144,304,48,0,32,32,0,1,1,4294967295
tileBTB_Zero,2176,304,48,0,32,32,0,1,1,4294967295
tileBTB_Zero,2032,336,48,0,32,32,0,1,1,4294967295
tileBTB_Zero,2064,336,48,0,32,32,0,1,1,4294967295
tileBTB_Zero,2096,336,48,0,32,32,0,1,1,4294967295
tileBTB_Zero,2128,336,48,0,32,32,0,1,1,4294967295
tileBTB_Zero,2160,336,48,0,32,32,0,1,1,4294967295
tileBTB_Zero,2192,336,48,0,32,32,0,1,1,4294967295
tileBTB_Zero,1936,368,48,0,32,32,0,1,1,4294967295
tileBTB_Zero,1968,368,48,0,32,32,0,1,1,4294967295
tileBTB_Zero,2000,368,48,0,32,32,0,1,1,4294967295
tileBTB_Zero,2032,368,48,0,32,32,0,1,1,4294967295
tileBTB_Zero,2064,368,48,0,32,32,0,1,1,4294967295
tileBTB_Zero,2096,368,48,0,32,32,0,1,1,4294967295
tileBTB_Zero,2128,368,48,0,32,32,0,1,1,4294967295
tileBTB_Zero,2160,368,48,0,32,32,0,1,1,4294967295
tileBTB_Zero,2192,368,48,0,32,32,0,1,1,4294967295
tileBTB_Zero,1936,400,48,0,32,32,0,1,1,4294967295
tileBTB_Zero,1968,400,48,0,32,32,0,1,1,4294967295
tileBTB_Zero,2000,400,48,0,32,32,0,1,1,4294967295
tileBTB_Zero,2032,400,48,0,32,32,0,1,1,4294967295
tileBTB_Zero,2064,400,48,0,32,32,0,1,1,4294967295
tileBTB_Zero,2096,400,48,0,32,32,0,1,1,4294967295
tileBTB_Zero,2128,400,48,0,32,32,0,1,1,4294967295
tileBTB_Zero,2160,400,48,0,32,32,0,1,1,4294967295
tileBTB_Zero,2192,400,48,0,32,32,0,1,1,4294967295
tileBTB_Zero,1936,432,48,0,32,32,0,1,1,4294967295
tileBTB_Zero,1968,432,48,0,32,32,0,1,1,4294967295
tileBTB_Zero,2000,432,48,0,32,32,0,1,1,4294967295
tileBTB_Zero,2032,432,48,0,32,32,0,1,1,4294967295
tileBTB_Zero,2064,432,48,0,32,32,0,1,1,4294967295
tileBTB_Zero,2096,432,48,0,32,32,0,1,1,4294967295
tileBTB_Zero,2128,432,48,0,32,32,0,1,1,4294967295
tileBTB_Zero,2160,432,48,0,32,32,0,1,1,4294967295
tileBTB_Zero,2192,432,48,0,32,32,0,1,1,4294967295
tileBTB_Zero,1936,464,48,0,32,32,0,1,1,4294967295
tileBTB_Zero,1968,464,48,0,32,32,0,1,1,4294967295
tileBTB_Zero,2000,464,48,0,32,32,0,1,1,4294967295
tileBTB_Zero,2032,464,48,0,32,32,0,1,1,4294967295
tileBTB_Zero,2064,464,48,0,32,32,0,1,1,4294967295
tileBTB_Zero,2096,464,48,0,32,32,0,1,1,4294967295
tileBTB_Zero,2128,464,48,0,32,32,0,1,1,4294967295
tileBTB_Zero,2160,464,48,0,32,32,0,1,1,4294967295
tileBTB_Zero,2192,464,48,0,32,32,0,1,1,4294967295
tileBTB_Zero,1824,560,48,0,32,32,0,1,1,4294967295
tileBTB_Zero,1856,560,48,0,32,32,0,1,1,4294967295
tileBTB_Zero,1888,560,48,0,32,32,0,1,1,4294967295
tileBTB_Zero,1920,560,48,0,32,32,0,1,1,4294967295
tileBTB_Zero,1952,560,48,0,32,32,0,1,1,4294967295
tileBTB_Zero,1984,560,48,0,32,32,0,1,1,4294967295
tileBTB_Zero,2016,560,48,0,32,32,0,1,1,4294967295
tileBTB_Zero,2048,560,48,0,32,32,0,1,1,4294967295
tileBTB_Zero,2080,560,48,0,32,32,0,1,1,4294967295
tileBTB_Zero,2112,560,48,0,32,32,0,1,1,4294967295
tileBTB_Zero,2144,560,48,0,32,32,0,1,1,4294967295
tileBTB_Zero,2176,560,48,0,32,32,0,1,1,4294967295
tileBTB_Zero,1824,592,48,0,32,32,0,1,1,4294967295
tileBTB_Zero,1856,592,48,0,32,32,0,1,1,4294967295
tileBTB_Zero,1888,592,48,0,32,32,0,1,1,4294967295
tileBTB_Zero,1920,592,48,0,32,32,0,1,1,4294967295
tileBTB_Zero,1952,592,48,0,32,32,0,1,1,4294967295
tileBTB_Zero,1984,592,48,0,32,32,0,1,1,4294967295
tileBTB_Zero,2016,592,48,0,32,32,0,1,1,4294967295
tileBTB_Zero,2048,592,48,0,32,32,0,1,1,4294967295
tileBTB_Zero,2080,592,48,0,32,32,0,1,1,4294967295
tileBTB_Zero,2112,592,48,0,32,32,0,1,1,4294967295
tileBTB_Zero,2144,592,48,0,32,32,0,1,1,4294967295
tileBTB_Zero,2176,592,48,0,32,32,0,1,1,4294967295
tileBTB_Zero,1824,624,48,0,32,32,0,1,1,4294967295
tileBTB_Zero,1856,624,48,0,32,32,0,1,1,4294967295
tileBTB_Zero,1888,624,48,0,32,32,0,1,1,4294967295
tileBTB_Zero,1920,624,48,0,32,32,0,1,1,4294967295
tileBTB_Zero,1952,624,48,0,32,32,0,1,1,4294967295
tileBTB_Zero,1984,624,48,0,32,32,0,1,1,4294967295
tileBTB_Zero,2016,624,48,0,32,32,0,1,1,4294967295
tileBTB_Zero,2048,624,48,0,32,32,0,1,1,4294967295
tileBTB_Zero,2080,624,48,0,32,32,0,1,1,4294967295
tileBTB_Zero,2112,624,48,0,32,32,0,1,1,4294967295
tileBTB_Zero,2144,624,48,0,32,32,0,1,1,4294967295
tileBTB_Zero,2176,624,48,0,32,32,0,1,1,4294967295
tileBTB_Zero,1824,656,48,0,32,32,0,1,1,4294967295
tileBTB_Zero,1856,656,48,0,32,32,0,1,1,4294967295
tileBTB_Zero,1888,656,48,0,32,32,0,1,1,4294967295
tileBTB_Zero,1920,656,48,0,32,32,0,1,1,4294967295
tileBTB_Zero,1952,656,48,0,32,32,0,1,1,4294967295
tileBTB_Zero,1984,656,48,0,32,32,0,1,1,4294967295
tileBTB_Zero,2016,656,48,0,32,32,0,1,1,4294967295
tileBTB_Zero,2048,656,48,0,32,32,0,1,1,4294967295
tileBTB_Zero,2080,656,48,0,32,32,0,1,1,4294967295
tileBTB_Zero,2112,656,48,0,32,32,0,1,1,4294967295
tileBTB_Zero,2144,656,48,0,32,32,0,1,1,4294967295
tileBTB_Zero,2176,656,48,0,32,32,0,1,1,4294967295
tileBTB_Zero,2208,272,48,0,16,32,0,1,1,4294967295
tileBTB_Zero,2208,304,48,0,16,32,0,1,1,4294967295
tileBTB_Zero,2208,496,48,0,16,32,0,1,1,4294967295
tileBTB_Zero,2208,528,48,0,16,32,0,1,1,4294967295
tileBTB_Zero,2208,560,48,0,16,32,0,1,1,4294967295
tileBTB_Zero,2208,592,48,0,16,32,0,1,1,4294967295
tileBTB_Zero,2208,624,48,0,16,32,0,1,1,4294967295
tileBTB_Zero,2208,656,48,0,16,32,0,1,1,4294967295
tileBTB_Zero,1824,688,48,0,32,16,0,1,1,4294967295
tileBTB_Zero,1856,688,48,0,32,16,0,1,1,4294967295
tileBTB_Zero,1888,688,48,0,32,16,0,1,1,4294967295
tileBTB_Zero,1920,688,48,0,32,16,0,1,1,4294967295
tileBTB_Zero,1952,688,48,0,32,16,0,1,1,4294967295
tileBTB_Zero,1984,688,48,0,32,16,0,1,1,4294967295
tileBTB_Zero,2016,688,48,0,32,16,0,1,1,4294967295
tileBTB_Zero,2048,688,48,0,32,16,0,1,1,4294967295
tileBTB_Zero,2080,688,48,0,32,16,0,1,1,4294967295
tileBTB_Zero,2112,688,48,0,32,16,0,1,1,4294967295
tileBTB_Zero,2144,688,48,0,32,16,0,1,1,4294967295
tileBTB_Zero,2176,688,48,0,32,16,0,1,1,4294967295
tileBTB_Zero,2208,688,48,0,16,16,0,1,1,4294967295
tileBTB_Zero,945,256,128,144,16,16,0,1,1,4294967295
tileBTB_Zero,496,224,0,32,64,32,0,1,1,4294967295
tileBTB_Zero,768,224,0,32,64,32,0,1,1,4294967295
tileBTB_Zero,560,224,0,32,32,32,0,1,1,4294967295
tileBTB_Zero,832,224,0,32,32,32,0,1,1,4294967295
tileBTB_Zero,512,272,0,64,32,32,0,1,1,4294967295
tileBTB_Zero,784,272,0,64,32,32,0,1,1,4294967295
tileBTB_Zero,816,272,0,64,32,32,0,1,1,4294967295
tileBTB_Zero,496,256,0,64,32,16,0,1,1,4294967295
tileBTB_Zero,528,256,0,64,32,16,0,1,1,4294967295
tileBTB_Zero,560,256,0,64,32,16,0,1,1,4294967295
tileBTB_Zero,768,256,0,64,32,16,0,1,1,4294967295
tileBTB_Zero,800,256,0,64,32,16,0,1,1,4294967295
tileBTB_Zero,832,256,0,64,32,16,0,1,1,4294967295
tileBTB_Zero,393,256,128,144,16,16,0,1,1,4294967295
tileBTB_Zero,865,256,128,144,16,16,0,1,1,4294967295
tileBTB_Zero,753,256,128,144,16,16,0,1,1,4294967295
tileBTB_Zero,593,256,128,144,16,16,0,1,1,4294967295
tileBTB_Zero,481,256,128,144,16,16,0,1,1,4294967295
tileBTB_Zero,48,384,32,64,32,32,0,1,1,4294967295
tileBTB_Zero,112,432,32,64,32,32,0,1,1,4294967295
tileBTB_Zero,288,480,32,64,32,32,0,1,1,4294967295
tileBTB_Zero,448,560,32,64,32,32,0,1,1,4294967295
tileBTB_Zero,592,480,32,64,32,32,0,1,1,4294967295
tileBTB_Zero,768,544,32,64,32,32,0,1,1,4294967295
tileBTB_Zero,928,624,32,64,32,32,0,1,1,4294967295
tileBTB_Zero,880,416,32,64,32,32,0,1,1,4294967295
tileBTB_Zero,240,224,32,64,32,32,0,1,1,4294967295
tileBTB_Zero,1264,368,32,64,32,32,0,1,1,4294967295
tileBTB_Zero,1392,288,32,64,32,32,0,1,1,4294967295
tileBTB_Zero,1088,208,32,64,32,32,0,1,1,4294967295
tileBTB_Zero,1728,528,32,64,32,32,0,1,1,4294967295
tileBTB_Zero,2080,288,32,64,16,32,0,1,1,4294967295
tileBTB_Zero,1312,384,32,64,16,32,0,1,1,4294967295
tileBTB_Zero,560,288,32,64,16,32,0,1,1,4294967295
tileBTB_Zero,16,432,48,64,16,32,0,1,1,4294967295
tileBTB_Zero,256,304,48,64,16,32,0,1,1,4294967295
tileBTB_Zero,688,448,48,64,16,32,0,1,1,4294967295
tileBTB_Zero,384,608,48,64,16,32,0,1,1,4294967295
tileBTB_Zero,1632,288,48,64,16,32,0,1,1,4294967295
tileBTB_Zero,1168,480,32,64,32,16,0,1,1,4294967295
tileBTB_Zero,1472,576,32,64,32,16,0,1,1,4294967295
tileBTB_Zero,1888,544,32,64,32,16,0,1,1,4294967295
tileBTB_Zero,2000,320,32,64,32,16,0,1,1,4294967295
tileBTB_Zero,1760,320,32,64,32,16,0,1,1,4294967295
tileBTB_Zero,1648,512,32,64,16,32,0,1,1,4294967295
tileBTB_Zero,640,576,32,64,16,32,0,1,1,4294967295
tileBTB_Zero,0,288,128,208,16,32,0,1,1,4294967295
tileBTB_Zero,0,160,128,208,16,32,0,1,1,4294967295
tileBTB_Zero,0,192,128,208,16,32,0,1,1,4294967295
tileBTB_Zero,0,224,128,208,16,32,0,1,1,4294967295
tileBTB_Zero,0,336,128,208,16,32,0,1,1,4294967295
tileBTB_Zero,0,368,128,208,16,32,0,1,1,4294967295
tileBTB_Zero,0,400,128,208,16,32,0,1,1,4294967295
tileBTB_Zero,0,432,128,208,16,32,0,1,1,4294967295
tileBTB_Zero,0,464,128,208,16,32,0,1,1,4294967295
tileBTB_Zero,0,256,128,208,16,16,0,1,1,4294967295
tileBTB_Zero,39,272,80,80,16,16,0,1,1,4294967295
tileBTB_Zero,36,320,80,80,16,16,0,1,1,4294967295
tileBTB_Zero,480,224,128,176,16,32,0,1,1,4294967295
tileBTB_Zero,592,224,128,176,16,32,0,1,1,4294967295
tileBTB_Zero,752,224,128,176,16,32,0,1,1,4294967295
tileBTB_Zero,864,224,128,176,16,32,0,1,1,4294967295
tileBTB_Zero,944,208,128,176,16,32,0,1,1,4294967295
tileBTB_Zero,944,240,128,176,16,16,0,1,1,4294967295
tileBTB_Zero,1440,464,128,176,16,16,0,1,1,4294967295
tileBTB_Zero,1776,464,128,176,16,16,0,1,1,4294967295
tileBTB_Zero,1984,496,128,176,16,32,0,1,1,4294967295
tileBTB_Zero,1936,496,128,176,16,32,0,1,1,4294967295
tileBTB_Zero,1248,448,128,176,16,32,0,1,1,4294967295
tileBTB_Zero,1248,416,32,0,48,16,0,1,1,4294967295
tileBTB_Zero,1248,432,128,192,16,16,0,1,1,4294967295
tileBTB_Zero,1072,464,128,176,16,16,0,1,1,4294967295
tileBTB_Zero,832,208,48,16,48,16,0,1,1,4294967295
tileBTB_Zero,816,208,64,16,16,16,0,1,1,4294967295
tileBTB_Zero,784,208,48,16,32,16,0,1,1,4294967295
tileBTB_Zero,736,208,32,16,48,16,0,1,1,4294967295
tileBTB_Zero,1328,352,128,176,16,32,0,1,1,4294967295
tileBTB_Zero,1328,384,128,176,16,32,0,1,1,4294967295
tileBTB_Zero,400,32,128,208,16,32,0,1,1,4294967295
tileBTB_Zero,672,32,128,208,16,32,0,1,1,4294967295
tileBTB_Zero,672,64,128,208,16,32,0,1,1,4294967295
tileBTB_Zero,672,96,128,208,16,32,0,1,1,4294967295
tileBTB_Zero,672,128,128,208,16,16,0,1,1,4294967295
tileBTB_Zero,672,160,128,208,16,32,0,1,1,4294967295
tileBTB_Zero,672,192,128,208,16,32,0,1,1,4294967295
tileBTB_Zero,672,224,128,208,16,32,0,1,1,4294967295
tileBTB_Zero,496,32,128,208,16,16,0,1,1,4294967295
tileBTB_Zero,576,32,128,208,16,16,0,1,1,4294967295
tileBTB_Zero,768,32,128,208,16,16,0,1,1,4294967295
tileBTB_Zero,848,32,128,208,16,16,0,1,1,4294967295
tileBTB_Zero,944,32,128,208,16,32,0,1,1,4294967295
tileBTB_Zero,884,16,80,80,32,16,0,1,1,4294967295
tileBTB_Zero,443,16,80,80,32,16,0,1,1,4294967295
tileBTB_Zero,611,16,80,80,16,16,0,1,1,4294967295
tileBTB_Zero,731,16,80,80,16,16,0,1,1,4294967295
tileBTB_Zero,960,512,32,64,16,32,0,1,1,4294967295
tileBTB_Zero,432,672,32,64,32,16,0,1,1,4294967295
tileBTB_Zero,752,672,32,64,32,16,0,1,1,4294967295
tileBTB_Zero,1520,320,32,64,32,16,0,1,1,4294967295
tileBTB_Zero,2192,176,80,80,32,16,0,1,1,4294967295
tileBTB_Zero,2192,192,80,80,32,16,0,1,1,4294967295
tileBTB_Zero,2160,176,80,80,32,16,0,1,1,4294967295
tileBTB_Zero,2160,192,80,80,32,16,0,1,1,4294967295
tileBTB_Zero,1712,176,80,80,32,16,0,1,1,4294967295
tileBTB_Zero,1744,176,80,80,32,16,0,1,1,4294967295
tileBTB_Zero,1776,176,80,80,32,16,0,1,1,4294967295
tileBTB_Zero,1776,176,80,80,32,16,0,1,1,4294967295
tileBTB_Zero,1808,176,80,80,32,16,0,1,1,4294967295
tileBTB_Zero,1840,176,80,80,32,16,0,1,1,4294967295
tileBTB_Zero,1872,176,80,80,32,16,0,1,1,4294967295
tileBTB_Zero,1904,176,80,80,32,16,0,1,1,4294967295
tileBTB_Zero,1936,176,80,80,32,16,0,1,1,4294967295
tileBTB_Zero,1968,176,80,80,32,16,0,1,1,4294967295
tileBTB_Zero,2000,176,80,80,32,16,0,1,1,4294967295
tileBTB_Zero,2032,176,80,80,32,16,0,1,1,4294967295
tileBTB_Zero,2064,176,80,80,32,16,0,1,1,4294967295
tileBTB_Zero,2096,176,80,80,32,16,0,1,1,4294967295
tileBTB_Zero,2128,176,80,80,32,16,0,1,1,4294967295
tileBTB_Zero,1712,192,80,80,32,16,0,1,1,4294967295
tileBTB_Zero,1744,192,80,80,32,16,0,1,1,4294967295
tileBTB_Zero,1776,192,80,80,32,16,0,1,1,4294967295
tileBTB_Zero,1808,192,80,80,32,16,0,1,1,4294967295
tileBTB_Zero,1840,192,80,80,32,16,0,1,1,4294967295
tileBTB_Zero,1872,192,80,80,32,16,0,1,1,4294967295
tileBTB_Zero,1904,192,80,80,32,16,0,1,1,4294967295
tileBTB_Zero,1936,192,80,80,32,16,0,1,1,4294967295
tileBTB_Zero,1968,192,80,80,32,16,0,1,1,4294967295
tileBTB_Zero,2000,192,80,80,32,16,0,1,1,4294967295
tileBTB_Zero,2032,192,80,80,32,16,0,1,1,4294967295
tileBTB_Zero,2064,192,80,80,32,16,0,1,1,4294967295
tileBTB_Zero,2096,192,80,80,32,16,0,1,1,4294967295
tileBTB_Zero,2128,192,80,80,32,16,0,1,1,4294967295
tileBTB_Zero,1360,176,80,80,32,16,0,1,1,4294967295
tileBTB_Zero,1392,176,80,80,32,16,0,1,1,4294967295
tileBTB_Zero,1424,176,80,80,32,16,0,1,1,4294967295
tileBTB_Zero,1456,176,80,80,32,16,0,1,1,4294967295
tileBTB_Zero,1488,176,80,80,32,16,0,1,1,4294967295
tileBTB_Zero,1520,176,80,80,32,16,0,1,1,4294967295
tileBTB_Zero,1552,176,80,80,32,16,0,1,1,4294967295
tileBTB_Zero,1584,176,80,80,32,16,0,1,1,4294967295
tileBTB_Zero,1616,176,80,80,32,16,0,1,1,4294967295
tileBTB_Zero,1648,176,80,80,32,16,0,1,1,4294967295
tileBTB_Zero,1680,176,80,80,32,16,0,1,1,4294967295
tileBTB_Zero,1360,192,80,80,32,16,0,1,1,4294967295
tileBTB_Zero,1392,192,80,80,32,16,0,1,1,4294967295
tileBTB_Zero,1424,192,80,80,32,16,0,1,1,4294967295
tileBTB_Zero,1456,192,80,80,32,16,0,1,1,4294967295
tileBTB_Zero,1488,192,80,80,32,16,0,1,1,4294967295
tileBTB_Zero,1520,192,80,80,32,16,0,1,1,4294967295
tileBTB_Zero,1552,192,80,80,32,16,0,1,1,4294967295
tileBTB_Zero,1584,192,80,80,32,16,0,1,1,4294967295
tileBTB_Zero,1616,192,80,80,32,16,0,1,1,4294967295
tileBTB_Zero,1648,192,80,80,32,16,0,1,1,4294967295
tileBTB_Zero,1680,192,80,80,32,16,0,1,1,4294967295
tileBTB_Zero,1200,176,80,80,32,16,0,1,1,4294967295
tileBTB_Zero,1232,176,80,80,32,16,0,1,1,4294967295
tileBTB_Zero,1264,176,80,80,32,16,0,1,1,4294967295
tileBTB_Zero,1296,176,80,80,32,16,0,1,1,4294967295
tileBTB_Zero,1328,176,80,80,32,16,0,1,1,4294967295
tileBTB_Zero,1200,192,80,80,32,16,0,1,1,4294967295
tileBTB_Zero,1232,192,80,80,32,16,0,1,1,4294967295
tileBTB_Zero,1264,192,80,80,32,16,0,1,1,4294967295
tileBTB_Zero,1296,192,80,80,32,16,0,1,1,4294967295
tileBTB_Zero,1328,192,80,80,32,16,0,1,1,4294967295
tileBTB_Zero,1152,176,64,80,48,16,0,1,1,4294967295
tileBTB_Zero,1152,192,64,80,48,16,0,1,1,4294967295
tileBTB_Zero,941,160,64,80,48,16,0,1,1,4294967295
tileBTB_Zero,941,176,64,80,48,16,0,1,1,4294967295
tileBTB_Zero,941,192,64,80,48,16,0,1,1,4294967295
tileBTB_Zero,979,160,80,80,48,16,0,1,1,4294967295
tileBTB_Zero,979,176,80,80,48,16,0,1,1,4294967295
tileBTB_Zero,979,192,80,80,48,16,0,1,1,4294967295
tileBTB_Zero,1152,160,64,80,48,16,0,1,1,4294967295
tileBTB_Zero,1200,160,96,80,32,16,0,1,1,4294967295
tileBTB_Zero,928,144,64,80,48,16,0,1,1,4294967295
tileBTB_Zero,944,128,64,80,48,16,0,1,1,4294967295
tileBTB_Zero,1168,144,80,80,48,16,0,1,1,4294967295
tileBTB_Zero,1152,128,80,80,48,16,0,1,1,4294967295
tileBTB_Zero,992,128,80,80,32,16,0,1,1,4294967295
tileBTB_Zero,1024,128,80,80,32,16,0,1,1,4294967295
tileBTB_Zero,1056,128,80,80,32,16,0,1,1,4294967295
tileBTB_Zero,1088,128,80,80,32,16,0,1,1,4294967295
tileBTB_Zero,1120,128,80,80,32,16,0,1,1,4294967295
tileBTB_Zero,976,144,80,80,32,16,0,1,1,4294967295
tileBTB_Zero,1008,144,80,80,32,16,0,1,1,4294967295
tileBTB_Zero,1040,144,80,80,32,16,0,1,1,4294967295
tileBTB_Zero,1072,144,80,80,32,16,0,1,1,4294967295
tileBTB_Zero,1104,144,80,80,32,16,0,1,1,4294967295
tileBTB_Zero,1136,144,80,80,32,16,0,1,1,4294967295
tileBTB_Zero,364,128,80,80,16,16,0,1,1,4294967295
