oExit,0,736,003A0364,0,1,1,4294967295,0,1
oRmHPFJ_Obj,448,768,003BD365,0,1,1,4294967295,0,1
oRmHPFJ_Obj,640,384,0000FAA3,0,1,1,4294967295,0,1
oRmHPFJ_Obj,320,384,003887BB,0,1,1,4294967295,0,1
oRmHPFJ_Obj,384,384,0011DA37,0,1,1,4294967295,0,1
oRmHPFJ_Obj,448,384,00103A22,0,1,1,4294967295,0,1
oHPF_Fan,1384,664,0011CCB1,0,1,1,4294967295,0,0
oHPF_Fan,1432,664,002512EF,0,1,1,4294967295,0,0
oHPF_Fan,1384,744,00152884,0,1,1,4294967295,0,0
oHPF_Fan,1432,744,001BEACA,0,1,1,4294967295,0,0
oExit,2032,224,00141A16,0,1,1,4294967295,0,1
oMovingCrushPlat,256,768,003A0C20,0,1,1,4294967295,0,1
oMovingCrushPlat,768,576,001157A3,0,1,1,4294967295,0,1
oMovingCrushPlat,832,576,002357C1,0,1,1,4294967295,0,1
oMovingCrushPlat,768,384,0012325C,0,1,1,4294967295,0,1
oMovingCrushPlat,384,576,004004E8,0,1,1,4294967295,0,1
oMovingCrushPlat,256,448,001B11A5,0,1,1,4294967295,0,1
oMovingCrushPlat,1216,256,00304CC3,0,1,1,4294967295,0,1
oMovingCrushPlat,1280,256,0034C378,0,1,1,4294967295,0,1
oMovingCrushPlat,1472,768,001F4AD9,0,1,1,4294967295,0,1
oMovingCrushPlat,1536,768,0033B39B,0,1,1,4294967295,0,1
oSolidVirusBlock,1600,160,00234A2E,0,1,1,4294967295,0,1
oZeldaBreakPot,1088,240,0019EA94,0,1,1,4294967295,0,0
oZeldaBreakPot,1104,240,00137604,0,1,1,4294967295,0,0
oZeldaBreakPot,1120,240,0006CEEB,0,1,1,4294967295,0,0
oZeldaBreakPot,1136,240,003D08EF,0,1,1,4294967295,0,0
oMarioSpikeFloor,256,816,002EDBDE,0,1,1,4294967295,0,0
oMarioSpikeFloor,272,816,00067BCF,0,1,1,4294967295,0,0
oMarioSpikeFloor,288,816,003B179A,0,1,1,4294967295,0,0
oMarioSpikeFloor,304,816,003F776F,0,1,1,4294967295,0,0
oMarioSpikeFloor,320,816,00174017,0,1,1,4294967295,0,0
oMarioSpikeFloor,336,816,001B6DFE,0,1,1,4294967295,0,0
oMarioSpikeFloor,352,816,00053BE3,0,1,1,4294967295,0,0
oMarioSpikeFloor,368,816,00048AA3,0,1,1,4294967295,0,0
oMarioSpikeFloor,384,816,0031A04C,0,1,1,4294967295,0,0
oMarioSpikeFloor,400,816,0002851A,0,1,1,4294967295,0,0
oMarioSpikeFloor,416,816,00110430,0,1,1,4294967295,0,0
oMarioSpikeFloor,432,816,001B4F5E,0,1,1,4294967295,0,0
oMarioSpikeL,768,384,0023F514,0,1,1,4294967295,0,0
oMarioSpikeL,768,400,000071A7,0,1,1,4294967295,0,0
oMarioSpikeL,768,416,0039B18F,0,1,1,4294967295,0,0
oMarioSpikeL,768,432,0030C3B2,0,1,1,4294967295,0,0
oMarioSpikeL,768,576,00045DA8,0,1,1,4294967295,0,0
oMarioSpikeL,768,448,002D43AC,0,1,1,4294967295,0,0
oMarioSpikeL,768,464,003C3D7E,0,1,1,4294967295,0,0
oMarioSpikeL,768,480,0028242A,0,1,1,4294967295,0,0
oMarioSpikeL,768,496,000F9BA9,0,1,1,4294967295,0,0
oMarioSpikeL,768,512,0015EC33,0,1,1,4294967295,0,0
oMarioSpikeL,768,528,0026DA9A,0,1,1,4294967295,0,0
oMarioSpikeL,768,544,002EED62,0,1,1,4294967295,0,0
oMarioSpikeL,768,560,0018FAAA,0,1,1,4294967295,0,0
oMarioSpikeL,768,608,00052DB5,0,1,1,4294967295,0,0
oMarioSpikeL,768,624,0001A74F,0,1,1,4294967295,0,0
oMarioSpikeL,768,640,000ED2FA,0,1,1,4294967295,0,0
oMarioSpikeL,768,656,003FACEE,0,1,1,4294967295,0,0
oMarioSpikeL,768,672,001AE633,0,1,1,4294967295,0,0
oMarioSpikeL,768,688,002CFE57,0,1,1,4294967295,0,0
oMarioSpikeL,768,592,00051463,0,1,1,4294967295,0,0
oMarioSpikeR,880,384,0018E510,0,1,1,4294967295,0,0
oMarioSpikeR,880,400,00012854,0,1,1,4294967295,0,0
oMarioSpikeR,880,416,003FC312,0,1,1,4294967295,0,0
oMarioSpikeR,880,432,00051F7B,0,1,1,4294967295,0,0
oMarioSpikeR,880,448,001C5C62,0,1,1,4294967295,0,0
oMarioSpikeR,880,464,00119919,0,1,1,4294967295,0,0
oMarioSpikeR,880,480,0037D443,0,1,1,4294967295,0,0
oMarioSpikeR,880,496,00328DA3,0,1,1,4294967295,0,0
oMarioSpikeR,880,512,001147F7,0,1,1,4294967295,0,0
oMarioSpikeR,880,528,001067E5,0,1,1,4294967295,0,0
oMarioSpikeR,880,544,00376E8C,0,1,1,4294967295,0,0
oMarioSpikeR,880,560,0022A413,0,1,1,4294967295,0,0
oMarioSpikeR,880,576,002D0C98,0,1,1,4294967295,0,0
oMarioSpikeR,880,592,0027B732,0,1,1,4294967295,0,0
oMarioSpikeR,880,608,00187366,0,1,1,4294967295,0,0
oMarioSpikeR,880,624,003400C4,0,1,1,4294967295,0,0
oMarioSpikeR,880,640,001EC4E5,0,1,1,4294967295,0,0
oMarioSpikeR,880,656,003C9229,0,1,1,4294967295,0,0
oMarioSpikeR,880,672,0020278D,0,1,1,4294967295,0,0
oMarioSpikeR,880,688,000391CA,0,1,1,4294967295,0,0
oRedDiamond,736,352,002FCD3E,0,1,1,4294967295,0,0
oBloodVirus,416,480,001A4181,0,1,1,4294967295,0,0
oInjectorVirus,672,608,001BF53D,0,1,1,4294967295,0,1
oInjectorVirus,672,800,000F2A0A,0,1,1,4294967295,0,1
oBloodVirus,1504,672,00279A1E,0,1,1,4294967295,0,0
oBloodVirus,1648,176,0033CF3A,0,1,1,4294967295,0,0
oPlayer1,48,768,0020F076,0,1,1,4294967295,0,0
oInvCollPH,0,688,002900F1,0,1,1,4294967295,0,0
oInvCollPH,16,688,0021CABD,0,1,1,4294967295,0,0
oInvCollPH,32,688,003F8724,0,1,1,4294967295,0,0
oInvCollPH,48,688,00119A64,0,1,1,4294967295,0,0
oInvCollPH,48,672,0005A8AB,0,1,1,4294967295,0,0
oInvCollPH,48,656,003DAD79,0,1,1,4294967295,0,0
oInvCollPH,48,640,003A9B73,0,1,1,4294967295,0,0
oInvCollPH,16,768,0033ED93,0,1,1,4294967295,0,0
oInvCollPH,32,768,001BA539,0,1,1,4294967295,0,0
oInvCollPH,48,768,003AC400,0,1,1,4294967295,0,0
oInvCollPH,64,768,00252460,0,1,1,4294967295,0,0
oInvCollPH,80,768,00102811,0,1,1,4294967295,0,0
oInvCollPH,96,768,00168DE8,0,1,1,4294967295,0,0
oInvCollPH,112,768,00220C58,0,1,1,4294967295,0,0
oInvCollPH,128,768,000C1889,0,1,1,4294967295,0,0
oInvCollPH,144,768,00163E0E,0,1,1,4294967295,0,0
oInvCollPH,160,768,003BACF9,0,1,1,4294967295,0,0
oInvCollPH,176,768,0018CEBE,0,1,1,4294967295,0,0
oInvCollPH,192,768,0023A41C,0,1,1,4294967295,0,0
oInvCollPH,208,768,0033FECA,0,1,1,4294967295,0,0
oInvCollPH,224,768,001BA3F0,0,1,1,4294967295,0,0
oInvCollPH,240,768,003F1F8C,0,1,1,4294967295,0,0
oInvCollPH,240,784,002F0231,0,1,1,4294967295,0,0
oInvCollPH,240,800,001C1FF9,0,1,1,4294967295,0,0
oInvCollPH,240,816,00193B9E,0,1,1,4294967295,0,0
oInvCollPH,272,832,002B1DC8,0,1,1,4294967295,0,0
oInvCollPH,288,832,002D2E99,0,1,1,4294967295,0,0
oInvCollPH,304,832,003CC17F,0,1,1,4294967295,0,0
oInvCollPH,320,832,000C9449,0,1,1,4294967295,0,0
oInvCollPH,336,832,0026A04A,0,1,1,4294967295,0,0
oInvCollPH,352,832,001A76EF,0,1,1,4294967295,0,0
oInvCollPH,368,832,003CEEA4,0,1,1,4294967295,0,0
oInvCollPH,384,832,000D75E0,0,1,1,4294967295,0,0
oInvCollPH,400,832,00081CA6,0,1,1,4294967295,0,0
oInvCollPH,416,832,00247F3E,0,1,1,4294967295,0,0
oInvCollPH,432,832,0017A3C9,0,1,1,4294967295,0,0
oInvCollPH,448,832,000647C7,0,1,1,4294967295,0,0
oInvCollPH,464,832,001FE9EA,0,1,1,4294967295,0,0
oInvCollPH,480,832,0034A2BE,0,1,1,4294967295,0,0
oInvCollPH,496,832,000E7C84,0,1,1,4294967295,0,0
oInvCollPH,512,832,0007B544,0,1,1,4294967295,0,0
oInvCollPH,528,832,0009321A,0,1,1,4294967295,0,0
oInvCollPH,544,832,001DC4FE,0,1,1,4294967295,0,0
oInvCollPH,560,832,002662A8,0,1,1,4294967295,0,0
oInvCollPH,576,832,002FEF41,0,1,1,4294967295,0,0
oInvCollPH,592,832,000B88B0,0,1,1,4294967295,0,0
oInvCollPH,608,832,00233AC6,0,1,1,4294967295,0,0
oInvCollPH,624,832,0017ABB0,0,1,1,4294967295,0,0
oInvCollPH,640,832,001F62EA,0,1,1,4294967295,0,0
oInvCollPH,656,832,0006B47E,0,1,1,4294967295,0,0
oInvCollPH,672,832,00075EB4,0,1,1,4294967295,0,0
oInvCollPH,688,832,0014A892,0,1,1,4294967295,0,0
oInvCollPH,464,704,0039E7E0,0,1,1,4294967295,0,0
oInvCollPH,480,704,00288E09,0,1,1,4294967295,0,0
oInvCollPH,496,704,000DC314,0,1,1,4294967295,0,0
oInvCollPH,512,704,003916EA,0,1,1,4294967295,0,0
oInvCollPH,528,704,00316C69,0,1,1,4294967295,0,0
oInvCollPH,544,704,0024F71F,0,1,1,4294967295,0,0
oInvCollPH,560,704,00079128,0,1,1,4294967295,0,0
oInvCollPH,448,720,0008BBA7,0,1,1,4294967295,0,0
oInvCollPH,448,736,002F17D2,0,1,1,4294967295,0,0
oInvCollPH,448,752,001A0C58,0,1,1,4294967295,0,0
oInvCollPH,464,752,00105ABE,0,1,1,4294967295,0,0
oInvCollPH,480,752,001938F4,0,1,1,4294967295,0,0
oInvCollPH,496,752,00064CD0,0,1,1,4294967295,0,0
oInvCollPH,512,752,002F3C00,0,1,1,4294967295,0,0
oInvCollPH,528,752,0037485D,0,1,1,4294967295,0,0
oInvCollPH,544,752,001BA8F0,0,1,1,4294967295,0,0
oInvCollPH,560,752,001CA336,0,1,1,4294967295,0,0
oInvCollPH,576,752,0033AC41,0,1,1,4294967295,0,0
oInvCollPH,592,752,0024D397,0,1,1,4294967295,0,0
oInvCollPH,608,752,0018990E,0,1,1,4294967295,0,0
oInvCollPH,624,752,00399B9A,0,1,1,4294967295,0,0
oInvCollPH,624,736,000FDCD7,0,1,1,4294967295,0,0
oInvCollPH,624,720,001D96AD,0,1,1,4294967295,0,0
oInvCollPH,624,704,0034325D,0,1,1,4294967295,0,0
oInvCollPH,592,640,00094809,0,1,1,4294967295,0,0
oInvCollPH,608,640,002C8CD6,0,1,1,4294967295,0,0
oInvCollPH,624,640,000D7A87,0,1,1,4294967295,0,0
oInvCollPH,640,640,0026DD92,0,1,1,4294967295,0,0
oInvCollPH,656,640,00279D28,0,1,1,4294967295,0,0
oInvCollPH,672,640,004027C3,0,1,1,4294967295,0,0
oInvCollPH,688,640,001E2D7F,0,1,1,4294967295,0,0
oInvCollPH,576,656,0027530E,0,1,1,4294967295,0,0
oInvCollPH,576,672,00176417,0,1,1,4294967295,0,0
oInvCollPH,576,688,0009A8FD,0,1,1,4294967295,0,0
oInvCollPH,640,688,0024DF46,0,1,1,4294967295,0,0
oInvCollPH,656,688,000D7F49,0,1,1,4294967295,0,0
oInvCollPH,672,688,00239A51,0,1,1,4294967295,0,0
oInvCollPH,688,688,0009CD4B,0,1,1,4294967295,0,0
oInvCollPH,704,688,0008A20D,0,1,1,4294967295,0,0
oInvCollPH,720,688,000CFDCE,0,1,1,4294967295,0,0
oInvCollPH,736,688,002A7007,0,1,1,4294967295,0,0
oInvCollPH,752,688,001B3480,0,1,1,4294967295,0,0
oInvCollPH,752,672,000F3F37,0,1,1,4294967295,0,0
oInvCollPH,752,656,002EFEA6,0,1,1,4294967295,0,0
oInvCollPH,752,640,002E50E3,0,1,1,4294967295,0,0
oInvCollPH,704,400,00212769,0,1,1,4294967295,0,0
oInvCollPH,704,416,000E5FAB,0,1,1,4294967295,0,0
oInvCollPH,704,432,00083ECD,0,1,1,4294967295,0,0
oInvCollPH,704,448,00110E42,0,1,1,4294967295,0,0
oInvCollPH,704,464,000CF0C2,0,1,1,4294967295,0,0
oInvCollPH,704,480,0012E576,0,1,1,4294967295,0,0
oInvCollPH,704,496,0037CE12,0,1,1,4294967295,0,0
oInvCollPH,704,512,003216AB,0,1,1,4294967295,0,0
oInvCollPH,704,528,000DB591,0,1,1,4294967295,0,0
oInvCollPH,704,544,001ACC97,0,1,1,4294967295,0,0
oInvCollPH,704,560,00034FDA,0,1,1,4294967295,0,0
oInvCollPH,704,576,0033ADBA,0,1,1,4294967295,0,0
oInvCollPH,704,592,0011E65C,0,1,1,4294967295,0,0
oInvCollPH,704,608,0005B3FA,0,1,1,4294967295,0,0
oInvCollPH,704,624,0002B958,0,1,1,4294967295,0,0
oInvCollPH,752,624,002BB980,0,1,1,4294967295,0,0
oInvCollPH,752,608,00106E2A,0,1,1,4294967295,0,0
oInvCollPH,752,592,00207645,0,1,1,4294967295,0,0
oInvCollPH,752,576,0004ABF0,0,1,1,4294967295,0,0
oInvCollPH,752,560,000391AF,0,1,1,4294967295,0,0
oInvCollPH,752,544,0029B177,0,1,1,4294967295,0,0
oInvCollPH,752,528,00029009,0,1,1,4294967295,0,0
oInvCollPH,752,512,002239DD,0,1,1,4294967295,0,0
oInvCollPH,752,496,003DFECB,0,1,1,4294967295,0,0
oInvCollPH,752,480,002A3557,0,1,1,4294967295,0,0
oInvCollPH,752,464,001DB48E,0,1,1,4294967295,0,0
oInvCollPH,752,448,0038AED4,0,1,1,4294967295,0,0
oInvCollPH,752,432,00228B21,0,1,1,4294967295,0,0
oInvCollPH,752,416,0035655C,0,1,1,4294967295,0,0
oInvCollPH,752,400,0031AC81,0,1,1,4294967295,0,0
oInvCollPH,752,384,0006BF78,0,1,1,4294967295,0,0
oInvCollPH,736,384,0015F65E,0,1,1,4294967295,0,0
oInvCollPH,720,384,003F8D15,0,1,1,4294967295,0,0
oInvCollPH,624,320,002E1CC1,0,1,1,4294967295,0,0
oInvCollPH,624,336,003DB105,0,1,1,4294967295,0,0
oInvCollPH,624,352,000443DC,0,1,1,4294967295,0,0
oInvCollPH,624,368,003522E7,0,1,1,4294967295,0,0
oInvCollPH,624,384,003220E9,0,1,1,4294967295,0,0
oInvCollPH,624,400,000FA0AA,0,1,1,4294967295,0,0
oInvCollPH,624,416,002DAFD2,0,1,1,4294967295,0,0
oInvCollPH,624,432,00051F95,0,1,1,4294967295,0,0
oInvCollPH,608,432,003B1CF0,0,1,1,4294967295,0,0
oInvCollPH,592,432,00235CFB,0,1,1,4294967295,0,0
oInvCollPH,576,432,0018B1BB,0,1,1,4294967295,0,0
oInvCollPH,528,384,003645FD,0,1,1,4294967295,0,0
oInvCollPH,544,384,0010C095,0,1,1,4294967295,0,0
oInvCollPH,560,384,001FE024,0,1,1,4294967295,0,0
oInvCollPH,576,368,0024DD98,0,1,1,4294967295,0,0
oInvCollPH,576,352,00185344,0,1,1,4294967295,0,0
oInvCollPH,576,336,0012902B,0,1,1,4294967295,0,0
oInvCollPH,704,784,00220B3C,0,1,1,4294967295,0,0
oInvCollPH,704,800,002EDC6E,0,1,1,4294967295,0,0
oInvCollPH,704,816,002D266C,0,1,1,4294967295,0,0
oInvCollPH,720,768,002D28E9,0,1,1,4294967295,0,0
oInvCollPH,736,768,0038488C,0,1,1,4294967295,0,0
oInvCollPH,752,768,00189BB3,0,1,1,4294967295,0,0
oInvCollPH,768,768,00269917,0,1,1,4294967295,0,0
oInvCollPH,784,768,0028FE58,0,1,1,4294967295,0,0
oInvCollPH,800,768,003746F2,0,1,1,4294967295,0,0
oInvCollPH,816,768,0021488C,0,1,1,4294967295,0,0
oInvCollPH,176,512,002860F5,0,1,1,4294967295,0,0
oInvCollPH,176,528,003E754C,0,1,1,4294967295,0,0
oInvCollPH,176,544,0014F3C8,0,1,1,4294967295,0,0
oInvCollPH,176,560,003B8DAB,0,1,1,4294967295,0,0
oInvCollPH,176,576,00233B82,0,1,1,4294967295,0,0
oInvCollPH,176,592,0017D98E,0,1,1,4294967295,0,0
oInvCollPH,176,608,001A1B69,0,1,1,4294967295,0,0
oInvCollPH,176,624,000ADB3C,0,1,1,4294967295,0,0
oInvCollPH,160,624,0005E292,0,1,1,4294967295,0,0
oInvCollPH,144,624,00177630,0,1,1,4294967295,0,0
oInvCollPH,128,624,0017615B,0,1,1,4294967295,0,0
oInvCollPH,112,624,000CFEF2,0,1,1,4294967295,0,0
oInvCollPH,96,624,00030842,0,1,1,4294967295,0,0
oInvCollPH,80,624,001664BB,0,1,1,4294967295,0,0
oInvCollPH,64,624,0001F7F5,0,1,1,4294967295,0,0
oInvCollPH,848,704,00079A40,0,1,1,4294967295,0,0
oInvCollPH,864,704,000A8F8A,0,1,1,4294967295,0,0
oInvCollPH,880,704,003439A9,0,1,1,4294967295,0,0
oInvCollPH,832,720,00129AF8,0,1,1,4294967295,0,0
oInvCollPH,832,736,003596AD,0,1,1,4294967295,0,0
oInvCollPH,832,752,001E8CFD,0,1,1,4294967295,0,0
oInvCollPH,576,272,0035347F,0,1,1,4294967295,0,0
oInvCollPH,576,288,0009BF41,0,1,1,4294967295,0,0
oInvCollPH,576,304,002EDC02,0,1,1,4294967295,0,0
oInvCollPH,640,304,00226053,0,1,1,4294967295,0,0
oInvCollPH,656,304,000C5E05,0,1,1,4294967295,0,0
oInvCollPH,672,304,00029D98,0,1,1,4294967295,0,0
oInvCollPH,688,304,001AF949,0,1,1,4294967295,0,0
oInvCollPH,704,304,003BF205,0,1,1,4294967295,0,0
oInvCollPH,720,304,001FB114,0,1,1,4294967295,0,0
oInvCollPH,736,304,000303A1,0,1,1,4294967295,0,0
oInvCollPH,752,304,000435EC,0,1,1,4294967295,0,0
oInvCollPH,768,304,000AA3C1,0,1,1,4294967295,0,0
oInvCollPH,784,304,002A5187,0,1,1,4294967295,0,0
oInvCollPH,800,304,00028B09,0,1,1,4294967295,0,0
oInvCollPH,816,304,00233909,0,1,1,4294967295,0,0
oInvCollPH,832,304,001C01E0,0,1,1,4294967295,0,0
oInvCollPH,848,304,0021B639,0,1,1,4294967295,0,0
oInvCollPH,864,304,0038715A,0,1,1,4294967295,0,0
oInvCollPH,880,304,0004F7C9,0,1,1,4294967295,0,0
oInvCollPH,176,496,002B9D17,0,1,1,4294967295,0,0
oInvCollPH,176,480,00222091,0,1,1,4294967295,0,0
oInvCollPH,176,464,001846F7,0,1,1,4294967295,0,0
oInvCollPH,176,448,0023459E,0,1,1,4294967295,0,0
oInvCollPH,176,432,001A550C,0,1,1,4294967295,0,0
oInvCollPH,176,416,00179F55,0,1,1,4294967295,0,0
oInvCollPH,176,400,0013BAA3,0,1,1,4294967295,0,0
oInvCollPH,176,384,00013519,0,1,1,4294967295,0,0
oInvCollPH,240,320,0025E1F8,0,1,1,4294967295,0,0
oInvCollPH,224,320,001C18E0,0,1,1,4294967295,0,0
oInvCollPH,208,320,00263720,0,1,1,4294967295,0,0
oInvCollPH,176,320,003C9436,0,1,1,4294967295,0,0
oInvCollPH,48,192,00250D4A,0,1,1,4294967295,0,0
oInvCollPH,48,208,003B1355,0,1,1,4294967295,0,0
oInvCollPH,48,224,000FEB29,0,1,1,4294967295,0,0
oInvCollPH,48,240,003EF226,0,1,1,4294967295,0,0
oInvCollPH,48,256,0018BE06,0,1,1,4294967295,0,0
oInvCollPH,48,272,003B8A14,0,1,1,4294967295,0,0
oInvCollPH,48,288,0014A52F,0,1,1,4294967295,0,0
oInvCollPH,48,304,0026CB05,0,1,1,4294967295,0,0
oInvCollPH,512,400,0008BB73,0,1,1,4294967295,0,0
oInvCollPH,512,416,00242995,0,1,1,4294967295,0,0
oInvCollPH,512,432,00252958,0,1,1,4294967295,0,0
oInvCollPH,528,432,00268CC2,0,1,1,4294967295,0,0
oInvCollPH,544,432,00167344,0,1,1,4294967295,0,0
oInvCollPH,560,432,000AA01E,0,1,1,4294967295,0,0
oInvCollPH,80,320,00090322,0,1,1,4294967295,0,0
oInvCollPH,96,320,00205647,0,1,1,4294967295,0,0
oInvCollPH,112,320,00055F35,0,1,1,4294967295,0,0
oInvCollPH,128,320,002C504B,0,1,1,4294967295,0,0
oInvCollPH,144,320,00366925,0,1,1,4294967295,0,0
oInvCollPH,160,320,0025447B,0,1,1,4294967295,0,0
oInvCollPH,64,176,0031D347,0,1,1,4294967295,0,0
oInvCollPH,80,176,002618C5,0,1,1,4294967295,0,0
oInvCollPH,96,176,0007807C,0,1,1,4294967295,0,0
oInvCollPH,112,176,0015560A,0,1,1,4294967295,0,0
oInvCollPH,112,160,002CFBBE,0,1,1,4294967295,0,0
oInvCollPH,112,144,00357160,0,1,1,4294967295,0,0
oInvCollPH,112,128,001792BA,0,1,1,4294967295,0,0
oInvCollPH,128,112,0030ECB0,0,1,1,4294967295,0,0
oInvCollPH,144,112,000EB0DC,0,1,1,4294967295,0,0
oInvCollPH,160,112,003510DE,0,1,1,4294967295,0,0
oInvCollPH,176,112,00117EA0,0,1,1,4294967295,0,0
oInvCollPH,192,112,0013344E,0,1,1,4294967295,0,0
oInvCollPH,208,112,0020567D,0,1,1,4294967295,0,0
oInvCollPH,224,112,000B177B,0,1,1,4294967295,0,0
oInvCollPH,240,112,0031B68D,0,1,1,4294967295,0,0
oInvCollPH,256,112,00325394,0,1,1,4294967295,0,0
oInvCollPH,272,112,000CD539,0,1,1,4294967295,0,0
oInvCollPH,288,112,0005AF3B,0,1,1,4294967295,0,0
oInvCollPH,304,112,00272DF0,0,1,1,4294967295,0,0
oInvCollPH,304,96,0006C9DE,0,1,1,4294967295,0,0
oInvCollPH,304,80,0034676F,0,1,1,4294967295,0,0
oInvCollPH,304,64,0028F847,0,1,1,4294967295,0,0
oInvCollPH,592,256,00008BD1,0,1,1,4294967295,0,0
oInvCollPH,240,336,00380000,0,1,1,4294967295,0,0
oInvCollPH,240,352,003FBC6F,0,1,1,4294967295,0,0
oInvCollPH,240,368,002F55BC,0,1,1,4294967295,0,0
oInvCollPH,224,368,003E4F3A,0,1,1,4294967295,0,0
oInvCollPH,208,368,003973EE,0,1,1,4294967295,0,0
oInvCollPH,192,368,00296F78,0,1,1,4294967295,0,0
oInvCollPH,256,240,003CA1E5,0,1,1,4294967295,0,0
oInvCollPH,272,240,003AF721,0,1,1,4294967295,0,0
oInvCollPH,288,240,000EEB94,0,1,1,4294967295,0,0
oInvCollPH,304,240,001ED7AE,0,1,1,4294967295,0,0
oInvCollPH,272,224,00263009,0,1,1,4294967295,0,0
oInvCollPH,288,224,00153017,0,1,1,4294967295,0,0
oInvCollPH,304,224,000056F4,0,1,1,4294967295,0,0
oInvCollPH,320,208,0020B0C5,0,1,1,4294967295,0,0
oInvCollPH,320,240,0024F219,0,1,1,4294967295,0,0
oInvCollPH,336,240,0022112D,0,1,1,4294967295,0,0
oInvCollPH,352,240,00036F6E,0,1,1,4294967295,0,0
oInvCollPH,368,240,0032B317,0,1,1,4294967295,0,0
oInvCollPH,368,224,000D88B5,0,1,1,4294967295,0,0
oInvCollPH,368,208,0004C3D3,0,1,1,4294967295,0,0
oInvCollPH,368,192,00238285,0,1,1,4294967295,0,0
oInvCollPH,352,192,003C2391,0,1,1,4294967295,0,0
oInvCollPH,336,192,000086BF,0,1,1,4294967295,0,0
oInvCollPH,320,48,001993C4,0,1,1,4294967295,0,0
oInvCollPH,336,48,003C8C04,0,1,1,4294967295,0,0
oInvCollPH,352,48,000CDC55,0,1,1,4294967295,0,0
oInvCollPH,368,48,000F1A81,0,1,1,4294967295,0,0
oInvCollPH,384,48,0029C793,0,1,1,4294967295,0,0
oInvCollPH,400,48,0031EA05,0,1,1,4294967295,0,0
oInvCollPH,416,48,000A60BB,0,1,1,4294967295,0,0
oInvCollPH,432,48,0038A04B,0,1,1,4294967295,0,0
oInvCollPH,448,48,00171151,0,1,1,4294967295,0,0
oInvCollPH,464,48,0015452C,0,1,1,4294967295,0,0
oInvCollPH,480,48,0013A0B4,0,1,1,4294967295,0,0
oInvCollPH,496,48,0000B2BD,0,1,1,4294967295,0,0
oInvCollPH,608,256,00110253,0,1,1,4294967295,0,0
oInvCollPH,624,256,000DB5EC,0,1,1,4294967295,0,0
oInvCollPH,640,256,0036C196,0,1,1,4294967295,0,0
oInvCollPH,656,256,000FDF2E,0,1,1,4294967295,0,0
oInvCollPH,672,256,00079855,0,1,1,4294967295,0,0
oInvCollPH,688,256,0028187E,0,1,1,4294967295,0,0
oInvCollPH,704,256,00201F1C,0,1,1,4294967295,0,0
oInvCollPH,720,256,00381F23,0,1,1,4294967295,0,0
oInvCollPH,736,256,000EB5CC,0,1,1,4294967295,0,0
oInvCollPH,752,256,0013AC36,0,1,1,4294967295,0,0
oInvCollPH,512,48,002D2C6E,0,1,1,4294967295,0,0
oInvCollPH,528,48,002587B2,0,1,1,4294967295,0,0
oInvCollPH,544,48,003CDD27,0,1,1,4294967295,0,0
oInvCollPH,560,48,00099B87,0,1,1,4294967295,0,0
oInvCollPH,576,64,00167B60,0,1,1,4294967295,0,0
oInvCollPH,576,80,00326106,0,1,1,4294967295,0,0
oInvCollPH,576,96,003685BB,0,1,1,4294967295,0,0
oInvCollPH,576,112,002371F1,0,1,1,4294967295,0,0
oInvCollPH,592,128,003121E6,0,1,1,4294967295,0,0
oInvCollPH,608,112,0021B66D,0,1,1,4294967295,0,0
oInvCollPH,624,112,0006F48E,0,1,1,4294967295,0,0
oInvCollPH,640,112,002E6D2C,0,1,1,4294967295,0,0
oInvCollPH,656,112,001ACDF8,0,1,1,4294967295,0,0
oInvCollPH,672,112,00001C0B,0,1,1,4294967295,0,0
oInvCollPH,688,112,002B3FA9,0,1,1,4294967295,0,0
oInvCollPH,704,112,003EF49D,0,1,1,4294967295,0,0
oInvCollPH,720,112,00257A32,0,1,1,4294967295,0,0
oInvCollPH,736,112,00325A2F,0,1,1,4294967295,0,0
oInvCollPH,752,112,00059AA7,0,1,1,4294967295,0,0
oInvCollPH,768,256,00150EDD,0,1,1,4294967295,0,0
oInvCollPH,784,256,001BBCC2,0,1,1,4294967295,0,0
oInvCollPH,800,256,0005D5E1,0,1,1,4294967295,0,0
oInvCollPH,816,256,0038111D,0,1,1,4294967295,0,0
oInvCollPH,832,256,0011EFA9,0,1,1,4294967295,0,0
oInvCollPH,848,256,00208E59,0,1,1,4294967295,0,0
oInvCollPH,864,256,0015C353,0,1,1,4294967295,0,0
oInvCollPH,880,256,00376F6C,0,1,1,4294967295,0,0
oInvCollPH,1344,144,003FD4F5,0,1,1,4294967295,0,0
oInvCollPH,1344,160,003B8A3E,0,1,1,4294967295,0,0
oInvCollPH,1344,176,00371DB0,0,1,1,4294967295,0,0
oInvCollPH,1344,192,001A69C3,0,1,1,4294967295,0,0
oInvCollPH,1344,208,00320F6D,0,1,1,4294967295,0,0
oInvCollPH,1344,224,001BDD88,0,1,1,4294967295,0,0
oInvCollPH,1344,240,000643B5,0,1,1,4294967295,0,0
oInvCollPH,1344,256,000C115C,0,1,1,4294967295,0,0
oInvCollPH,1344,272,0035A6F8,0,1,1,4294967295,0,0
oInvCollPH,1344,288,0000C4B9,0,1,1,4294967295,0,0
oInvCollPH,1344,304,002C2BB5,0,1,1,4294967295,0,0
oInvCollPH,1344,320,0028C35D,0,1,1,4294967295,0,0
oInvCollPH,1344,336,002733A8,0,1,1,4294967295,0,0
oInvCollPH,1344,352,00381064,0,1,1,4294967295,0,0
oInvCollPH,1344,368,001FC28D,0,1,1,4294967295,0,0
oInvCollPH,1344,384,0029B8A8,0,1,1,4294967295,0,0
oInvCollPH,1344,400,00275CF6,0,1,1,4294967295,0,0
oInvCollPH,1344,416,003A5897,0,1,1,4294967295,0,0
oInvCollPH,1344,432,002DA19E,0,1,1,4294967295,0,0
oInvCollPH,1344,624,00109BEA,0,1,1,4294967295,0,0
oInvCollPH,1344,608,001F36AE,0,1,1,4294967295,0,0
oInvCollPH,1344,592,00120A19,0,1,1,4294967295,0,0
oInvCollPH,1344,576,003EEF52,0,1,1,4294967295,0,0
oInvCollPH,1344,560,001EAA2D,0,1,1,4294967295,0,0
oInvCollPH,1344,544,000C8F87,0,1,1,4294967295,0,0
oInvCollPH,1344,528,000B5E95,0,1,1,4294967295,0,0
oInvCollPH,1344,512,00216057,0,1,1,4294967295,0,0
oInvCollPH,1344,496,0005B810,0,1,1,4294967295,0,0
oInvCollPH,1344,480,003950FA,0,1,1,4294967295,0,0
oInvCollPH,1344,464,000FDC32,0,1,1,4294967295,0,0
oInvCollPH,1344,448,0035D8CD,0,1,1,4294967295,0,0
oInvCollPH,1360,624,002A5A21,0,1,1,4294967295,0,0
oInvCollPH,1376,624,00128902,0,1,1,4294967295,0,0
oInvCollPH,1392,624,0010D7DB,0,1,1,4294967295,0,0
oInvCollPH,1408,624,00238C10,0,1,1,4294967295,0,0
oInvCollPH,1424,624,00352AD4,0,1,1,4294967295,0,0
oInvCollPH,1440,624,0004D86D,0,1,1,4294967295,0,0
oInvCollPH,1456,624,003771C3,0,1,1,4294967295,0,0
oInvCollPH,1456,608,00245254,0,1,1,4294967295,0,0
oInvCollPH,1456,592,00165B09,0,1,1,4294967295,0,0
oInvCollPH,1456,576,0002F8EA,0,1,1,4294967295,0,0
oInvCollPH,1456,560,0038ACB1,0,1,1,4294967295,0,0
oInvCollPH,1456,544,0007C1A0,0,1,1,4294967295,0,0
oInvCollPH,1456,528,0026D5F8,0,1,1,4294967295,0,0
oInvCollPH,1456,512,00276C53,0,1,1,4294967295,0,0
oInvCollPH,1456,496,00273EFA,0,1,1,4294967295,0,0
oInvCollPH,1456,480,0024BE2C,0,1,1,4294967295,0,0
oInvCollPH,1456,464,0025AFDA,0,1,1,4294967295,0,0
oInvCollPH,1456,448,0028ABC4,0,1,1,4294967295,0,0
oInvCollPH,1456,432,00273459,0,1,1,4294967295,0,0
oInvCollPH,1456,416,00380AA1,0,1,1,4294967295,0,0
oInvCollPH,1456,400,00244C42,0,1,1,4294967295,0,0
oInvCollPH,1456,384,002DAF9D,0,1,1,4294967295,0,0
oInvCollPH,1456,368,003BBCF1,0,1,1,4294967295,0,0
oInvCollPH,1456,352,000720AA,0,1,1,4294967295,0,0
oInvCollPH,1456,336,003CBAFF,0,1,1,4294967295,0,0
oInvCollPH,1456,320,001A927D,0,1,1,4294967295,0,0
oInvCollPH,1456,304,00363163,0,1,1,4294967295,0,0
oInvCollPH,1456,288,00288368,0,1,1,4294967295,0,0
oInvCollPH,1456,272,00025737,0,1,1,4294967295,0,0
oInvCollPH,1456,256,00034C34,0,1,1,4294967295,0,0
oInvCollPH,1456,240,001DAD53,0,1,1,4294967295,0,0
oInvCollPH,1456,224,0021687C,0,1,1,4294967295,0,0
oInvCollPH,1456,208,002E7478,0,1,1,4294967295,0,0
oInvCollPH,1456,192,003DD0F9,0,1,1,4294967295,0,0
oInvCollPH,1456,176,00354D61,0,1,1,4294967295,0,0
oInvCollPH,1456,160,0010E2B2,0,1,1,4294967295,0,0
oInvCollPH,1456,144,001D8274,0,1,1,4294967295,0,0
oInvCollPH,1456,128,00177712,0,1,1,4294967295,0,0
oInvCollPH,896,320,00318FD8,0,1,1,4294967295,0,0
oInvCollPH,896,336,002DC846,0,1,1,4294967295,0,0
oInvCollPH,896,352,003862EB,0,1,1,4294967295,0,0
oInvCollPH,896,368,0030D682,0,1,1,4294967295,0,0
oInvCollPH,896,384,0021CF54,0,1,1,4294967295,0,0
oInvCollPH,896,400,002CD344,0,1,1,4294967295,0,0
oInvCollPH,896,416,0017FD0F,0,1,1,4294967295,0,0
oInvCollPH,896,432,002C0265,0,1,1,4294967295,0,0
oInvCollPH,896,448,0015C9E3,0,1,1,4294967295,0,0
oInvCollPH,896,464,0021B6C2,0,1,1,4294967295,0,0
oInvCollPH,896,480,001AC7D3,0,1,1,4294967295,0,0
oInvCollPH,896,496,003B62FA,0,1,1,4294967295,0,0
oInvCollPH,896,512,00040113,0,1,1,4294967295,0,0
oInvCollPH,896,528,00376B5B,0,1,1,4294967295,0,0
oInvCollPH,896,544,0008AC15,0,1,1,4294967295,0,0
oInvCollPH,896,560,0032B7FE,0,1,1,4294967295,0,0
oInvCollPH,896,576,00183722,0,1,1,4294967295,0,0
oInvCollPH,896,592,001EBBFA,0,1,1,4294967295,0,0
oInvCollPH,896,608,003B78D6,0,1,1,4294967295,0,0
oInvCollPH,896,624,0010AC82,0,1,1,4294967295,0,0
oInvCollPH,896,640,00059CB5,0,1,1,4294967295,0,0
oInvCollPH,896,656,000D49DA,0,1,1,4294967295,0,0
oInvCollPH,896,672,000340B1,0,1,1,4294967295,0,0
oInvCollPH,896,688,0009BFCE,0,1,1,4294967295,0,0
oInvCollPH,912,256,003DC9B8,0,1,1,4294967295,0,0
oInvCollPH,928,256,0010A571,0,1,1,4294967295,0,0
oInvCollPH,944,256,001F52F3,0,1,1,4294967295,0,0
oInvCollPH,960,256,001FB905,0,1,1,4294967295,0,0
oInvCollPH,976,256,0007EEFE,0,1,1,4294967295,0,0
oInvCollPH,992,256,00395266,0,1,1,4294967295,0,0
oInvCollPH,1008,256,000CC369,0,1,1,4294967295,0,0
oInvCollPH,1024,256,000A9BF1,0,1,1,4294967295,0,0
oInvCollPH,1040,256,003CA177,0,1,1,4294967295,0,0
oInvCollPH,1056,256,002EEE1E,0,1,1,4294967295,0,0
oInvCollPH,1072,256,000ECE37,0,1,1,4294967295,0,0
oInvCollPH,1088,256,000F900A,0,1,1,4294967295,0,0
oInvCollPH,1104,256,0020AEC2,0,1,1,4294967295,0,0
oInvCollPH,1120,256,0019B6CF,0,1,1,4294967295,0,0
oInvCollPH,1136,256,00217F11,0,1,1,4294967295,0,0
oInvCollPH,1152,256,00009E93,0,1,1,4294967295,0,0
oInvCollPH,1168,256,003D7ABB,0,1,1,4294967295,0,0
oInvCollPH,1184,256,0039F55A,0,1,1,4294967295,0,0
oInvCollPH,1200,256,00187E9E,0,1,1,4294967295,0,0
oInvCollPH,1200,272,00375B02,0,1,1,4294967295,0,0
oInvCollPH,1200,288,0031CC20,0,1,1,4294967295,0,0
oInvCollPH,1200,304,00027EF6,0,1,1,4294967295,0,0
oInvCollPH,1200,496,0034739C,0,1,1,4294967295,0,0
oInvCollPH,1200,480,0023A897,0,1,1,4294967295,0,0
oInvCollPH,1200,464,00279AA2,0,1,1,4294967295,0,0
oInvCollPH,1200,448,0021BFCE,0,1,1,4294967295,0,0
oInvCollPH,1200,432,000998D0,0,1,1,4294967295,0,0
oInvCollPH,1200,416,0011282C,0,1,1,4294967295,0,0
oInvCollPH,1200,400,0004E126,0,1,1,4294967295,0,0
oInvCollPH,1200,384,002B457B,0,1,1,4294967295,0,0
oInvCollPH,1200,368,00010595,0,1,1,4294967295,0,0
oInvCollPH,1200,352,0039FCD2,0,1,1,4294967295,0,0
oInvCollPH,1200,336,00315F9D,0,1,1,4294967295,0,0
oInvCollPH,1200,320,003FAEE2,0,1,1,4294967295,0,0
oInvCollPH,1200,512,001A2C35,0,1,1,4294967295,0,0
oInvCollPH,1200,528,001D5C71,0,1,1,4294967295,0,0
oInvCollPH,1200,544,0002CEC8,0,1,1,4294967295,0,0
oInvCollPH,1200,560,001BE144,0,1,1,4294967295,0,0
oInvCollPH,1200,576,002E0BE9,0,1,1,4294967295,0,0
oInvCollPH,1200,592,00144FF8,0,1,1,4294967295,0,0
oInvCollPH,1200,608,0007BDFE,0,1,1,4294967295,0,0
oInvCollPH,1200,624,0032C761,0,1,1,4294967295,0,0
oInvCollPH,1200,640,002D664C,0,1,1,4294967295,0,0
oInvCollPH,1200,656,0002C11B,0,1,1,4294967295,0,0
oInvCollPH,1200,672,0013C4D9,0,1,1,4294967295,0,0
oInvCollPH,1200,688,00350264,0,1,1,4294967295,0,0
oInvCollPH,1200,704,00034063,0,1,1,4294967295,0,0
oInvCollPH,1200,720,00043B28,0,1,1,4294967295,0,0
oInvCollPH,1200,736,00013151,0,1,1,4294967295,0,0
oInvCollPH,1200,752,00327D62,0,1,1,4294967295,0,0
oInvCollPH,1200,768,00109FB9,0,1,1,4294967295,0,0
oInvCollPH,1200,784,0027427D,0,1,1,4294967295,0,0
oInvCollPH,1200,800,001DAEC1,0,1,1,4294967295,0,0
oInvCollPH,1200,816,0007D3B6,0,1,1,4294967295,0,0
oInvCollPH,1344,784,001B9564,0,1,1,4294967295,0,0
oInvCollPH,1344,800,000AADB5,0,1,1,4294967295,0,0
oInvCollPH,1344,816,0027001C,0,1,1,4294967295,0,0
oInvCollPH,1360,768,00350CD0,0,1,1,4294967295,0,0
oInvCollPH,1376,768,0039EFCF,0,1,1,4294967295,0,0
oInvCollPH,1392,768,0036E207,0,1,1,4294967295,0,0
oInvCollPH,1408,768,0000AF2F,0,1,1,4294967295,0,0
oInvCollPH,1424,768,002BA676,0,1,1,4294967295,0,0
oInvCollPH,1440,768,0010559D,0,1,1,4294967295,0,0
oInvCollPH,1456,768,0026C2CA,0,1,1,4294967295,0,0
oInvCollPH,1456,784,0020C559,0,1,1,4294967295,0,0
oInvCollPH,1456,800,0004EE89,0,1,1,4294967295,0,0
oInvCollPH,1456,816,0034735B,0,1,1,4294967295,0,0
oInvCollPH,1232,832,000D2DEA,0,1,1,4294967295,0,0
oInvCollPH,1248,832,003A9E61,0,1,1,4294967295,0,0
oInvCollPH,1264,832,003C20E2,0,1,1,4294967295,0,0
oInvCollPH,1280,832,000DCE9A,0,1,1,4294967295,0,0
oInvCollPH,1296,832,003CE068,0,1,1,4294967295,0,0
oInvCollPH,1312,832,000A7EEC,0,1,1,4294967295,0,0
oInvCollPH,1328,832,002A6CAE,0,1,1,4294967295,0,0
oInvCollPH,1472,832,002B6FC9,0,1,1,4294967295,0,0
oInvCollPH,1488,832,003C3C82,0,1,1,4294967295,0,0
oInvCollPH,1504,832,000100F6,0,1,1,4294967295,0,0
oInvCollPH,1520,832,0034154F,0,1,1,4294967295,0,0
oInvCollPH,1536,832,0030D4C0,0,1,1,4294967295,0,0
oInvCollPH,1552,832,001E15FF,0,1,1,4294967295,0,0
oInvCollPH,1568,832,001E1AC3,0,1,1,4294967295,0,0
oInvCollPH,1584,832,00115645,0,1,1,4294967295,0,0
oInvCollPH,1616,256,00044689,0,1,1,4294967295,0,0
oInvCollPH,1632,256,000CF4DE,0,1,1,4294967295,0,0
oInvCollPH,1648,256,003B5506,0,1,1,4294967295,0,0
oInvCollPH,1664,256,00002DBE,0,1,1,4294967295,0,0
oInvCollPH,1680,256,0035BA12,0,1,1,4294967295,0,0
oInvCollPH,1696,256,003679D7,0,1,1,4294967295,0,0
oInvCollPH,1712,256,00310DDC,0,1,1,4294967295,0,0
oInvCollPH,1728,256,00004AC8,0,1,1,4294967295,0,0
oInvCollPH,1744,256,002A530B,0,1,1,4294967295,0,0
oInvCollPH,1760,256,000457EA,0,1,1,4294967295,0,0
oInvCollPH,1776,256,0025DF0C,0,1,1,4294967295,0,0
oInvCollPH,1792,256,002DF0A6,0,1,1,4294967295,0,0
oInvCollPH,1808,256,0037EA5A,0,1,1,4294967295,0,0
oInvCollPH,1824,256,000EEB46,0,1,1,4294967295,0,0
oInvCollPH,1840,256,003E29F2,0,1,1,4294967295,0,0
oInvCollPH,1856,256,001E7054,0,1,1,4294967295,0,0
oInvCollPH,1872,256,001E7C70,0,1,1,4294967295,0,0
oInvCollPH,1888,256,00281FA6,0,1,1,4294967295,0,0
oInvCollPH,1904,256,0018190F,0,1,1,4294967295,0,0
oInvCollPH,1920,256,002F13E3,0,1,1,4294967295,0,0
oInvCollPH,1936,256,00326D8C,0,1,1,4294967295,0,0
oInvCollPH,1952,256,003602CA,0,1,1,4294967295,0,0
oInvCollPH,1968,256,002D456A,0,1,1,4294967295,0,0
oInvCollPH,1984,256,00100561,0,1,1,4294967295,0,0
oInvCollPH,2000,256,0035E428,0,1,1,4294967295,0,0
oInvCollPH,2016,256,0003BF04,0,1,1,4294967295,0,0
oInvCollPH,2032,256,0022BFD4,0,1,1,4294967295,0,0
oInvCollPH,1600,272,000B528C,0,1,1,4294967295,0,0
oInvCollPH,1600,288,00118A00,0,1,1,4294967295,0,0
oInvCollPH,1600,304,00265954,0,1,1,4294967295,0,0
oInvCollPH,1600,320,003966AF,0,1,1,4294967295,0,0
oInvCollPH,1600,336,00198D50,0,1,1,4294967295,0,0
oInvCollPH,1600,352,001D2005,0,1,1,4294967295,0,0
oInvCollPH,1600,368,002FFE9E,0,1,1,4294967295,0,0
oInvCollPH,1600,384,002ED8BA,0,1,1,4294967295,0,0
oInvCollPH,1600,400,003A117E,0,1,1,4294967295,0,0
oInvCollPH,1600,416,0007619A,0,1,1,4294967295,0,0
oInvCollPH,1600,432,001D8259,0,1,1,4294967295,0,0
oInvCollPH,1600,448,0035AA1C,0,1,1,4294967295,0,0
oInvCollPH,1600,464,003D8984,0,1,1,4294967295,0,0
oInvCollPH,1600,480,00380B44,0,1,1,4294967295,0,0
oInvCollPH,1600,496,003545F2,0,1,1,4294967295,0,0
oInvCollPH,1600,512,000F9818,0,1,1,4294967295,0,0
oInvCollPH,1600,528,0003E62E,0,1,1,4294967295,0,0
oInvCollPH,1600,544,003D2906,0,1,1,4294967295,0,0
oInvCollPH,1600,560,001B5CF5,0,1,1,4294967295,0,0
oInvCollPH,1600,576,00195703,0,1,1,4294967295,0,0
oInvCollPH,1600,592,0034973C,0,1,1,4294967295,0,0
oInvCollPH,1600,608,0033E912,0,1,1,4294967295,0,0
oInvCollPH,1600,624,000ADB64,0,1,1,4294967295,0,0
oInvCollPH,1600,640,00283042,0,1,1,4294967295,0,0
oInvCollPH,1600,656,001313B9,0,1,1,4294967295,0,0
oInvCollPH,1600,672,0024410A,0,1,1,4294967295,0,0
oInvCollPH,1600,688,001FB252,0,1,1,4294967295,0,0
oInvCollPH,1600,704,00258E83,0,1,1,4294967295,0,0
oInvCollPH,1600,720,003B4427,0,1,1,4294967295,0,0
oInvCollPH,1600,736,00229597,0,1,1,4294967295,0,0
oInvCollPH,1600,752,00060B90,0,1,1,4294967295,0,0
oInvCollPH,1600,768,002CF0FA,0,1,1,4294967295,0,0
oInvCollPH,1600,784,00150D9C,0,1,1,4294967295,0,0
oInvCollPH,1600,800,0007E0C5,0,1,1,4294967295,0,0
oInvCollPH,1600,816,0033F2A2,0,1,1,4294967295,0,0
oInvCollPH,1728,112,0010C833,0,1,1,4294967295,0,0
oInvCollPH,1088,112,00110A72,0,1,1,4294967295,0,0
oInvCollPH,768,112,0013953C,0,1,1,4294967295,0,0
oInvCollPH,784,112,001DB32A,0,1,1,4294967295,0,0
oInvCollPH,800,112,00273567,0,1,1,4294967295,0,0
oInvCollPH,816,112,000E0779,0,1,1,4294967295,0,0
oInvCollPH,832,112,000B06BE,0,1,1,4294967295,0,0
oInvCollPH,848,112,0025F128,0,1,1,4294967295,0,0
oInvCollPH,864,112,002A74C4,0,1,1,4294967295,0,0
oInvCollPH,880,112,003C3DD5,0,1,1,4294967295,0,0
oInvCollPH,896,112,003090D3,0,1,1,4294967295,0,0
oInvCollPH,912,112,001C5619,0,1,1,4294967295,0,0
oInvCollPH,928,112,002F3529,0,1,1,4294967295,0,0
oInvCollPH,944,112,00126559,0,1,1,4294967295,0,0
oInvCollPH,960,112,001D4E4D,0,1,1,4294967295,0,0
oInvCollPH,976,112,00246218,0,1,1,4294967295,0,0
oInvCollPH,992,112,002DA7B7,0,1,1,4294967295,0,0
oInvCollPH,1008,112,00054602,0,1,1,4294967295,0,0
oInvCollPH,1024,112,00348F86,0,1,1,4294967295,0,0
oInvCollPH,1040,112,000ACA2F,0,1,1,4294967295,0,0
oInvCollPH,1056,112,002F55C7,0,1,1,4294967295,0,0
oInvCollPH,1072,112,0033E41F,0,1,1,4294967295,0,0
oInvCollPH,1104,112,001035F6,0,1,1,4294967295,0,0
oInvCollPH,1120,112,003B9328,0,1,1,4294967295,0,0
oInvCollPH,1136,112,00328C8C,0,1,1,4294967295,0,0
oInvCollPH,1152,112,003D0E11,0,1,1,4294967295,0,0
oInvCollPH,1168,112,0020B5FA,0,1,1,4294967295,0,0
oInvCollPH,1184,112,001587B9,0,1,1,4294967295,0,0
oInvCollPH,1200,112,001EA7F3,0,1,1,4294967295,0,0
oInvCollPH,1216,112,00325B1C,0,1,1,4294967295,0,0
oInvCollPH,1232,112,000F74D7,0,1,1,4294967295,0,0
oInvCollPH,1248,112,0006EC22,0,1,1,4294967295,0,0
oInvCollPH,1264,112,00195C6A,0,1,1,4294967295,0,0
oInvCollPH,1280,112,000277DC,0,1,1,4294967295,0,0
oInvCollPH,1296,112,0035D1E4,0,1,1,4294967295,0,0
oInvCollPH,1312,112,0028F2D4,0,1,1,4294967295,0,0
oInvCollPH,1328,112,001CEF42,0,1,1,4294967295,0,0
oInvCollPH,1472,112,0031BE6A,0,1,1,4294967295,0,0
oInvCollPH,1488,112,00388B6C,0,1,1,4294967295,0,0
oInvCollPH,1504,112,003D68FF,0,1,1,4294967295,0,0
oInvCollPH,1520,112,003A297A,0,1,1,4294967295,0,0
oInvCollPH,1536,112,000BCCA2,0,1,1,4294967295,0,0
oInvCollPH,1552,112,000CEFF3,0,1,1,4294967295,0,0
oInvCollPH,1568,112,001FD1ED,0,1,1,4294967295,0,0
oInvCollPH,1584,112,002AD03D,0,1,1,4294967295,0,0
oInvCollPH,1600,144,002A9585,0,1,1,4294967295,0,0
oInvCollPH,1616,144,003F7FBA,0,1,1,4294967295,0,0
oInvCollPH,1632,144,003ED6B2,0,1,1,4294967295,0,0
oInvCollPH,1648,144,0033D0FC,0,1,1,4294967295,0,0
oInvCollPH,1664,112,002867BA,0,1,1,4294967295,0,0
oInvCollPH,1680,112,0023E4DF,0,1,1,4294967295,0,0
oInvCollPH,1696,112,0028DD76,0,1,1,4294967295,0,0
oInvCollPH,1712,112,0007A46E,0,1,1,4294967295,0,0
oInvCollPH,1744,112,0002CF27,0,1,1,4294967295,0,0
oInvCollPH,1760,112,00264F51,0,1,1,4294967295,0,0
oInvCollPH,1776,112,000A874C,0,1,1,4294967295,0,0
oInvCollPH,1792,112,000726D7,0,1,1,4294967295,0,0
oInvCollPH,1808,112,00017779,0,1,1,4294967295,0,0
oInvCollPH,1824,112,00376ABB,0,1,1,4294967295,0,0
oInvCollPH,1840,112,00316078,0,1,1,4294967295,0,0
oInvCollPH,1856,112,0026F464,0,1,1,4294967295,0,0
oInvCollPH,1872,112,0018AC13,0,1,1,4294967295,0,0
oInvCollPH,1888,112,002DFF50,0,1,1,4294967295,0,0
oInvCollPH,1904,112,0015CC93,0,1,1,4294967295,0,0
oInvCollPH,1920,112,001270ED,0,1,1,4294967295,0,0
oInvCollPH,1936,112,001D53E2,0,1,1,4294967295,0,0
oInvCollPH,1952,112,0006F89C,0,1,1,4294967295,0,0
oInvCollPH,1968,112,003A743B,0,1,1,4294967295,0,0
oInvCollPH,1984,112,001B8650,0,1,1,4294967295,0,0
oInvCollPH,2000,112,003AF3FF,0,1,1,4294967295,0,0
oInvCollPH,2016,112,002D3095,0,1,1,4294967295,0,0
oInvCollPH,2032,112,003B8211,0,1,1,4294967295,0,0
oInvCollPH,1648,128,002C7A24,0,1,1,4294967295,0,0
oInvCollPH,592,144,003DF3FE,0,1,1,4294967295,0,0
oInvCollPH,592,160,002B45EC,0,1,1,4294967295,0,0
oInvCollPH,592,176,003CB1F7,0,1,1,4294967295,0,0
oInvCollPH,576,176,0002820E,0,1,1,4294967295,0,0
oInvCollPH,576,160,0003B9F7,0,1,1,4294967295,0,0
oInvCollPH,576,144,00174CAE,0,1,1,4294967295,0,0
oInvisibleSolid,0,768,0026FF57,0,1,1,4294967295,0,1
oInvisibleSolid,256,832,000354F3,0,1,1,4294967295,0,1
oInvisibleSolid,448,704,002EA23B,0,1,1,4294967295,0,1
oInvisibleSolid,64,320,000E2548,0,1,1,4294967295,0,1
oInvisibleSolid,576,640,00009E43,0,1,1,4294967295,0,1
oInvisibleSolid,704,384,000DCB9B,0,1,1,4294967295,0,1
oInvisibleSolid,576,320,0009636C,0,1,1,4294967295,0,1
oInvisibleSolid,576,256,002C2F6A,0,1,1,4294967295,0,1
oInvisibleSolid,704,768,0034F2B7,0,1,1,4294967295,0,1
oInvisibleSolid,832,704,003CFD50,0,1,1,4294967295,0,1
oInvisibleSolid,512,384,00214478,0,1,1,4294967295,0,1
oInvisibleSolid,0,192,003D7C06,0,1,1,4294967295,0,1
oInvisibleSolid,0,128,0031BBDF,0,1,1,4294967295,0,1
oInvisibleSolid,0,0,001CF01D,0,1,1,4294967295,0,1
oInvisibleSolid,320,192,001B9126,0,1,1,4294967295,0,1
oInvisibleSolid,256,224,0031A97F,0,1,1,4294967295,0,1
oInvisibleSolid,192,320,0015BB5D,0,1,1,4294967295,0,1
oInvisibleSolid,320,0,00282555,0,1,1,4294967295,0,1
oInvisibleSolid,576,0,002EAD9D,0,1,1,4294967295,0,1
oEmSmokeA,472,808,002D21EF,0,1,1,4294967295,0,1
oEmSmokeA,536,808,0031FEFE,0,1,1,4294967295,0,1
oEmSmokeA,600,808,002B006D,0,1,1,4294967295,0,1
oInvisibleSolid,1344,768,0026FD5D,0,1,1,4294967295,0,1
oInvisibleSolid,1216,832,0022A3D7,0,1,1,4294967295,0,1
oInvisibleSolid,1600,256,0036DC61,0,1,1,4294967295,0,1
oInvisibleSolid,1344,128,000622B9,0,1,1,4294967295,0,1
oInvisibleSolid,896,256,003B5F36,0,1,1,4294967295,0,1
oInvisibleSolid,1600,128,00317634,0,1,1,4294967295,0,1
oEmSmokeA,204,736,000FAAEA,0,1,1,4294967295,0,1
oEmSmokeA,608,600,003C6372,0,1,1,4294967295,0,1
oEmSmokeA,660,800,00115E63,0,1,1,4294967295,0,1
oEmSmokeA,664,724,002D1823,0,1,1,4294967295,0,1
oEmSmokeA,532,488,00254EB4,0,1,1,4294967295,0,1
oEmSmokeA,668,168,0000736C,0,1,1,4294967295,0,1
oEmSmokeA,684,152,002A4301,0,1,1,4294967295,0,1
oEmSmokeA,700,152,0021BD68,0,1,1,4294967295,0,1
oEmSmokeA,716,144,001542D2,0,1,1,4294967295,0,1
oDiamondDoor,576,192,003B0094,0,1,1,4294967295,0,1
oInvisibleSolid,576,128,003DE92F,0,1,1,4294967295,0,1
