tileHighlands,400,384,160,80,32,32,0,1,1,4294967295
tileHighlands,400,416,160,80,32,32,0,1,1,4294967295
tileHighlands,400,448,160,80,32,32,0,1,1,4294967295
tileHighlands,432,384,160,80,32,32,0,1,1,4294967295
tileHighlands,432,416,160,80,32,32,0,1,1,4294967295
tileHighlands,432,448,160,80,32,32,0,1,1,4294967295
tileHighlands,464,384,160,80,32,32,0,1,1,4294967295
tileHighlands,464,416,160,80,32,32,0,1,1,4294967295
tileHighlands,464,448,160,80,32,32,0,1,1,4294967295
tileHighlands,496,352,160,80,32,32,0,1,1,4294967295
tileHighlands,496,384,160,80,32,32,0,1,1,4294967295
tileHighlands,496,416,160,80,32,32,0,1,1,4294967295
tileHighlands,496,448,160,80,32,32,0,1,1,4294967295
tileHighlands,528,352,160,80,32,32,0,1,1,4294967295
tileHighlands,528,384,160,80,32,32,0,1,1,4294967295
tileHighlands,528,416,160,80,32,32,0,1,1,4294967295
tileHighlands,528,448,160,80,32,32,0,1,1,4294967295
tileHighlands,560,352,160,80,32,32,0,1,1,4294967295
tileHighlands,560,384,160,80,32,32,0,1,1,4294967295
tileHighlands,560,416,160,80,32,32,0,1,1,4294967295
tileHighlands,560,448,160,80,32,32,0,1,1,4294967295
tileHighlands,592,320,160,80,32,32,0,1,1,4294967295
tileHighlands,592,352,160,80,32,32,0,1,1,4294967295
tileHighlands,592,384,160,80,32,32,0,1,1,4294967295
tileHighlands,592,416,160,80,32,32,0,1,1,4294967295
tileHighlands,592,448,160,80,32,32,0,1,1,4294967295
tileHighlands,640,288,160,80,32,32,0,1,1,4294967295
tileHighlands,672,288,160,80,32,32,0,1,1,4294967295
tileHighlands,624,320,160,80,32,32,0,1,1,4294967295
tileHighlands,624,352,160,80,32,32,0,1,1,4294967295
tileHighlands,624,384,160,80,32,32,0,1,1,4294967295
tileHighlands,624,416,160,80,32,32,0,1,1,4294967295
tileHighlands,624,448,160,80,32,32,0,1,1,4294967295
tileHighlands,656,320,160,80,32,32,0,1,1,4294967295
tileHighlands,656,352,160,80,32,32,0,1,1,4294967295
tileHighlands,656,384,160,80,32,32,0,1,1,4294967295
tileHighlands,688,320,160,80,32,32,0,1,1,4294967295
tileHighlands,720,320,160,80,32,32,0,1,1,4294967295
tileHighlands,752,320,160,80,32,32,0,1,1,4294967295
tileHighlands,784,320,160,80,32,32,0,1,1,4294967295
tileHighlands,816,320,160,80,32,32,0,1,1,4294967295
tileHighlands,848,320,160,80,32,32,0,1,1,4294967295
tileHighlands,880,320,160,80,32,32,0,1,1,4294967295
tileHighlands,912,320,160,80,32,32,0,1,1,4294967295
tileHighlands,944,320,160,80,32,32,0,1,1,4294967295
tileHighlands,976,320,160,80,32,32,0,1,1,4294967295
tileHighlands,1008,320,160,80,32,32,0,1,1,4294967295
tileHighlands,1040,320,160,80,32,32,0,1,1,4294967295
tileHighlands,1072,320,160,80,32,32,0,1,1,4294967295
tileHighlands,688,352,160,80,32,32,0,1,1,4294967295
tileHighlands,720,352,160,80,32,32,0,1,1,4294967295
tileHighlands,752,352,160,80,32,32,0,1,1,4294967295
tileHighlands,784,352,160,80,32,32,0,1,1,4294967295
tileHighlands,816,352,160,80,32,32,0,1,1,4294967295
tileHighlands,848,352,160,80,32,32,0,1,1,4294967295
tileHighlands,880,352,160,80,32,32,0,1,1,4294967295
tileHighlands,912,352,160,80,32,32,0,1,1,4294967295
tileHighlands,944,352,160,80,32,32,0,1,1,4294967295
tileHighlands,976,352,160,80,32,32,0,1,1,4294967295
tileHighlands,1008,352,160,80,32,32,0,1,1,4294967295
tileHighlands,1040,352,160,80,32,32,0,1,1,4294967295
tileHighlands,1072,352,160,80,32,32,0,1,1,4294967295
tileHighlands,688,384,160,80,32,32,0,1,1,4294967295
tileHighlands,720,384,160,80,32,32,0,1,1,4294967295
tileHighlands,752,384,160,80,32,32,0,1,1,4294967295
tileHighlands,784,384,160,80,32,32,0,1,1,4294967295
tileHighlands,816,384,160,80,32,32,0,1,1,4294967295
tileHighlands,848,384,160,80,32,32,0,1,1,4294967295
tileHighlands,880,384,160,80,32,32,0,1,1,4294967295
tileHighlands,912,384,160,80,32,32,0,1,1,4294967295
tileHighlands,944,384,160,80,32,32,0,1,1,4294967295
tileHighlands,976,384,160,80,32,32,0,1,1,4294967295
tileHighlands,1008,384,160,80,32,32,0,1,1,4294967295
tileHighlands,1040,384,160,80,32,32,0,1,1,4294967295
tileHighlands,1072,384,160,80,32,32,0,1,1,4294967295
tileHighlands,704,416,160,80,32,32,0,1,1,4294967295
tileHighlands,736,416,160,80,32,32,0,1,1,4294967295
tileHighlands,768,416,160,80,32,32,0,1,1,4294967295
tileHighlands,800,416,160,80,32,32,0,1,1,4294967295
tileHighlands,832,416,160,80,32,32,0,1,1,4294967295
tileHighlands,864,416,160,80,32,32,0,1,1,4294967295
tileHighlands,896,416,160,80,32,32,0,1,1,4294967295
tileHighlands,928,416,160,80,32,32,0,1,1,4294967295
tileHighlands,960,416,160,80,32,32,0,1,1,4294967295
tileHighlands,992,416,160,80,32,32,0,1,1,4294967295
tileHighlands,1024,416,160,80,32,32,0,1,1,4294967295
tileHighlands,1056,416,160,80,32,32,0,1,1,4294967295
tileHighlands,704,448,160,80,32,32,0,1,1,4294967295
tileHighlands,736,448,160,80,32,32,0,1,1,4294967295
tileHighlands,768,448,160,80,32,32,0,1,1,4294967295
tileHighlands,800,448,160,80,32,32,0,1,1,4294967295
tileHighlands,832,448,160,80,32,32,0,1,1,4294967295
tileHighlands,864,448,160,80,32,32,0,1,1,4294967295
tileHighlands,896,448,160,80,32,32,0,1,1,4294967295
tileHighlands,928,448,160,80,32,32,0,1,1,4294967295
tileHighlands,960,448,160,80,32,32,0,1,1,4294967295
tileHighlands,992,448,160,80,32,32,0,1,1,4294967295
tileHighlands,1024,448,160,80,32,32,0,1,1,4294967295
tileHighlands,1056,448,160,80,32,32,0,1,1,4294967295
tileHighlands,1104,320,160,80,32,32,0,1,1,4294967295
tileHighlands,1104,352,160,80,32,32,0,1,1,4294967295
tileHighlands,1104,384,160,80,32,32,0,1,1,4294967295
tileHighlands,1136,320,160,80,32,32,0,1,1,4294967295
tileHighlands,1136,352,160,80,32,32,0,1,1,4294967295
tileHighlands,1136,384,160,80,32,32,0,1,1,4294967295
tileHighlands,1088,416,160,80,32,32,0,1,1,4294967295
tileHighlands,1120,416,160,80,32,32,0,1,1,4294967295
tileHighlands,1152,416,160,80,32,32,0,1,1,4294967295
tileHighlands,1088,448,160,80,32,32,0,1,1,4294967295
tileHighlands,1120,448,160,80,32,32,0,1,1,4294967295
tileHighlands,1152,448,160,80,32,32,0,1,1,4294967295
tileHighlands,1184,448,160,80,32,32,0,1,1,4294967295
tileHighlands,1216,448,160,80,32,32,0,1,1,4294967295
tileHighlands,1248,448,160,80,32,32,0,1,1,4294967295
tileHighlands,1280,448,160,80,32,32,0,1,1,4294967295
tileHighlands,1312,448,160,80,32,32,0,1,1,4294967295
tileHighlands,1344,448,160,80,32,32,0,1,1,4294967295
tileHighlands,1360,320,160,80,32,32,0,1,1,4294967295
tileHighlands,1360,352,160,80,32,32,0,1,1,4294967295
tileHighlands,1360,384,160,80,32,32,0,1,1,4294967295
tileHighlands,1360,416,160,80,32,32,0,1,1,4294967295
tileHighlands,1392,320,160,80,32,32,0,1,1,4294967295
tileHighlands,1424,320,160,80,32,32,0,1,1,4294967295
tileHighlands,1456,320,160,80,32,32,0,1,1,4294967295
tileHighlands,1488,320,160,80,32,32,0,1,1,4294967295
tileHighlands,1520,320,160,80,32,32,0,1,1,4294967295
tileHighlands,1392,352,160,80,32,32,0,1,1,4294967295
tileHighlands,1424,352,160,80,32,32,0,1,1,4294967295
tileHighlands,1456,352,160,80,32,32,0,1,1,4294967295
tileHighlands,1488,352,160,80,32,32,0,1,1,4294967295
tileHighlands,1520,352,160,80,32,32,0,1,1,4294967295
tileHighlands,1392,384,160,80,32,32,0,1,1,4294967295
tileHighlands,1424,384,160,80,32,32,0,1,1,4294967295
tileHighlands,1456,384,160,80,32,32,0,1,1,4294967295
tileHighlands,1488,384,160,80,32,32,0,1,1,4294967295
tileHighlands,1520,384,160,80,32,32,0,1,1,4294967295
tileHighlands,1552,384,160,80,32,32,0,1,1,4294967295
tileHighlands,1584,384,160,80,32,32,0,1,1,4294967295
tileHighlands,1616,384,160,80,32,32,0,1,1,4294967295
tileHighlands,1392,416,160,80,32,32,0,1,1,4294967295
tileHighlands,1424,416,160,80,32,32,0,1,1,4294967295
tileHighlands,1456,416,160,80,32,32,0,1,1,4294967295
tileHighlands,1488,416,160,80,32,32,0,1,1,4294967295
tileHighlands,1520,416,160,80,32,32,0,1,1,4294967295
tileHighlands,1552,416,160,80,32,32,0,1,1,4294967295
tileHighlands,1584,416,160,80,32,32,0,1,1,4294967295
tileHighlands,1616,416,160,80,32,32,0,1,1,4294967295
tileHighlands,1376,448,160,80,32,32,0,1,1,4294967295
tileHighlands,1408,448,160,80,32,32,0,1,1,4294967295
tileHighlands,1440,448,160,80,32,32,0,1,1,4294967295
tileHighlands,1472,448,160,80,32,32,0,1,1,4294967295
tileHighlands,1504,448,160,80,32,32,0,1,1,4294967295
tileHighlands,1536,448,160,80,32,32,0,1,1,4294967295
tileHighlands,1568,448,160,80,32,32,0,1,1,4294967295
tileHighlands,1600,448,160,80,32,32,0,1,1,4294967295
tileHighlands,1632,448,160,80,16,32,0,1,1,4294967295
tileHighlands,1648,320,160,80,32,32,0,1,1,4294967295
tileHighlands,1648,352,160,80,32,32,0,1,1,4294967295
tileHighlands,1648,384,160,80,32,32,0,1,1,4294967295
tileHighlands,1648,416,160,80,32,32,0,1,1,4294967295
tileHighlands,1648,448,160,80,32,32,0,1,1,4294967295
tileHighlands,1648,480,160,80,32,32,0,1,1,4294967295
tileHighlands,1680,320,160,80,32,32,0,1,1,4294967295
tileHighlands,1680,352,160,80,32,32,0,1,1,4294967295
tileHighlands,1680,384,160,80,32,32,0,1,1,4294967295
tileHighlands,1680,416,160,80,32,32,0,1,1,4294967295
tileHighlands,1680,448,160,80,32,32,0,1,1,4294967295
tileHighlands,1680,480,160,80,32,32,0,1,1,4294967295
tileHighlands,1712,480,160,80,32,32,0,1,1,4294967295
tileHighlands,1744,480,160,80,32,32,0,1,1,4294967295
tileHighlands,1776,480,160,80,32,32,0,1,1,4294967295
tileHighlands,1808,480,160,80,32,32,0,1,1,4294967295
tileHighlands,1840,480,160,80,32,32,0,1,1,4294967295
tileHighlands,1872,480,160,80,32,32,0,1,1,4294967295
tileHighlands,1904,480,160,80,32,32,0,1,1,4294967295
tileHighlands,1936,480,160,80,32,32,0,1,1,4294967295
tileHighlands,1968,480,160,80,32,32,0,1,1,4294967295
tileHighlands,2000,480,160,80,32,32,0,1,1,4294967295
tileHighlands,2032,480,160,80,32,32,0,1,1,4294967295
tileHighlands,1712,320,160,80,32,32,0,1,1,4294967295
tileHighlands,1744,320,160,80,32,32,0,1,1,4294967295
tileHighlands,1776,320,160,80,32,32,0,1,1,4294967295
tileHighlands,1808,320,160,80,32,32,0,1,1,4294967295
tileHighlands,1840,320,160,80,32,32,0,1,1,4294967295
tileHighlands,1872,320,160,80,32,32,0,1,1,4294967295
tileHighlands,1904,320,160,80,32,32,0,1,1,4294967295
tileHighlands,1936,320,160,80,32,32,0,1,1,4294967295
tileHighlands,1968,320,160,80,32,32,0,1,1,4294967295
tileHighlands,2000,320,160,80,32,32,0,1,1,4294967295
tileHighlands,2032,320,160,80,32,32,0,1,1,4294967295
tileHighlands,1712,352,160,80,32,32,0,1,1,4294967295
tileHighlands,1744,352,160,80,32,32,0,1,1,4294967295
tileHighlands,1776,352,160,80,32,32,0,1,1,4294967295
tileHighlands,1808,352,160,80,32,32,0,1,1,4294967295
tileHighlands,1840,352,160,80,32,32,0,1,1,4294967295
tileHighlands,1872,352,160,80,32,32,0,1,1,4294967295
tileHighlands,1904,352,160,80,32,32,0,1,1,4294967295
tileHighlands,1936,352,160,80,32,32,0,1,1,4294967295
tileHighlands,1968,352,160,80,32,32,0,1,1,4294967295
tileHighlands,2000,352,160,80,32,32,0,1,1,4294967295
tileHighlands,2032,352,160,80,32,32,0,1,1,4294967295
tileHighlands,1712,384,160,80,32,32,0,1,1,4294967295
tileHighlands,1744,384,160,80,32,32,0,1,1,4294967295
tileHighlands,1776,384,160,80,32,32,0,1,1,4294967295
tileHighlands,1808,384,160,80,32,32,0,1,1,4294967295
tileHighlands,1840,384,160,80,32,32,0,1,1,4294967295
tileHighlands,1872,384,160,80,32,32,0,1,1,4294967295
tileHighlands,1904,384,160,80,32,32,0,1,1,4294967295
tileHighlands,1936,384,160,80,32,32,0,1,1,4294967295
tileHighlands,1968,384,160,80,32,32,0,1,1,4294967295
tileHighlands,2000,384,160,80,32,32,0,1,1,4294967295
tileHighlands,1712,416,160,80,32,32,0,1,1,4294967295
tileHighlands,1744,416,160,80,32,32,0,1,1,4294967295
tileHighlands,1776,416,160,80,32,32,0,1,1,4294967295
tileHighlands,1808,416,160,80,32,32,0,1,1,4294967295
tileHighlands,1840,416,160,80,32,32,0,1,1,4294967295
tileHighlands,1872,416,160,80,32,32,0,1,1,4294967295
tileHighlands,1904,416,160,80,32,32,0,1,1,4294967295
tileHighlands,1936,416,160,80,32,32,0,1,1,4294967295
tileHighlands,1968,416,160,80,32,32,0,1,1,4294967295
tileHighlands,2000,416,160,80,32,32,0,1,1,4294967295
tileHighlands,1712,448,160,80,32,32,0,1,1,4294967295
tileHighlands,1744,448,160,80,32,32,0,1,1,4294967295
tileHighlands,1776,448,160,80,32,32,0,1,1,4294967295
tileHighlands,1808,448,160,80,32,32,0,1,1,4294967295
tileHighlands,1840,448,160,80,32,32,0,1,1,4294967295
tileHighlands,1872,448,160,80,32,32,0,1,1,4294967295
tileHighlands,1904,448,160,80,32,32,0,1,1,4294967295
tileHighlands,1936,448,160,80,32,32,0,1,1,4294967295
tileHighlands,1968,448,160,80,32,32,0,1,1,4294967295
tileHighlands,2000,448,160,80,32,32,0,1,1,4294967295
tileHighlands,2032,384,160,80,32,32,0,1,1,4294967295
tileHighlands,2032,416,160,80,32,32,0,1,1,4294967295
tileHighlands,2032,448,160,80,32,32,0,1,1,4294967295
tileHighlands,2208,288,160,80,32,32,0,1,1,4294967295
tileHighlands,2240,288,160,80,32,32,0,1,1,4294967295
tileHighlands,2064,320,160,80,32,32,0,1,1,4294967295
tileHighlands,2096,320,160,80,32,32,0,1,1,4294967295
tileHighlands,2128,320,160,80,32,32,0,1,1,4294967295
tileHighlands,2160,320,160,80,32,32,0,1,1,4294967295
tileHighlands,2192,320,160,80,32,32,0,1,1,4294967295
tileHighlands,2224,320,160,80,32,32,0,1,1,4294967295
tileHighlands,2256,320,160,80,32,32,0,1,1,4294967295
tileHighlands,2288,320,160,80,32,32,0,1,1,4294967295
tileHighlands,2320,320,160,80,32,32,0,1,1,4294967295
tileHighlands,2352,320,160,80,32,32,0,1,1,4294967295
tileHighlands,2384,320,160,80,32,32,0,1,1,4294967295
tileHighlands,2416,320,160,80,32,32,0,1,1,4294967295
tileHighlands,2448,320,160,80,32,32,0,1,1,4294967295
tileHighlands,2480,320,160,80,32,32,0,1,1,4294967295
tileHighlands,2512,320,160,80,32,32,0,1,1,4294967295
tileHighlands,2544,320,160,80,32,32,0,1,1,4294967295
tileHighlands,2576,320,160,80,32,32,0,1,1,4294967295
tileHighlands,2608,320,160,80,32,32,0,1,1,4294967295
tileHighlands,2640,320,160,80,32,32,0,1,1,4294967295
tileHighlands,2672,320,160,80,32,32,0,1,1,4294967295
tileHighlands,2704,320,160,80,32,32,0,1,1,4294967295
tileHighlands,2736,320,160,80,32,32,0,1,1,4294967295
tileHighlands,2768,320,160,80,32,32,0,1,1,4294967295
tileHighlands,2800,320,160,80,32,32,0,1,1,4294967295
tileHighlands,2832,320,160,80,32,32,0,1,1,4294967295
tileHighlands,2864,320,160,80,32,32,0,1,1,4294967295
tileHighlands,2896,320,160,80,32,32,0,1,1,4294967295
tileHighlands,2928,320,160,80,32,32,0,1,1,4294967295
tileHighlands,2960,320,160,80,32,32,0,1,1,4294967295
tileHighlands,2992,320,160,80,32,32,0,1,1,4294967295
tileHighlands,3024,320,160,80,32,32,0,1,1,4294967295
tileHighlands,2064,352,160,80,32,32,0,1,1,4294967295
tileHighlands,2064,384,160,80,32,32,0,1,1,4294967295
tileHighlands,2064,416,160,80,32,32,0,1,1,4294967295
tileHighlands,2064,448,160,80,32,32,0,1,1,4294967295
tileHighlands,2064,480,160,80,32,32,0,1,1,4294967295
tileHighlands,2096,352,160,80,32,32,0,1,1,4294967295
tileHighlands,2096,384,160,80,32,32,0,1,1,4294967295
tileHighlands,2096,416,160,80,32,32,0,1,1,4294967295
tileHighlands,2096,448,160,80,32,32,0,1,1,4294967295
tileHighlands,2096,480,160,80,32,32,0,1,1,4294967295
tileHighlands,2128,352,160,80,32,32,0,1,1,4294967295
tileHighlands,2128,384,160,80,32,32,0,1,1,4294967295
tileHighlands,2128,416,160,80,32,32,0,1,1,4294967295
tileHighlands,2128,448,160,80,32,32,0,1,1,4294967295
tileHighlands,2128,480,160,80,32,32,0,1,1,4294967295
tileHighlands,2160,352,160,80,32,32,0,1,1,4294967295
tileHighlands,2160,384,160,80,32,32,0,1,1,4294967295
tileHighlands,2160,416,160,80,32,32,0,1,1,4294967295
tileHighlands,2160,448,160,80,32,32,0,1,1,4294967295
tileHighlands,2160,480,160,80,32,32,0,1,1,4294967295
tileHighlands,2192,352,160,80,32,32,0,1,1,4294967295
tileHighlands,2192,384,160,80,32,32,0,1,1,4294967295
tileHighlands,2192,416,160,80,32,32,0,1,1,4294967295
tileHighlands,2192,448,160,80,32,32,0,1,1,4294967295
tileHighlands,2224,352,160,80,32,32,0,1,1,4294967295
tileHighlands,2224,384,160,80,32,32,0,1,1,4294967295
tileHighlands,2224,416,160,80,32,32,0,1,1,4294967295
tileHighlands,2256,352,160,80,32,32,0,1,1,4294967295
tileHighlands,2288,352,160,80,32,32,0,1,1,4294967295
tileHighlands,2320,352,160,80,32,32,0,1,1,4294967295
tileHighlands,2352,352,160,80,32,32,0,1,1,4294967295
tileHighlands,2384,352,160,80,32,32,0,1,1,4294967295
tileHighlands,2416,352,160,80,32,32,0,1,1,4294967295
tileHighlands,2448,352,160,80,32,32,0,1,1,4294967295
tileHighlands,2480,352,160,80,32,32,0,1,1,4294967295
tileHighlands,2512,352,160,80,32,32,0,1,1,4294967295
tileHighlands,2544,352,160,80,32,32,0,1,1,4294967295
tileHighlands,2576,352,160,80,32,32,0,1,1,4294967295
tileHighlands,2608,352,160,80,32,32,0,1,1,4294967295
tileHighlands,2640,352,160,80,32,32,0,1,1,4294967295
tileHighlands,2672,352,160,80,32,32,0,1,1,4294967295
tileHighlands,2704,352,160,80,32,32,0,1,1,4294967295
tileHighlands,2736,352,160,80,32,32,0,1,1,4294967295
tileHighlands,2768,352,160,80,32,32,0,1,1,4294967295
tileHighlands,2800,352,160,80,32,32,0,1,1,4294967295
tileHighlands,2832,352,160,80,32,32,0,1,1,4294967295
tileHighlands,2864,352,160,80,32,32,0,1,1,4294967295
tileHighlands,2896,352,160,80,32,32,0,1,1,4294967295
tileHighlands,2928,352,160,80,32,32,0,1,1,4294967295
tileHighlands,2960,352,160,80,32,32,0,1,1,4294967295
tileHighlands,2992,352,160,80,32,32,0,1,1,4294967295
tileHighlands,3024,352,160,80,32,32,0,1,1,4294967295
tileHighlands,3024,384,160,80,32,32,0,1,1,4294967295
tileHighlands,2256,384,160,80,32,32,0,1,1,4294967295
tileHighlands,2256,416,160,80,32,32,0,1,1,4294967295
tileHighlands,2256,448,160,80,32,32,0,1,1,4294967295
tileHighlands,2272,480,160,80,32,32,0,1,1,4294967295
tileHighlands,2304,480,160,80,32,32,0,1,1,4294967295
tileHighlands,2336,480,160,80,32,32,0,1,1,4294967295
tileHighlands,2288,384,160,80,32,32,0,1,1,4294967295
tileHighlands,2320,384,160,80,32,32,0,1,1,4294967295
tileHighlands,2352,384,160,80,32,32,0,1,1,4294967295
tileHighlands,2384,384,160,80,32,32,0,1,1,4294967295
tileHighlands,2416,384,160,80,32,32,0,1,1,4294967295
tileHighlands,2448,384,160,80,32,32,0,1,1,4294967295
tileHighlands,2480,384,160,80,32,32,0,1,1,4294967295
tileHighlands,2512,384,160,80,32,32,0,1,1,4294967295
tileHighlands,2544,384,160,80,32,32,0,1,1,4294967295
tileHighlands,2576,384,160,80,32,32,0,1,1,4294967295
tileHighlands,2608,384,160,80,32,32,0,1,1,4294967295
tileHighlands,2640,384,160,80,32,32,0,1,1,4294967295
tileHighlands,2672,384,160,80,32,32,0,1,1,4294967295
tileHighlands,2704,384,160,80,32,32,0,1,1,4294967295
tileHighlands,2736,384,160,80,32,32,0,1,1,4294967295
tileHighlands,2768,384,160,80,32,32,0,1,1,4294967295
tileHighlands,2800,384,160,80,32,32,0,1,1,4294967295
tileHighlands,2832,384,160,80,32,32,0,1,1,4294967295
tileHighlands,2864,384,160,80,32,32,0,1,1,4294967295
tileHighlands,2896,384,160,80,32,32,0,1,1,4294967295
tileHighlands,2928,384,160,80,32,32,0,1,1,4294967295
tileHighlands,2960,384,160,80,32,32,0,1,1,4294967295
tileHighlands,2992,384,160,80,32,32,0,1,1,4294967295
tileHighlands,2288,416,160,80,32,32,0,1,1,4294967295
tileHighlands,2288,448,160,80,32,32,0,1,1,4294967295
tileHighlands,2320,416,160,80,32,32,0,1,1,4294967295
tileHighlands,2320,448,160,80,32,32,0,1,1,4294967295
tileHighlands,2352,416,160,80,32,32,0,1,1,4294967295
tileHighlands,2352,448,160,80,32,32,0,1,1,4294967295
tileHighlands,2384,416,160,80,32,32,0,1,1,4294967295
tileHighlands,2384,448,160,80,32,32,0,1,1,4294967295
tileHighlands,2416,416,160,80,32,32,0,1,1,4294967295
tileHighlands,2416,448,160,80,32,32,0,1,1,4294967295
tileHighlands,2416,480,160,80,32,32,0,1,1,4294967295
tileHighlands,2448,416,160,80,32,32,0,1,1,4294967295
tileHighlands,2448,448,160,80,32,32,0,1,1,4294967295
tileHighlands,2448,480,160,80,32,32,0,1,1,4294967295
tileHighlands,2480,416,160,80,32,32,0,1,1,4294967295
tileHighlands,2512,416,160,80,32,32,0,1,1,4294967295
tileHighlands,2544,416,160,80,32,32,0,1,1,4294967295
tileHighlands,2576,416,160,80,32,32,0,1,1,4294967295
tileHighlands,2608,416,160,80,32,32,0,1,1,4294967295
tileHighlands,2640,416,160,80,32,32,0,1,1,4294967295
tileHighlands,2672,416,160,80,32,32,0,1,1,4294967295
tileHighlands,2704,416,160,80,32,32,0,1,1,4294967295
tileHighlands,2736,416,160,80,32,32,0,1,1,4294967295
tileHighlands,2768,416,160,80,32,32,0,1,1,4294967295
tileHighlands,2800,416,160,80,32,32,0,1,1,4294967295
tileHighlands,2832,416,160,80,32,32,0,1,1,4294967295
tileHighlands,2864,416,160,80,32,32,0,1,1,4294967295
tileHighlands,2896,416,160,80,32,32,0,1,1,4294967295
tileHighlands,2928,416,160,80,32,32,0,1,1,4294967295
tileHighlands,2960,416,160,80,32,32,0,1,1,4294967295
tileHighlands,2480,448,160,80,32,32,0,1,1,4294967295
tileHighlands,2512,448,160,80,32,32,0,1,1,4294967295
tileHighlands,2544,448,160,80,32,32,0,1,1,4294967295
tileHighlands,2576,448,160,80,32,32,0,1,1,4294967295
tileHighlands,2608,448,160,80,32,32,0,1,1,4294967295
tileHighlands,2640,448,160,80,32,32,0,1,1,4294967295
tileHighlands,2672,448,160,80,32,32,0,1,1,4294967295
tileHighlands,2704,448,160,80,32,32,0,1,1,4294967295
tileHighlands,2736,448,160,80,32,32,0,1,1,4294967295
tileHighlands,2768,448,160,80,32,32,0,1,1,4294967295
tileHighlands,2800,448,160,80,32,32,0,1,1,4294967295
tileHighlands,2832,448,160,80,32,32,0,1,1,4294967295
tileHighlands,2864,448,160,80,32,32,0,1,1,4294967295
tileHighlands,2896,448,160,80,32,32,0,1,1,4294967295
tileHighlands,2928,448,160,80,32,32,0,1,1,4294967295
tileHighlands,2480,480,160,80,32,32,0,1,1,4294967295
tileHighlands,2512,480,160,80,32,32,0,1,1,4294967295
tileHighlands,2544,480,160,80,32,32,0,1,1,4294967295
tileHighlands,2576,480,160,80,32,32,0,1,1,4294967295
tileHighlands,2608,480,160,80,32,32,0,1,1,4294967295
tileHighlands,2640,480,160,80,32,32,0,1,1,4294967295
tileHighlands,2672,480,160,80,32,32,0,1,1,4294967295
tileHighlands,2704,480,160,80,32,32,0,1,1,4294967295
tileHighlands,2736,480,160,80,32,32,0,1,1,4294967295
tileHighlands,2768,480,160,80,32,32,0,1,1,4294967295
tileHighlands,2800,480,160,80,32,32,0,1,1,4294967295
tileHighlands,2832,480,160,80,32,32,0,1,1,4294967295
tileHighlands,2864,480,160,80,32,32,0,1,1,4294967295
tileHighlands,3168,288,64,32,32,32,0,1,1,4294967295
tileHighlands,3200,288,64,32,32,32,0,1,1,4294967295
tileHighlands,3232,288,64,32,32,32,0,1,1,4294967295
tileHighlands,3264,288,64,32,32,32,0,1,1,4294967295
tileHighlands,3296,288,64,32,32,32,0,1,1,4294967295
tileHighlands,3328,288,64,32,32,32,0,1,1,4294967295
tileHighlands,3360,288,64,32,32,32,0,1,1,4294967295
tileHighlands,3392,288,64,32,32,32,0,1,1,4294967295
tileHighlands,3424,288,64,32,32,32,0,1,1,4294967295
tileHighlands,3456,288,64,32,32,32,0,1,1,4294967295
tileHighlands,3488,288,64,32,32,32,0,1,1,4294967295
tileHighlands,3520,288,64,32,32,32,0,1,1,4294967295
tileHighlands,3168,320,64,48,32,16,0,1,1,4294967295
tileHighlands,3200,320,64,48,32,16,0,1,1,4294967295
tileHighlands,3232,320,64,48,32,16,0,1,1,4294967295
tileHighlands,3264,320,64,48,32,16,0,1,1,4294967295
tileHighlands,3296,320,64,48,32,16,0,1,1,4294967295
tileHighlands,3328,320,64,48,32,16,0,1,1,4294967295
tileHighlands,3360,320,64,48,32,16,0,1,1,4294967295
tileHighlands,3392,320,64,48,32,16,0,1,1,4294967295
tileHighlands,3424,320,64,48,32,16,0,1,1,4294967295
tileHighlands,3456,320,64,48,32,16,0,1,1,4294967295
tileHighlands,3488,320,64,48,32,16,0,1,1,4294967295
tileHighlands,3520,320,64,48,32,16,0,1,1,4294967295
tileHighlands,3520,336,64,48,32,16,0,1,1,4294967295
tileHighlands,3200,336,64,48,32,16,0,1,1,4294967295
tileHighlands,3232,336,64,48,32,16,0,1,1,4294967295
tileHighlands,3264,336,64,48,32,16,0,1,1,4294967295
tileHighlands,3296,336,64,48,32,16,0,1,1,4294967295
tileHighlands,3328,336,64,48,32,16,0,1,1,4294967295
tileHighlands,3360,336,64,48,32,16,0,1,1,4294967295
tileHighlands,3392,336,64,48,32,16,0,1,1,4294967295
tileHighlands,3424,336,64,48,32,16,0,1,1,4294967295
tileHighlands,3456,336,64,48,32,16,0,1,1,4294967295
tileHighlands,3488,336,64,48,32,16,0,1,1,4294967295
tileHighlands,3200,352,64,48,32,16,0,1,1,4294967295
tileHighlands,3200,368,64,48,32,16,0,1,1,4294967295
tileHighlands,3200,384,64,48,32,16,0,1,1,4294967295
tileHighlands,3200,400,64,48,32,16,0,1,1,4294967295
tileHighlands,3232,352,64,48,32,16,0,1,1,4294967295
tileHighlands,3232,368,64,48,32,16,0,1,1,4294967295
tileHighlands,3232,384,64,48,32,16,0,1,1,4294967295
tileHighlands,3232,400,64,48,32,16,0,1,1,4294967295
tileHighlands,3232,416,64,48,32,16,0,1,1,4294967295
tileHighlands,3232,432,64,48,32,16,0,1,1,4294967295
tileHighlands,3232,448,64,48,32,16,0,1,1,4294967295
tileHighlands,3232,464,64,48,32,16,0,1,1,4294967295
tileHighlands,3264,352,64,48,32,16,0,1,1,4294967295
tileHighlands,3264,368,64,48,32,16,0,1,1,4294967295
tileHighlands,3264,384,64,48,32,16,0,1,1,4294967295
tileHighlands,3264,400,64,48,32,16,0,1,1,4294967295
tileHighlands,3264,416,64,48,32,16,0,1,1,4294967295
tileHighlands,3264,432,64,48,32,16,0,1,1,4294967295
tileHighlands,3264,448,64,48,32,16,0,1,1,4294967295
tileHighlands,3264,464,64,48,32,16,0,1,1,4294967295
tileHighlands,3296,352,64,48,32,16,0,1,1,4294967295
tileHighlands,3360,352,64,48,32,16,0,1,1,4294967295
tileHighlands,3392,352,64,48,32,16,0,1,1,4294967295
tileHighlands,3424,352,64,48,32,16,0,1,1,4294967295
tileHighlands,3456,352,64,48,32,16,0,1,1,4294967295
tileHighlands,3488,352,64,48,32,16,0,1,1,4294967295
tileHighlands,3520,352,64,48,32,16,0,1,1,4294967295
tileHighlands,3552,352,64,48,32,16,0,1,1,4294967295
tileHighlands,3584,352,64,48,32,16,0,1,1,4294967295
tileHighlands,3616,352,64,48,32,16,0,1,1,4294967295
tileHighlands,3296,368,64,48,32,16,0,1,1,4294967295
tileHighlands,3296,384,64,48,32,16,0,1,1,4294967295
tileHighlands,3296,400,64,48,32,16,0,1,1,4294967295
tileHighlands,3296,416,64,48,32,16,0,1,1,4294967295
tileHighlands,3296,432,64,48,32,16,0,1,1,4294967295
tileHighlands,3296,448,64,48,32,16,0,1,1,4294967295
tileHighlands,3328,384,64,48,32,16,0,1,1,4294967295
tileHighlands,3328,400,64,48,32,16,0,1,1,4294967295
tileHighlands,3328,416,64,48,32,16,0,1,1,4294967295
tileHighlands,3328,432,64,48,32,16,0,1,1,4294967295
tileHighlands,3328,448,64,48,32,16,0,1,1,4294967295
tileHighlands,3360,368,64,48,32,16,0,1,1,4294967295
tileHighlands,3360,384,64,48,32,16,0,1,1,4294967295
tileHighlands,3360,400,64,48,32,16,0,1,1,4294967295
tileHighlands,3360,416,64,48,32,16,0,1,1,4294967295
tileHighlands,3360,432,64,48,32,16,0,1,1,4294967295
tileHighlands,3360,448,64,48,32,16,0,1,1,4294967295
tileHighlands,3360,464,64,48,32,16,0,1,1,4294967295
tileHighlands,3392,368,64,48,32,16,0,1,1,4294967295
tileHighlands,3392,384,64,48,32,16,0,1,1,4294967295
tileHighlands,3392,400,64,48,32,16,0,1,1,4294967295
tileHighlands,3392,416,64,48,32,16,0,1,1,4294967295
tileHighlands,3392,432,64,48,32,16,0,1,1,4294967295
tileHighlands,3392,448,64,48,32,16,0,1,1,4294967295
tileHighlands,3392,464,64,48,32,16,0,1,1,4294967295
tileHighlands,3424,368,64,48,32,16,0,1,1,4294967295
tileHighlands,3424,384,64,48,32,16,0,1,1,4294967295
tileHighlands,3424,400,64,48,32,16,0,1,1,4294967295
tileHighlands,3424,416,64,48,32,16,0,1,1,4294967295
tileHighlands,3456,368,64,48,32,16,0,1,1,4294967295
tileHighlands,3456,384,64,48,32,16,0,1,1,4294967295
tileHighlands,3456,400,64,48,32,16,0,1,1,4294967295
tileHighlands,3456,416,64,48,32,16,0,1,1,4294967295
tileHighlands,3488,368,64,48,32,16,0,1,1,4294967295
tileHighlands,3520,368,64,48,32,16,0,1,1,4294967295
tileHighlands,3552,368,64,48,32,16,0,1,1,4294967295
tileHighlands,3584,368,64,48,32,16,0,1,1,4294967295
tileHighlands,3616,368,64,48,32,16,0,1,1,4294967295
tileHighlands,3488,384,64,48,32,16,0,1,1,4294967295
tileHighlands,3520,384,64,48,32,16,0,1,1,4294967295
tileHighlands,3552,384,64,48,32,16,0,1,1,4294967295
tileHighlands,3584,384,64,48,32,16,0,1,1,4294967295
tileHighlands,3616,384,64,48,32,16,0,1,1,4294967295
tileHighlands,3648,384,64,48,32,16,0,1,1,4294967295
tileHighlands,3680,384,64,48,32,16,0,1,1,4294967295
tileHighlands,3712,384,64,48,32,16,0,1,1,4294967295
tileHighlands,3712,400,64,48,32,16,0,1,1,4294967295
tileHighlands,3488,400,64,48,32,16,0,1,1,4294967295
tileHighlands,3520,400,64,48,32,16,0,1,1,4294967295
tileHighlands,3552,400,64,48,32,16,0,1,1,4294967295
tileHighlands,3584,400,64,48,32,16,0,1,1,4294967295
tileHighlands,3616,400,64,48,32,16,0,1,1,4294967295
tileHighlands,3648,400,64,48,32,16,0,1,1,4294967295
tileHighlands,3680,400,64,48,32,16,0,1,1,4294967295
tileHighlands,3488,416,64,48,32,16,0,1,1,4294967295
tileHighlands,3488,432,64,48,32,16,0,1,1,4294967295
tileHighlands,3488,448,64,48,32,16,0,1,1,4294967295
tileHighlands,3488,464,64,48,32,16,0,1,1,4294967295
tileHighlands,3520,416,64,48,32,16,0,1,1,4294967295
tileHighlands,3520,432,64,48,32,16,0,1,1,4294967295
tileHighlands,3520,448,64,48,32,16,0,1,1,4294967295
tileHighlands,3520,464,64,48,32,16,0,1,1,4294967295
tileHighlands,3552,416,64,48,32,16,0,1,1,4294967295
tileHighlands,3584,416,64,48,32,16,0,1,1,4294967295
tileHighlands,3616,416,64,48,32,16,0,1,1,4294967295
tileHighlands,3648,416,64,48,32,16,0,1,1,4294967295
tileHighlands,3680,416,64,48,32,16,0,1,1,4294967295
tileHighlands,3712,416,64,48,32,16,0,1,1,4294967295
tileHighlands,3744,416,64,48,32,16,0,1,1,4294967295
tileHighlands,3776,416,64,48,32,16,0,1,1,4294967295
tileHighlands,3808,416,64,48,32,16,0,1,1,4294967295
tileHighlands,3808,432,64,48,32,16,0,1,1,4294967295
tileHighlands,3808,448,64,48,32,16,0,1,1,4294967295
tileHighlands,3808,464,64,48,32,16,0,1,1,4294967295
tileHighlands,3552,464,64,48,32,16,0,1,1,4294967295
tileHighlands,3584,464,64,48,32,16,0,1,1,4294967295
tileHighlands,3616,464,64,48,32,16,0,1,1,4294967295
tileHighlands,3648,464,64,48,32,16,0,1,1,4294967295
tileHighlands,3680,464,64,48,32,16,0,1,1,4294967295
tileHighlands,3712,464,64,48,32,16,0,1,1,4294967295
tileHighlands,3744,464,64,48,32,16,0,1,1,4294967295
tileHighlands,3776,464,64,48,32,16,0,1,1,4294967295
tileHighlands,3552,448,64,48,32,16,0,1,1,4294967295
tileHighlands,3584,448,64,48,32,16,0,1,1,4294967295
tileHighlands,3616,448,64,48,32,16,0,1,1,4294967295
tileHighlands,3648,448,64,48,32,16,0,1,1,4294967295
tileHighlands,3680,448,64,48,32,16,0,1,1,4294967295
tileHighlands,3712,448,64,48,32,16,0,1,1,4294967295
tileHighlands,3744,448,64,48,32,16,0,1,1,4294967295
tileHighlands,3776,448,64,48,32,16,0,1,1,4294967295
tileHighlands,3552,432,64,48,32,16,0,1,1,4294967295
tileHighlands,3584,432,64,48,32,16,0,1,1,4294967295
tileHighlands,3616,432,64,48,32,16,0,1,1,4294967295
tileHighlands,3648,432,64,48,32,16,0,1,1,4294967295
tileHighlands,3680,432,64,48,32,16,0,1,1,4294967295
tileHighlands,3712,432,64,48,32,16,0,1,1,4294967295
tileHighlands,3744,432,64,48,32,16,0,1,1,4294967295
tileHighlands,3776,432,64,48,32,16,0,1,1,4294967295
