tileHighlands,256,256,0,0,32,32,0,1,1,4294967295
tileHighlands,288,256,0,0,32,32,0,1,1,4294967295
tileHighlands,320,256,0,0,32,32,0,1,1,4294967295
tileHighlands,352,256,0,0,32,32,0,1,1,4294967295
tileHighlands,384,256,0,0,32,32,0,1,1,4294967295
tileHighlands,416,256,0,0,32,32,0,1,1,4294967295
tileHighlands,448,256,0,0,32,32,0,1,1,4294967295
tileHighlands,480,256,0,0,32,32,0,1,1,4294967295
tileHighlands,512,256,0,0,32,32,0,1,1,4294967295
tileHighlands,544,256,0,0,32,32,0,1,1,4294967295
tileHighlands,576,256,0,0,32,32,0,1,1,4294967295
tileHighlands,608,256,0,0,32,32,0,1,1,4294967295
tileHighlands,256,288,112,80,48,32,0,1,1,4294967295
tileHighlands,304,288,112,80,48,32,0,1,1,4294967295
tileHighlands,352,288,112,80,48,32,0,1,1,4294967295
tileHighlands,400,288,112,80,48,32,0,1,1,4294967295
tileHighlands,448,288,112,80,48,32,0,1,1,4294967295
tileHighlands,496,288,112,80,48,32,0,1,1,4294967295
tileHighlands,544,288,112,80,48,32,0,1,1,4294967295
tileHighlands,592,288,112,80,48,32,0,1,1,4294967295
tileHighlands,256,320,112,80,48,32,0,1,1,4294967295
tileHighlands,304,320,112,80,48,32,0,1,1,4294967295
tileHighlands,352,320,112,80,48,32,0,1,1,4294967295
tileHighlands,400,320,112,80,48,32,0,1,1,4294967295
tileHighlands,448,320,112,80,48,32,0,1,1,4294967295
tileHighlands,496,320,112,80,48,32,0,1,1,4294967295
tileHighlands,544,320,112,80,48,32,0,1,1,4294967295
tileHighlands,256,352,112,80,48,32,0,1,1,4294967295
tileHighlands,256,384,112,80,48,32,0,1,1,4294967295
tileHighlands,256,416,112,80,48,32,0,1,1,4294967295
tileHighlands,256,448,112,80,48,32,0,1,1,4294967295
tileHighlands,256,480,112,80,48,32,0,1,1,4294967295
tileHighlands,304,352,112,80,48,32,0,1,1,4294967295
tileHighlands,304,384,112,80,48,32,0,1,1,4294967295
tileHighlands,304,416,112,80,48,32,0,1,1,4294967295
tileHighlands,304,448,112,80,48,32,0,1,1,4294967295
tileHighlands,304,480,112,80,48,32,0,1,1,4294967295
tileHighlands,352,352,112,80,48,32,0,1,1,4294967295
tileHighlands,352,384,112,80,48,32,0,1,1,4294967295
tileHighlands,352,416,112,80,48,32,0,1,1,4294967295
tileHighlands,352,448,112,80,48,32,0,1,1,4294967295
tileHighlands,352,480,112,80,48,32,0,1,1,4294967295
tileHighlands,400,352,112,80,48,32,0,1,1,4294967295
tileHighlands,400,480,112,80,48,32,0,1,1,4294967295
tileHighlands,448,352,112,80,48,32,0,1,1,4294967295
tileHighlands,448,480,112,80,48,32,0,1,1,4294967295
tileHighlands,496,480,112,80,48,32,0,1,1,4294967295
tileHighlands,544,480,112,80,48,32,0,1,1,4294967295
tileHighlands,592,480,112,80,48,32,0,1,1,4294967295
tileHighlands,256,512,112,80,48,32,0,1,1,4294967295
tileHighlands,304,512,112,80,48,32,0,1,1,4294967295
tileHighlands,352,512,112,80,48,32,0,1,1,4294967295
tileHighlands,400,512,112,80,48,32,0,1,1,4294967295
tileHighlands,448,512,112,80,48,32,0,1,1,4294967295
tileHighlands,496,512,112,80,48,32,0,1,1,4294967295
tileHighlands,544,512,112,80,48,32,0,1,1,4294967295
tileHighlands,592,512,112,80,48,32,0,1,1,4294967295
tileHighlands,704,256,0,0,32,32,0,1,1,4294967295
tileHighlands,736,256,0,0,32,32,0,1,1,4294967295
tileHighlands,768,256,0,0,32,32,0,1,1,4294967295
tileHighlands,800,256,0,0,32,32,0,1,1,4294967295
tileHighlands,832,256,0,0,32,32,0,1,1,4294967295
tileHighlands,864,256,0,0,32,32,0,1,1,4294967295
tileHighlands,640,480,112,80,48,32,0,1,1,4294967295
tileHighlands,688,480,112,80,48,32,0,1,1,4294967295
tileHighlands,736,480,112,80,48,32,0,1,1,4294967295
tileHighlands,784,480,112,80,48,32,0,1,1,4294967295
tileHighlands,832,480,112,80,48,32,0,1,1,4294967295
tileHighlands,640,512,112,80,48,32,0,1,1,4294967295
tileHighlands,688,512,112,80,48,32,0,1,1,4294967295
tileHighlands,736,512,112,80,48,32,0,1,1,4294967295
tileHighlands,784,512,112,80,48,32,0,1,1,4294967295
tileHighlands,832,512,112,80,48,32,0,1,1,4294967295
tileHighlands,736,288,112,80,48,32,0,1,1,4294967295
tileHighlands,704,288,128,80,32,32,0,1,1,4294967295
tileHighlands,784,288,112,80,48,32,0,1,1,4294967295
tileHighlands,832,288,112,80,48,32,0,1,1,4294967295
tileHighlands,640,448,112,80,48,32,0,1,1,4294967295
tileHighlands,688,448,112,80,16,32,0,1,1,4294967295
tileHighlands,688,416,112,80,16,32,0,1,1,4294967295
tileHighlands,640,416,112,80,48,32,0,1,1,4294967295
tileHighlands,880,480,112,80,48,32,0,1,1,4294967295
tileHighlands,928,480,112,80,48,32,0,1,1,4294967295
tileHighlands,880,512,112,80,48,32,0,1,1,4294967295
tileHighlands,928,512,112,80,48,32,0,1,1,4294967295
tileHighlands,976,512,112,80,48,32,0,1,1,4294967295
tileHighlands,1024,512,112,80,48,32,0,1,1,4294967295
tileHighlands,976,480,112,80,48,32,0,1,1,4294967295
tileHighlands,1024,480,112,80,48,32,0,1,1,4294967295
tileHighlands,880,288,112,80,48,32,0,1,1,4294967295
tileHighlands,928,288,112,80,48,32,0,1,1,4294967295
tileHighlands,976,288,112,80,48,32,0,1,1,4294967295
tileHighlands,1024,288,112,80,48,32,0,1,1,4294967295
tileHighlands,896,256,0,0,32,32,0,1,1,4294967295
tileHighlands,928,256,0,0,32,32,0,1,1,4294967295
tileHighlands,960,256,0,0,32,32,0,1,1,4294967295
tileHighlands,992,256,0,0,32,32,0,1,1,4294967295
tileHighlands,1024,256,0,0,32,32,0,1,1,4294967295
tileHighlands,1056,256,0,0,32,32,0,1,1,4294967295
tileHighlands,1088,256,0,0,32,32,0,1,1,4294967295
tileHighlands,1072,288,112,80,48,32,0,1,1,4294967295
tileHighlands,1072,480,112,80,48,32,0,1,1,4294967295
tileHighlands,1072,512,112,80,48,32,0,1,1,4294967295
tileHighlands,0,256,0,0,32,32,0,1,1,4294967295
tileHighlands,32,256,0,0,32,32,0,1,1,4294967295
tileHighlands,0,288,112,80,48,32,0,1,1,4294967295
tileHighlands,0,320,112,80,48,32,0,1,1,4294967295
tileHighlands,0,352,112,80,48,32,0,1,1,4294967295
tileHighlands,0,384,112,80,48,32,0,1,1,4294967295
tileHighlands,0,416,112,80,48,32,0,1,1,4294967295
tileHighlands,0,448,112,80,48,32,0,1,1,4294967295
tileHighlands,0,480,112,80,48,32,0,1,1,4294967295
tileHighlands,0,512,112,80,48,32,0,1,1,4294967295
tileHighlands,48,512,112,80,48,32,0,1,1,4294967295
tileHighlands,96,512,112,80,48,32,0,1,1,4294967295
tileHighlands,224,256,0,0,32,32,0,1,1,4294967295
tileHighlands,48,448,112,80,48,32,0,1,1,4294967295
tileHighlands,48,480,112,80,48,32,0,1,1,4294967295
tileHighlands,96,480,112,80,48,32,0,1,1,4294967295
tileHighlands,96,448,112,80,48,32,0,1,1,4294967295
tileHighlands,208,288,112,80,48,32,0,1,1,4294967295
tileHighlands,208,320,112,80,48,32,0,1,1,4294967295
tileHighlands,208,352,112,80,48,32,0,1,1,4294967295
tileHighlands,208,384,112,80,48,32,0,1,1,4294967295
tileHighlands,208,416,112,80,48,32,0,1,1,4294967295
tileHighlands,208,448,112,80,48,32,0,1,1,4294967295
tileHighlands,208,480,112,80,48,32,0,1,1,4294967295
tileHighlands,208,512,112,80,48,32,0,1,1,4294967295
tileHighlands,208,256,16,0,16,32,0,1,1,4294967295
tileHighlands,48,288,112,80,32,32,0,1,1,4294967295
tileHighlands,48,320,112,80,32,32,0,1,1,4294967295
tileHighlands,48,352,112,80,32,32,0,1,1,4294967295
tileHighlands,48,384,112,80,32,32,0,1,1,4294967295
tileHighlands,48,416,112,80,32,32,0,1,1,4294967295
tileHighlands,64,256,0,0,16,32,0,1,1,4294967295
tileHighlands,80,288,0,80,32,32,0,1,1,4294967295
tileHighlands,112,288,0,80,32,32,0,1,1,4294967295
tileHighlands,144,288,0,80,32,32,0,1,1,4294967295
tileHighlands,176,288,0,80,32,32,0,1,1,4294967295
tileHighlands,80,320,0,80,32,32,0,1,1,4294967295
tileHighlands,112,320,0,80,32,32,0,1,1,4294967295
tileHighlands,144,320,0,80,32,32,0,1,1,4294967295
tileHighlands,176,320,0,80,32,32,0,1,1,4294967295
tileHighlands,80,352,0,80,32,32,0,1,1,4294967295
tileHighlands,112,352,0,80,32,32,0,1,1,4294967295
tileHighlands,144,352,0,80,32,32,0,1,1,4294967295
tileHighlands,176,352,0,80,32,32,0,1,1,4294967295
tileHighlands,80,384,0,80,32,32,0,1,1,4294967295
tileHighlands,112,384,0,80,32,32,0,1,1,4294967295
tileHighlands,144,384,0,80,32,32,0,1,1,4294967295
tileHighlands,176,384,0,80,32,32,0,1,1,4294967295
tileHighlands,80,416,0,80,32,32,0,1,1,4294967295
tileHighlands,112,416,0,80,32,32,0,1,1,4294967295
tileHighlands,144,416,0,80,32,32,0,1,1,4294967295
tileHighlands,176,416,0,80,32,32,0,1,1,4294967295
tileHighlands,144,448,0,80,32,32,0,1,1,4294967295
tileHighlands,144,480,0,80,32,32,0,1,1,4294967295
tileHighlands,144,512,0,80,32,32,0,1,1,4294967295
tileHighlands,176,448,0,80,32,32,0,1,1,4294967295
tileHighlands,176,480,0,80,32,32,0,1,1,4294967295
tileHighlands,176,512,0,80,32,32,0,1,1,4294967295
tileHighlands,1120,256,0,0,32,32,0,1,1,4294967295
tileHighlands,1152,256,0,0,32,32,0,1,1,4294967295
tileHighlands,1184,256,0,0,32,32,0,1,1,4294967295
tileHighlands,1216,256,0,0,32,32,0,1,1,4294967295
tileHighlands,1248,256,0,0,32,32,0,1,1,4294967295
tileHighlands,1280,256,0,0,32,32,0,1,1,4294967295
tileHighlands,1312,256,0,0,32,32,0,1,1,4294967295
tileHighlands,1344,256,0,0,32,32,0,1,1,4294967295
tileHighlands,1376,256,0,0,32,32,0,1,1,4294967295
tileHighlands,1408,256,0,0,32,32,0,1,1,4294967295
tileHighlands,1440,256,0,0,32,32,0,1,1,4294967295
tileHighlands,1472,256,0,0,32,32,0,1,1,4294967295
tileHighlands,1504,256,0,0,32,32,0,1,1,4294967295
tileHighlands,1536,256,0,0,32,32,0,1,1,4294967295
tileHighlands,1568,256,0,0,32,32,0,1,1,4294967295
tileHighlands,1600,256,0,0,32,32,0,1,1,4294967295
tileHighlands,1120,288,112,80,48,32,0,1,1,4294967295
tileHighlands,1168,288,112,80,48,32,0,1,1,4294967295
tileHighlands,1120,480,112,80,48,32,0,1,1,4294967295
tileHighlands,1168,480,112,80,48,32,0,1,1,4294967295
tileHighlands,1120,512,112,80,48,32,0,1,1,4294967295
tileHighlands,1168,512,112,80,48,32,0,1,1,4294967295
tileHighlands,1168,320,112,80,48,32,0,1,1,4294967295
tileHighlands,1168,352,112,80,48,32,0,1,1,4294967295
tileHighlands,1168,384,112,80,48,32,0,1,1,4294967295
tileHighlands,1168,416,112,80,48,32,0,1,1,4294967295
tileHighlands,1168,448,112,80,48,16,0,1,1,4294967295
tileHighlands,1216,288,112,80,48,32,0,1,1,4294967295
tileHighlands,1264,288,112,80,48,32,0,1,1,4294967295
tileHighlands,1312,288,112,80,48,32,0,1,1,4294967295
tileHighlands,1360,288,112,80,48,32,0,1,1,4294967295
tileHighlands,1216,320,112,80,48,32,0,1,1,4294967295
tileHighlands,1216,352,112,80,48,32,0,1,1,4294967295
tileHighlands,1216,384,112,80,48,32,0,1,1,4294967295
tileHighlands,1216,416,112,80,48,32,0,1,1,4294967295
tileHighlands,1264,320,112,80,48,32,0,1,1,4294967295
tileHighlands,1264,352,112,80,48,32,0,1,1,4294967295
tileHighlands,1264,384,112,80,48,32,0,1,1,4294967295
tileHighlands,1312,320,112,80,48,32,0,1,1,4294967295
tileHighlands,1312,352,112,80,48,32,0,1,1,4294967295
tileHighlands,1312,384,112,80,48,32,0,1,1,4294967295
tileHighlands,1264,416,112,80,48,32,0,1,1,4294967295
tileHighlands,1312,416,112,80,48,32,0,1,1,4294967295
tileHighlands,1216,448,112,80,48,16,0,1,1,4294967295
tileHighlands,1264,448,112,80,48,16,0,1,1,4294967295
tileHighlands,1312,448,112,80,48,16,0,1,1,4294967295
tileHighlands,1216,480,112,80,48,32,0,1,1,4294967295
tileHighlands,1264,480,112,80,48,32,0,1,1,4294967295
tileHighlands,1312,480,112,80,48,32,0,1,1,4294967295
tileHighlands,1216,512,112,80,48,32,0,1,1,4294967295
tileHighlands,1264,512,112,80,48,32,0,1,1,4294967295
tileHighlands,1312,512,112,80,48,32,0,1,1,4294967295
tileHighlands,1408,288,112,80,48,32,0,1,1,4294967295
tileHighlands,1456,288,112,80,48,32,0,1,1,4294967295
tileHighlands,1504,288,112,80,48,32,0,1,1,4294967295
tileHighlands,1552,288,112,80,48,32,0,1,1,4294967295
tileHighlands,1632,224,0,0,32,32,0,1,1,4294967295
tileHighlands,1664,224,0,0,32,32,0,1,1,4294967295
tileHighlands,1696,224,0,0,32,32,0,1,1,4294967295
tileHighlands,1728,224,0,0,32,32,0,1,1,4294967295
tileHighlands,1760,224,0,0,32,32,0,1,1,4294967295
tileHighlands,1792,224,0,0,32,32,0,1,1,4294967295
tileHighlands,1824,240,0,0,32,32,0,1,1,4294967295
tileHighlands,1856,240,0,0,32,32,0,1,1,4294967295
tileHighlands,1888,240,0,0,32,32,0,1,1,4294967295
tileHighlands,1920,240,0,0,32,32,0,1,1,4294967295
tileHighlands,1952,240,0,0,32,32,0,1,1,4294967295
tileHighlands,1984,240,0,0,32,32,0,1,1,4294967295
tileHighlands,2016,256,0,0,32,32,0,1,1,4294967295
tileHighlands,2048,256,0,0,32,32,0,1,1,4294967295
tileHighlands,2080,256,0,0,32,32,0,1,1,4294967295
tileHighlands,2112,256,0,0,32,32,0,1,1,4294967295
tileHighlands,2144,256,0,0,32,32,0,1,1,4294967295
tileHighlands,2176,256,0,0,32,32,0,1,1,4294967295
tileHighlands,1632,256,0,16,32,16,0,1,1,4294967295
tileHighlands,1664,256,0,16,32,16,0,1,1,4294967295
tileHighlands,1696,256,0,16,32,16,0,1,1,4294967295
tileHighlands,1728,256,0,16,32,16,0,1,1,4294967295
tileHighlands,1760,256,0,16,32,16,0,1,1,4294967295
tileHighlands,1792,256,0,16,32,16,0,1,1,4294967295
tileHighlands,1632,272,0,16,32,16,0,1,1,4294967295
tileHighlands,1664,272,0,16,32,16,0,1,1,4294967295
tileHighlands,1696,272,0,16,32,16,0,1,1,4294967295
tileHighlands,1728,272,0,16,32,16,0,1,1,4294967295
tileHighlands,1760,272,0,16,32,16,0,1,1,4294967295
tileHighlands,1792,272,0,16,32,16,0,1,1,4294967295
tileHighlands,1824,272,0,16,32,16,0,1,1,4294967295
tileHighlands,1856,272,0,16,32,16,0,1,1,4294967295
tileHighlands,1888,272,0,16,32,16,0,1,1,4294967295
tileHighlands,1920,272,0,16,32,16,0,1,1,4294967295
tileHighlands,1952,272,0,16,32,16,0,1,1,4294967295
tileHighlands,1984,272,0,16,32,16,0,1,1,4294967295
tileHighlands,1600,288,112,80,48,32,0,1,1,4294967295
tileHighlands,1648,288,112,80,48,32,0,1,1,4294967295
tileHighlands,1696,288,112,80,48,32,0,1,1,4294967295
tileHighlands,1744,288,112,80,48,32,0,1,1,4294967295
tileHighlands,1792,288,112,80,48,32,0,1,1,4294967295
tileHighlands,1840,288,112,80,48,32,0,1,1,4294967295
tileHighlands,1888,288,112,80,48,32,0,1,1,4294967295
tileHighlands,1936,288,112,80,48,32,0,1,1,4294967295
tileHighlands,1984,288,112,80,48,32,0,1,1,4294967295
tileHighlands,2032,288,112,80,48,32,0,1,1,4294967295
tileHighlands,2080,288,112,80,48,32,0,1,1,4294967295
tileHighlands,2128,288,112,80,48,32,0,1,1,4294967295
tileHighlands,1360,480,112,80,48,32,0,1,1,4294967295
tileHighlands,1408,480,112,80,48,32,0,1,1,4294967295
tileHighlands,1456,480,112,80,48,32,0,1,1,4294967295
tileHighlands,1504,480,112,80,48,32,0,1,1,4294967295
tileHighlands,1360,512,112,80,48,32,0,1,1,4294967295
tileHighlands,1408,512,112,80,48,32,0,1,1,4294967295
tileHighlands,1456,512,112,80,48,32,0,1,1,4294967295
tileHighlands,1504,512,112,80,48,32,0,1,1,4294967295
tileHighlands,1552,480,112,80,48,32,0,1,1,4294967295
tileHighlands,1552,512,112,80,48,32,0,1,1,4294967295
tileHighlands,1600,480,112,80,48,32,0,1,1,4294967295
tileHighlands,1600,512,112,80,48,32,0,1,1,4294967295
tileHighlands,1648,512,112,80,48,32,0,1,1,4294967295
tileHighlands,1696,512,112,80,48,32,0,1,1,4294967295
tileHighlands,1744,512,112,80,48,32,0,1,1,4294967295
tileHighlands,1792,512,112,80,48,32,0,1,1,4294967295
tileHighlands,1840,512,112,80,48,32,0,1,1,4294967295
tileHighlands,1888,512,112,80,48,32,0,1,1,4294967295
tileHighlands,1552,320,112,80,48,32,0,1,1,4294967295
tileHighlands,1600,320,112,80,48,32,0,1,1,4294967295
tileHighlands,1552,352,112,80,48,32,0,1,1,4294967295
tileHighlands,1600,352,112,80,48,32,0,1,1,4294967295
tileHighlands,1936,512,112,80,48,32,0,1,1,4294967295
tileHighlands,1984,512,112,80,48,32,0,1,1,4294967295
tileHighlands,2032,512,112,80,48,32,0,1,1,4294967295
tileHighlands,2080,512,112,80,48,32,0,1,1,4294967295
tileHighlands,2272,256,0,0,32,32,0,1,1,4294967295
tileHighlands,2304,256,0,0,32,32,0,1,1,4294967295
tileHighlands,2336,256,0,0,32,32,0,1,1,4294967295
tileHighlands,2368,256,0,0,32,32,0,1,1,4294967295
tileHighlands,2400,256,0,0,32,32,0,1,1,4294967295
tileHighlands,2432,192,0,0,32,32,0,1,1,4294967295
tileHighlands,2464,160,0,0,32,32,0,1,1,4294967295
tileHighlands,2496,256,0,0,32,32,0,1,1,4294967295
tileHighlands,2528,256,0,0,32,32,0,1,1,4294967295
tileHighlands,2560,256,0,0,32,32,0,1,1,4294967295
tileHighlands,2592,256,0,0,32,32,0,1,1,4294967295
tileHighlands,2624,256,0,0,32,32,0,1,1,4294967295
tileHighlands,2656,256,0,0,32,32,0,1,1,4294967295
tileHighlands,2432,224,0,16,32,16,0,1,1,4294967295
tileHighlands,2432,240,0,16,32,16,0,1,1,4294967295
tileHighlands,2432,256,0,16,32,16,0,1,1,4294967295
tileHighlands,2464,192,0,16,32,16,0,1,1,4294967295
tileHighlands,2464,208,0,16,32,16,0,1,1,4294967295
tileHighlands,2464,224,0,16,32,16,0,1,1,4294967295
tileHighlands,2464,240,0,16,32,16,0,1,1,4294967295
tileHighlands,2464,256,0,16,32,16,0,1,1,4294967295
tileHighlands,2432,272,0,16,32,16,0,1,1,4294967295
tileHighlands,2464,272,0,16,32,16,0,1,1,4294967295
tileHighlands,2128,512,112,80,48,32,0,1,1,4294967295
tileHighlands,2176,512,112,80,48,32,0,1,1,4294967295
tileHighlands,2224,512,112,80,48,32,0,1,1,4294967295
tileHighlands,2272,512,112,80,48,32,0,1,1,4294967295
tileHighlands,2320,512,112,80,48,32,0,1,1,4294967295
tileHighlands,2176,480,112,80,48,32,0,1,1,4294967295
tileHighlands,2224,480,112,80,48,32,0,1,1,4294967295
tileHighlands,2224,448,112,80,48,32,0,1,1,4294967295
tileHighlands,2368,512,112,80,48,32,0,1,1,4294967295
tileHighlands,2416,512,112,80,48,32,0,1,1,4294967295
tileHighlands,2464,512,112,80,48,32,0,1,1,4294967295
tileHighlands,2512,512,112,80,48,32,0,1,1,4294967295
tileHighlands,2368,480,112,80,48,32,0,1,1,4294967295
tileHighlands,2560,512,112,80,48,32,0,1,1,4294967295
tileHighlands,2608,512,112,80,48,32,0,1,1,4294967295
tileHighlands,2272,288,112,80,48,32,0,1,1,4294967295
tileHighlands,2176,288,112,80,32,32,0,1,1,4294967295
tileHighlands,2320,288,112,80,48,32,0,1,1,4294967295
tileHighlands,2368,288,112,80,48,32,0,1,1,4294967295
tileHighlands,2416,288,112,80,48,32,0,1,1,4294967295
tileHighlands,2464,288,112,80,48,32,0,1,1,4294967295
tileHighlands,2512,288,112,80,48,32,0,1,1,4294967295
tileHighlands,2560,288,112,80,48,32,0,1,1,4294967295
tileHighlands,2608,288,112,80,48,32,0,1,1,4294967295
tileHighlands,2656,288,112,80,48,32,0,1,1,4294967295
tileHighlands,2704,288,112,80,48,32,0,1,1,4294967295
tileHighlands,2752,288,112,80,48,32,0,1,1,4294967295
tileHighlands,2800,288,112,80,48,32,0,1,1,4294967295
tileHighlands,2848,288,112,80,48,32,0,1,1,4294967295
tileHighlands,2656,512,112,80,48,32,0,1,1,4294967295
tileHighlands,2704,512,112,80,48,32,0,1,1,4294967295
tileHighlands,2752,512,112,80,48,32,0,1,1,4294967295
tileHighlands,2800,512,112,80,48,32,0,1,1,4294967295
tileHighlands,2848,512,112,80,48,32,0,1,1,4294967295
tileHighlands,2688,256,0,0,32,32,0,1,1,4294967295
tileHighlands,2720,256,0,0,32,32,0,1,1,4294967295
tileHighlands,2752,256,0,0,32,32,0,1,1,4294967295
tileHighlands,2784,256,0,0,32,32,0,1,1,4294967295
tileHighlands,2816,256,0,0,32,32,0,1,1,4294967295
tileHighlands,2848,256,0,0,32,32,0,1,1,4294967295
tileHighlands,2880,256,0,0,32,32,0,1,1,4294967295
tileHighlands,2912,256,0,0,32,32,0,1,1,4294967295
tileHighlands,2944,256,0,0,32,32,0,1,1,4294967295
tileHighlands,2976,256,0,0,32,32,0,1,1,4294967295
tileHighlands,3008,256,0,0,32,32,0,1,1,4294967295
tileHighlands,3040,256,0,0,32,32,0,1,1,4294967295
tileHighlands,3072,256,0,0,32,32,0,1,1,4294967295
tileHighlands,3104,256,0,0,32,32,0,1,1,4294967295
tileHighlands,3136,256,0,0,32,32,0,1,1,4294967295
tileHighlands,3168,336,0,0,32,32,0,1,1,4294967295
tileHighlands,3200,416,0,0,32,32,0,1,1,4294967295
tileHighlands,3232,480,0,0,32,32,0,1,1,4294967295
tileHighlands,3264,480,0,0,32,32,0,1,1,4294967295
tileHighlands,3296,464,0,0,32,32,0,1,1,4294967295
tileHighlands,3328,464,0,0,32,32,0,1,1,4294967295
tileHighlands,3360,480,0,0,32,32,0,1,1,4294967295
tileHighlands,3392,480,0,0,32,32,0,1,1,4294967295
tileHighlands,3424,432,0,0,32,32,0,1,1,4294967295
tileHighlands,3456,432,0,0,32,32,0,1,1,4294967295
tileHighlands,3136,288,0,16,32,16,0,1,1,4294967295
tileHighlands,3136,304,0,16,32,16,0,1,1,4294967295
tileHighlands,3136,320,0,16,32,16,0,1,1,4294967295
tileHighlands,3136,336,0,16,32,16,0,1,1,4294967295
tileHighlands,3136,352,0,16,32,16,0,1,1,4294967295
tileHighlands,3136,368,0,16,32,16,0,1,1,4294967295
tileHighlands,3136,384,0,16,32,16,0,1,1,4294967295
tileHighlands,3136,400,0,16,32,16,0,1,1,4294967295
tileHighlands,3136,416,0,16,32,16,0,1,1,4294967295
tileHighlands,3136,432,0,16,32,16,0,1,1,4294967295
tileHighlands,3136,448,0,16,32,16,0,1,1,4294967295
tileHighlands,3136,464,0,16,32,16,0,1,1,4294967295
tileHighlands,3136,480,0,16,32,16,0,1,1,4294967295
tileHighlands,3136,496,0,16,32,16,0,1,1,4294967295
tileHighlands,3136,512,0,16,32,16,0,1,1,4294967295
tileHighlands,3168,368,0,16,32,16,0,1,1,4294967295
tileHighlands,3168,384,0,16,32,16,0,1,1,4294967295
tileHighlands,3168,400,0,16,32,16,0,1,1,4294967295
tileHighlands,3168,416,0,16,32,16,0,1,1,4294967295
tileHighlands,3168,432,0,16,32,16,0,1,1,4294967295
tileHighlands,3168,448,0,16,32,16,0,1,1,4294967295
tileHighlands,3168,464,0,16,32,16,0,1,1,4294967295
tileHighlands,3168,480,0,16,32,16,0,1,1,4294967295
tileHighlands,3168,496,0,16,32,16,0,1,1,4294967295
tileHighlands,3168,512,0,16,32,16,0,1,1,4294967295
tileHighlands,3168,528,0,16,32,16,0,1,1,4294967295
tileHighlands,3136,528,0,16,32,16,0,1,1,4294967295
tileHighlands,3200,448,0,16,32,16,0,1,1,4294967295
tileHighlands,3200,464,0,16,32,16,0,1,1,4294967295
tileHighlands,3456,512,0,16,32,16,0,1,1,4294967295
tileHighlands,3456,528,0,16,32,16,0,1,1,4294967295
tileHighlands,3200,480,0,16,32,16,0,1,1,4294967295
tileHighlands,3200,496,0,16,32,16,0,1,1,4294967295
tileHighlands,3200,512,0,16,32,16,0,1,1,4294967295
tileHighlands,3200,528,0,16,32,16,0,1,1,4294967295
tileHighlands,3232,512,0,16,32,16,0,1,1,4294967295
tileHighlands,3232,528,0,16,32,16,0,1,1,4294967295
tileHighlands,3264,512,0,16,32,16,0,1,1,4294967295
tileHighlands,3264,528,0,16,32,16,0,1,1,4294967295
tileHighlands,3296,512,0,16,32,16,0,1,1,4294967295
tileHighlands,3296,528,0,16,32,16,0,1,1,4294967295
tileHighlands,3328,512,0,16,32,16,0,1,1,4294967295
tileHighlands,3328,528,0,16,32,16,0,1,1,4294967295
tileHighlands,3360,512,0,16,32,16,0,1,1,4294967295
tileHighlands,3360,528,0,16,32,16,0,1,1,4294967295
tileHighlands,3392,512,0,16,32,16,0,1,1,4294967295
tileHighlands,3392,528,0,16,32,16,0,1,1,4294967295
tileHighlands,3424,512,0,16,32,16,0,1,1,4294967295
tileHighlands,3424,528,0,16,32,16,0,1,1,4294967295
tileHighlands,2896,288,112,80,48,32,0,1,1,4294967295
tileHighlands,2944,288,112,80,48,32,0,1,1,4294967295
tileHighlands,2992,288,112,80,48,32,0,1,1,4294967295
tileHighlands,3040,288,112,80,48,32,0,1,1,4294967295
tileHighlands,3088,288,112,80,48,32,0,1,1,4294967295
tileHighlands,3088,320,112,80,48,32,0,1,1,4294967295
tileHighlands,3088,352,112,80,48,32,0,1,1,4294967295
tileHighlands,3088,384,112,80,48,32,0,1,1,4294967295
tileHighlands,3088,416,112,80,48,32,0,1,1,4294967295
tileHighlands,3088,448,112,80,48,32,0,1,1,4294967295
tileHighlands,3088,480,112,80,48,32,0,1,1,4294967295
tileHighlands,3088,512,112,80,48,32,0,1,1,4294967295
tileHighlands,2896,512,112,80,48,32,0,1,1,4294967295
tileHighlands,2944,512,112,80,48,32,0,1,1,4294967295
tileHighlands,2992,512,112,80,48,32,0,1,1,4294967295
tileHighlands,3040,512,112,80,48,32,0,1,1,4294967295
tileHighlands,3040,320,112,80,48,32,0,1,1,4294967295
tileHighlands,3040,352,112,80,48,32,0,1,1,4294967295
tileHighlands,3040,384,112,80,48,32,0,1,1,4294967295
tileHighlands,3040,416,112,80,48,32,0,1,1,4294967295
tileHighlands,3040,448,112,80,48,32,0,1,1,4294967295
tileHighlands,3040,480,112,80,48,32,0,1,1,4294967295
tileHighlands,2992,480,112,80,48,32,0,1,1,4294967295
tileHighlands,2944,480,112,80,48,32,0,1,1,4294967295
tileHighlands,2992,448,112,80,48,32,0,1,1,4294967295
tileHighlands,2896,480,112,80,48,32,0,1,1,4294967295
tileHighlands,2944,448,112,80,48,32,0,1,1,4294967295
tileHighlands,2992,416,112,80,48,32,0,1,1,4294967295
tileHighlands,3488,480,0,0,32,32,0,1,1,4294967295
tileHighlands,3520,480,0,0,32,32,0,1,1,4294967295
tileHighlands,3552,480,0,0,32,32,0,1,1,4294967295
tileHighlands,3584,480,0,0,32,32,0,1,1,4294967295
tileHighlands,3616,480,0,0,32,32,0,1,1,4294967295
tileHighlands,3648,480,0,0,32,32,0,1,1,4294967295
tileHighlands,3680,480,0,0,32,32,0,1,1,4294967295
tileHighlands,3712,480,0,0,32,32,0,1,1,4294967295
tileHighlands,3744,480,0,0,32,32,0,1,1,4294967295
tileHighlands,3776,480,0,0,32,32,0,1,1,4294967295
tileHighlands,3808,480,0,0,32,32,0,1,1,4294967295
tileHighlands,3488,512,0,16,32,16,0,1,1,4294967295
tileHighlands,3520,512,0,16,32,16,0,1,1,4294967295
tileHighlands,3552,512,0,16,32,16,0,1,1,4294967295
tileHighlands,3584,512,0,16,32,16,0,1,1,4294967295
tileHighlands,3616,512,0,16,32,16,0,1,1,4294967295
tileHighlands,3648,512,0,16,32,16,0,1,1,4294967295
tileHighlands,3680,512,0,16,32,16,0,1,1,4294967295
tileHighlands,3712,512,0,16,32,16,0,1,1,4294967295
tileHighlands,3744,512,0,16,32,16,0,1,1,4294967295
tileHighlands,3776,512,0,16,32,16,0,1,1,4294967295
tileHighlands,3808,512,0,16,32,16,0,1,1,4294967295
tileHighlands,3488,528,0,16,32,16,0,1,1,4294967295
tileHighlands,3520,528,0,16,32,16,0,1,1,4294967295
tileHighlands,3552,528,0,16,32,16,0,1,1,4294967295
tileHighlands,3584,528,0,16,32,16,0,1,1,4294967295
tileHighlands,3616,528,0,16,32,16,0,1,1,4294967295
tileHighlands,3648,528,0,16,32,16,0,1,1,4294967295
tileHighlands,3680,528,0,16,32,16,0,1,1,4294967295
tileHighlands,3712,528,0,16,32,16,0,1,1,4294967295
tileHighlands,3744,528,0,16,32,16,0,1,1,4294967295
tileHighlands,3776,528,0,16,32,16,0,1,1,4294967295
tileHighlands,3808,528,0,16,32,16,0,1,1,4294967295
tileHighlands,3744,288,0,0,32,32,0,1,1,4294967295
tileHighlands,3712,288,0,0,32,32,0,1,1,4294967295
tileHighlands,3808,384,0,16,32,16,0,1,1,4294967295
tileHighlands,3808,400,0,16,32,16,0,1,1,4294967295
tileHighlands,3776,384,0,16,32,16,0,1,1,4294967295
tileHighlands,3776,400,0,16,32,16,0,1,1,4294967295
tileHighlands,3616,336,0,16,32,16,0,1,1,4294967295
tileHighlands,3744,384,0,16,32,16,0,1,1,4294967295
tileHighlands,3680,288,0,0,32,32,0,1,1,4294967295
tileHighlands,3648,288,0,0,32,32,0,1,1,4294967295
tileHighlands,3616,288,0,0,32,32,0,1,1,4294967295
tileHighlands,3584,288,0,0,32,32,0,1,1,4294967295
tileHighlands,3552,288,0,0,32,32,0,1,1,4294967295
tileHighlands,3744,400,0,16,32,16,0,1,1,4294967295
tileHighlands,3648,368,0,16,32,16,0,1,1,4294967295
tileHighlands,3552,336,0,16,32,16,0,1,1,4294967295
tileHighlands,3424,464,0,16,32,16,0,1,1,4294967295
tileHighlands,3424,480,0,16,32,16,0,1,1,4294967295
tileHighlands,3424,496,0,16,32,16,0,1,1,4294967295
tileHighlands,3456,464,0,16,32,16,0,1,1,4294967295
tileHighlands,3456,480,0,16,32,16,0,1,1,4294967295
tileHighlands,3456,496,0,16,32,16,0,1,1,4294967295
tileHighlands,3296,496,0,16,32,16,0,1,1,4294967295
tileHighlands,3328,496,0,16,32,16,0,1,1,4294967295
tileHighlands,3808,0,0,16,32,16,0,1,1,4294967295
tileHighlands,3808,16,0,16,32,16,0,1,1,4294967295
tileHighlands,3808,32,0,16,32,16,0,1,1,4294967295
tileHighlands,3808,48,0,16,32,16,0,1,1,4294967295
tileHighlands,3808,64,0,16,32,16,0,1,1,4294967295
tileHighlands,3808,80,0,16,32,16,0,1,1,4294967295
tileHighlands,3808,96,0,16,32,16,0,1,1,4294967295
tileHighlands,3808,112,0,16,32,16,0,1,1,4294967295
tileHighlands,3808,128,0,16,32,16,0,1,1,4294967295
tileHighlands,3808,144,0,16,32,16,0,1,1,4294967295
tileHighlands,3808,160,0,16,32,16,0,1,1,4294967295
tileHighlands,3808,176,0,16,32,16,0,1,1,4294967295
tileHighlands,3808,192,0,16,32,16,0,1,1,4294967295
tileHighlands,3808,208,0,16,32,16,0,1,1,4294967295
tileHighlands,3808,224,0,16,32,16,0,1,1,4294967295
tileHighlands,3808,240,0,16,32,16,0,1,1,4294967295
tileHighlands,3808,256,0,16,32,16,0,1,1,4294967295
tileHighlands,3808,272,0,16,32,16,0,1,1,4294967295
tileHighlands,3808,288,0,16,32,16,0,1,1,4294967295
tileHighlands,3808,304,0,16,32,16,0,1,1,4294967295
tileHighlands,3808,320,0,16,32,16,0,1,1,4294967295
tileHighlands,3808,336,0,16,32,16,0,1,1,4294967295
tileHighlands,3808,352,0,16,32,16,0,1,1,4294967295
tileHighlands,3808,368,0,16,32,16,0,1,1,4294967295
tileHighlands,3776,0,0,16,32,16,0,1,1,4294967295
tileHighlands,3776,16,0,16,32,16,0,1,1,4294967295
tileHighlands,3776,32,0,16,32,16,0,1,1,4294967295
tileHighlands,3776,48,0,16,32,16,0,1,1,4294967295
tileHighlands,3776,64,0,16,32,16,0,1,1,4294967295
tileHighlands,3776,80,0,16,32,16,0,1,1,4294967295
tileHighlands,3776,96,0,16,32,16,0,1,1,4294967295
tileHighlands,3776,112,0,16,32,16,0,1,1,4294967295
tileHighlands,3776,128,0,16,32,16,0,1,1,4294967295
tileHighlands,3776,144,0,16,32,16,0,1,1,4294967295
tileHighlands,3776,160,0,16,32,16,0,1,1,4294967295
tileHighlands,3776,176,0,16,32,16,0,1,1,4294967295
tileHighlands,3776,192,0,16,32,16,0,1,1,4294967295
tileHighlands,3776,208,0,16,32,16,0,1,1,4294967295
tileHighlands,3776,224,0,16,32,16,0,1,1,4294967295
tileHighlands,3776,240,0,16,32,16,0,1,1,4294967295
tileHighlands,3776,256,0,16,32,16,0,1,1,4294967295
tileHighlands,3776,272,0,16,32,16,0,1,1,4294967295
tileHighlands,3776,288,0,16,32,16,0,1,1,4294967295
tileHighlands,3776,304,0,16,32,16,0,1,1,4294967295
tileHighlands,3776,320,0,16,32,16,0,1,1,4294967295
tileHighlands,3776,336,0,16,32,16,0,1,1,4294967295
tileHighlands,3776,352,0,16,32,16,0,1,1,4294967295
tileHighlands,3776,368,0,16,32,16,0,1,1,4294967295
tileHighlands,3744,0,0,16,32,16,0,1,1,4294967295
tileHighlands,3744,16,0,16,32,16,0,1,1,4294967295
tileHighlands,3744,32,0,16,32,16,0,1,1,4294967295
tileHighlands,3744,48,0,16,32,16,0,1,1,4294967295
tileHighlands,3744,64,0,16,32,16,0,1,1,4294967295
tileHighlands,3744,80,0,16,32,16,0,1,1,4294967295
tileHighlands,3744,96,0,16,32,16,0,1,1,4294967295
tileHighlands,3744,112,0,16,32,16,0,1,1,4294967295
tileHighlands,3744,128,0,16,32,16,0,1,1,4294967295
tileHighlands,3744,144,0,16,32,16,0,1,1,4294967295
tileHighlands,3744,160,0,16,32,16,0,1,1,4294967295
tileHighlands,3744,176,0,16,32,16,0,1,1,4294967295
tileHighlands,3712,0,0,16,32,16,0,1,1,4294967295
tileHighlands,3712,16,0,16,32,16,0,1,1,4294967295
tileHighlands,3712,32,0,16,32,16,0,1,1,4294967295
tileHighlands,3712,48,0,16,32,16,0,1,1,4294967295
tileHighlands,3712,64,0,16,32,16,0,1,1,4294967295
tileHighlands,3712,80,0,16,32,16,0,1,1,4294967295
tileHighlands,3712,96,0,16,32,16,0,1,1,4294967295
tileHighlands,3712,112,0,16,32,16,0,1,1,4294967295
tileHighlands,3712,128,0,16,32,16,0,1,1,4294967295
tileHighlands,3712,144,0,16,32,16,0,1,1,4294967295
tileHighlands,3712,160,0,16,32,16,0,1,1,4294967295
tileHighlands,3712,176,0,16,32,16,0,1,1,4294967295
tileHighlands,3680,0,0,16,32,16,0,1,1,4294967295
tileHighlands,3680,16,0,16,32,16,0,1,1,4294967295
tileHighlands,3680,32,0,16,32,16,0,1,1,4294967295
tileHighlands,3680,48,0,16,32,16,0,1,1,4294967295
tileHighlands,3680,64,0,16,32,16,0,1,1,4294967295
tileHighlands,3680,80,0,16,32,16,0,1,1,4294967295
tileHighlands,3680,96,0,16,32,16,0,1,1,4294967295
tileHighlands,3680,112,0,16,32,16,0,1,1,4294967295
tileHighlands,3680,128,0,16,32,16,0,1,1,4294967295
tileHighlands,3680,144,0,16,32,16,0,1,1,4294967295
tileHighlands,3680,160,0,16,32,16,0,1,1,4294967295
tileHighlands,3680,176,0,16,32,16,0,1,1,4294967295
tileHighlands,3680,192,0,16,32,16,0,1,1,4294967295
tileHighlands,3680,208,0,16,32,16,0,1,1,4294967295
tileHighlands,3648,0,0,16,32,16,0,1,1,4294967295
tileHighlands,3648,16,0,16,32,16,0,1,1,4294967295
tileHighlands,3648,32,0,16,32,16,0,1,1,4294967295
tileHighlands,3648,48,0,16,32,16,0,1,1,4294967295
tileHighlands,3648,64,0,16,32,16,0,1,1,4294967295
tileHighlands,3648,80,0,16,32,16,0,1,1,4294967295
tileHighlands,3648,96,0,16,32,16,0,1,1,4294967295
tileHighlands,3648,112,0,16,32,16,0,1,1,4294967295
tileHighlands,3648,128,0,16,32,16,0,1,1,4294967295
tileHighlands,3648,144,0,16,32,16,0,1,1,4294967295
tileHighlands,3648,160,0,16,32,16,0,1,1,4294967295
tileHighlands,3648,176,0,16,32,16,0,1,1,4294967295
tileHighlands,3648,192,0,16,32,16,0,1,1,4294967295
tileHighlands,3648,208,0,16,32,16,0,1,1,4294967295
tileHighlands,3616,0,0,16,32,16,0,1,1,4294967295
tileHighlands,3616,16,0,16,32,16,0,1,1,4294967295
tileHighlands,3616,32,0,16,32,16,0,1,1,4294967295
tileHighlands,3616,48,0,16,32,16,0,1,1,4294967295
tileHighlands,3616,64,0,16,32,16,0,1,1,4294967295
tileHighlands,3616,80,0,16,32,16,0,1,1,4294967295
tileHighlands,3616,96,0,16,32,16,0,1,1,4294967295
tileHighlands,3616,112,0,16,32,16,0,1,1,4294967295
tileHighlands,3616,128,0,16,32,16,0,1,1,4294967295
tileHighlands,3616,144,0,16,32,16,0,1,1,4294967295
tileHighlands,3584,0,0,16,32,16,0,1,1,4294967295
tileHighlands,3584,16,0,16,32,16,0,1,1,4294967295
tileHighlands,3584,32,0,16,32,16,0,1,1,4294967295
tileHighlands,3584,48,0,16,32,16,0,1,1,4294967295
tileHighlands,3584,64,0,16,32,16,0,1,1,4294967295
tileHighlands,3584,80,0,16,32,16,0,1,1,4294967295
tileHighlands,3584,96,0,16,32,16,0,1,1,4294967295
tileHighlands,3584,112,0,16,32,16,0,1,1,4294967295
tileHighlands,3584,128,0,16,32,16,0,1,1,4294967295
tileHighlands,3584,144,0,16,32,16,0,1,1,4294967295
tileHighlands,3648,320,0,16,32,16,0,1,1,4294967295
tileHighlands,3680,320,0,16,32,16,0,1,1,4294967295
tileHighlands,3712,320,0,16,32,16,0,1,1,4294967295
tileHighlands,3744,320,0,16,32,16,0,1,1,4294967295
tileHighlands,3744,336,0,16,32,16,0,1,1,4294967295
tileHighlands,3744,352,0,16,32,16,0,1,1,4294967295
tileHighlands,3744,368,0,16,32,16,0,1,1,4294967295
tileHighlands,3648,336,0,16,32,16,0,1,1,4294967295
tileHighlands,3680,336,0,16,32,16,0,1,1,4294967295
tileHighlands,3712,336,0,16,32,16,0,1,1,4294967295
tileHighlands,3648,352,0,16,32,16,0,1,1,4294967295
tileHighlands,3680,352,0,16,32,16,0,1,1,4294967295
tileHighlands,3712,352,0,16,32,16,0,1,1,4294967295
tileHighlands,3584,336,0,16,32,16,0,1,1,4294967295
tileHighlands,3680,368,0,16,32,16,0,1,1,4294967295
tileHighlands,3712,368,0,16,32,16,0,1,1,4294967295
tileHighlands,3552,320,0,16,32,16,0,1,1,4294967295
tileHighlands,3584,320,0,16,32,16,0,1,1,4294967295
tileHighlands,3616,320,0,16,32,16,0,1,1,4294967295
tileHighlands,1776,416,144,80,16,32,0,1,1,4294967295
tileHighlands,1792,416,112,80,48,32,0,1,1,4294967295
tileHighlands,1840,416,112,80,48,32,0,1,1,4294967295
tileHighlands,1888,416,112,80,16,32,0,1,1,4294967295
tileHighlands,1968,416,144,80,16,32,0,1,1,4294967295
tileHighlands,2064,416,144,80,16,32,0,1,1,4294967295
tileHighlands,1984,416,112,80,16,32,0,1,1,4294967295
tileHighlands,2080,416,112,80,16,32,0,1,1,4294967295
tileHighlands,2688,320,144,80,16,32,0,1,1,4294967295
tileHighlands,2688,352,144,80,16,32,0,1,1,4294967295
tileHighlands,2688,384,144,80,16,32,0,1,1,4294967295
tileHighlands,2704,320,112,80,48,32,0,1,1,4294967295
tileHighlands,2704,352,112,80,48,32,0,1,1,4294967295
tileHighlands,2704,384,112,80,48,32,0,1,1,4294967295
tileHighlands,2512,384,112,80,32,32,0,1,1,4294967295
tileHighlands,2512,480,112,80,32,32,0,1,1,4294967295
tileHighlands,1120,384,112,80,48,32,0,1,1,4294967295
tileHighlands,2752,384,112,80,48,32,0,1,1,4294967295
tileHighlands,3328,352,0,0,32,32,0,1,1,4294967295
tileHighlands,320,192,32,0,32,32,0,1,1,4294967295
tileHighlands,0,176,32,0,32,32,0,1,1,4294967295
tileHighlands,32,208,32,0,32,32,0,1,1,4294967295
tileHighlands,0,208,32,16,32,16,0,1,1,4294967295
tileHighlands,0,224,32,16,32,16,0,1,1,4294967295
tileHighlands,0,240,32,16,32,16,0,1,1,4294967295
tileHighlands,32,240,32,16,32,16,0,1,1,4294967295
tileHighlands,352,176,32,0,32,32,0,1,1,4294967295
tileHighlands,384,208,32,0,32,32,0,1,1,4294967295
tileHighlands,416,208,32,0,32,32,0,1,1,4294967295
tileHighlands,448,208,32,0,32,32,0,1,1,4294967295
tileHighlands,480,160,32,0,32,32,0,1,1,4294967295
tileHighlands,784,192,32,0,32,32,0,1,1,4294967295
tileHighlands,816,208,32,0,32,32,0,1,1,4294967295
tileHighlands,848,208,32,0,32,32,0,1,1,4294967295
tileHighlands,880,208,32,0,32,32,0,1,1,4294967295
tileHighlands,912,224,32,0,32,32,0,1,1,4294967295
tileHighlands,1024,176,32,0,32,32,0,1,1,4294967295
tileHighlands,1120,208,32,0,32,32,0,1,1,4294967295
tileHighlands,1248,192,32,0,32,32,0,1,1,4294967295
tileHighlands,1280,208,32,0,32,32,0,1,1,4294967295
tileHighlands,1312,208,32,0,32,32,0,1,1,4294967295
tileHighlands,1344,192,32,0,32,32,0,1,1,4294967295
tileHighlands,1664,176,32,0,32,32,0,1,1,4294967295
tileHighlands,1696,176,32,0,32,32,0,1,1,4294967295
tileHighlands,1952,192,32,0,32,32,0,1,1,4294967295
tileHighlands,1984,192,32,0,32,32,0,1,1,4294967295
tileHighlands,2016,176,32,0,32,32,0,1,1,4294967295
tileHighlands,2048,176,32,0,32,32,0,1,1,4294967295
tileHighlands,2080,208,32,0,32,32,0,1,1,4294967295
tileHighlands,2672,208,32,0,32,32,0,1,1,4294967295
tileHighlands,2704,208,32,0,32,32,0,1,1,4294967295
tileHighlands,2736,208,32,0,32,32,0,1,1,4294967295
tileHighlands,2768,208,32,0,32,32,0,1,1,4294967295
tileHighlands,2800,208,32,0,32,32,0,1,1,4294967295
tileHighlands,2672,240,32,16,32,16,0,1,1,4294967295
tileHighlands,2704,240,32,16,32,16,0,1,1,4294967295
tileHighlands,2736,240,32,16,32,16,0,1,1,4294967295
tileHighlands,2768,240,32,16,32,16,0,1,1,4294967295
tileHighlands,2800,240,32,16,32,16,0,1,1,4294967295
tileHighlands,1952,224,32,16,32,16,0,1,1,4294967295
tileHighlands,1984,224,32,16,32,16,0,1,1,4294967295
tileHighlands,2016,208,32,16,32,16,0,1,1,4294967295
tileHighlands,2016,224,32,16,32,16,0,1,1,4294967295
tileHighlands,2016,240,32,16,32,16,0,1,1,4294967295
tileHighlands,2048,208,32,16,32,16,0,1,1,4294967295
tileHighlands,2048,224,32,16,32,16,0,1,1,4294967295
tileHighlands,2048,240,32,16,32,16,0,1,1,4294967295
tileHighlands,2080,240,32,16,32,16,0,1,1,4294967295
tileHighlands,1664,208,32,16,32,16,0,1,1,4294967295
tileHighlands,1696,208,32,16,32,16,0,1,1,4294967295
tileHighlands,1248,224,32,16,32,16,0,1,1,4294967295
tileHighlands,1248,240,32,16,32,16,0,1,1,4294967295
tileHighlands,1280,240,32,16,32,16,0,1,1,4294967295
tileHighlands,1312,240,32,16,32,16,0,1,1,4294967295
tileHighlands,1344,224,32,16,32,16,0,1,1,4294967295
tileHighlands,1344,240,32,16,32,16,0,1,1,4294967295
tileHighlands,1120,240,32,16,32,16,0,1,1,4294967295
tileHighlands,1024,208,32,16,32,16,0,1,1,4294967295
tileHighlands,1024,224,32,16,32,16,0,1,1,4294967295
tileHighlands,1024,240,32,16,32,16,0,1,1,4294967295
tileHighlands,784,224,32,16,32,16,0,1,1,4294967295
tileHighlands,784,240,32,16,32,16,0,1,1,4294967295
tileHighlands,816,240,32,16,32,16,0,1,1,4294967295
tileHighlands,848,240,32,16,32,16,0,1,1,4294967295
tileHighlands,880,240,32,16,32,16,0,1,1,4294967295
tileHighlands,320,224,32,16,32,16,0,1,1,4294967295
tileHighlands,320,240,32,16,32,16,0,1,1,4294967295
tileHighlands,352,208,32,16,32,16,0,1,1,4294967295
tileHighlands,352,224,32,16,32,16,0,1,1,4294967295
tileHighlands,352,240,32,16,32,16,0,1,1,4294967295
tileHighlands,384,240,32,16,32,16,0,1,1,4294967295
tileHighlands,416,240,32,16,32,16,0,1,1,4294967295
tileHighlands,448,240,32,16,32,16,0,1,1,4294967295
tileHighlands,480,192,32,16,32,16,0,1,1,4294967295
tileHighlands,480,208,32,16,32,16,0,1,1,4294967295
tileHighlands,480,224,32,16,32,16,0,1,1,4294967295
tileHighlands,480,240,32,16,32,16,0,1,1,4294967295
tileHighlands,240,240,64,0,16,16,0,1,1,4294967295
tileHighlands,256,240,64,0,16,16,0,1,1,4294967295
tileHighlands,544,240,64,0,16,16,0,1,1,4294967295
tileHighlands,752,240,64,0,16,16,0,1,1,4294967295
tileHighlands,976,240,64,0,16,16,0,1,1,4294967295
tileHighlands,1008,240,64,0,16,16,0,1,1,4294967295
tileHighlands,1072,240,64,0,16,16,0,1,1,4294967295
tileHighlands,1216,240,64,0,16,16,0,1,1,4294967295
tileHighlands,1440,240,64,0,16,16,0,1,1,4294967295
tileHighlands,1472,240,64,0,16,16,0,1,1,4294967295
tileHighlands,1536,240,64,0,16,16,0,1,1,4294967295
tileHighlands,1856,224,64,0,16,16,0,1,1,4294967295
tileHighlands,2144,240,64,0,16,16,0,1,1,4294967295
tileHighlands,2336,240,64,0,16,16,0,1,1,4294967295
tileHighlands,2560,240,64,0,16,16,0,1,1,4294967295
tileHighlands,2896,240,64,0,16,16,0,1,1,4294967295
tileHighlands,3024,240,64,0,16,16,0,1,1,4294967295
tileHighlands,3088,240,64,0,16,16,0,1,1,4294967295
tileHighlands,3712,272,64,0,16,16,0,1,1,4294967295
tileHighlands,3760,272,64,0,16,16,0,1,1,4294967295
tileHighlands,3824,464,64,0,16,16,0,1,1,4294967295
tileHighlands,3808,464,64,0,16,16,0,1,1,4294967295
tileHighlands,3792,464,64,0,16,16,0,1,1,4294967295
tileHighlands,3776,464,64,0,16,16,0,1,1,4294967295
tileHighlands,3760,464,64,0,16,16,0,1,1,4294967295
tileHighlands,3744,464,64,0,16,16,0,1,1,4294967295
tileHighlands,3728,464,64,0,16,16,0,1,1,4294967295
tileHighlands,3712,464,64,0,16,16,0,1,1,4294967295
tileHighlands,3696,464,64,0,16,16,0,1,1,4294967295
tileHighlands,3680,464,64,0,16,16,0,1,1,4294967295
tileHighlands,48,32,64,16,48,16,0,1,1,4294967295
tileHighlands,384,16,64,16,48,16,0,1,1,4294967295
tileHighlands,768,0,64,16,48,16,0,1,1,4294967295
tileHighlands,1168,0,64,16,48,16,0,1,1,4294967295
tileHighlands,1520,16,64,16,48,16,0,1,1,4294967295
tileHighlands,2304,32,64,16,48,16,0,1,1,4294967295
tileHighlands,2752,0,64,16,48,16,0,1,1,4294967295
tileHighlands,3440,16,64,16,48,16,0,1,1,4294967295
tileHighlands,3360,0,80,0,32,16,0,1,1,4294967295
tileHighlands,3056,32,80,0,32,16,0,1,1,4294967295
tileHighlands,3136,16,80,0,32,16,0,1,1,4294967295
tileHighlands,2640,16,80,0,32,16,0,1,1,4294967295
tileHighlands,2240,0,80,0,32,16,0,1,1,4294967295
tileHighlands,1824,32,80,0,32,16,0,1,1,4294967295
tileHighlands,1456,32,80,0,32,16,0,1,1,4294967295
tileHighlands,1072,16,80,0,32,16,0,1,1,4294967295
tileHighlands,704,32,80,0,32,16,0,1,1,4294967295
tileHighlands,112,0,80,0,32,16,0,1,1,4294967295
tileHighlands,456,448,160,48,32,32,0,1,1,4294967295
tileHighlands,552,448,160,48,32,32,0,1,1,4294967295
tileHighlands,752,448,160,48,32,32,0,1,1,4294967295
tileHighlands,896,448,160,48,32,32,0,1,1,4294967295
tileHighlands,1040,448,160,48,32,32,0,1,1,4294967295
tileHighlands,1560,448,160,48,32,32,0,1,1,4294967295
tileHighlands,1608,448,160,48,32,32,0,1,1,4294967295
tileHighlands,1776,384,160,48,32,32,0,1,1,4294967295
tileHighlands,1872,384,160,48,32,32,0,1,1,4294967295
tileHighlands,2304,480,160,48,32,32,0,1,1,4294967295
tileHighlands,2448,480,160,48,32,32,0,1,1,4294967295
tileHighlands,2696,480,160,48,32,32,0,1,1,4294967295
tileHighlands,2760,480,160,48,32,32,0,1,1,4294967295
tileHighlands,2760,464,160,48,32,16,0,1,1,4294967295
tileHighlands,2760,448,160,48,32,16,0,1,1,4294967295
tileHighlands,2760,432,160,48,32,16,0,1,1,4294967295
tileHighlands,2696,464,160,48,32,16,0,1,1,4294967295
tileHighlands,2696,448,160,48,32,16,0,1,1,4294967295
tileHighlands,2696,432,160,48,32,16,0,1,1,4294967295
tileHighlands,2448,464,160,48,32,16,0,1,1,4294967295
tileHighlands,2448,448,160,48,32,16,0,1,1,4294967295
tileHighlands,2448,432,160,48,32,16,0,1,1,4294967295
tileHighlands,2448,416,160,48,32,16,0,1,1,4294967295
tileHighlands,2448,400,160,48,32,16,0,1,1,4294967295
tileHighlands,2448,384,160,48,32,16,0,1,1,4294967295
tileHighlands,2448,368,160,48,32,16,0,1,1,4294967295
tileHighlands,2448,352,160,48,32,16,0,1,1,4294967295
tileHighlands,2448,336,160,48,32,16,0,1,1,4294967295
tileHighlands,2304,336,160,48,32,16,0,1,1,4294967295
tileHighlands,2304,352,160,48,32,16,0,1,1,4294967295
tileHighlands,2304,368,160,48,32,16,0,1,1,4294967295
tileHighlands,2304,384,160,48,32,16,0,1,1,4294967295
tileHighlands,2304,400,160,48,32,16,0,1,1,4294967295
tileHighlands,2304,416,160,48,32,16,0,1,1,4294967295
tileHighlands,2304,432,160,48,32,16,0,1,1,4294967295
tileHighlands,2304,448,160,48,32,16,0,1,1,4294967295
tileHighlands,2304,464,160,48,32,16,0,1,1,4294967295
tileHighlands,1872,368,160,48,32,16,0,1,1,4294967295
tileHighlands,1872,352,160,48,32,16,0,1,1,4294967295
tileHighlands,1872,336,160,48,32,16,0,1,1,4294967295
tileHighlands,1776,368,160,48,32,16,0,1,1,4294967295
tileHighlands,1776,352,160,48,32,16,0,1,1,4294967295
tileHighlands,1776,336,160,48,32,16,0,1,1,4294967295
tileHighlands,1608,432,160,48,32,16,0,1,1,4294967295
tileHighlands,1608,416,160,48,32,16,0,1,1,4294967295
tileHighlands,1608,400,160,48,32,16,0,1,1,4294967295
tileHighlands,1560,432,160,48,32,16,0,1,1,4294967295
tileHighlands,1560,416,160,48,32,16,0,1,1,4294967295
tileHighlands,1560,400,160,48,32,16,0,1,1,4294967295
tileHighlands,1040,432,160,48,32,16,0,1,1,4294967295
tileHighlands,1040,416,160,48,32,16,0,1,1,4294967295
tileHighlands,1040,400,160,48,32,16,0,1,1,4294967295
tileHighlands,1040,384,160,48,32,16,0,1,1,4294967295
tileHighlands,1040,368,160,48,32,16,0,1,1,4294967295
tileHighlands,1040,352,160,48,32,16,0,1,1,4294967295
tileHighlands,1040,336,160,48,32,16,0,1,1,4294967295
tileHighlands,896,336,160,48,32,16,0,1,1,4294967295
tileHighlands,896,352,160,48,32,16,0,1,1,4294967295
tileHighlands,896,368,160,48,32,16,0,1,1,4294967295
tileHighlands,896,384,160,48,32,16,0,1,1,4294967295
tileHighlands,896,400,160,48,32,16,0,1,1,4294967295
tileHighlands,896,416,160,48,32,16,0,1,1,4294967295
tileHighlands,896,432,160,48,32,16,0,1,1,4294967295
tileHighlands,752,432,160,48,32,16,0,1,1,4294967295
tileHighlands,752,416,160,48,32,16,0,1,1,4294967295
tileHighlands,752,400,160,48,32,16,0,1,1,4294967295
tileHighlands,752,384,160,48,32,16,0,1,1,4294967295
tileHighlands,752,368,160,48,32,16,0,1,1,4294967295
tileHighlands,752,352,160,48,32,16,0,1,1,4294967295
tileHighlands,752,336,160,48,32,16,0,1,1,4294967295
tileHighlands,552,432,160,48,32,16,0,1,1,4294967295
tileHighlands,552,416,160,48,32,16,0,1,1,4294967295
tileHighlands,552,400,160,48,32,16,0,1,1,4294967295
tileHighlands,552,384,160,48,32,16,0,1,1,4294967295
tileHighlands,552,368,160,48,32,16,0,1,1,4294967295
tileHighlands,456,432,160,48,32,16,0,1,1,4294967295
tileHighlands,456,416,160,48,32,16,0,1,1,4294967295
tileHighlands,456,400,160,48,32,16,0,1,1,4294967295
tileHighlands,448,384,144,32,48,16,0,1,1,4294967295
tileHighlands,544,352,144,32,48,16,0,1,1,4294967295
tileHighlands,744,320,144,32,48,16,0,1,1,4294967295
tileHighlands,888,320,144,32,48,16,0,1,1,4294967295
tileHighlands,1032,320,144,32,48,16,0,1,1,4294967295
tileHighlands,1552,384,144,32,48,16,0,1,1,4294967295
tileHighlands,1600,384,144,32,48,16,0,1,1,4294967295
tileHighlands,1768,320,144,32,48,16,0,1,1,4294967295
tileHighlands,1864,320,144,32,48,16,0,1,1,4294967295
tileHighlands,2296,320,144,32,48,16,0,1,1,4294967295
tileHighlands,2440,320,144,32,48,16,0,1,1,4294967295
tileHighlands,2688,416,144,32,48,16,0,1,1,4294967295
tileHighlands,2752,416,144,32,48,16,0,1,1,4294967295
tileHighlands,656,352,128,32,16,16,0,1,1,4294967295
tileHighlands,656,368,128,32,16,16,0,1,1,4294967295
tileHighlands,672,368,128,32,16,16,0,1,1,4294967295
tileHighlands,672,352,128,32,16,16,0,1,1,4294967295
tileHighlands,816,400,128,32,16,16,0,1,1,4294967295
tileHighlands,832,400,128,32,16,16,0,1,1,4294967295
tileHighlands,848,400,128,32,16,16,0,1,1,4294967295
tileHighlands,960,400,128,32,16,16,0,1,1,4294967295
tileHighlands,976,400,128,32,16,16,0,1,1,4294967295
tileHighlands,992,400,128,32,16,16,0,1,1,4294967295
tileHighlands,960,384,128,32,16,16,0,1,1,4294967295
tileHighlands,976,384,128,32,16,16,0,1,1,4294967295
tileHighlands,992,384,128,32,16,16,0,1,1,4294967295
tileHighlands,816,384,128,32,16,16,0,1,1,4294967295
tileHighlands,832,384,128,32,16,16,0,1,1,4294967295
tileHighlands,848,384,128,32,16,16,0,1,1,4294967295
tileHighlands,1408,384,128,32,16,16,0,1,1,4294967295
tileHighlands,1408,400,128,32,16,16,0,1,1,4294967295
tileHighlands,1424,400,128,32,16,16,0,1,1,4294967295
tileHighlands,1424,384,128,32,16,16,0,1,1,4294967295
tileHighlands,1488,384,128,32,16,16,0,1,1,4294967295
tileHighlands,1488,400,128,32,16,16,0,1,1,4294967295
tileHighlands,1472,384,128,32,16,16,0,1,1,4294967295
tileHighlands,1472,400,128,32,16,16,0,1,1,4294967295
tileHighlands,1840,352,128,32,16,16,0,1,1,4294967295
tileHighlands,1824,352,128,32,16,16,0,1,1,4294967295
tileHighlands,1824,368,128,32,16,16,0,1,1,4294967295
tileHighlands,1840,368,128,32,16,16,0,1,1,4294967295
tileHighlands,2016,352,128,32,16,16,0,1,1,4294967295
tileHighlands,2016,368,128,32,16,16,0,1,1,4294967295
tileHighlands,2032,368,128,32,16,16,0,1,1,4294967295
tileHighlands,2032,352,128,32,16,16,0,1,1,4294967295
tileHighlands,2368,384,128,32,16,16,0,1,1,4294967295
tileHighlands,2368,400,128,32,16,16,0,1,1,4294967295
tileHighlands,2384,400,128,32,16,16,0,1,1,4294967295
tileHighlands,2400,400,128,32,16,16,0,1,1,4294967295
tileHighlands,2400,384,128,32,16,16,0,1,1,4294967295
tileHighlands,2384,384,128,32,16,16,0,1,1,4294967295
tileHighlands,1920,0,0,16,32,16,0,1,1,4294967295
tileHighlands,1920,16,0,16,32,16,0,1,1,4294967295
tileHighlands,1920,32,0,16,32,16,0,1,1,4294967295
tileHighlands,1920,48,0,16,32,16,0,1,1,4294967295
tileHighlands,1952,0,0,16,32,16,0,1,1,4294967295
tileHighlands,1952,16,0,16,32,16,0,1,1,4294967295
tileHighlands,1952,32,0,16,32,16,0,1,1,4294967295
tileHighlands,1952,48,0,16,32,16,0,1,1,4294967295
tileHighlands,1984,0,0,16,32,16,0,1,1,4294967295
tileHighlands,1984,16,0,16,32,16,0,1,1,4294967295
tileHighlands,1984,32,0,16,32,16,0,1,1,4294967295
tileHighlands,1984,48,0,16,32,16,0,1,1,4294967295
tileHighlands,1920,64,32,16,32,16,0,1,1,4294967295
tileHighlands,1920,80,32,16,32,16,0,1,1,4294967295
tileHighlands,1920,96,32,16,32,16,0,1,1,4294967295
tileHighlands,1920,112,32,16,32,16,0,1,1,4294967295
tileHighlands,1920,128,32,16,32,16,0,1,1,4294967295
tileHighlands,1920,144,32,16,32,16,0,1,1,4294967295
tileHighlands,1920,160,32,16,32,16,0,1,1,4294967295
tileHighlands,1920,176,32,16,32,16,0,1,1,4294967295
tileHighlands,1920,192,32,16,32,16,0,1,1,4294967295
tileHighlands,1920,208,32,16,32,16,0,1,1,4294967295
tileHighlands,1920,224,32,16,32,16,0,1,1,4294967295
tileHighlands,1888,144,32,16,32,16,0,1,1,4294967295
tileHighlands,1888,160,32,16,32,16,0,1,1,4294967295
tileHighlands,1888,176,32,16,32,16,0,1,1,4294967295
tileHighlands,1888,192,32,16,32,16,0,1,1,4294967295
tileHighlands,1888,208,32,16,32,16,0,1,1,4294967295
tileHighlands,1888,224,32,16,32,16,0,1,1,4294967295
tileHighlands,1888,112,32,0,32,32,0,1,1,4294967295
