tileMM_SigmaC,0,288,16,0,64,64,0,1,1,4294967295
tileMM_SigmaC,0,160,32,32,64,64,0,1,1,4294967295
tileMM_SigmaC,0,112,32,16,48,48,0,1,1,4294967295
tileMM_SigmaC,48,128,80,32,16,32,0,1,1,4294967295
tileMM_SigmaC,48,96,80,32,16,32,0,1,1,4294967295
tileMM_SigmaC,48,64,80,32,16,32,0,1,1,4294967295
tileMM_SigmaC,0,64,32,32,48,48,0,1,1,4294967295
tileMM_SigmaC,48,32,80,32,16,32,0,1,1,4294967295
tileMM_SigmaC,48,0,80,32,16,32,0,1,1,4294967295
tileMM_SigmaC,0,32,32,32,48,32,0,1,1,4294967295
tileMM_SigmaC,0,0,32,32,48,32,0,1,1,4294967295
tileMM_SigmaC,64,288,16,0,64,16,0,1,1,4294967295
tileMM_SigmaC,128,288,16,0,64,16,0,1,1,4294967295
tileMM_SigmaC,64,304,16,16,48,48,0,1,1,4294967295
tileMM_SigmaC,144,304,32,16,64,48,0,1,1,4294967295
tileMM_SigmaC,112,304,32,16,32,48,0,1,1,4294967295
tileMM_SigmaC,192,288,80,0,16,16,0,1,1,4294967295
tileMM_SigmaC,816,256,0,0,96,64,0,1,1,4294967295
tileMM_SigmaC,816,320,0,32,96,32,0,1,1,4294967295
tileMM_SigmaC,1360,272,0,0,96,64,0,1,1,4294967295
tileMM_SigmaC,1360,336,0,32,96,16,0,1,1,4294967295
tileMM_SigmaC,1360,96,0,32,96,64,0,1,1,4294967295
tileMM_SigmaC,1360,64,0,32,96,32,0,1,1,4294967295
tileMM_SigmaC,1360,32,0,32,96,32,0,1,1,4294967295
tileMM_SigmaC,1360,0,0,32,96,32,0,1,1,4294967295
tileMM_SigmaC,2272,224,0,0,16,64,0,1,1,4294967295
tileMM_SigmaC,2272,288,0,32,16,32,0,1,1,4294967295
tileMM_SigmaC,2272,320,0,32,16,32,0,1,1,4294967295
tileMM_SigmaC,2288,224,80,0,16,64,0,1,1,4294967295
tileMM_SigmaC,2288,288,80,32,16,32,0,1,1,4294967295
tileMM_SigmaC,2288,320,80,32,16,32,0,1,1,4294967295
tileMM_SigmaC,2784,288,80,96,32,32,0,1,1,4294967295
tileMM_SigmaC,2752,288,80,96,32,32,0,1,1,4294967295
tileMM_SigmaC,2720,288,80,96,32,32,0,1,1,4294967295
tileMM_SigmaC,2688,288,80,96,32,32,0,1,1,4294967295
tileMM_SigmaC,2656,288,80,96,32,32,0,1,1,4294967295
tileMM_SigmaC,2624,288,80,96,32,32,0,1,1,4294967295
tileMM_SigmaC,2448,288,64,96,48,32,0,1,1,4294967295
tileMM_SigmaC,2496,288,80,96,32,32,0,1,1,4294967295
tileMM_SigmaC,2528,288,80,96,32,32,0,1,1,4294967295
tileMM_SigmaC,2560,288,80,96,32,32,0,1,1,4294967295
tileMM_SigmaC,2592,288,80,96,32,32,0,1,1,4294967295
tileMM_SigmaC,2448,320,64,128,16,32,0,1,1,4294967295
tileMM_SigmaC,2464,336,80,144,32,16,0,1,1,4294967295
tileMM_SigmaC,2496,336,80,144,32,16,0,1,1,4294967295
tileMM_SigmaC,2528,336,80,144,32,16,0,1,1,4294967295
tileMM_SigmaC,2560,336,80,144,32,16,0,1,1,4294967295
tileMM_SigmaC,2592,336,80,144,32,16,0,1,1,4294967295
tileMM_SigmaC,2624,336,80,144,32,16,0,1,1,4294967295
tileMM_SigmaC,2656,336,80,144,32,16,0,1,1,4294967295
tileMM_SigmaC,2688,336,80,144,32,16,0,1,1,4294967295
tileMM_SigmaC,2720,336,80,144,32,16,0,1,1,4294967295
tileMM_SigmaC,2752,336,80,144,32,16,0,1,1,4294967295
tileMM_SigmaC,2784,336,80,144,32,16,0,1,1,4294967295
tileMM_SigmaC,2480,320,80,112,32,16,0,1,1,4294967295
tileMM_SigmaC,2512,320,80,112,32,16,0,1,1,4294967295
tileMM_SigmaC,2544,320,80,112,32,16,0,1,1,4294967295
tileMM_SigmaC,2576,320,80,112,32,16,0,1,1,4294967295
tileMM_SigmaC,2608,320,80,112,32,16,0,1,1,4294967295
tileMM_SigmaC,2640,320,80,112,32,16,0,1,1,4294967295
tileMM_SigmaC,2672,320,80,112,32,16,0,1,1,4294967295
tileMM_SigmaC,2704,320,80,112,32,16,0,1,1,4294967295
tileMM_SigmaC,2736,320,80,112,32,16,0,1,1,4294967295
tileMM_SigmaC,2768,320,80,112,32,16,0,1,1,4294967295
tileMM_SigmaC,2464,320,96,112,16,16,0,1,1,4294967295
tileMM_SigmaC,2800,320,80,112,16,16,0,1,1,4294967295
tileMM_SigmaC,2752,192,0,112,64,48,0,1,1,4294967295
tileMM_SigmaC,2688,176,0,112,64,48,0,1,1,4294967295
tileMM_SigmaC,2624,160,0,112,64,48,0,1,1,4294967295
tileMM_SigmaC,2560,144,0,112,64,48,0,1,1,4294967295
tileMM_SigmaC,2496,128,0,112,64,48,0,1,1,4294967295
tileMM_SigmaC,2432,112,0,112,64,48,0,1,1,4294967295
tileMM_SigmaC,2432,16,0,112,64,32,0,1,1,4294967295
tileMM_SigmaC,2432,48,0,112,64,32,0,1,1,4294967295
tileMM_SigmaC,2432,80,0,112,64,32,0,1,1,4294967295
tileMM_SigmaC,2496,0,0,112,64,32,0,1,1,4294967295
tileMM_SigmaC,2496,32,0,112,64,32,0,1,1,4294967295
tileMM_SigmaC,2496,64,0,112,64,32,0,1,1,4294967295
tileMM_SigmaC,2496,96,0,112,64,32,0,1,1,4294967295
tileMM_SigmaC,2624,0,0,112,64,32,0,1,1,4294967295
tileMM_SigmaC,2624,32,0,112,64,32,0,1,1,4294967295
tileMM_SigmaC,2624,64,0,112,64,32,0,1,1,4294967295
tileMM_SigmaC,2624,96,0,112,64,32,0,1,1,4294967295
tileMM_SigmaC,2624,128,0,112,64,32,0,1,1,4294967295
tileMM_SigmaC,2752,0,0,112,64,32,0,1,1,4294967295
tileMM_SigmaC,2752,32,0,112,64,32,0,1,1,4294967295
tileMM_SigmaC,2752,64,0,112,64,32,0,1,1,4294967295
tileMM_SigmaC,2752,96,0,112,64,32,0,1,1,4294967295
tileMM_SigmaC,2752,128,0,112,64,32,0,1,1,4294967295
tileMM_SigmaC,2752,160,0,112,64,32,0,1,1,4294967295
tileMM_SigmaC,2560,16,0,112,64,32,0,1,1,4294967295
tileMM_SigmaC,2560,48,0,112,64,32,0,1,1,4294967295
tileMM_SigmaC,2560,80,0,112,64,32,0,1,1,4294967295
tileMM_SigmaC,2560,112,0,112,64,32,0,1,1,4294967295
tileMM_SigmaC,2688,16,0,112,64,32,0,1,1,4294967295
tileMM_SigmaC,2688,48,0,112,64,32,0,1,1,4294967295
tileMM_SigmaC,2688,80,0,112,64,32,0,1,1,4294967295
tileMM_SigmaC,2688,112,0,112,64,32,0,1,1,4294967295
tileMM_SigmaC,2688,144,0,112,64,32,0,1,1,4294967295
tileMM_SigmaC,2432,0,0,128,64,16,0,1,1,4294967295
tileMM_SigmaC,2560,0,0,128,64,16,0,1,1,4294967295
tileMM_SigmaC,2688,0,0,128,64,16,0,1,1,4294967295
tileMM_SigmaC,2480,176,0,176,16,48,0,1,1,4294967295
tileMM_SigmaC,2480,224,0,192,48,32,0,1,1,4294967295
tileMM_SigmaC,2480,256,0,192,48,32,0,1,1,4294967295
tileMM_SigmaC,2528,256,16,192,32,32,0,1,1,4294967295
tileMM_SigmaC,2560,256,16,192,32,32,0,1,1,4294967295
tileMM_SigmaC,2592,256,16,192,32,32,0,1,1,4294967295
tileMM_SigmaC,2688,256,16,192,32,32,0,1,1,4294967295
tileMM_SigmaC,2720,256,16,192,32,32,0,1,1,4294967295
tileMM_SigmaC,2752,256,16,192,32,32,0,1,1,4294967295
tileMM_SigmaC,2528,224,16,192,32,32,0,1,1,4294967295
tileMM_SigmaC,2560,224,16,192,32,32,0,1,1,4294967295
tileMM_SigmaC,2592,224,16,192,32,32,0,1,1,4294967295
tileMM_SigmaC,2688,224,16,192,32,32,0,1,1,4294967295
tileMM_SigmaC,2720,224,16,192,32,32,0,1,1,4294967295
tileMM_SigmaC,2496,192,16,192,32,32,0,1,1,4294967295
tileMM_SigmaC,2528,192,16,192,32,32,0,1,1,4294967295
tileMM_SigmaC,2560,192,16,192,32,32,0,1,1,4294967295
tileMM_SigmaC,2496,176,16,192,32,16,0,1,1,4294967295
tileMM_SigmaC,2528,176,16,192,32,16,0,1,1,4294967295
tileMM_SigmaC,2752,240,16,192,32,16,0,1,1,4294967295
tileMM_SigmaC,2672,224,0,176,16,48,0,1,1,4294967295
tileMM_SigmaC,2624,208,48,176,16,48,0,1,1,4294967295
tileMM_SigmaC,2624,256,48,192,16,32,0,1,1,4294967295
tileMM_SigmaC,2672,272,0,192,16,16,0,1,1,4294967295
tileMM_SigmaC,2608,192,48,176,16,16,0,1,1,4294967295
tileMM_SigmaC,2592,192,16,192,16,32,0,1,1,4294967295
tileMM_SigmaC,2608,208,16,192,16,16,0,1,1,4294967295
tileMM_SigmaC,1376,176,0,192,64,32,0,1,1,4294967295
tileMM_SigmaC,1376,208,0,192,64,32,0,1,1,4294967295
tileMM_SigmaC,1360,240,0,176,16,32,0,1,1,4294967295
tileMM_SigmaC,1440,240,48,176,16,32,0,1,1,4294967295
tileMM_SigmaC,1440,160,48,224,16,16,0,1,1,4294967295
tileMM_SigmaC,1360,160,0,224,16,16,0,1,1,4294967295
tileMM_SigmaC,1376,240,16,192,32,32,0,1,1,4294967295
tileMM_SigmaC,1408,240,16,192,32,32,0,1,1,4294967295
tileMM_SigmaC,1376,160,16,192,32,16,0,1,1,4294967295
tileMM_SigmaC,1408,160,16,192,32,16,0,1,1,4294967295
tileMM_SigmaC,1744,288,0,192,32,32,0,1,1,4294967295
tileMM_SigmaC,1920,288,0,192,32,32,0,1,1,4294967295
tileMM_SigmaC,1776,288,48,192,16,32,0,1,1,4294967295
tileMM_SigmaC,1952,288,48,192,16,32,0,1,1,4294967295
tileMM_SigmaC,1600,288,0,192,32,32,0,1,1,4294967295
tileMM_SigmaC,2064,288,0,192,32,32,0,1,1,4294967295
tileMM_SigmaC,1632,288,48,192,16,32,0,1,1,4294967295
tileMM_SigmaC,2096,288,48,192,16,32,0,1,1,4294967295
tileMM_SigmaC,1600,320,0,192,32,32,0,1,1,4294967295
tileMM_SigmaC,1744,320,0,192,32,32,0,1,1,4294967295
tileMM_SigmaC,1920,320,0,192,32,32,0,1,1,4294967295
tileMM_SigmaC,2064,320,0,192,32,32,0,1,1,4294967295
tileMM_SigmaC,1632,320,48,192,16,32,0,1,1,4294967295
tileMM_SigmaC,1776,320,48,192,16,32,0,1,1,4294967295
tileMM_SigmaC,1952,320,48,192,16,32,0,1,1,4294967295
tileMM_SigmaC,2096,320,48,192,16,32,0,1,1,4294967295
tileMM_SigmaC,1584,240,0,192,48,32,0,1,1,4294967295
tileMM_SigmaC,1584,112,0,192,48,32,0,1,1,4294967295
tileMM_SigmaC,1584,0,0,208,48,16,0,1,1,4294967295
tileMM_SigmaC,1728,0,0,208,48,16,0,1,1,4294967295
tileMM_SigmaC,1904,0,0,208,48,16,0,1,1,4294967295
tileMM_SigmaC,2048,0,0,208,48,16,0,1,1,4294967295
tileMM_SigmaC,1728,112,0,192,48,32,0,1,1,4294967295
tileMM_SigmaC,1728,240,0,192,48,32,0,1,1,4294967295
tileMM_SigmaC,1904,240,0,192,48,32,0,1,1,4294967295
tileMM_SigmaC,1904,112,0,192,48,32,0,1,1,4294967295
tileMM_SigmaC,2048,240,0,192,48,32,0,1,1,4294967295
tileMM_SigmaC,2048,112,0,192,48,32,0,1,1,4294967295
tileMM_SigmaC,1632,0,32,192,32,16,0,1,1,4294967295
tileMM_SigmaC,1776,0,32,192,32,16,0,1,1,4294967295
tileMM_SigmaC,1952,0,32,192,32,16,0,1,1,4294967295
tileMM_SigmaC,2096,0,32,192,32,16,0,1,1,4294967295
tileMM_SigmaC,1632,240,32,192,32,32,0,1,1,4294967295
tileMM_SigmaC,1776,240,32,192,32,32,0,1,1,4294967295
tileMM_SigmaC,1776,112,32,192,32,32,0,1,1,4294967295
tileMM_SigmaC,1952,112,32,192,32,32,0,1,1,4294967295
tileMM_SigmaC,1952,240,32,192,32,32,0,1,1,4294967295
tileMM_SigmaC,2096,240,32,192,32,32,0,1,1,4294967295
tileMM_SigmaC,2096,112,32,192,32,32,0,1,1,4294967295
tileMM_SigmaC,1600,160,0,192,32,32,0,1,1,4294967295
tileMM_SigmaC,1600,192,0,192,32,32,0,1,1,4294967295
tileMM_SigmaC,1600,32,0,192,32,32,0,1,1,4294967295
tileMM_SigmaC,1600,64,0,192,32,32,0,1,1,4294967295
tileMM_SigmaC,1744,32,0,192,32,32,0,1,1,4294967295
tileMM_SigmaC,1744,64,0,192,32,32,0,1,1,4294967295
tileMM_SigmaC,1920,32,0,192,32,32,0,1,1,4294967295
tileMM_SigmaC,1920,64,0,192,32,32,0,1,1,4294967295
tileMM_SigmaC,2064,32,0,192,32,32,0,1,1,4294967295
tileMM_SigmaC,2064,64,0,192,32,32,0,1,1,4294967295
tileMM_SigmaC,2064,160,0,192,32,32,0,1,1,4294967295
tileMM_SigmaC,2064,192,0,192,32,32,0,1,1,4294967295
tileMM_SigmaC,1920,160,0,192,32,32,0,1,1,4294967295
tileMM_SigmaC,1920,192,0,192,32,32,0,1,1,4294967295
tileMM_SigmaC,1744,160,0,192,32,32,0,1,1,4294967295
tileMM_SigmaC,1744,192,0,192,32,32,0,1,1,4294967295
tileMM_SigmaC,1632,32,48,192,16,32,0,1,1,4294967295
tileMM_SigmaC,1632,64,48,192,16,32,0,1,1,4294967295
tileMM_SigmaC,1632,160,48,192,16,32,0,1,1,4294967295
tileMM_SigmaC,1632,192,48,192,16,32,0,1,1,4294967295
tileMM_SigmaC,1776,32,48,192,16,32,0,1,1,4294967295
tileMM_SigmaC,1776,64,48,192,16,32,0,1,1,4294967295
tileMM_SigmaC,1776,160,48,192,16,32,0,1,1,4294967295
tileMM_SigmaC,1776,192,48,192,16,32,0,1,1,4294967295
tileMM_SigmaC,1952,32,48,192,16,32,0,1,1,4294967295
tileMM_SigmaC,1952,64,48,192,16,32,0,1,1,4294967295
tileMM_SigmaC,1952,160,48,192,16,32,0,1,1,4294967295
tileMM_SigmaC,1952,192,48,192,16,32,0,1,1,4294967295
tileMM_SigmaC,2096,32,48,192,16,32,0,1,1,4294967295
tileMM_SigmaC,2096,64,48,192,16,32,0,1,1,4294967295
tileMM_SigmaC,2096,160,48,192,16,32,0,1,1,4294967295
tileMM_SigmaC,2096,192,48,192,16,32,0,1,1,4294967295
tileMM_SigmaC,1584,144,0,224,16,16,0,1,1,4294967295
tileMM_SigmaC,1584,16,0,224,16,16,0,1,1,4294967295
tileMM_SigmaC,1584,272,0,224,16,16,0,1,1,4294967295
tileMM_SigmaC,1728,272,0,224,16,16,0,1,1,4294967295
tileMM_SigmaC,1728,144,0,224,16,16,0,1,1,4294967295
tileMM_SigmaC,1728,16,0,224,16,16,0,1,1,4294967295
tileMM_SigmaC,1904,272,0,224,16,16,0,1,1,4294967295
tileMM_SigmaC,1904,144,0,224,16,16,0,1,1,4294967295
tileMM_SigmaC,1904,16,0,224,16,16,0,1,1,4294967295
tileMM_SigmaC,2048,272,0,224,16,16,0,1,1,4294967295
tileMM_SigmaC,2048,144,0,224,16,16,0,1,1,4294967295
tileMM_SigmaC,2048,16,0,224,16,16,0,1,1,4294967295
tileMM_SigmaC,1648,272,48,224,16,16,0,1,1,4294967295
tileMM_SigmaC,1648,144,48,224,16,16,0,1,1,4294967295
tileMM_SigmaC,1648,16,48,224,16,16,0,1,1,4294967295
tileMM_SigmaC,1792,16,48,224,16,16,0,1,1,4294967295
tileMM_SigmaC,1792,144,48,224,16,16,0,1,1,4294967295
tileMM_SigmaC,1792,272,48,224,16,16,0,1,1,4294967295
tileMM_SigmaC,1968,272,48,224,16,16,0,1,1,4294967295
tileMM_SigmaC,1968,144,48,224,16,16,0,1,1,4294967295
tileMM_SigmaC,1968,16,48,224,16,16,0,1,1,4294967295
tileMM_SigmaC,2112,16,48,224,16,16,0,1,1,4294967295
tileMM_SigmaC,2112,144,48,224,16,16,0,1,1,4294967295
tileMM_SigmaC,2112,272,48,224,16,16,0,1,1,4294967295
tileMM_SigmaC,1584,224,0,176,16,16,0,1,1,4294967295
tileMM_SigmaC,1584,96,0,176,16,16,0,1,1,4294967295
tileMM_SigmaC,1728,96,0,176,16,16,0,1,1,4294967295
tileMM_SigmaC,1728,224,0,176,16,16,0,1,1,4294967295
tileMM_SigmaC,1904,96,0,176,16,16,0,1,1,4294967295
tileMM_SigmaC,1904,224,0,176,16,16,0,1,1,4294967295
tileMM_SigmaC,2048,224,0,176,16,16,0,1,1,4294967295
tileMM_SigmaC,2048,96,0,176,16,16,0,1,1,4294967295
tileMM_SigmaC,1648,224,48,176,16,16,0,1,1,4294967295
tileMM_SigmaC,1648,96,48,176,16,16,0,1,1,4294967295
tileMM_SigmaC,1792,96,48,176,16,16,0,1,1,4294967295
tileMM_SigmaC,1792,224,48,176,16,16,0,1,1,4294967295
tileMM_SigmaC,1968,224,48,176,16,16,0,1,1,4294967295
tileMM_SigmaC,1968,96,48,176,16,16,0,1,1,4294967295
tileMM_SigmaC,2112,96,48,176,16,16,0,1,1,4294967295
tileMM_SigmaC,2112,224,48,176,16,16,0,1,1,4294967295
tileMM_SigmaC,1600,16,16,192,32,16,0,1,1,4294967295
tileMM_SigmaC,1600,96,16,192,32,16,0,1,1,4294967295
tileMM_SigmaC,1600,144,16,192,32,16,0,1,1,4294967295
tileMM_SigmaC,1600,224,16,192,32,16,0,1,1,4294967295
tileMM_SigmaC,1600,272,16,192,32,16,0,1,1,4294967295
tileMM_SigmaC,1744,272,16,192,32,16,0,1,1,4294967295
tileMM_SigmaC,1744,224,16,192,32,16,0,1,1,4294967295
tileMM_SigmaC,1744,144,16,192,32,16,0,1,1,4294967295
tileMM_SigmaC,1744,96,16,192,32,16,0,1,1,4294967295
tileMM_SigmaC,1744,16,16,192,32,16,0,1,1,4294967295
tileMM_SigmaC,1920,16,16,192,32,16,0,1,1,4294967295
tileMM_SigmaC,2064,16,16,192,32,16,0,1,1,4294967295
tileMM_SigmaC,2064,96,16,192,32,16,0,1,1,4294967295
tileMM_SigmaC,2064,144,16,192,32,16,0,1,1,4294967295
tileMM_SigmaC,1920,144,16,192,32,16,0,1,1,4294967295
tileMM_SigmaC,1920,96,16,192,32,16,0,1,1,4294967295
tileMM_SigmaC,2064,272,16,192,32,16,0,1,1,4294967295
tileMM_SigmaC,1920,272,16,192,32,16,0,1,1,4294967295
tileMM_SigmaC,1920,224,16,192,32,16,0,1,1,4294967295
tileMM_SigmaC,1632,16,16,192,16,16,0,1,1,4294967295
tileMM_SigmaC,1632,112,32,192,32,32,0,1,1,4294967295
tileMM_SigmaC,1632,96,16,192,16,16,0,1,1,4294967295
tileMM_SigmaC,1632,144,16,192,16,16,0,1,1,4294967295
tileMM_SigmaC,1632,224,16,192,16,16,0,1,1,4294967295
tileMM_SigmaC,1632,272,16,192,16,16,0,1,1,4294967295
tileMM_SigmaC,1776,272,16,192,16,16,0,1,1,4294967295
tileMM_SigmaC,1776,224,16,192,16,16,0,1,1,4294967295
tileMM_SigmaC,2096,224,16,192,16,16,0,1,1,4294967295
tileMM_SigmaC,2096,272,16,192,16,16,0,1,1,4294967295
tileMM_SigmaC,2096,144,16,192,16,16,0,1,1,4294967295
tileMM_SigmaC,2096,96,16,192,16,16,0,1,1,4294967295
tileMM_SigmaC,2096,16,16,192,16,16,0,1,1,4294967295
tileMM_SigmaC,1952,16,16,192,16,16,0,1,1,4294967295
tileMM_SigmaC,1952,96,16,192,16,16,0,1,1,4294967295
tileMM_SigmaC,1952,144,16,192,16,16,0,1,1,4294967295
tileMM_SigmaC,1952,272,16,192,16,16,0,1,1,4294967295
tileMM_SigmaC,1952,224,16,192,16,16,0,1,1,4294967295
tileMM_SigmaC,1776,144,16,192,16,16,0,1,1,4294967295
tileMM_SigmaC,1776,96,16,192,16,16,0,1,1,4294967295
tileMM_SigmaC,1776,16,16,192,16,16,0,1,1,4294967295
tileMM_SigmaC,2064,224,16,192,32,16,0,1,1,4294967295
tileMM_SigmaC,480,144,0,224,64,16,0,1,1,4294967295
tileMM_SigmaC,400,128,0,224,48,16,0,1,1,4294967295
tileMM_SigmaC,448,128,16,224,32,16,0,1,1,4294967295
tileMM_SigmaC,576,128,16,224,48,16,0,1,1,4294967295
tileMM_SigmaC,544,128,16,224,32,16,0,1,1,4294967295
tileMM_SigmaC,352,112,0,224,48,16,0,1,1,4294967295
tileMM_SigmaC,336,96,0,224,16,16,0,1,1,4294967295
tileMM_SigmaC,320,80,0,224,16,16,0,1,1,4294967295
tileMM_SigmaC,304,64,0,224,16,16,0,1,1,4294967295
tileMM_SigmaC,288,32,0,208,16,32,0,1,1,4294967295
tileMM_SigmaC,272,0,0,208,16,32,0,1,1,4294967295
tileMM_SigmaC,624,112,16,224,48,16,0,1,1,4294967295
tileMM_SigmaC,672,96,48,224,16,16,0,1,1,4294967295
tileMM_SigmaC,688,80,48,224,16,16,0,1,1,4294967295
tileMM_SigmaC,704,64,48,224,16,16,0,1,1,4294967295
tileMM_SigmaC,720,32,48,208,16,32,0,1,1,4294967295
tileMM_SigmaC,736,0,48,208,16,32,0,1,1,4294967295
tileMM_SigmaC,288,0,16,192,32,32,0,1,1,4294967295
tileMM_SigmaC,320,0,16,192,32,32,0,1,1,4294967295
tileMM_SigmaC,352,0,16,192,32,32,0,1,1,4294967295
tileMM_SigmaC,384,0,16,192,32,32,0,1,1,4294967295
tileMM_SigmaC,416,0,16,192,32,32,0,1,1,4294967295
tileMM_SigmaC,448,0,16,192,32,32,0,1,1,4294967295
tileMM_SigmaC,480,0,16,192,32,32,0,1,1,4294967295
tileMM_SigmaC,512,0,16,192,32,32,0,1,1,4294967295
tileMM_SigmaC,544,0,16,192,32,32,0,1,1,4294967295
tileMM_SigmaC,576,0,16,192,32,32,0,1,1,4294967295
tileMM_SigmaC,608,0,16,192,32,32,0,1,1,4294967295
tileMM_SigmaC,640,0,16,192,32,32,0,1,1,4294967295
tileMM_SigmaC,672,0,16,192,32,32,0,1,1,4294967295
tileMM_SigmaC,704,0,16,192,32,32,0,1,1,4294967295
tileMM_SigmaC,304,32,16,192,32,32,0,1,1,4294967295
tileMM_SigmaC,336,32,16,192,32,32,0,1,1,4294967295
tileMM_SigmaC,368,32,16,192,32,32,0,1,1,4294967295
tileMM_SigmaC,400,32,16,192,32,32,0,1,1,4294967295
tileMM_SigmaC,432,32,16,192,32,32,0,1,1,4294967295
tileMM_SigmaC,464,32,16,192,32,32,0,1,1,4294967295
tileMM_SigmaC,496,32,16,192,32,32,0,1,1,4294967295
tileMM_SigmaC,528,32,16,192,32,32,0,1,1,4294967295
tileMM_SigmaC,560,32,16,192,32,32,0,1,1,4294967295
tileMM_SigmaC,592,32,16,192,32,32,0,1,1,4294967295
tileMM_SigmaC,624,32,16,192,32,32,0,1,1,4294967295
tileMM_SigmaC,656,32,16,192,32,32,0,1,1,4294967295
tileMM_SigmaC,688,32,16,192,32,32,0,1,1,4294967295
tileMM_SigmaC,336,64,16,192,32,32,0,1,1,4294967295
tileMM_SigmaC,368,64,16,192,32,32,0,1,1,4294967295
tileMM_SigmaC,400,64,16,192,32,32,0,1,1,4294967295
tileMM_SigmaC,432,64,16,192,32,32,0,1,1,4294967295
tileMM_SigmaC,464,64,16,192,32,32,0,1,1,4294967295
tileMM_SigmaC,496,64,16,192,32,32,0,1,1,4294967295
tileMM_SigmaC,528,64,16,192,32,32,0,1,1,4294967295
tileMM_SigmaC,560,64,16,192,32,32,0,1,1,4294967295
tileMM_SigmaC,592,64,16,192,32,32,0,1,1,4294967295
tileMM_SigmaC,624,64,16,192,32,32,0,1,1,4294967295
tileMM_SigmaC,656,64,16,192,32,32,0,1,1,4294967295
tileMM_SigmaC,400,96,16,192,32,32,0,1,1,4294967295
tileMM_SigmaC,432,96,16,192,32,32,0,1,1,4294967295
tileMM_SigmaC,464,96,16,192,32,32,0,1,1,4294967295
tileMM_SigmaC,496,96,16,192,32,32,0,1,1,4294967295
tileMM_SigmaC,528,96,16,192,32,32,0,1,1,4294967295
tileMM_SigmaC,560,96,16,192,32,32,0,1,1,4294967295
tileMM_SigmaC,592,96,16,192,32,32,0,1,1,4294967295
tileMM_SigmaC,352,96,16,192,32,16,0,1,1,4294967295
tileMM_SigmaC,624,96,16,192,32,16,0,1,1,4294967295
tileMM_SigmaC,480,128,16,192,32,16,0,1,1,4294967295
tileMM_SigmaC,512,128,16,192,32,16,0,1,1,4294967295
tileMM_SigmaC,320,64,16,192,16,16,0,1,1,4294967295
tileMM_SigmaC,384,96,16,192,16,16,0,1,1,4294967295
tileMM_SigmaC,656,96,16,192,16,16,0,1,1,4294967295
tileMM_SigmaC,688,64,16,192,16,16,0,1,1,4294967295
tileMM_SigmaC,272,288,0,224,16,16,0,1,1,4294967295
tileMM_SigmaC,416,256,0,224,16,16,0,1,1,4294967295
tileMM_SigmaC,544,256,0,224,16,16,0,1,1,4294967295
tileMM_SigmaC,688,288,0,224,16,16,0,1,1,4294967295
tileMM_SigmaC,320,288,48,224,16,16,0,1,1,4294967295
tileMM_SigmaC,464,256,48,224,16,16,0,1,1,4294967295
tileMM_SigmaC,592,256,48,224,16,16,0,1,1,4294967295
tileMM_SigmaC,736,288,48,224,16,16,0,1,1,4294967295
tileMM_SigmaC,288,304,0,192,16,32,0,1,1,4294967295
tileMM_SigmaC,448,272,48,192,16,32,0,1,1,4294967295
tileMM_SigmaC,448,304,48,192,16,32,0,1,1,4294967295
tileMM_SigmaC,576,272,48,192,16,32,0,1,1,4294967295
tileMM_SigmaC,576,304,48,192,16,32,0,1,1,4294967295
tileMM_SigmaC,720,304,48,192,16,32,0,1,1,4294967295
tileMM_SigmaC,432,272,0,192,16,32,0,1,1,4294967295
tileMM_SigmaC,432,304,0,192,16,32,0,1,1,4294967295
tileMM_SigmaC,560,272,0,192,16,32,0,1,1,4294967295
tileMM_SigmaC,560,304,0,192,16,32,0,1,1,4294967295
tileMM_SigmaC,704,304,0,192,16,32,0,1,1,4294967295
tileMM_SigmaC,288,336,0,192,16,16,0,1,1,4294967295
tileMM_SigmaC,432,336,0,192,16,16,0,1,1,4294967295
tileMM_SigmaC,560,336,0,192,16,16,0,1,1,4294967295
tileMM_SigmaC,704,336,0,192,16,16,0,1,1,4294967295
tileMM_SigmaC,304,304,48,192,16,32,0,1,1,4294967295
tileMM_SigmaC,304,336,48,192,16,16,0,1,1,4294967295
tileMM_SigmaC,448,336,48,192,16,16,0,1,1,4294967295
tileMM_SigmaC,576,336,48,192,16,16,0,1,1,4294967295
tileMM_SigmaC,720,336,48,192,16,16,0,1,1,4294967295
tileMM_SigmaC,288,288,16,192,32,16,0,1,1,4294967295
tileMM_SigmaC,432,256,16,192,32,16,0,1,1,4294967295
tileMM_SigmaC,560,256,16,192,32,16,0,1,1,4294967295
tileMM_SigmaC,704,288,16,192,32,16,0,1,1,4294967295
tileMM_SigmaC,256,272,0,160,96,16,0,1,1,4294967295
tileMM_SigmaC,672,272,0,160,96,16,0,1,1,4294967295
tileMM_SigmaC,400,240,0,160,96,16,0,1,1,4294967295
tileMM_SigmaC,528,240,0,160,96,16,0,1,1,4294967295
