oExit,64,256,0039E426,0,1,1,4294967295,0,1
oMarioBreakBlock,1040,208,003A1FE8,0,1,1,4294967295,0,0
oMarioBreakBlock,1056,208,002C910B,0,1,1,4294967295,0,0
oMarioBreakBlock,1040,192,00233DB3,0,1,1,4294967295,0,0
oMarioBreakBlock,1056,192,00398AB0,0,1,1,4294967295,0,0
oMarioBreakBlock,1040,96,00379557,0,1,1,4294967295,0,0
oMarioBreakBlock,1040,112,002058CE,0,1,1,4294967295,0,0
oMarioBreakBlock,1056,112,003F23FC,0,1,1,4294967295,0,0
oMarioBreakBlock,1056,96,002E5F43,0,1,1,4294967295,0,0
oMarioRBblock,3568,64,003CA1FB,0,1,1,4294967295,0,0
oMarioRBblock,3616,224,003E3672,0,1,1,4294967295,0,0
oMarioRBblock,3296,48,0015D210,0,1,1,4294967295,0,0
oMarioRBblock,3152,48,0003547A,0,1,1,4294967295,0,0
oExit,2632,64,000C1002,0,1,1,4294967295,0,1
oMarioQBlock,2448,256,00204C9D,0,1,1,4294967295,0,1
oMarioQBlock,3696,128,001523AE,0,1,1,4294967295,0,1
oMarioQBlock,640,144,00162504,0,1,1,4294967295,0,0
oMarioQBlock,656,144,000D093E,0,1,1,4294967295,0,0
oMarioQBlock,672,144,001D1994,0,1,1,4294967295,0,0
oRedMBlock,2240,176,00022826,0,1,1,4294967295,0,0
oRedMBlock,2256,176,0022C637,0,1,1,4294967295,0,0
oRedMBlock,2272,176,0004EE60,0,1,1,4294967295,0,0
oRedMBlock,2288,176,003A9A62,0,1,1,4294967295,0,0
oRedMBlock,2304,176,003C1581,0,1,1,4294967295,0,0
oRedMBlock,2320,176,0038300A,0,1,1,4294967295,0,0
oRedMBlock,2336,176,00372AFC,0,1,1,4294967295,0,0
oRedMBlock,2352,176,00130B7A,0,1,1,4294967295,0,0
oRedMBlock,2352,192,002EE859,0,1,1,4294967295,0,0
oRedMBlock,2352,208,002984CC,0,1,1,4294967295,0,0
oRedMBlock,2352,224,0038C97B,0,1,1,4294967295,0,0
oRedMBlock,2464,240,000AB12D,0,1,1,4294967295,0,0
oRedMBlock,2464,224,00178714,0,1,1,4294967295,0,0
oRedMBlock,2464,208,001FF89F,0,1,1,4294967295,0,0
oRedMBlock,2464,192,000161AB,0,1,1,4294967295,0,0
oRedMBlock,2464,176,003DE035,0,1,1,4294967295,0,0
oRedMBlock,2352,240,002914BB,0,1,1,4294967295,0,0
oRedMBlock,2352,256,003E40A8,0,1,1,4294967295,0,0
oRedMBlock,2368,256,0003D9C8,0,1,1,4294967295,0,0
oRedMBlock,2384,256,0022CB07,0,1,1,4294967295,0,0
oRedMBlock,2400,256,0014D26F,0,1,1,4294967295,0,0
oRedMBlock,2368,224,00294297,0,1,1,4294967295,0,0
oRedMBlock,2368,240,00089110,0,1,1,4294967295,0,0
oRedMBlock,2384,240,002F83D3,0,1,1,4294967295,0,0
oRedMBlock,2384,224,003E380E,0,1,1,4294967295,0,0
oRedMBlock,2448,304,00287310,0,1,1,4294967295,0,0
oRedMBlock,2464,160,0018965E,0,1,1,4294967295,0,0
oRedMBlock,2464,144,003B710B,0,1,1,4294967295,0,0
oRedMBlock,2464,128,001EFE7F,0,1,1,4294967295,0,0
oRedMBlock,2464,112,00255E4D,0,1,1,4294967295,0,0
oRedMBlock,2416,112,00128AC9,0,1,1,4294967295,0,0
oRedMBlock,2432,112,0018FB62,0,1,1,4294967295,0,0
oRedMBlock,2448,112,002050C1,0,1,1,4294967295,0,0
oRedMBlock,2880,288,0015E191,0,1,1,4294967295,0,0
oRedMBlock,2896,288,0007D89B,0,1,1,4294967295,0,0
oRedMBlock,2912,288,002235A9,0,1,1,4294967295,0,0
oRedMBlock,2928,288,00013A2C,0,1,1,4294967295,0,0
oRedMBlock,3040,288,002167B7,0,1,1,4294967295,0,0
oRedMBlock,3056,288,0001D0A7,0,1,1,4294967295,0,0
oRedMBlock,3072,288,000E6AF2,0,1,1,4294967295,0,0
oRedMBlock,3088,288,003675C4,0,1,1,4294967295,0,0
oRedMBlock,3200,288,0013AEA9,0,1,1,4294967295,0,0
oRedMBlock,3216,288,000EA7C5,0,1,1,4294967295,0,0
oRedMBlock,3232,288,00302C50,0,1,1,4294967295,0,0
oRedMBlock,3248,288,0003A660,0,1,1,4294967295,0,0
oBlueMBlock,2560,288,000232E1,0,1,1,4294967295,0,0
oBlueMBlock,2576,288,0004B20A,0,1,1,4294967295,0,0
oBlueMBlock,2592,288,00012CC5,0,1,1,4294967295,0,0
oBlueMBlock,2608,288,002DBF9A,0,1,1,4294967295,0,0
oBlueMBlock,2720,288,0014F4CE,0,1,1,4294967295,0,0
oBlueMBlock,2736,288,003C4115,0,1,1,4294967295,0,0
oBlueMBlock,2752,288,003DE61F,0,1,1,4294967295,0,0
oBlueMBlock,2768,288,0022502A,0,1,1,4294967295,0,0
oBlueMBlock,2816,224,00367297,0,1,1,4294967295,0,0
oBlueMBlock,2832,224,000B9240,0,1,1,4294967295,0,0
oBlueMBlock,2752,160,00128D95,0,1,1,4294967295,0,0
oBlueMBlock,2768,160,00166651,0,1,1,4294967295,0,0
oBlueMBlock,3360,144,003E7ADB,0,1,1,4294967295,0,0
oBlueMBlock,3440,144,002AA804,0,1,1,4294967295,0,0
oBlueMBlock,3456,144,0000395A,0,1,1,4294967295,0,0
oBlueMBlock,3536,144,001B204F,0,1,1,4294967295,0,0
oBlueMBlock,3440,288,003A704C,0,1,1,4294967295,0,0
oBlueMBlock,3456,288,00242E54,0,1,1,4294967295,0,0
oBlueMBlock,3360,288,0019A45B,0,1,1,4294967295,0,0
oBlueMBlock,3376,288,000335D8,0,1,1,4294967295,0,0
oBlueMBlock,3520,288,00051877,0,1,1,4294967295,0,0
oBlueMBlock,3536,288,001CC569,0,1,1,4294967295,0,0
oRedMBlock,3392,288,0019D285,0,1,1,4294967295,0,0
oRedMBlock,3408,288,00005EA8,0,1,1,4294967295,0,0
oRedMBlock,3424,288,003336A8,0,1,1,4294967295,0,0
oRedMBlock,3472,288,00383418,0,1,1,4294967295,0,0
oRedMBlock,3488,288,001E3B5F,0,1,1,4294967295,0,0
oRedMBlock,3504,288,002D962C,0,1,1,4294967295,0,0
oRedMBlock,3600,144,0023456F,0,1,1,4294967295,0,0
oBlueMBlock,3024,80,003E7162,0,1,1,4294967295,0,0
oBlueMBlock,3008,80,001D5BC8,0,1,1,4294967295,0,0
oBlueMBlock,2992,80,000E62FB,0,1,1,4294967295,0,0
oBlueMBlock,2976,80,001B059A,0,1,1,4294967295,0,0
oBlueMBlock,3040,96,00304939,0,1,1,4294967295,0,0
oBlueMBlock,3056,96,0006D4CA,0,1,1,4294967295,0,0
oBlueMBlock,3072,112,001C7945,0,1,1,4294967295,0,0
oBlueMBlock,3088,112,001DB519,0,1,1,4294967295,0,0
oBlueMBlock,3104,128,0008A590,0,1,1,4294967295,0,0
oBlueMBlock,3120,128,00078287,0,1,1,4294967295,0,0
oBlueMBlock,3200,32,0004BADF,0,1,1,4294967295,0,0
oBlueMBlock,3200,48,0002FB90,0,1,1,4294967295,0,0
oBlueMBlock,3200,64,003B3AA1,0,1,1,4294967295,0,0
oBlueMBlock,3200,80,003BC08B,0,1,1,4294967295,0,0
oBlueMBlock,3200,96,0011D2A6,0,1,1,4294967295,0,0
oBlueMBlock,3200,112,0020CACD,0,1,1,4294967295,0,0
oBlueMBlock,3248,112,000C5CDD,0,1,1,4294967295,0,0
oBlueMBlock,3248,96,002B4165,0,1,1,4294967295,0,0
oBlueMBlock,3248,80,00050248,0,1,1,4294967295,0,0
oBlueMBlock,3248,64,00288D6D,0,1,1,4294967295,0,0
oBlueMBlock,3248,48,0038356D,0,1,1,4294967295,0,0
oBlueMBlock,3248,32,003BE741,0,1,1,4294967295,0,0
oMovingPlatform,1296,288,00398E44,0,1,1,4294967295,0,1
oMovingPlatform,1648,288,002F1038,0,1,1,4294967295,0,1
oMovingPlatform,1744,288,001D683A,0,1,1,4294967295,0,1
oMovingPlatform,2096,288,0010FE16,0,1,1,4294967295,0,1
oMoneyChest,3232,128,00345A16,0,1,1,4294967295,0,1
oThwomp,240,112,001DF61E,0,1,1,4294967295,0,0
oMarioChainBall,848,144,0005FF46,0,1,1,4294967295,0,1
oMarioChainBall,1616,176,0028E3FF,0,1,1,4294967295,0,1
oMarioChainBall,1392,144,001CD38D,0,1,1,4294967295,0,1
oMarioChainBall,1936,176,00249922,0,1,1,4294967295,0,1
oMarioChainBall,1776,144,00243898,0,1,1,4294967295,0,1
oMarioChainBall,2144,176,000CAE56,0,1,1,4294967295,0,1
oMarioChainBall,2144,176,00209B73,0,1,1,4294967295,0,1
oHammerBro,320,288,0008FA18,0,1,1,4294967295,0,0
oFireBro,576,224,00369EBE,0,1,1,4294967295,0,0
oHammerBro,1152,288,00048B67,0,1,1,4294967295,0,0
oFireBro,1056,192,001B8A6D,0,1,1,4294967295,0,0
oFireBro,2272,176,000EC54D,0,1,1,4294967295,0,0
oFireBro,2464,112,0012B274,0,1,1,4294967295,0,0
oFireBro,3008,288,0004DAD6,0,1,1,4294967295,0,0
oFireBro,3296,288,002BCD29,0,1,1,4294967295,0,0
oHammerBro,2704,288,0033CB73,0,1,1,4294967295,0,0
oFireBro,3696,192,00241771,0,1,1,4294967295,0,0
oBoomerBro,432,288,0023CBCA,0,1,1,4294967295,0,0
oBoomerBro,3600,288,0026D042,0,1,1,4294967295,0,0
oBoomerBro,2368,320,0017895C,0,1,1,4294967295,0,0
oPlayer1,96,288,003D7161,0,1,1,4294967295,0,0
oMarioLava,736,304,002FD23E,0,1,1,4294967295,0,1
oMarioLava,1248,304,003888E7,0,1,1,4294967295,0,1
oMarioLava,2560,304,00317504,0,1,1,4294967295,0,1
oMarioLava,2720,304,002DC975,0,1,1,4294967295,0,1
oMarioLava,2880,304,0013D1B1,0,1,1,4294967295,0,1
oMarioLava,3040,304,00011F69,0,1,1,4294967295,0,1
oMarioLava,3200,304,00043EBD,0,1,1,4294967295,0,1
oMarioLava,3360,304,00173E1A,0,1,1,4294967295,0,1
oInvCollPH,16,160,0002D8EE,0,1,1,4294967295,0,0
oInvCollPH,16,176,001C5ACC,0,1,1,4294967295,0,0
oInvCollPH,16,192,00189960,0,1,1,4294967295,0,0
oInvCollPH,16,208,00157E1E,0,1,1,4294967295,0,0
oInvCollPH,16,224,00363388,0,1,1,4294967295,0,0
oInvCollPH,16,240,00030AA1,0,1,1,4294967295,0,0
oInvCollPH,16,256,0009F072,0,1,1,4294967295,0,0
oInvCollPH,16,272,00140924,0,1,1,4294967295,0,0
oInvCollPH,48,288,0018A78C,0,1,1,4294967295,0,0
oInvCollPH,64,288,00162572,0,1,1,4294967295,0,0
oInvCollPH,80,288,0010527B,0,1,1,4294967295,0,0
oInvCollPH,96,288,000369FC,0,1,1,4294967295,0,0
oInvCollPH,112,288,000D6BEC,0,1,1,4294967295,0,0
oInvCollPH,128,288,0022071F,0,1,1,4294967295,0,0
oInvCollPH,144,288,00341014,0,1,1,4294967295,0,0
oInvCollPH,160,288,002C2223,0,1,1,4294967295,0,0
oInvCollPH,176,288,0007611F,0,1,1,4294967295,0,0
oInvCollPH,192,288,00072401,0,1,1,4294967295,0,0
oInvCollPH,208,288,00316F58,0,1,1,4294967295,0,0
oInvCollPH,224,288,002CA902,0,1,1,4294967295,0,0
oInvCollPH,240,288,0001321F,0,1,1,4294967295,0,0
oInvCollPH,256,288,003CA18F,0,1,1,4294967295,0,0
oInvCollPH,272,288,001F88FD,0,1,1,4294967295,0,0
oInvCollPH,288,288,000545A6,0,1,1,4294967295,0,0
oInvCollPH,304,288,002EF6BF,0,1,1,4294967295,0,0
oInvCollPH,320,288,00319EDD,0,1,1,4294967295,0,0
oInvCollPH,336,288,003B8073,0,1,1,4294967295,0,0
oInvCollPH,352,288,001D53A4,0,1,1,4294967295,0,0
oInvCollPH,368,288,001368D4,0,1,1,4294967295,0,0
oInvCollPH,384,288,002A6FD5,0,1,1,4294967295,0,0
oInvCollPH,400,288,000B503A,0,1,1,4294967295,0,0
oInvCollPH,416,288,0000AA50,0,1,1,4294967295,0,0
oInvCollPH,432,288,0037D9DE,0,1,1,4294967295,0,0
oInvCollPH,448,288,0039AEFE,0,1,1,4294967295,0,0
oInvCollPH,464,288,001ED1A0,0,1,1,4294967295,0,0
oInvCollPH,224,80,0028F9CD,0,1,1,4294967295,0,0
oInvCollPH,240,80,000AADA3,0,1,1,4294967295,0,0
oInvCollPH,256,96,00104F06,0,1,1,4294967295,0,0
oInvCollPH,256,112,003B1520,0,1,1,4294967295,0,0
oInvCollPH,256,128,002AB125,0,1,1,4294967295,0,0
oInvCollPH,256,144,00086E04,0,1,1,4294967295,0,0
oInvCollPH,272,144,002C434A,0,1,1,4294967295,0,0
oInvCollPH,288,144,0019EAF4,0,1,1,4294967295,0,0
oInvCollPH,304,144,003C318C,0,1,1,4294967295,0,0
oInvCollPH,320,144,00116A72,0,1,1,4294967295,0,0
oInvCollPH,336,144,00381674,0,1,1,4294967295,0,0
oInvCollPH,336,128,002DC08F,0,1,1,4294967295,0,0
oInvCollPH,32,144,000F9542,0,1,1,4294967295,0,0
oInvCollPH,48,144,002DDDB8,0,1,1,4294967295,0,0
oInvCollPH,64,144,00087C40,0,1,1,4294967295,0,0
oInvCollPH,80,144,002A5103,0,1,1,4294967295,0,0
oInvCollPH,96,144,0013B494,0,1,1,4294967295,0,0
oInvCollPH,112,144,000772F7,0,1,1,4294967295,0,0
oInvCollPH,128,144,002B7827,0,1,1,4294967295,0,0
oInvCollPH,144,144,002A8FD2,0,1,1,4294967295,0,0
oInvCollPH,160,144,0035F1FD,0,1,1,4294967295,0,0
oInvCollPH,176,144,0036A479,0,1,1,4294967295,0,0
oInvCollPH,192,144,000DE333,0,1,1,4294967295,0,0
oInvCollPH,208,144,0011EAE3,0,1,1,4294967295,0,0
oInvCollPH,208,128,0018355E,0,1,1,4294967295,0,0
oInvCollPH,208,112,0008FB3F,0,1,1,4294967295,0,0
oInvCollPH,208,96,00156B00,0,1,1,4294967295,0,0
oInvCollPH,480,288,001F3154,0,1,1,4294967295,0,0
oInvCollPH,496,288,003985C0,0,1,1,4294967295,0,0
oInvCollPH,512,240,00046784,0,1,1,4294967295,0,0
oInvCollPH,512,256,000D8741,0,1,1,4294967295,0,0
oInvCollPH,512,272,003155AB,0,1,1,4294967295,0,0
oInvCollPH,528,224,001BD77F,0,1,1,4294967295,0,0
oInvCollPH,544,224,0028A9AD,0,1,1,4294967295,0,0
oInvCollPH,560,224,00255BDD,0,1,1,4294967295,0,0
oInvCollPH,576,224,0013A5D8,0,1,1,4294967295,0,0
oInvCollPH,592,224,000D7970,0,1,1,4294967295,0,0
oInvCollPH,608,224,0010A26E,0,1,1,4294967295,0,0
oInvCollPH,624,224,0033C927,0,1,1,4294967295,0,0
oInvCollPH,640,224,003E0DC0,0,1,1,4294967295,0,0
oInvCollPH,656,224,001D9B91,0,1,1,4294967295,0,0
oInvCollPH,672,224,0036AADD,0,1,1,4294967295,0,0
oInvCollPH,688,224,0031A8C2,0,1,1,4294967295,0,0
oInvCollPH,704,224,002169BE,0,1,1,4294967295,0,0
oInvCollPH,720,224,00239824,0,1,1,4294967295,0,0
oInvCollPH,720,240,0022047C,0,1,1,4294967295,0,0
oInvCollPH,720,256,0011981F,0,1,1,4294967295,0,0
oInvCollPH,720,272,0031AAC8,0,1,1,4294967295,0,0
oInvCollPH,720,288,0026C2B6,0,1,1,4294967295,0,0
oInvCollPH,720,304,003D0438,0,1,1,4294967295,0,0
oInvCollPH,752,320,001F57AC,0,1,1,4294967295,0,0
oInvCollPH,768,320,0028EAA8,0,1,1,4294967295,0,0
oInvCollPH,784,320,00017405,0,1,1,4294967295,0,0
oInvCollPH,800,320,000C19E9,0,1,1,4294967295,0,0
oInvCollPH,816,320,0025A84A,0,1,1,4294967295,0,0
oInvCollPH,352,112,0028C82D,0,1,1,4294967295,0,0
oInvCollPH,368,112,00203FB2,0,1,1,4294967295,0,0
oInvCollPH,384,112,00342E30,0,1,1,4294967295,0,0
oInvCollPH,400,112,002FE638,0,1,1,4294967295,0,0
oInvCollPH,416,112,000970CC,0,1,1,4294967295,0,0
oInvCollPH,432,112,000B5D82,0,1,1,4294967295,0,0
oInvCollPH,448,112,001B3406,0,1,1,4294967295,0,0
oInvCollPH,464,112,00159A37,0,1,1,4294967295,0,0
oInvCollPH,480,112,0022E013,0,1,1,4294967295,0,0
oInvCollPH,496,112,000E5CE5,0,1,1,4294967295,0,0
oInvCollPH,512,112,0013DB7A,0,1,1,4294967295,0,0
oInvCollPH,528,112,00259B67,0,1,1,4294967295,0,0
oInvCollPH,544,112,002B8BFE,0,1,1,4294967295,0,0
oInvCollPH,560,112,00128883,0,1,1,4294967295,0,0
oInvCollPH,560,96,0012776D,0,1,1,4294967295,0,0
oInvCollPH,560,80,00108CC9,0,1,1,4294967295,0,0
oInvCollPH,560,64,001FE624,0,1,1,4294967295,0,0
oInvCollPH,832,144,001BECAB,0,1,1,4294967295,0,0
oInvCollPH,848,144,0007C9D7,0,1,1,4294967295,0,0
oInvCollPH,848,128,000A22DB,0,1,1,4294967295,0,0
oInvCollPH,1376,144,002E5464,0,1,1,4294967295,0,0
oInvCollPH,1392,144,002175D7,0,1,1,4294967295,0,0
oInvCollPH,1392,128,0006A4BC,0,1,1,4294967295,0,0
oInvCollPH,1600,144,001FB9A5,0,1,1,4294967295,0,0
oInvCollPH,1600,160,00374131,0,1,1,4294967295,0,0
oInvCollPH,1600,176,000C0AB1,0,1,1,4294967295,0,0
oInvCollPH,1616,176,002B55C3,0,1,1,4294967295,0,0
oInvCollPH,1616,160,0019D5B9,0,1,1,4294967295,0,0
oInvCollPH,1616,144,0001850F,0,1,1,4294967295,0,0
oInvCollPH,1616,128,00380774,0,1,1,4294967295,0,0
oInvCollPH,832,272,000B9C95,0,1,1,4294967295,0,0
oInvCollPH,832,288,000BB754,0,1,1,4294967295,0,0
oInvCollPH,832,304,00121615,0,1,1,4294967295,0,0
oInvCollPH,848,256,00217E09,0,1,1,4294967295,0,0
oInvCollPH,864,256,0008CAF1,0,1,1,4294967295,0,0
oInvCollPH,880,256,000242E8,0,1,1,4294967295,0,0
oInvCollPH,896,256,0022A032,0,1,1,4294967295,0,0
oInvCollPH,912,256,003BCEF7,0,1,1,4294967295,0,0
oInvCollPH,928,256,00262FCF,0,1,1,4294967295,0,0
oInvCollPH,944,256,0016A8F1,0,1,1,4294967295,0,0
oInvCollPH,960,256,000B6908,0,1,1,4294967295,0,0
oInvCollPH,976,256,003817F1,0,1,1,4294967295,0,0
oInvCollPH,976,272,001EF6C3,0,1,1,4294967295,0,0
oInvCollPH,1008,288,00370B35,0,1,1,4294967295,0,0
oInvCollPH,1024,288,003C45CE,0,1,1,4294967295,0,0
oInvCollPH,1040,288,001C9665,0,1,1,4294967295,0,0
oInvCollPH,1056,288,0001AC6D,0,1,1,4294967295,0,0
oInvCollPH,1072,288,00088E61,0,1,1,4294967295,0,0
oInvCollPH,1088,288,0031E21C,0,1,1,4294967295,0,0
oInvCollPH,1104,288,00136B9D,0,1,1,4294967295,0,0
oInvCollPH,1120,288,00271B4B,0,1,1,4294967295,0,0
oInvCollPH,1136,288,00172FE9,0,1,1,4294967295,0,0
oInvCollPH,1152,288,002C37EB,0,1,1,4294967295,0,0
oInvCollPH,1168,288,002D2325,0,1,1,4294967295,0,0
oInvCollPH,1184,288,002B1D33,0,1,1,4294967295,0,0
oInvCollPH,1200,288,0011A0C3,0,1,1,4294967295,0,0
oInvCollPH,1216,288,002E9113,0,1,1,4294967295,0,0
oInvCollPH,1232,288,002207F2,0,1,1,4294967295,0,0
oInvCollPH,1232,304,0021FB5C,0,1,1,4294967295,0,0
oInvCollPH,576,48,002AF2D4,0,1,1,4294967295,0,0
oInvCollPH,592,48,002C685F,0,1,1,4294967295,0,0
oInvCollPH,608,48,002E851E,0,1,1,4294967295,0,0
oInvCollPH,624,48,000CE9C4,0,1,1,4294967295,0,0
oInvCollPH,640,48,003F172B,0,1,1,4294967295,0,0
oInvCollPH,656,48,0010B0A2,0,1,1,4294967295,0,0
oInvCollPH,672,48,0032664C,0,1,1,4294967295,0,0
oInvCollPH,688,48,0027849D,0,1,1,4294967295,0,0
oInvCollPH,704,48,003109FE,0,1,1,4294967295,0,0
oInvCollPH,720,48,001F102D,0,1,1,4294967295,0,0
oInvCollPH,1168,48,00114E33,0,1,1,4294967295,0,0
oInvCollPH,1152,48,00333DEB,0,1,1,4294967295,0,0
oInvCollPH,1136,48,000401C5,0,1,1,4294967295,0,0
oInvCollPH,1120,48,003C733E,0,1,1,4294967295,0,0
oInvCollPH,1104,48,001E0956,0,1,1,4294967295,0,0
oInvCollPH,1088,48,003A7E1F,0,1,1,4294967295,0,0
oInvCollPH,1072,48,0002FE57,0,1,1,4294967295,0,0
oInvCollPH,1056,48,00000DF3,0,1,1,4294967295,0,0
oInvCollPH,1040,48,002A2CEC,0,1,1,4294967295,0,0
oInvCollPH,1024,48,000F6AFF,0,1,1,4294967295,0,0
oInvCollPH,928,48,0018C087,0,1,1,4294967295,0,0
oInvCollPH,912,48,003C91D4,0,1,1,4294967295,0,0
oInvCollPH,896,48,002846C1,0,1,1,4294967295,0,0
oInvCollPH,880,48,00203B6B,0,1,1,4294967295,0,0
oInvCollPH,864,48,000D1175,0,1,1,4294967295,0,0
oInvCollPH,832,48,003A24F8,0,1,1,4294967295,0,0
oInvCollPH,848,48,00191342,0,1,1,4294967295,0,0
oInvCollPH,816,48,00041076,0,1,1,4294967295,0,0
oInvCollPH,800,48,0029CDA4,0,1,1,4294967295,0,0
oInvCollPH,784,48,003ACFB1,0,1,1,4294967295,0,0
oInvCollPH,768,48,000F9D17,0,1,1,4294967295,0,0
oInvCollPH,752,48,003D72CA,0,1,1,4294967295,0,0
oInvCollPH,736,48,001843D8,0,1,1,4294967295,0,0
oInvCollPH,944,48,001E2718,0,1,1,4294967295,0,0
oInvCollPH,960,48,00271CD5,0,1,1,4294967295,0,0
oInvCollPH,976,48,0031A4FB,0,1,1,4294967295,0,0
oInvCollPH,992,48,001E89FD,0,1,1,4294967295,0,0
oInvCollPH,1008,48,0019D9D8,0,1,1,4294967295,0,0
oInvCollPH,1264,320,0015399F,0,1,1,4294967295,0,0
oInvCollPH,1280,320,003492D9,0,1,1,4294967295,0,0
oInvCollPH,1296,320,002AAF26,0,1,1,4294967295,0,0
oInvCollPH,1312,320,00023294,0,1,1,4294967295,0,0
oInvCollPH,1328,320,00159AD5,0,1,1,4294967295,0,0
oInvCollPH,1344,320,0007DB19,0,1,1,4294967295,0,0
oInvCollPH,1360,320,0032B994,0,1,1,4294967295,0,0
oInvCollPH,1376,320,0034FCD3,0,1,1,4294967295,0,0
oInvCollPH,1392,320,00367B02,0,1,1,4294967295,0,0
oInvCollPH,1408,320,000AE97D,0,1,1,4294967295,0,0
oInvCollPH,1424,320,003A9054,0,1,1,4294967295,0,0
oInvCollPH,1440,320,00012CA3,0,1,1,4294967295,0,0
oInvCollPH,1456,320,002397A9,0,1,1,4294967295,0,0
oInvCollPH,1472,320,001D8F87,0,1,1,4294967295,0,0
oInvCollPH,1488,320,0022F795,0,1,1,4294967295,0,0
oInvCollPH,1504,320,00017DA3,0,1,1,4294967295,0,0
oInvCollPH,1520,320,001B3D8E,0,1,1,4294967295,0,0
oInvCollPH,1536,320,001068D4,0,1,1,4294967295,0,0
oInvCollPH,1552,320,0035AFEA,0,1,1,4294967295,0,0
oInvCollPH,1568,320,001FCABE,0,1,1,4294967295,0,0
oInvCollPH,1584,320,00050FA1,0,1,1,4294967295,0,0
oInvCollPH,1600,320,000840F5,0,1,1,4294967295,0,0
oInvCollPH,1616,320,002F36AB,0,1,1,4294967295,0,0
oInvCollPH,1632,320,0017BEF0,0,1,1,4294967295,0,0
oInvCollPH,1648,320,00398071,0,1,1,4294967295,0,0
oInvCollPH,1664,320,000A99A4,0,1,1,4294967295,0,0
oInvCollPH,1680,320,001CE0AA,0,1,1,4294967295,0,0
oInvCollPH,1696,320,001534E0,0,1,1,4294967295,0,0
oInvCollPH,1712,320,0010A170,0,1,1,4294967295,0,0
oInvCollPH,1728,320,003C0754,0,1,1,4294967295,0,0
oInvCollPH,1744,320,002F1A2A,0,1,1,4294967295,0,0
oInvCollPH,1760,320,001BCBE7,0,1,1,4294967295,0,0
oInvCollPH,1776,320,0029E900,0,1,1,4294967295,0,0
oInvCollPH,1792,320,00258803,0,1,1,4294967295,0,0
oInvCollPH,1808,320,003394A4,0,1,1,4294967295,0,0
oInvCollPH,1824,320,0038EEDA,0,1,1,4294967295,0,0
oInvCollPH,1840,320,001EABFC,0,1,1,4294967295,0,0
oInvCollPH,1856,320,002B5C47,0,1,1,4294967295,0,0
oInvCollPH,1872,320,003C13CB,0,1,1,4294967295,0,0
oInvCollPH,1888,320,000DAF4A,0,1,1,4294967295,0,0
oInvCollPH,1904,320,0033DC74,0,1,1,4294967295,0,0
oInvCollPH,1920,320,0026BEB8,0,1,1,4294967295,0,0
oInvCollPH,1936,320,0002223D,0,1,1,4294967295,0,0
oInvCollPH,1952,320,00121D1C,0,1,1,4294967295,0,0
oInvCollPH,1968,320,001E5492,0,1,1,4294967295,0,0
oInvCollPH,1984,320,002F1B5E,0,1,1,4294967295,0,0
oInvCollPH,2000,320,002E3158,0,1,1,4294967295,0,0
oInvCollPH,2016,320,003C44C5,0,1,1,4294967295,0,0
oInvCollPH,2032,320,000A77A3,0,1,1,4294967295,0,0
oInvCollPH,2048,320,0025F52F,0,1,1,4294967295,0,0
oInvCollPH,2064,320,002F342B,0,1,1,4294967295,0,0
oInvCollPH,2080,320,000E4E0B,0,1,1,4294967295,0,0
oInvCollPH,2096,320,001DF044,0,1,1,4294967295,0,0
oInvCollPH,2112,320,002EE2E1,0,1,1,4294967295,0,0
oInvCollPH,2128,320,002E1F87,0,1,1,4294967295,0,0
oInvCollPH,2144,320,001ACC16,0,1,1,4294967295,0,0
oInvCollPH,2160,320,00004635,0,1,1,4294967295,0,0
oInvCollPH,2176,320,00085B77,0,1,1,4294967295,0,0
oInvCollPH,2192,320,00288D30,0,1,1,4294967295,0,0
oInvCollPH,1920,176,0018C7C3,0,1,1,4294967295,0,0
oInvCollPH,1936,176,0007182F,0,1,1,4294967295,0,0
oInvCollPH,1936,160,000F6EE0,0,1,1,4294967295,0,0
oInvCollPH,1760,144,0019DCC2,0,1,1,4294967295,0,0
oInvCollPH,1776,144,003E00D4,0,1,1,4294967295,0,0
oInvCollPH,1776,128,002CAEDC,0,1,1,4294967295,0,0
oInvCollPH,2048,176,00010985,0,1,1,4294967295,0,0
oInvCollPH,2064,176,0024A4E2,0,1,1,4294967295,0,0
oInvCollPH,2080,176,0017F3F2,0,1,1,4294967295,0,0
oInvCollPH,2096,176,000F8758,0,1,1,4294967295,0,0
oInvCollPH,2112,176,0024F8C0,0,1,1,4294967295,0,0
oInvCollPH,2128,176,003EE8D0,0,1,1,4294967295,0,0
oInvCollPH,2144,176,003897D5,0,1,1,4294967295,0,0
oInvCollPH,2160,176,0005E17D,0,1,1,4294967295,0,0
oInvCollPH,2176,176,00145424,0,1,1,4294967295,0,0
oInvCollPH,2192,176,0034FEA1,0,1,1,4294967295,0,0
oInvCollPH,2208,176,000E64AF,0,1,1,4294967295,0,0
oInvCollPH,2224,176,001CCC58,0,1,1,4294967295,0,0
oInvCollPH,2224,160,0027ED26,0,1,1,4294967295,0,0
oInvCollPH,1184,64,00264D5D,0,1,1,4294967295,0,0
oInvCollPH,1184,80,001FD082,0,1,1,4294967295,0,0
oInvCollPH,1184,96,00313D1E,0,1,1,4294967295,0,0
oInvCollPH,1184,112,001FB5CD,0,1,1,4294967295,0,0
oInvCollPH,1200,112,002D6E01,0,1,1,4294967295,0,0
oInvCollPH,1216,112,001FB9EB,0,1,1,4294967295,0,0
oInvCollPH,1232,112,001D0C5E,0,1,1,4294967295,0,0
oInvCollPH,1248,112,002FE3DB,0,1,1,4294967295,0,0
oInvCollPH,1264,112,0037D17D,0,1,1,4294967295,0,0
oInvCollPH,1280,112,0031F108,0,1,1,4294967295,0,0
oInvCollPH,1296,112,0002E5AD,0,1,1,4294967295,0,0
oInvCollPH,1312,112,002603A1,0,1,1,4294967295,0,0
oInvCollPH,1328,112,002000FD,0,1,1,4294967295,0,0
oInvCollPH,1344,112,00391FE0,0,1,1,4294967295,0,0
oInvCollPH,1360,112,0013710A,0,1,1,4294967295,0,0
oInvCollPH,1408,112,0030EE07,0,1,1,4294967295,0,0
oInvCollPH,1424,112,002D9FA8,0,1,1,4294967295,0,0
oInvCollPH,1440,112,00205B6F,0,1,1,4294967295,0,0
oInvCollPH,1456,112,00372DC9,0,1,1,4294967295,0,0
oInvCollPH,1472,112,001F1782,0,1,1,4294967295,0,0
oInvCollPH,1488,112,002C297F,0,1,1,4294967295,0,0
oInvCollPH,1504,112,001E3D79,0,1,1,4294967295,0,0
oInvCollPH,1520,112,001888D5,0,1,1,4294967295,0,0
oInvCollPH,1536,112,003DBFFF,0,1,1,4294967295,0,0
oInvCollPH,1552,112,001ECEF4,0,1,1,4294967295,0,0
oInvCollPH,1568,112,003FC0E6,0,1,1,4294967295,0,0
oInvCollPH,1584,112,0019C9F6,0,1,1,4294967295,0,0
oInvCollPH,1632,112,000BC653,0,1,1,4294967295,0,0
oInvCollPH,1648,112,0021B59E,0,1,1,4294967295,0,0
oInvCollPH,1664,112,001ADA71,0,1,1,4294967295,0,0
oInvCollPH,1680,112,000E5263,0,1,1,4294967295,0,0
oInvCollPH,1696,112,000D0876,0,1,1,4294967295,0,0
oInvCollPH,1712,112,001C54A4,0,1,1,4294967295,0,0
oInvCollPH,1728,112,001968BB,0,1,1,4294967295,0,0
oInvCollPH,1744,112,00271F88,0,1,1,4294967295,0,0
oInvCollPH,1792,112,000DDABE,0,1,1,4294967295,0,0
oInvCollPH,1808,112,0038FD09,0,1,1,4294967295,0,0
oInvCollPH,1824,112,0016B7F5,0,1,1,4294967295,0,0
oInvCollPH,1840,112,00091163,0,1,1,4294967295,0,0
oInvCollPH,1856,128,00047A50,0,1,1,4294967295,0,0
oInvCollPH,1856,144,002253C1,0,1,1,4294967295,0,0
oInvCollPH,1872,144,0023FBFD,0,1,1,4294967295,0,0
oInvCollPH,1888,144,001C7BB5,0,1,1,4294967295,0,0
oInvCollPH,1904,144,00038505,0,1,1,4294967295,0,0
oInvCollPH,1952,144,001D2F01,0,1,1,4294967295,0,0
oInvCollPH,1968,144,000EF80B,0,1,1,4294967295,0,0
oInvCollPH,1984,144,002B86B0,0,1,1,4294967295,0,0
oInvCollPH,2000,144,000555B9,0,1,1,4294967295,0,0
oInvCollPH,2016,144,001D8320,0,1,1,4294967295,0,0
oInvCollPH,2032,144,001C8DC1,0,1,1,4294967295,0,0
oInvCollPH,2224,144,003FE129,0,1,1,4294967295,0,0
oInvCollPH,2224,128,0027EE19,0,1,1,4294967295,0,0
oInvCollPH,2224,112,000CF43F,0,1,1,4294967295,0,0
oInvCollPH,2224,96,00331DE9,0,1,1,4294967295,0,0
oInvCollPH,2224,80,0036D344,0,1,1,4294967295,0,0
oInvCollPH,2224,64,003F333E,0,1,1,4294967295,0,0
oInvCollPH,2240,48,0004A9D0,0,1,1,4294967295,0,0
oInvCollPH,2256,48,0006989F,0,1,1,4294967295,0,0
oInvCollPH,2272,48,0018FB49,0,1,1,4294967295,0,0
oInvCollPH,2288,48,0036210D,0,1,1,4294967295,0,0
oInvCollPH,2304,48,000CE9C0,0,1,1,4294967295,0,0
oInvCollPH,2320,48,002517DD,0,1,1,4294967295,0,0
oInvCollPH,2320,32,000F6C81,0,1,1,4294967295,0,0
oInvCollPH,2624,112,000495DC,0,1,1,4294967295,0,0
oInvCollPH,2640,112,000631EE,0,1,1,4294967295,0,0
oInvCollPH,2656,112,000EBE17,0,1,1,4294967295,0,0
oInvCollPH,2672,112,00216046,0,1,1,4294967295,0,0
oInvCollPH,2688,112,0011A719,0,1,1,4294967295,0,0
oInvCollPH,2704,112,002F50B8,0,1,1,4294967295,0,0
oInvCollPH,2704,96,001F675E,0,1,1,4294967295,0,0
oInvCollPH,2688,96,00360303,0,1,1,4294967295,0,0
oInvCollPH,2672,96,00276D2C,0,1,1,4294967295,0,0
oInvCollPH,2656,96,0008FACB,0,1,1,4294967295,0,0
oInvCollPH,2640,96,00111EDE,0,1,1,4294967295,0,0
oInvCollPH,2464,272,002521CE,0,1,1,4294967295,0,0
oInvCollPH,2480,272,0032E075,0,1,1,4294967295,0,0
oInvCollPH,2480,256,002EFDDB,0,1,1,4294967295,0,0
oInvCollPH,2208,304,003D33EE,0,1,1,4294967295,0,0
oInvCollPH,2224,288,00321E88,0,1,1,4294967295,0,0
oInvCollPH,2240,288,0013BA9A,0,1,1,4294967295,0,0
oInvCollPH,2256,288,00021890,0,1,1,4294967295,0,0
oInvCollPH,2272,288,0004B299,0,1,1,4294967295,0,0
oInvCollPH,2288,288,001A1D2B,0,1,1,4294967295,0,0
oInvCollPH,2288,304,00152426,0,1,1,4294967295,0,0
oInvCollPH,2320,320,001F7DCE,0,1,1,4294967295,0,0
oInvCollPH,2336,320,0026CDFA,0,1,1,4294967295,0,0
oInvCollPH,2352,320,00345052,0,1,1,4294967295,0,0
oInvCollPH,2368,320,00341C85,0,1,1,4294967295,0,0
oInvCollPH,2384,320,001E6299,0,1,1,4294967295,0,0
oInvCollPH,2400,320,000A3886,0,1,1,4294967295,0,0
oInvCollPH,2416,320,002A66E3,0,1,1,4294967295,0,0
oInvCollPH,2432,320,002CCFEA,0,1,1,4294967295,0,0
oInvCollPH,2448,320,00303140,0,1,1,4294967295,0,0
oInvCollPH,2464,304,0023C083,0,1,1,4294967295,0,0
oInvCollPH,2496,288,00298B3A,0,1,1,4294967295,0,0
oInvCollPH,2512,288,00159B2E,0,1,1,4294967295,0,0
oInvCollPH,2528,288,003F411E,0,1,1,4294967295,0,0
oInvCollPH,2544,288,001EC117,0,1,1,4294967295,0,0
oInvCollPH,2624,304,00321986,0,1,1,4294967295,0,0
oInvCollPH,2640,288,001D2951,0,1,1,4294967295,0,0
oInvCollPH,2656,288,0002F007,0,1,1,4294967295,0,0
oInvCollPH,2672,288,000E85E9,0,1,1,4294967295,0,0
oInvCollPH,2688,288,0003D4C1,0,1,1,4294967295,0,0
oInvCollPH,2704,288,001365BD,0,1,1,4294967295,0,0
oInvCollPH,2704,304,000C20B0,0,1,1,4294967295,0,0
oInvCollPH,2784,304,0032A792,0,1,1,4294967295,0,0
oInvCollPH,2800,288,003235CB,0,1,1,4294967295,0,0
oInvCollPH,2816,288,0035E738,0,1,1,4294967295,0,0
oInvCollPH,2832,288,00190026,0,1,1,4294967295,0,0
oInvCollPH,2848,288,002E5AD6,0,1,1,4294967295,0,0
oInvCollPH,2864,288,00373061,0,1,1,4294967295,0,0
oInvCollPH,2864,304,00033788,0,1,1,4294967295,0,0
oInvCollPH,2944,304,00191AD1,0,1,1,4294967295,0,0
oInvCollPH,2960,288,00246C52,0,1,1,4294967295,0,0
oInvCollPH,2976,288,0036E5D9,0,1,1,4294967295,0,0
oInvCollPH,2992,288,0031AB3B,0,1,1,4294967295,0,0
oInvCollPH,3008,288,00107F4B,0,1,1,4294967295,0,0
oInvCollPH,3024,288,0032FBFF,0,1,1,4294967295,0,0
oInvCollPH,3024,304,00283FEC,0,1,1,4294967295,0,0
oInvCollPH,3200,144,002846FB,0,1,1,4294967295,0,0
oInvCollPH,3216,144,001E58BB,0,1,1,4294967295,0,0
oInvCollPH,3232,144,001FFF10,0,1,1,4294967295,0,0
oInvCollPH,3248,144,0031B328,0,1,1,4294967295,0,0
oInvCollPH,3248,128,003B04C8,0,1,1,4294967295,0,0
oInvCollPH,3232,128,003986A4,0,1,1,4294967295,0,0
oInvCollPH,3216,128,00168206,0,1,1,4294967295,0,0
oInvCollPH,3104,304,0012C21C,0,1,1,4294967295,0,0
oInvCollPH,3120,288,0027FB86,0,1,1,4294967295,0,0
oInvCollPH,3136,288,0006A11A,0,1,1,4294967295,0,0
oInvCollPH,3152,288,002112B7,0,1,1,4294967295,0,0
oInvCollPH,3168,288,0007F697,0,1,1,4294967295,0,0
oInvCollPH,3184,288,003382E5,0,1,1,4294967295,0,0
oInvCollPH,3184,304,003C08D4,0,1,1,4294967295,0,0
oInvCollPH,3264,304,002246F2,0,1,1,4294967295,0,0
oInvCollPH,3280,288,0020EF1E,0,1,1,4294967295,0,0
oInvCollPH,3296,288,0004E57C,0,1,1,4294967295,0,0
oInvCollPH,3312,288,0010DD70,0,1,1,4294967295,0,0
oInvCollPH,3328,288,001A28F3,0,1,1,4294967295,0,0
oInvCollPH,3344,288,0015CA74,0,1,1,4294967295,0,0
oInvCollPH,3344,304,004030D9,0,1,1,4294967295,0,0
oInvCollPH,3568,288,00144B8C,0,1,1,4294967295,0,0
oInvCollPH,3584,288,0016D535,0,1,1,4294967295,0,0
oInvCollPH,3600,288,00379EC1,0,1,1,4294967295,0,0
oInvCollPH,3616,288,001C9BB5,0,1,1,4294967295,0,0
oInvCollPH,3648,224,0004971C,0,1,1,4294967295,0,0
oInvCollPH,3552,304,003FC60E,0,1,1,4294967295,0,0
oInvCollPH,2560,320,002340F9,0,1,1,4294967295,0,0
oInvCollPH,2576,320,0018B0E8,0,1,1,4294967295,0,0
oInvCollPH,2592,320,002258BE,0,1,1,4294967295,0,0
oInvCollPH,2608,320,0039F4D9,0,1,1,4294967295,0,0
oInvCollPH,2720,320,0036F091,0,1,1,4294967295,0,0
oInvCollPH,2736,320,00287EE7,0,1,1,4294967295,0,0
oInvCollPH,2752,320,003C809D,0,1,1,4294967295,0,0
oInvCollPH,2768,320,003666B0,0,1,1,4294967295,0,0
oInvCollPH,2880,320,000F831C,0,1,1,4294967295,0,0
oInvCollPH,2896,320,001C5154,0,1,1,4294967295,0,0
oInvCollPH,2912,320,000C1FD1,0,1,1,4294967295,0,0
oInvCollPH,2928,320,00061420,0,1,1,4294967295,0,0
oInvCollPH,3360,320,002EE67E,0,1,1,4294967295,0,0
oInvCollPH,3376,320,00047748,0,1,1,4294967295,0,0
oInvCollPH,3392,320,000200A7,0,1,1,4294967295,0,0
oInvCollPH,3408,320,002693C7,0,1,1,4294967295,0,0
oInvCollPH,3424,320,002F9A4E,0,1,1,4294967295,0,0
oInvCollPH,3440,320,0028A0AC,0,1,1,4294967295,0,0
oInvCollPH,3456,320,00367A16,0,1,1,4294967295,0,0
oInvCollPH,3472,320,000134B6,0,1,1,4294967295,0,0
oInvCollPH,3488,320,000762BD,0,1,1,4294967295,0,0
oInvCollPH,3504,320,00396F02,0,1,1,4294967295,0,0
oInvCollPH,3520,320,00014EA1,0,1,1,4294967295,0,0
oInvCollPH,3536,320,003328EB,0,1,1,4294967295,0,0
oInvCollPH,3200,320,001F7E95,0,1,1,4294967295,0,0
oInvCollPH,3216,320,0035FC63,0,1,1,4294967295,0,0
oInvCollPH,3232,320,000EA1B4,0,1,1,4294967295,0,0
oInvCollPH,3248,320,00341593,0,1,1,4294967295,0,0
oInvCollPH,3040,320,001D36E8,0,1,1,4294967295,0,0
oInvCollPH,3056,320,0009043C,0,1,1,4294967295,0,0
oInvCollPH,3072,320,000C537C,0,1,1,4294967295,0,0
oInvCollPH,3088,320,0013C318,0,1,1,4294967295,0,0
oInvCollPH,2560,48,0009E42C,0,1,1,4294967295,0,0
oInvCollPH,2560,64,00374CD7,0,1,1,4294967295,0,0
oInvCollPH,2560,80,002BF251,0,1,1,4294967295,0,0
oInvCollPH,2560,96,0006EBA6,0,1,1,4294967295,0,0
oInvCollPH,2560,112,00112FED,0,1,1,4294967295,0,0
oInvCollPH,2576,112,000249FC,0,1,1,4294967295,0,0
oInvCollPH,2592,112,003544E1,0,1,1,4294967295,0,0
oInvCollPH,2608,112,0014BE2F,0,1,1,4294967295,0,0
oInvCollPH,2608,80,002205CA,0,1,1,4294967295,0,0
oInvCollPH,2608,64,003E0D81,0,1,1,4294967295,0,0
oInvCollPH,2608,48,0000B5BA,0,1,1,4294967295,0,0
oInvCollPH,2608,32,0004389F,0,1,1,4294967295,0,0
oInvCollPH,3712,80,000DE15E,0,1,1,4294967295,0,0
oInvCollPH,3712,96,0015832D,0,1,1,4294967295,0,0
oInvCollPH,3712,112,003B60ED,0,1,1,4294967295,0,0
oInvCollPH,3712,128,00391D45,0,1,1,4294967295,0,0
oInvCollPH,3712,144,00116190,0,1,1,4294967295,0,0
oInvCollPH,3712,160,0021CA3A,0,1,1,4294967295,0,0
oInvCollPH,3712,176,00241156,0,1,1,4294967295,0,0
oInvCollPH,3616,32,003BDE6C,0,1,1,4294967295,0,0
oInvCollPH,3616,48,003F6D8D,0,1,1,4294967295,0,0
oInvCollPH,3632,48,002EAEF8,0,1,1,4294967295,0,0
oInvCollPH,3648,48,000CDF25,0,1,1,4294967295,0,0
oInvCollPH,3664,48,00012AA4,0,1,1,4294967295,0,0
oInvCollPH,3680,48,001B5E3E,0,1,1,4294967295,0,0
oInvCollPH,3696,48,002CBFC5,0,1,1,4294967295,0,0
oInvCollPH,3664,208,002AFFA4,0,1,1,4294967295,0,0
oInvCollPH,3696,192,000BC17C,0,1,1,4294967295,0,0
oInvCollPH,3680,192,003F402B,0,1,1,4294967295,0,0
oInvCollPH,3632,240,0013428C,0,1,1,4294967295,0,0
oInvCollPH,3632,256,001CB010,0,1,1,4294967295,0,0
oInvCollPH,3632,272,001735F3,0,1,1,4294967295,0,0
oInvCollPH,2336,16,0032A58F,0,1,1,4294967295,0,0
oInvCollPH,2352,16,000A8AFE,0,1,1,4294967295,0,0
oInvCollPH,2368,16,00194BB6,0,1,1,4294967295,0,0
oInvCollPH,2384,16,000ED0D0,0,1,1,4294967295,0,0
oInvCollPH,2400,16,0035B14E,0,1,1,4294967295,0,0
oInvCollPH,2416,16,0004BE6D,0,1,1,4294967295,0,0
oInvCollPH,2432,16,000A5D70,0,1,1,4294967295,0,0
oInvCollPH,2448,16,001BFFB3,0,1,1,4294967295,0,0
oInvCollPH,2464,16,00038FCF,0,1,1,4294967295,0,0
oInvCollPH,2480,16,003DA963,0,1,1,4294967295,0,0
oInvCollPH,2496,16,0024AD4E,0,1,1,4294967295,0,0
oInvCollPH,2512,16,002BBB64,0,1,1,4294967295,0,0
oInvCollPH,2528,16,002DA533,0,1,1,4294967295,0,0
oInvCollPH,2544,16,0025E1D4,0,1,1,4294967295,0,0
oInvCollPH,2624,16,00211578,0,1,1,4294967295,0,0
oInvCollPH,2640,16,001B38A4,0,1,1,4294967295,0,0
oInvCollPH,2656,16,0033E87B,0,1,1,4294967295,0,0
oInvCollPH,2672,16,0015127E,0,1,1,4294967295,0,0
oInvCollPH,2688,16,000B6BF6,0,1,1,4294967295,0,0
oInvCollPH,2704,16,000A5319,0,1,1,4294967295,0,0
oInvCollPH,2720,16,001CF5A1,0,1,1,4294967295,0,0
oInvCollPH,2736,16,00242A34,0,1,1,4294967295,0,0
oInvCollPH,2752,16,0027B7C9,0,1,1,4294967295,0,0
oInvCollPH,2768,16,0021EC0A,0,1,1,4294967295,0,0
oInvCollPH,2784,16,0012B9D2,0,1,1,4294967295,0,0
oInvCollPH,2800,16,002AE022,0,1,1,4294967295,0,0
oInvCollPH,2816,16,0000C6AF,0,1,1,4294967295,0,0
oInvCollPH,2832,16,002DA750,0,1,1,4294967295,0,0
oInvCollPH,2848,16,00211588,0,1,1,4294967295,0,0
oInvCollPH,2864,16,0026BDAE,0,1,1,4294967295,0,0
oInvCollPH,2880,16,0006EEB4,0,1,1,4294967295,0,0
oInvCollPH,2896,16,003959EE,0,1,1,4294967295,0,0
oInvCollPH,2912,16,00015CFD,0,1,1,4294967295,0,0
oInvCollPH,2928,16,0021A91A,0,1,1,4294967295,0,0
oInvCollPH,2944,16,002BC3D6,0,1,1,4294967295,0,0
oInvCollPH,2960,16,002EEB9D,0,1,1,4294967295,0,0
oInvCollPH,2976,16,002F17D0,0,1,1,4294967295,0,0
oInvCollPH,2992,16,003FABDE,0,1,1,4294967295,0,0
oInvCollPH,3008,16,00056A53,0,1,1,4294967295,0,0
oInvCollPH,3024,16,000C497B,0,1,1,4294967295,0,0
oInvCollPH,3040,16,002A13A1,0,1,1,4294967295,0,0
oInvCollPH,3056,16,003A177B,0,1,1,4294967295,0,0
oInvCollPH,3072,16,001FE307,0,1,1,4294967295,0,0
oInvCollPH,3088,16,00383819,0,1,1,4294967295,0,0
oInvCollPH,3104,16,00217AD5,0,1,1,4294967295,0,0
oInvCollPH,3120,16,00077252,0,1,1,4294967295,0,0
oInvCollPH,3136,16,0008F6E0,0,1,1,4294967295,0,0
oInvCollPH,3152,16,0039CCEB,0,1,1,4294967295,0,0
oInvCollPH,3168,16,00099F6F,0,1,1,4294967295,0,0
oInvCollPH,3184,16,00083EDC,0,1,1,4294967295,0,0
oInvCollPH,3200,16,000F361E,0,1,1,4294967295,0,0
oInvCollPH,3216,16,00020E59,0,1,1,4294967295,0,0
oInvCollPH,3232,16,001A1EFC,0,1,1,4294967295,0,0
oInvCollPH,3248,16,000ABF40,0,1,1,4294967295,0,0
oInvCollPH,3264,16,000AE098,0,1,1,4294967295,0,0
oInvCollPH,3280,16,000BDE58,0,1,1,4294967295,0,0
oInvCollPH,3296,16,0027B1CD,0,1,1,4294967295,0,0
oInvCollPH,3312,16,001D6A95,0,1,1,4294967295,0,0
oInvCollPH,3328,16,003180C6,0,1,1,4294967295,0,0
oInvCollPH,3344,16,00341B75,0,1,1,4294967295,0,0
oInvCollPH,3360,16,000FB9EF,0,1,1,4294967295,0,0
oInvCollPH,3376,16,0001C26B,0,1,1,4294967295,0,0
oInvCollPH,3392,16,00221ACC,0,1,1,4294967295,0,0
oInvCollPH,3408,16,00386939,0,1,1,4294967295,0,0
oInvCollPH,3424,16,001BD937,0,1,1,4294967295,0,0
oInvCollPH,3440,16,003941BC,0,1,1,4294967295,0,0
oInvCollPH,3456,16,002D6992,0,1,1,4294967295,0,0
oInvCollPH,3472,16,0015A481,0,1,1,4294967295,0,0
oInvCollPH,3488,16,00030BFF,0,1,1,4294967295,0,0
oInvCollPH,3504,16,002A5E2F,0,1,1,4294967295,0,0
oInvCollPH,3520,16,0023E889,0,1,1,4294967295,0,0
oInvCollPH,3536,16,0010C864,0,1,1,4294967295,0,0
oInvCollPH,3552,16,00032A15,0,1,1,4294967295,0,0
oInvCollPH,3568,16,0038408D,0,1,1,4294967295,0,0
oInvCollPH,3584,16,000D8F93,0,1,1,4294967295,0,0
oInvCollPH,3600,16,0004D297,0,1,1,4294967295,0,0
oInvisibleSolid,0,160,00155ABE,0,1,1,4294967295,0,1
oInvisibleSolid,0,0,0027AD4A,0,1,1,4294967295,0,1
oInvisibleSolid,32,288,00376121,0,1,1,4294967295,0,1
oInvisibleSolid,224,0,002314E7,0,1,1,4294967295,0,1
oInvisibleSolid,256,0,0017AA13,0,1,1,4294967295,0,1
oInvisibleSolid,352,0,000B0EC3,0,1,1,4294967295,0,1
oInvisibleSolid,512,224,00153A09,0,1,1,4294967295,0,1
oInvisibleSolid,576,0,001D91F5,0,1,1,4294967295,0,1
oInvisibleSolid,736,320,0011CCB3,0,1,1,4294967295,0,1
oInvisibleSolid,832,256,0034B8EB,0,1,1,4294967295,0,1
oInvisibleSolid,832,128,000B6EDD,0,1,1,4294967295,0,1
oInvisibleSolid,992,288,000A1579,0,1,1,4294967295,0,1
oInvisibleSolid,1184,0,000B784E,0,1,1,4294967295,0,1
oInvisibleSolid,1376,128,00023405,0,1,1,4294967295,0,1
oInvisibleSolid,1600,128,0038A107,0,1,1,4294967295,0,1
oInvisibleSolid,1248,320,0015CA0F,0,1,1,4294967295,0,1
oInvisibleSolid,2208,288,003C2FF5,0,1,1,4294967295,0,1
oInvisibleSolid,1760,128,0028BFF7,0,1,1,4294967295,0,1
oInvisibleSolid,1856,0,0033338C,0,1,1,4294967295,0,1
oInvisibleSolid,1920,160,00359B65,0,1,1,4294967295,0,1
oInvisibleSolid,2048,160,0029EFCA,0,1,1,4294967295,0,1
oInvisibleSolid,2240,0,002CC3FC,0,1,1,4294967295,0,1
oInvisibleSolid,2304,320,0039EDD0,0,1,1,4294967295,0,1
oInvisibleSolid,2464,256,000EA6FB,0,1,1,4294967295,0,1
oInvisibleSolid,2464,288,002187BF,0,1,1,4294967295,0,1
oInvisibleSolid,2624,288,001142D4,0,1,1,4294967295,0,1
oInvisibleSolid,2784,288,0022A9BE,0,1,1,4294967295,0,1
oInvisibleSolid,2944,288,0022E671,0,1,1,4294967295,0,1
oInvisibleSolid,2560,32,003A492C,0,1,1,4294967295,0,1
oInvisibleSolid,2336,0,000B687D,0,1,1,4294967295,0,1
oInvisibleSolid,2624,96,002AAB2A,0,1,1,4294967295,0,1
oInvisibleSolid,3104,288,00186EFA,0,1,1,4294967295,0,1
oInvisibleSolid,3200,128,002FB311,0,1,1,4294967295,0,1
oInvisibleSolid,3616,0,001F4E8E,0,1,1,4294967295,0,1
oInvisibleSolid,3712,64,0013A1A4,0,1,1,4294967295,0,1
oInvisibleSolid,3664,192,000CE6F1,0,1,1,4294967295,0,1
oInvisibleSolid,3632,224,002836C6,0,1,1,4294967295,0,1
oInvisibleSolid,3552,288,001977EE,0,1,1,4294967295,0,1
oInvisibleSolid,3264,288,00103F55,0,1,1,4294967295,0,1
