oExit,952,16,001A91DA,0,1,1,4294967295,0,1
oExit,0,232,00328672,0,1,1,4294967295,0,1
oExit,1904,224,002E5D45,0,1,1,4294967295,0,1
oUseElevator,960,128,000B55EF,0,1,1,4294967295,0,1
oFirebird,512,272,002C6D8B,0,1,1,4294967295,0,0
oDoomknocker,1504,272,001C717F,0,1,1,4294967295,0,0
oPlayer1,1008,304,000F0CBB,0,1,1,4294967295,0,0
oInvCollPH,880,224,00172EFF,0,1,1,4294967295,0,0
oInvCollPH,896,224,00035A96,0,1,1,4294967295,0,0
oInvCollPH,912,224,0008F008,0,1,1,4294967295,0,0
oInvCollPH,928,224,002985ED,0,1,1,4294967295,0,0
oInvCollPH,928,208,001B3D0E,0,1,1,4294967295,0,0
oInvCollPH,976,224,000B7F39,0,1,1,4294967295,0,0
oInvCollPH,992,224,0032B3B0,0,1,1,4294967295,0,0
oInvCollPH,1008,224,0031E120,0,1,1,4294967295,0,0
oInvCollPH,1024,224,001ED4E2,0,1,1,4294967295,0,0
oInvCollPH,1024,208,001F0C3E,0,1,1,4294967295,0,0
oInvCollPH,816,160,001A410A,0,1,1,4294967295,0,0
oInvCollPH,816,176,000FDD02,0,1,1,4294967295,0,0
oInvCollPH,816,192,00058367,0,1,1,4294967295,0,0
oInvCollPH,832,192,002E6B85,0,1,1,4294967295,0,0
oInvCollPH,848,192,0018F009,0,1,1,4294967295,0,0
oInvCollPH,864,192,003175C6,0,1,1,4294967295,0,0
oInvCollPH,928,192,0016CC15,0,1,1,4294967295,0,0
oInvCollPH,928,176,004002C3,0,1,1,4294967295,0,0
oInvCollPH,928,160,002A60AA,0,1,1,4294967295,0,0
oInvCollPH,928,144,003B7A13,0,1,1,4294967295,0,0
oInvCollPH,976,160,00236BFE,0,1,1,4294967295,0,0
oInvCollPH,976,176,000AD577,0,1,1,4294967295,0,0
oInvCollPH,976,192,00403759,0,1,1,4294967295,0,0
oInvCollPH,1040,192,0027A517,0,1,1,4294967295,0,0
oInvCollPH,1056,192,00022C01,0,1,1,4294967295,0,0
oInvCollPH,1072,192,00011128,0,1,1,4294967295,0,0
oInvCollPH,1088,192,003D0644,0,1,1,4294967295,0,0
oInvCollPH,1088,176,002728AB,0,1,1,4294967295,0,0
oInvCollPH,1088,160,0029E390,0,1,1,4294967295,0,0
oInvCollPH,1088,144,002977E4,0,1,1,4294967295,0,0
oInvCollPH,672,304,0005DFF1,0,1,1,4294967295,0,0
oInvCollPH,688,304,0035AEC3,0,1,1,4294967295,0,0
oInvCollPH,704,304,003D408E,0,1,1,4294967295,0,0
oInvCollPH,720,304,003E85F7,0,1,1,4294967295,0,0
oInvCollPH,736,304,002A2162,0,1,1,4294967295,0,0
oInvCollPH,752,304,0018A3A6,0,1,1,4294967295,0,0
oInvCollPH,768,304,00348A65,0,1,1,4294967295,0,0
oInvCollPH,784,304,0015378B,0,1,1,4294967295,0,0
oInvCollPH,800,304,002D2847,0,1,1,4294967295,0,0
oInvCollPH,1248,304,00161CE8,0,1,1,4294967295,0,0
oInvCollPH,1232,304,0017DB36,0,1,1,4294967295,0,0
oInvCollPH,1216,304,001E3BBF,0,1,1,4294967295,0,0
oInvCollPH,1200,304,00174120,0,1,1,4294967295,0,0
oInvCollPH,1184,304,003BF63A,0,1,1,4294967295,0,0
oInvCollPH,1168,304,0012CCC8,0,1,1,4294967295,0,0
oInvCollPH,1152,304,00227EE8,0,1,1,4294967295,0,0
oInvCollPH,1136,304,00372083,0,1,1,4294967295,0,0
oInvCollPH,1120,304,00244A01,0,1,1,4294967295,0,0
oInvCollPH,1104,304,0037DBF1,0,1,1,4294967295,0,0
oInvCollPH,944,304,00327878,0,1,1,4294967295,0,0
oInvCollPH,960,304,00140522,0,1,1,4294967295,0,0
oInvCollPH,976,304,00335EEF,0,1,1,4294967295,0,0
oInvCollPH,992,304,001AAE1F,0,1,1,4294967295,0,0
oInvCollPH,1008,304,00070C83,0,1,1,4294967295,0,0
oInvCollPH,1024,304,00237F0A,0,1,1,4294967295,0,0
oInvCollPH,1040,304,00155423,0,1,1,4294967295,0,0
oInvCollPH,1056,304,003A6C7B,0,1,1,4294967295,0,0
oInvCollPH,1072,304,002ABA32,0,1,1,4294967295,0,0
oInvCollPH,1088,304,001AFE91,0,1,1,4294967295,0,0
oInvCollPH,816,304,001CD348,0,1,1,4294967295,0,0
oInvCollPH,832,304,003DA2A8,0,1,1,4294967295,0,0
oInvCollPH,848,304,0008A482,0,1,1,4294967295,0,0
oInvCollPH,864,304,00131831,0,1,1,4294967295,0,0
oInvCollPH,880,304,0027CFB0,0,1,1,4294967295,0,0
oInvCollPH,896,304,001D7375,0,1,1,4294967295,0,0
oInvCollPH,912,304,001C85C4,0,1,1,4294967295,0,0
oInvCollPH,928,304,0036B968,0,1,1,4294967295,0,0
oInvCollPH,576,288,0009C7D4,0,1,1,4294967295,0,0
oInvCollPH,592,288,00228C77,0,1,1,4294967295,0,0
oInvCollPH,608,288,003D9B25,0,1,1,4294967295,0,0
oInvCollPH,624,288,000E7E3F,0,1,1,4294967295,0,0
oInvCollPH,640,288,0004E76A,0,1,1,4294967295,0,0
oInvCollPH,480,272,002B5DD8,0,1,1,4294967295,0,0
oInvCollPH,496,272,001E5619,0,1,1,4294967295,0,0
oInvCollPH,512,272,000A1705,0,1,1,4294967295,0,0
oInvCollPH,528,272,002BC1E5,0,1,1,4294967295,0,0
oInvCollPH,544,272,00049400,0,1,1,4294967295,0,0
oInvCollPH,384,256,0021BD54,0,1,1,4294967295,0,0
oInvCollPH,400,256,00311174,0,1,1,4294967295,0,0
oInvCollPH,416,256,00183BF0,0,1,1,4294967295,0,0
oInvCollPH,432,256,002A15D5,0,1,1,4294967295,0,0
oInvCollPH,448,256,0036E98E,0,1,1,4294967295,0,0
oInvCollPH,352,256,003EC6DD,0,1,1,4294967295,0,0
oInvCollPH,368,256,003404C3,0,1,1,4294967295,0,0
oInvCollPH,336,272,001456F2,0,1,1,4294967295,0,0
oInvCollPH,336,288,0001456A,0,1,1,4294967295,0,0
oInvCollPH,336,304,00376153,0,1,1,4294967295,0,0
oInvCollPH,336,320,0018A13F,0,1,1,4294967295,0,0
oInvCollPH,336,336,000FAC4F,0,1,1,4294967295,0,0
oInvCollPH,160,256,00205E0B,0,1,1,4294967295,0,0
oInvCollPH,176,256,00136C84,0,1,1,4294967295,0,0
oInvCollPH,192,256,0028DF90,0,1,1,4294967295,0,0
oInvCollPH,208,256,001D6347,0,1,1,4294967295,0,0
oInvCollPH,224,256,00356135,0,1,1,4294967295,0,0
oInvCollPH,240,256,0032D4FB,0,1,1,4294967295,0,0
oInvCollPH,256,256,00079BA0,0,1,1,4294967295,0,0
oInvCollPH,256,272,003A7773,0,1,1,4294967295,0,0
oInvCollPH,256,288,00208243,0,1,1,4294967295,0,0
oInvCollPH,256,304,001387C6,0,1,1,4294967295,0,0
oInvCollPH,256,320,002DCEF7,0,1,1,4294967295,0,0
oInvCollPH,256,336,0030D58D,0,1,1,4294967295,0,0
oInvCollPH,0,128,003486A7,0,1,1,4294967295,0,0
oInvCollPH,16,128,0020156B,0,1,1,4294967295,0,0
oInvCollPH,32,128,0023B066,0,1,1,4294967295,0,0
oInvCollPH,48,128,002B87AA,0,1,1,4294967295,0,0
oInvCollPH,64,128,00334786,0,1,1,4294967295,0,0
oInvCollPH,80,128,002E3301,0,1,1,4294967295,0,0
oInvCollPH,96,128,003F916E,0,1,1,4294967295,0,0
oInvCollPH,112,128,00129536,0,1,1,4294967295,0,0
oInvCollPH,128,128,0039ABDC,0,1,1,4294967295,0,0
oInvCollPH,144,128,00222F73,0,1,1,4294967295,0,0
oInvCollPH,160,128,000DD227,0,1,1,4294967295,0,0
oInvCollPH,176,128,00083592,0,1,1,4294967295,0,0
oInvCollPH,192,128,000A2113,0,1,1,4294967295,0,0
oInvCollPH,208,128,00338F0A,0,1,1,4294967295,0,0
oInvCollPH,224,128,002475B7,0,1,1,4294967295,0,0
oInvCollPH,240,128,002C4389,0,1,1,4294967295,0,0
oInvCollPH,256,128,003C80E6,0,1,1,4294967295,0,0
oInvCollPH,272,128,002106E5,0,1,1,4294967295,0,0
oInvCollPH,288,128,002544B8,0,1,1,4294967295,0,0
oInvCollPH,304,128,001D76F6,0,1,1,4294967295,0,0
oInvCollPH,320,128,00209888,0,1,1,4294967295,0,0
oInvCollPH,336,128,00360FAE,0,1,1,4294967295,0,0
oInvCollPH,352,128,001172FC,0,1,1,4294967295,0,0
oInvCollPH,368,128,00016225,0,1,1,4294967295,0,0
oInvCollPH,384,128,003F267C,0,1,1,4294967295,0,0
oInvCollPH,400,128,000C8186,0,1,1,4294967295,0,0
oInvCollPH,416,128,00145F2B,0,1,1,4294967295,0,0
oInvCollPH,432,128,0026F093,0,1,1,4294967295,0,0
oInvCollPH,448,128,0021E42E,0,1,1,4294967295,0,0
oInvCollPH,464,128,000ED1C6,0,1,1,4294967295,0,0
oInvCollPH,480,128,0001CD0B,0,1,1,4294967295,0,0
oInvCollPH,496,128,002B69AC,0,1,1,4294967295,0,0
oInvCollPH,512,128,002F6BAD,0,1,1,4294967295,0,0
oInvCollPH,528,128,00039292,0,1,1,4294967295,0,0
oInvCollPH,544,128,001454E1,0,1,1,4294967295,0,0
oInvCollPH,560,128,001BBA72,0,1,1,4294967295,0,0
oInvCollPH,576,128,0025A83A,0,1,1,4294967295,0,0
oInvCollPH,592,128,00073863,0,1,1,4294967295,0,0
oInvCollPH,608,128,0003C9E9,0,1,1,4294967295,0,0
oInvCollPH,624,128,0015222B,0,1,1,4294967295,0,0
oInvCollPH,640,128,001C69A7,0,1,1,4294967295,0,0
oInvCollPH,656,128,001EDF3C,0,1,1,4294967295,0,0
oInvCollPH,672,128,0022B3B9,0,1,1,4294967295,0,0
oInvCollPH,688,128,003E51B2,0,1,1,4294967295,0,0
oInvCollPH,704,128,003ED8A8,0,1,1,4294967295,0,0
oInvCollPH,720,128,00250426,0,1,1,4294967295,0,0
oInvCollPH,736,128,00391237,0,1,1,4294967295,0,0
oInvCollPH,752,128,003F0A67,0,1,1,4294967295,0,0
oInvCollPH,768,128,003FEE39,0,1,1,4294967295,0,0
oInvCollPH,784,128,001F43D2,0,1,1,4294967295,0,0
oInvCollPH,800,128,002BF381,0,1,1,4294967295,0,0
oInvCollPH,928,128,002F700B,0,1,1,4294967295,0,0
oInvCollPH,928,112,001EB178,0,1,1,4294967295,0,0
oInvCollPH,928,96,001B2253,0,1,1,4294967295,0,0
oInvCollPH,928,80,0002B942,0,1,1,4294967295,0,0
oInvCollPH,1264,304,001ADDFB,0,1,1,4294967295,0,0
oInvCollPH,1280,304,00015841,0,1,1,4294967295,0,0
oInvCollPH,1296,304,0029F803,0,1,1,4294967295,0,0
oInvCollPH,1312,304,00072548,0,1,1,4294967295,0,0
oInvCollPH,1344,288,000D2BC6,0,1,1,4294967295,0,0
oInvCollPH,1360,288,001F7B41,0,1,1,4294967295,0,0
oInvCollPH,1376,288,0011035F,0,1,1,4294967295,0,0
oInvCollPH,1392,288,001F95AA,0,1,1,4294967295,0,0
oInvCollPH,1408,288,002879B9,0,1,1,4294967295,0,0
oInvCollPH,1440,272,00348D88,0,1,1,4294967295,0,0
oInvCollPH,1456,272,00368591,0,1,1,4294967295,0,0
oInvCollPH,1472,272,00308ED9,0,1,1,4294967295,0,0
oInvCollPH,1488,272,00339379,0,1,1,4294967295,0,0
oInvCollPH,1504,272,0022F34F,0,1,1,4294967295,0,0
oInvCollPH,1520,272,0033218F,0,1,1,4294967295,0,0
oInvCollPH,1536,272,0005B193,0,1,1,4294967295,0,0
oInvCollPH,1552,272,0021CEAB,0,1,1,4294967295,0,0
oInvCollPH,1568,272,00347DB7,0,1,1,4294967295,0,0
oInvCollPH,1600,256,001118D2,0,1,1,4294967295,0,0
oInvCollPH,1616,256,00082D5D,0,1,1,4294967295,0,0
oInvCollPH,1632,256,003B7B05,0,1,1,4294967295,0,0
oInvCollPH,1648,256,002EB2EA,0,1,1,4294967295,0,0
oInvCollPH,1664,256,0032B9DA,0,1,1,4294967295,0,0
oInvCollPH,1664,272,002A432C,0,1,1,4294967295,0,0
oInvCollPH,1664,288,001851A1,0,1,1,4294967295,0,0
oInvCollPH,1664,304,000978CD,0,1,1,4294967295,0,0
oInvCollPH,1664,320,001A5F2F,0,1,1,4294967295,0,0
oInvCollPH,1664,336,00022A5B,0,1,1,4294967295,0,0
oInvCollPH,1712,272,0002E45A,0,1,1,4294967295,0,0
oInvCollPH,1712,288,0024BFDD,0,1,1,4294967295,0,0
oInvCollPH,1712,304,00339843,0,1,1,4294967295,0,0
oInvCollPH,1712,320,001B5FE2,0,1,1,4294967295,0,0
oInvCollPH,1712,336,0022E276,0,1,1,4294967295,0,0
oInvCollPH,1728,336,002B4413,0,1,1,4294967295,0,0
oInvCollPH,1728,320,00011CA8,0,1,1,4294967295,0,0
oInvCollPH,1728,304,00106F12,0,1,1,4294967295,0,0
oInvCollPH,1728,288,00243883,0,1,1,4294967295,0,0
oInvCollPH,1728,272,00254E4A,0,1,1,4294967295,0,0
oInvCollPH,1728,256,0032EABF,0,1,1,4294967295,0,0
oInvCollPH,1776,336,001BA77B,0,1,1,4294967295,0,0
oInvCollPH,1776,320,001EE5E9,0,1,1,4294967295,0,0
oInvCollPH,1776,304,000653B4,0,1,1,4294967295,0,0
oInvCollPH,1776,288,002618C3,0,1,1,4294967295,0,0
oInvCollPH,1776,272,000EFD58,0,1,1,4294967295,0,0
oInvCollPH,1792,256,000F88D5,0,1,1,4294967295,0,0
oInvCollPH,1808,256,00171B3C,0,1,1,4294967295,0,0
oInvCollPH,1824,256,0033D2E2,0,1,1,4294967295,0,0
oInvCollPH,1840,256,003F26CB,0,1,1,4294967295,0,0
oInvCollPH,1856,256,00060542,0,1,1,4294967295,0,0
oInvCollPH,1872,256,00291845,0,1,1,4294967295,0,0
oInvCollPH,1888,256,0030E97E,0,1,1,4294967295,0,0
oInvCollPH,1904,256,00344CE3,0,1,1,4294967295,0,0
oInvCollPH,976,96,003C6179,0,1,1,4294967295,0,0
oInvCollPH,976,112,0014C69D,0,1,1,4294967295,0,0
oInvCollPH,976,128,001FA27A,0,1,1,4294967295,0,0
oInvCollPH,1104,128,000CCE47,0,1,1,4294967295,0,0
oInvCollPH,1120,128,0017BCA4,0,1,1,4294967295,0,0
oInvCollPH,1136,128,00106A37,0,1,1,4294967295,0,0
oInvCollPH,1152,128,001B7DAC,0,1,1,4294967295,0,0
oInvCollPH,1168,128,0003FEF7,0,1,1,4294967295,0,0
oInvCollPH,1184,128,002AEFBA,0,1,1,4294967295,0,0
oInvCollPH,1200,128,003D7E6A,0,1,1,4294967295,0,0
oInvCollPH,1216,128,001A9A0C,0,1,1,4294967295,0,0
oInvCollPH,1232,128,00262A91,0,1,1,4294967295,0,0
oInvCollPH,1248,128,0015E113,0,1,1,4294967295,0,0
oInvCollPH,1264,128,001C98AC,0,1,1,4294967295,0,0
oInvCollPH,1280,128,00307B26,0,1,1,4294967295,0,0
oInvCollPH,1296,128,0008AB1C,0,1,1,4294967295,0,0
oInvCollPH,1312,128,003D7201,0,1,1,4294967295,0,0
oInvCollPH,1328,128,002942E1,0,1,1,4294967295,0,0
oInvCollPH,1344,128,000BC2D9,0,1,1,4294967295,0,0
oInvCollPH,1360,128,002EEE31,0,1,1,4294967295,0,0
oInvCollPH,1376,128,0016EAF6,0,1,1,4294967295,0,0
oInvCollPH,1392,128,0026B4EF,0,1,1,4294967295,0,0
oInvCollPH,1408,128,003CB875,0,1,1,4294967295,0,0
oInvCollPH,1424,128,000DC4AF,0,1,1,4294967295,0,0
oInvCollPH,1440,128,0021D29B,0,1,1,4294967295,0,0
oInvCollPH,1456,128,00030117,0,1,1,4294967295,0,0
oInvCollPH,1472,128,0019DA2D,0,1,1,4294967295,0,0
oInvCollPH,1488,128,003C6B67,0,1,1,4294967295,0,0
oInvCollPH,1504,128,002AF096,0,1,1,4294967295,0,0
oInvCollPH,1520,128,003C43CD,0,1,1,4294967295,0,0
oInvCollPH,1536,128,00365730,0,1,1,4294967295,0,0
oInvCollPH,1552,128,0020997F,0,1,1,4294967295,0,0
oInvCollPH,1568,128,00126D75,0,1,1,4294967295,0,0
oInvCollPH,1584,128,0004E021,0,1,1,4294967295,0,0
oInvCollPH,1600,128,001B107F,0,1,1,4294967295,0,0
oInvCollPH,1616,128,00068D46,0,1,1,4294967295,0,0
oInvCollPH,1632,128,0014B702,0,1,1,4294967295,0,0
oInvCollPH,1648,128,003DB0C6,0,1,1,4294967295,0,0
oInvCollPH,1664,128,0016F9D4,0,1,1,4294967295,0,0
oInvCollPH,1680,128,0013A6C2,0,1,1,4294967295,0,0
oInvCollPH,1696,128,0028AEC2,0,1,1,4294967295,0,0
oInvCollPH,1712,128,0018B67E,0,1,1,4294967295,0,0
oInvCollPH,1728,128,003A2191,0,1,1,4294967295,0,0
oInvCollPH,1744,128,001F12D2,0,1,1,4294967295,0,0
oInvCollPH,1760,128,0017F819,0,1,1,4294967295,0,0
oInvCollPH,1776,128,002178F5,0,1,1,4294967295,0,0
oInvCollPH,1792,128,002A7B94,0,1,1,4294967295,0,0
oInvCollPH,1808,128,00071149,0,1,1,4294967295,0,0
oInvCollPH,1824,128,00040FB3,0,1,1,4294967295,0,0
oInvCollPH,1840,128,001D3743,0,1,1,4294967295,0,0
oInvCollPH,1856,128,000DB0F8,0,1,1,4294967295,0,0
oInvCollPH,1872,128,0029724F,0,1,1,4294967295,0,0
oInvCollPH,1888,128,0019C92F,0,1,1,4294967295,0,0
oInvCollPH,1904,128,001B36A0,0,1,1,4294967295,0,0
oInvCollSH,16,264,0010343B,0,1,1,4294967295,0,0
oInvCollSH,32,264,00344B1D,0,1,1,4294967295,0,0
oInvCollSH,48,264,0006D7BA,0,1,1,4294967295,0,0
oInvCollSH,64,264,000EFFE3,0,1,1,4294967295,0,0
oInvCollSH,80,264,00266621,0,1,1,4294967295,0,0
oInvCollSH,96,264,001A1D51,0,1,1,4294967295,0,0
oInvCollSH,112,264,00167E84,0,1,1,4294967295,0,0
oInvCollSH,128,264,0025FE01,0,1,1,4294967295,0,0
oInvisibleSolid,880,208,0032FB89,0,1,1,4294967295,0,1
oInvisibleSolid,976,208,003D2E37,0,1,1,4294967295,0,1
oInvisibleSolid,816,144,00242755,0,1,1,4294967295,0,1
oInvisibleSolid,976,144,00158696,0,1,1,4294967295,0,1
oInvisibleSolid,976,80,000D0F34,0,1,1,4294967295,0,1
oInvisibleSolid,656,304,003862D7,0,1,1,4294967295,0,1
oInvisibleSolid,560,288,002B15C5,0,1,1,4294967295,0,1
oInvisibleSolid,464,272,003371CD,0,1,1,4294967295,0,1
oInvisibleSolid,336,256,0031C2D8,0,1,1,4294967295,0,1
oInvisibleSlimSolid,0,264,0000C9D2,0,1,1,4294967295,0,1
oInvisibleSolid,144,256,00037FA9,0,1,1,4294967295,0,1
oInvisibleSolid,0,80,0033A1C0,0,1,1,4294967295,0,1
oInvisibleSolid,1328,288,00393195,0,1,1,4294967295,0,1
oInvisibleSolid,1424,272,0023371E,0,1,1,4294967295,0,1
oInvisibleSolid,1584,256,00322793,0,1,1,4294967295,0,1
oInvisibleSolid,1712,256,003EB850,0,1,1,4294967295,0,1
oInvisibleSolid,1776,256,003F7D94,0,1,1,4294967295,0,1
oInvisibleSolid,928,0,0033EC8A,0,1,1,4294967295,0,1
oInvisibleSolid,976,0,00397F4F,0,1,1,4294967295,0,1
