tileMM_ODOstrichA,0,240,0,0,64,48,0,1,1,4294967295
tileMM_ODOstrichA,64,240,0,0,64,48,0,1,1,4294967295
tileMM_ODOstrichA,128,240,0,0,64,48,0,1,1,4294967295
tileMM_ODOstrichA,192,240,0,0,64,48,0,1,1,4294967295
tileMM_ODOstrichA,16,288,16,48,96,32,0,1,1,4294967295
tileMM_ODOstrichA,0,288,32,48,16,32,0,1,1,4294967295
tileMM_ODOstrichA,0,320,16,48,64,32,0,1,1,4294967295
tileMM_ODOstrichA,112,288,16,48,32,32,0,1,1,4294967295
tileMM_ODOstrichA,144,288,16,48,32,32,0,1,1,4294967295
tileMM_ODOstrichA,176,288,16,48,32,32,0,1,1,4294967295
tileMM_ODOstrichA,208,288,16,48,32,32,0,1,1,4294967295
tileMM_ODOstrichA,64,320,16,48,32,32,0,1,1,4294967295
tileMM_ODOstrichA,96,320,16,48,32,32,0,1,1,4294967295
tileMM_ODOstrichA,192,320,16,48,32,32,0,1,1,4294967295
tileMM_ODOstrichA,128,320,16,48,64,32,0,1,1,4294967295
tileMM_ODOstrichA,224,320,16,48,32,32,0,1,1,4294967295
tileMM_ODOstrichA,256,240,0,0,64,48,0,1,1,4294967295
tileMM_ODOstrichA,320,240,0,0,64,48,0,1,1,4294967295
tileMM_ODOstrichA,384,240,0,0,64,48,0,1,1,4294967295
tileMM_ODOstrichA,240,288,16,48,64,32,0,1,1,4294967295
tileMM_ODOstrichA,336,288,16,48,64,32,0,1,1,4294967295
tileMM_ODOstrichA,256,320,16,48,64,32,0,1,1,4294967295
tileMM_ODOstrichA,320,320,16,48,64,32,0,1,1,4294967295
tileMM_ODOstrichA,384,320,16,48,64,32,0,1,1,4294967295
tileMM_ODOstrichA,304,288,16,48,32,32,0,1,1,4294967295
tileMM_ODOstrichA,400,288,16,48,32,32,0,1,1,4294967295
tileMM_ODOstrichA,448,224,0,80,32,48,0,1,1,4294967295
tileMM_ODOstrichA,480,208,0,80,32,48,0,1,1,4294967295
tileMM_ODOstrichA,512,192,0,80,32,48,0,1,1,4294967295
tileMM_ODOstrichA,544,176,0,80,32,48,0,1,1,4294967295
tileMM_ODOstrichA,576,176,64,144,32,32,0,1,1,4294967295
tileMM_ODOstrichA,608,160,96,128,32,48,0,1,1,4294967295
tileMM_ODOstrichA,432,288,16,48,96,32,0,1,1,4294967295
tileMM_ODOstrichA,560,288,0,48,16,32,0,1,1,4294967295
tileMM_ODOstrichA,528,288,16,48,32,32,0,1,1,4294967295
tileMM_ODOstrichA,544,256,16,48,32,32,0,1,1,4294967295
tileMM_ODOstrichA,512,256,16,48,32,32,0,1,1,4294967295
tileMM_ODOstrichA,512,320,16,48,32,32,0,1,1,4294967295
tileMM_ODOstrichA,448,320,16,48,64,32,0,1,1,4294967295
tileMM_ODOstrichA,544,320,16,48,32,32,0,1,1,4294967295
tileMM_ODOstrichA,480,256,16,48,32,32,0,1,1,4294967295
tileMM_ODOstrichA,448,272,48,48,32,16,0,1,1,4294967295
tileMM_ODOstrichA,512,240,48,48,32,16,0,1,1,4294967295
tileMM_ODOstrichA,544,224,16,48,32,32,0,1,1,4294967295
tileMM_ODOstrichA,864,192,160,144,32,32,0,1,1,4294967295
tileMM_ODOstrichA,896,192,160,144,32,32,0,1,1,4294967295
tileMM_ODOstrichA,928,192,160,144,32,32,0,1,1,4294967295
tileMM_ODOstrichA,636,160,188,144,4,32,0,1,1,4294967295
tileMM_ODOstrichA,864,192,188,144,4,32,0,1,1,4294967295
tileMM_ODOstrichA,912,272,32,144,16,32,0,1,1,4294967295
tileMM_ODOstrichA,912,304,32,144,16,32,0,1,1,4294967295
tileMM_ODOstrichA,912,336,32,144,16,16,0,1,1,4294967295
tileMM_ODOstrichA,880,224,0,128,80,16,0,1,1,4294967295
tileMM_ODOstrichA,896,240,16,144,48,32,0,1,1,4294967295
tileMM_ODOstrichA,960,192,160,144,32,32,0,1,1,4294967295
tileMM_ODOstrichA,992,192,160,144,32,32,0,1,1,4294967295
tileMM_ODOstrichA,1024,192,160,144,32,32,0,1,1,4294967295
tileMM_ODOstrichA,1008,224,0,128,80,16,0,1,1,4294967295
tileMM_ODOstrichA,1024,240,16,144,48,32,0,1,1,4294967295
tileMM_ODOstrichA,1040,272,32,144,16,32,0,1,1,4294967295
tileMM_ODOstrichA,1040,304,32,144,16,32,0,1,1,4294967295
tileMM_ODOstrichA,1040,336,32,144,16,16,0,1,1,4294967295
tileMM_ODOstrichA,1248,160,160,144,32,32,0,1,1,4294967295
tileMM_ODOstrichA,1280,160,160,144,32,32,0,1,1,4294967295
tileMM_ODOstrichA,1312,160,160,144,32,32,0,1,1,4294967295
tileMM_ODOstrichA,1344,160,160,144,32,32,0,1,1,4294967295
tileMM_ODOstrichA,1376,160,160,144,32,32,0,1,1,4294967295
tileMM_ODOstrichA,1408,160,160,144,32,32,0,1,1,4294967295
tileMM_ODOstrichA,1248,192,0,128,80,16,0,1,1,4294967295
tileMM_ODOstrichA,1360,192,0,128,80,16,0,1,1,4294967295
tileMM_ODOstrichA,1264,208,16,144,48,32,0,1,1,4294967295
tileMM_ODOstrichA,1376,208,16,144,48,32,0,1,1,4294967295
tileMM_ODOstrichA,1280,240,32,144,16,32,0,1,1,4294967295
tileMM_ODOstrichA,1280,272,32,144,16,32,0,1,1,4294967295
tileMM_ODOstrichA,1280,304,32,144,16,32,0,1,1,4294967295
tileMM_ODOstrichA,1392,240,32,144,16,32,0,1,1,4294967295
tileMM_ODOstrichA,1392,272,32,144,16,32,0,1,1,4294967295
tileMM_ODOstrichA,1392,304,32,144,16,32,0,1,1,4294967295
tileMM_ODOstrichA,1280,336,32,144,16,16,0,1,1,4294967295
tileMM_ODOstrichA,1392,336,32,144,16,16,0,1,1,4294967295
tileMM_ODOstrichA,1248,160,188,144,4,32,0,1,1,4294967295
tileMM_ODOstrichA,1712,240,0,0,64,48,0,1,1,4294967295
tileMM_ODOstrichA,1712,288,0,48,48,32,0,1,1,4294967295
tileMM_ODOstrichA,1712,320,16,48,64,32,0,1,1,4294967295
tileMM_ODOstrichA,1776,240,0,0,64,48,0,1,1,4294967295
tileMM_ODOstrichA,1840,240,0,0,64,48,0,1,1,4294967295
tileMM_ODOstrichA,1904,224,0,80,32,48,0,1,1,4294967295
tileMM_ODOstrichA,1936,208,0,80,32,48,0,1,1,4294967295
tileMM_ODOstrichA,1968,208,0,0,64,48,0,1,1,4294967295
tileMM_ODOstrichA,2032,208,32,80,32,48,0,1,1,4294967295
tileMM_ODOstrichA,2064,224,32,80,32,48,0,1,1,4294967295
tileMM_ODOstrichA,2096,240,32,80,32,48,0,1,1,4294967295
tileMM_ODOstrichA,2128,256,32,80,32,48,0,1,1,4294967295
tileMM_ODOstrichA,2160,272,0,0,64,48,0,1,1,4294967295
tileMM_ODOstrichA,2224,272,0,0,32,48,0,1,1,4294967295
tileMM_ODOstrichA,2416,272,0,80,32,48,0,1,1,4294967295
tileMM_ODOstrichA,2448,272,0,0,64,48,0,1,1,4294967295
tileMM_ODOstrichA,2416,320,0,48,48,32,0,1,1,4294967295
tileMM_ODOstrichA,2464,320,16,48,32,32,0,1,1,4294967295
tileMM_ODOstrichA,1760,288,16,48,96,32,0,1,1,4294967295
tileMM_ODOstrichA,2128,320,16,48,96,32,0,1,1,4294967295
tileMM_ODOstrichA,1776,320,16,48,32,32,0,1,1,4294967295
tileMM_ODOstrichA,1888,288,16,48,64,32,0,1,1,4294967295
tileMM_ODOstrichA,1936,320,16,48,64,32,0,1,1,4294967295
tileMM_ODOstrichA,2016,288,16,48,96,32,0,1,1,4294967295
tileMM_ODOstrichA,1952,288,16,48,32,32,0,1,1,4294967295
tileMM_ODOstrichA,1984,288,16,48,32,32,0,1,1,4294967295
tileMM_ODOstrichA,1936,256,16,48,32,32,0,1,1,4294967295
tileMM_ODOstrichA,1968,256,16,48,32,32,0,1,1,4294967295
tileMM_ODOstrichA,2000,256,16,48,32,32,0,1,1,4294967295
tileMM_ODOstrichA,2032,256,16,48,32,32,0,1,1,4294967295
tileMM_ODOstrichA,1808,320,16,48,32,32,0,1,1,4294967295
tileMM_ODOstrichA,1840,320,16,48,32,32,0,1,1,4294967295
tileMM_ODOstrichA,1872,320,16,48,32,32,0,1,1,4294967295
tileMM_ODOstrichA,1904,320,16,48,32,32,0,1,1,4294967295
tileMM_ODOstrichA,1856,288,16,48,32,32,0,1,1,4294967295
tileMM_ODOstrichA,2000,320,16,48,32,32,0,1,1,4294967295
tileMM_ODOstrichA,2032,320,16,48,32,32,0,1,1,4294967295
tileMM_ODOstrichA,2064,320,16,48,32,32,0,1,1,4294967295
tileMM_ODOstrichA,2096,320,16,48,32,32,0,1,1,4294967295
tileMM_ODOstrichA,2224,320,16,48,32,32,0,1,1,4294967295
tileMM_ODOstrichA,1904,272,16,64,32,16,0,1,1,4294967295
tileMM_ODOstrichA,2064,272,16,64,32,16,0,1,1,4294967295
tileMM_ODOstrichA,2112,288,48,48,16,32,0,1,1,4294967295
tileMM_ODOstrichA,2128,304,32,64,32,16,0,1,1,4294967295
tileMM_ODOstrichA,2544,256,0,80,32,48,0,1,1,4294967295
tileMM_ODOstrichA,2512,272,0,0,32,48,0,1,1,4294967295
tileMM_ODOstrichA,2576,256,0,0,64,48,0,1,1,4294967295
tileMM_ODOstrichA,2640,240,0,80,32,48,0,1,1,4294967295
tileMM_ODOstrichA,2672,240,0,0,64,48,0,1,1,4294967295
tileMM_ODOstrichA,2736,240,0,0,64,48,0,1,1,4294967295
tileMM_ODOstrichA,2592,320,16,48,96,32,0,1,1,4294967295
tileMM_ODOstrichA,2704,288,16,48,64,32,0,1,1,4294967295
tileMM_ODOstrichA,2496,320,16,48,32,32,0,1,1,4294967295
tileMM_ODOstrichA,2528,320,16,48,32,32,0,1,1,4294967295
tileMM_ODOstrichA,2560,320,16,48,32,32,0,1,1,4294967295
tileMM_ODOstrichA,2688,320,16,48,32,32,0,1,1,4294967295
tileMM_ODOstrichA,2720,320,16,48,32,32,0,1,1,4294967295
tileMM_ODOstrichA,2752,320,16,48,32,32,0,1,1,4294967295
tileMM_ODOstrichA,2768,288,16,48,32,32,0,1,1,4294967295
tileMM_ODOstrichA,2672,288,16,48,32,32,0,1,1,4294967295
tileMM_ODOstrichA,2640,288,16,48,32,32,0,1,1,4294967295
tileMM_ODOstrichA,2544,304,16,64,32,16,0,1,1,4294967295
tileMM_ODOstrichA,2576,304,48,48,32,16,0,1,1,4294967295
tileMM_ODOstrichA,2608,304,80,48,32,16,0,1,1,4294967295
tileMM_ODOstrichA,2800,256,64,0,32,48,0,1,1,4294967295
tileMM_ODOstrichA,2832,256,64,0,32,48,0,1,1,4294967295
tileMM_ODOstrichA,2800,240,32,80,16,16,0,1,1,4294967295
tileMM_ODOstrichA,2832,304,64,32,32,16,0,1,1,4294967295
tileMM_ODOstrichA,2832,320,64,32,32,16,0,1,1,4294967295
tileMM_ODOstrichA,2832,336,64,32,32,16,0,1,1,4294967295
tileMM_ODOstrichA,2784,320,16,48,32,32,0,1,1,4294967295
tileMM_ODOstrichA,2816,320,64,32,16,16,0,1,1,4294967295
tileMM_ODOstrichA,2816,336,64,32,16,16,0,1,1,4294967295
tileMM_ODOstrichA,2816,304,64,32,16,16,0,1,1,4294967295
tileMM_ODOstrichA,1704,240,0,144,8,32,0,1,1,4294967295
tileMM_ODOstrichA,2408,288,0,144,8,32,0,1,1,4294967295
tileMM_ODOstrichA,2256,272,8,144,8,32,0,1,1,4294967295
tileMM_ODOstrichA,2800,304,112,80,16,16,0,1,1,4294967295
tileMM_ODOstrichA,2864,240,96,0,32,32,0,1,1,4294967295
tileMM_ODOstrichA,2896,224,96,0,32,32,0,1,1,4294967295
tileMM_ODOstrichA,2928,224,64,0,32,48,0,1,1,4294967295
tileMM_ODOstrichA,2960,224,64,0,32,48,0,1,1,4294967295
tileMM_ODOstrichA,2992,224,64,0,32,48,0,1,1,4294967295
tileMM_ODOstrichA,3024,224,64,0,32,48,0,1,1,4294967295
tileMM_ODOstrichA,3056,224,64,0,32,48,0,1,1,4294967295
tileMM_ODOstrichA,3088,224,64,0,32,48,0,1,1,4294967295
tileMM_ODOstrichA,3120,224,64,0,32,48,0,1,1,4294967295
tileMM_ODOstrichA,3152,224,64,0,32,48,0,1,1,4294967295
tileMM_ODOstrichA,3184,224,64,0,32,48,0,1,1,4294967295
tileMM_ODOstrichA,3216,224,64,0,32,48,0,1,1,4294967295
tileMM_ODOstrichA,3248,224,64,0,32,48,0,1,1,4294967295
tileMM_ODOstrichA,3280,224,64,0,32,48,0,1,1,4294967295
tileMM_ODOstrichA,3312,224,64,0,32,48,0,1,1,4294967295
tileMM_ODOstrichA,3344,224,64,0,32,48,0,1,1,4294967295
tileMM_ODOstrichA,3376,224,64,0,32,48,0,1,1,4294967295
tileMM_ODOstrichA,3408,224,64,0,32,48,0,1,1,4294967295
tileMM_ODOstrichA,2896,256,64,32,32,16,0,1,1,4294967295
tileMM_ODOstrichA,2864,272,64,32,32,16,0,1,1,4294967295
tileMM_ODOstrichA,2896,272,64,32,32,16,0,1,1,4294967295
tileMM_ODOstrichA,2928,272,64,32,32,16,0,1,1,4294967295
tileMM_ODOstrichA,2960,272,64,32,32,16,0,1,1,4294967295
tileMM_ODOstrichA,2992,272,64,32,32,16,0,1,1,4294967295
tileMM_ODOstrichA,3024,272,64,32,32,16,0,1,1,4294967295
tileMM_ODOstrichA,3056,272,64,32,32,16,0,1,1,4294967295
tileMM_ODOstrichA,3088,272,64,32,32,16,0,1,1,4294967295
tileMM_ODOstrichA,3120,272,64,32,32,16,0,1,1,4294967295
tileMM_ODOstrichA,3152,272,64,32,32,16,0,1,1,4294967295
tileMM_ODOstrichA,3184,272,64,32,32,16,0,1,1,4294967295
tileMM_ODOstrichA,3216,272,64,32,32,16,0,1,1,4294967295
tileMM_ODOstrichA,3248,272,64,32,32,16,0,1,1,4294967295
tileMM_ODOstrichA,3280,272,64,32,32,16,0,1,1,4294967295
tileMM_ODOstrichA,3312,272,64,32,32,16,0,1,1,4294967295
tileMM_ODOstrichA,3344,272,64,32,32,16,0,1,1,4294967295
tileMM_ODOstrichA,3376,272,64,32,32,16,0,1,1,4294967295
tileMM_ODOstrichA,3408,272,64,32,32,16,0,1,1,4294967295
tileMM_ODOstrichA,2864,288,64,32,32,16,0,1,1,4294967295
tileMM_ODOstrichA,2896,288,64,32,32,16,0,1,1,4294967295
tileMM_ODOstrichA,2928,288,64,32,32,16,0,1,1,4294967295
tileMM_ODOstrichA,2960,288,64,32,32,16,0,1,1,4294967295
tileMM_ODOstrichA,2992,288,64,32,32,16,0,1,1,4294967295
tileMM_ODOstrichA,3024,288,64,32,32,16,0,1,1,4294967295
tileMM_ODOstrichA,3056,288,64,32,32,16,0,1,1,4294967295
tileMM_ODOstrichA,3088,288,64,32,32,16,0,1,1,4294967295
tileMM_ODOstrichA,3120,288,64,32,32,16,0,1,1,4294967295
tileMM_ODOstrichA,3152,288,64,32,32,16,0,1,1,4294967295
tileMM_ODOstrichA,3184,288,64,32,32,16,0,1,1,4294967295
tileMM_ODOstrichA,3216,288,64,32,32,16,0,1,1,4294967295
tileMM_ODOstrichA,3248,288,64,32,32,16,0,1,1,4294967295
tileMM_ODOstrichA,3280,288,64,32,32,16,0,1,1,4294967295
tileMM_ODOstrichA,3312,288,64,32,32,16,0,1,1,4294967295
tileMM_ODOstrichA,3344,288,64,32,32,16,0,1,1,4294967295
tileMM_ODOstrichA,3376,288,64,32,32,16,0,1,1,4294967295
tileMM_ODOstrichA,3408,288,64,32,32,16,0,1,1,4294967295
tileMM_ODOstrichA,3408,304,64,32,32,16,0,1,1,4294967295
tileMM_ODOstrichA,3408,320,64,32,32,16,0,1,1,4294967295
tileMM_ODOstrichA,3408,336,64,32,32,16,0,1,1,4294967295
tileMM_ODOstrichA,3376,304,64,32,32,16,0,1,1,4294967295
tileMM_ODOstrichA,3376,320,64,32,32,16,0,1,1,4294967295
tileMM_ODOstrichA,3376,336,64,32,32,16,0,1,1,4294967295
tileMM_ODOstrichA,3344,304,64,32,32,16,0,1,1,4294967295
tileMM_ODOstrichA,3344,320,64,32,32,16,0,1,1,4294967295
tileMM_ODOstrichA,3344,336,64,32,32,16,0,1,1,4294967295
tileMM_ODOstrichA,2864,304,64,32,32,16,0,1,1,4294967295
tileMM_ODOstrichA,2864,320,64,32,32,16,0,1,1,4294967295
tileMM_ODOstrichA,2864,336,64,32,32,16,0,1,1,4294967295
tileMM_ODOstrichA,2896,304,64,32,32,16,0,1,1,4294967295
tileMM_ODOstrichA,2928,304,64,32,32,16,0,1,1,4294967295
tileMM_ODOstrichA,2960,304,64,32,32,16,0,1,1,4294967295
tileMM_ODOstrichA,2992,304,64,32,32,16,0,1,1,4294967295
tileMM_ODOstrichA,3024,304,64,32,32,16,0,1,1,4294967295
tileMM_ODOstrichA,3056,304,64,32,32,16,0,1,1,4294967295
tileMM_ODOstrichA,3088,304,64,32,32,16,0,1,1,4294967295
tileMM_ODOstrichA,3120,304,64,32,32,16,0,1,1,4294967295
tileMM_ODOstrichA,3152,304,64,32,32,16,0,1,1,4294967295
tileMM_ODOstrichA,3184,304,64,32,32,16,0,1,1,4294967295
tileMM_ODOstrichA,3216,304,64,32,32,16,0,1,1,4294967295
tileMM_ODOstrichA,3248,304,64,32,32,16,0,1,1,4294967295
tileMM_ODOstrichA,3280,304,64,32,32,16,0,1,1,4294967295
tileMM_ODOstrichA,3312,304,64,32,32,16,0,1,1,4294967295
tileMM_ODOstrichA,3312,320,64,32,32,16,0,1,1,4294967295
tileMM_ODOstrichA,3312,336,64,32,32,16,0,1,1,4294967295
tileMM_ODOstrichA,2896,320,64,32,32,16,0,1,1,4294967295
tileMM_ODOstrichA,2928,320,64,32,32,16,0,1,1,4294967295
tileMM_ODOstrichA,2960,320,64,32,32,16,0,1,1,4294967295
tileMM_ODOstrichA,2992,320,64,32,32,16,0,1,1,4294967295
tileMM_ODOstrichA,3024,320,64,32,32,16,0,1,1,4294967295
tileMM_ODOstrichA,3056,320,64,32,32,16,0,1,1,4294967295
tileMM_ODOstrichA,3088,320,64,32,32,16,0,1,1,4294967295
tileMM_ODOstrichA,3120,320,64,32,32,16,0,1,1,4294967295
tileMM_ODOstrichA,3152,320,64,32,32,16,0,1,1,4294967295
tileMM_ODOstrichA,3184,320,64,32,32,16,0,1,1,4294967295
tileMM_ODOstrichA,3216,320,64,32,32,16,0,1,1,4294967295
tileMM_ODOstrichA,3248,320,64,32,32,16,0,1,1,4294967295
tileMM_ODOstrichA,3280,320,64,32,32,16,0,1,1,4294967295
tileMM_ODOstrichA,2896,336,64,32,32,16,0,1,1,4294967295
tileMM_ODOstrichA,2928,336,64,32,32,16,0,1,1,4294967295
tileMM_ODOstrichA,2960,336,64,32,32,16,0,1,1,4294967295
tileMM_ODOstrichA,2992,336,64,32,32,16,0,1,1,4294967295
tileMM_ODOstrichA,3024,336,64,32,32,16,0,1,1,4294967295
tileMM_ODOstrichA,3056,336,64,32,32,16,0,1,1,4294967295
tileMM_ODOstrichA,3088,336,64,32,32,16,0,1,1,4294967295
tileMM_ODOstrichA,3120,336,64,32,32,16,0,1,1,4294967295
tileMM_ODOstrichA,3152,336,64,32,32,16,0,1,1,4294967295
tileMM_ODOstrichA,3184,336,64,32,32,16,0,1,1,4294967295
tileMM_ODOstrichA,3216,336,64,32,32,16,0,1,1,4294967295
tileMM_ODOstrichA,3248,336,64,32,32,16,0,1,1,4294967295
tileMM_ODOstrichA,3280,336,64,32,32,16,0,1,1,4294967295
tileMM_ODOstrichA,2928,64,128,80,64,16,0,1,1,4294967295
tileMM_ODOstrichA,2928,32,128,80,64,32,0,1,1,4294967295
tileMM_ODOstrichA,2928,0,128,80,64,32,0,1,1,4294967295
tileMM_ODOstrichA,2992,0,128,80,64,32,0,1,1,4294967295
tileMM_ODOstrichA,3056,0,128,80,64,32,0,1,1,4294967295
tileMM_ODOstrichA,3120,0,128,80,64,32,0,1,1,4294967295
tileMM_ODOstrichA,3184,0,128,80,64,32,0,1,1,4294967295
tileMM_ODOstrichA,2992,32,128,80,64,32,0,1,1,4294967295
tileMM_ODOstrichA,3056,32,128,80,64,32,0,1,1,4294967295
tileMM_ODOstrichA,3120,32,128,80,64,32,0,1,1,4294967295
tileMM_ODOstrichA,3184,32,128,80,64,32,0,1,1,4294967295
tileMM_ODOstrichA,2992,64,128,80,64,16,0,1,1,4294967295
tileMM_ODOstrichA,3056,96,128,80,64,16,0,1,1,4294967295
tileMM_ODOstrichA,3120,96,128,80,64,16,0,1,1,4294967295
tileMM_ODOstrichA,3184,96,128,80,64,16,0,1,1,4294967295
tileMM_ODOstrichA,3056,64,128,80,64,32,0,1,1,4294967295
tileMM_ODOstrichA,3120,64,128,80,64,32,0,1,1,4294967295
tileMM_ODOstrichA,3184,64,128,80,64,32,0,1,1,4294967295
tileMM_ODOstrichA,3088,192,160,0,32,32,0,1,1,4294967295
tileMM_ODOstrichA,3376,192,160,0,32,32,0,1,1,4294967295
tileMM_ODOstrichA,3440,224,64,0,32,48,0,1,1,4294967295
tileMM_ODOstrichA,3472,224,64,0,32,48,0,1,1,4294967295
tileMM_ODOstrichA,3504,224,64,0,32,48,0,1,1,4294967295
tileMM_ODOstrichA,3536,224,64,0,32,48,0,1,1,4294967295
tileMM_ODOstrichA,3568,224,64,0,32,48,0,1,1,4294967295
tileMM_ODOstrichA,3600,224,64,0,32,48,0,1,1,4294967295
tileMM_ODOstrichA,3632,224,64,0,32,48,0,1,1,4294967295
tileMM_ODOstrichA,3664,224,64,0,32,48,0,1,1,4294967295
tileMM_ODOstrichA,3440,272,64,32,32,16,0,1,1,4294967295
tileMM_ODOstrichA,3472,272,64,32,32,16,0,1,1,4294967295
tileMM_ODOstrichA,3504,272,64,32,32,16,0,1,1,4294967295
tileMM_ODOstrichA,3536,272,64,32,32,16,0,1,1,4294967295
tileMM_ODOstrichA,3568,272,64,32,32,16,0,1,1,4294967295
tileMM_ODOstrichA,3600,272,64,32,32,16,0,1,1,4294967295
tileMM_ODOstrichA,3632,272,64,32,32,16,0,1,1,4294967295
tileMM_ODOstrichA,3664,272,64,32,32,16,0,1,1,4294967295
tileMM_ODOstrichA,3664,288,64,32,32,16,0,1,1,4294967295
tileMM_ODOstrichA,3664,304,64,32,32,16,0,1,1,4294967295
tileMM_ODOstrichA,3664,320,64,32,32,16,0,1,1,4294967295
tileMM_ODOstrichA,3664,336,64,32,32,16,0,1,1,4294967295
tileMM_ODOstrichA,3440,288,64,32,32,16,0,1,1,4294967295
tileMM_ODOstrichA,3440,304,64,32,32,16,0,1,1,4294967295
tileMM_ODOstrichA,3440,320,64,32,32,16,0,1,1,4294967295
tileMM_ODOstrichA,3440,336,64,32,32,16,0,1,1,4294967295
tileMM_ODOstrichA,3472,288,64,32,32,16,0,1,1,4294967295
tileMM_ODOstrichA,3504,288,64,32,32,16,0,1,1,4294967295
tileMM_ODOstrichA,3536,288,64,32,32,16,0,1,1,4294967295
tileMM_ODOstrichA,3568,288,64,32,32,16,0,1,1,4294967295
tileMM_ODOstrichA,3600,288,64,32,32,16,0,1,1,4294967295
tileMM_ODOstrichA,3632,288,64,32,32,16,0,1,1,4294967295
tileMM_ODOstrichA,3632,304,64,32,32,16,0,1,1,4294967295
tileMM_ODOstrichA,3632,320,64,32,32,16,0,1,1,4294967295
tileMM_ODOstrichA,3632,336,64,32,32,16,0,1,1,4294967295
tileMM_ODOstrichA,3472,304,64,32,32,16,0,1,1,4294967295
tileMM_ODOstrichA,3504,304,64,32,32,16,0,1,1,4294967295
tileMM_ODOstrichA,3536,304,64,32,32,16,0,1,1,4294967295
tileMM_ODOstrichA,3568,304,64,32,32,16,0,1,1,4294967295
tileMM_ODOstrichA,3600,304,64,32,32,16,0,1,1,4294967295
tileMM_ODOstrichA,3600,320,64,32,32,16,0,1,1,4294967295
tileMM_ODOstrichA,3600,336,64,32,32,16,0,1,1,4294967295
tileMM_ODOstrichA,3472,320,64,32,32,16,0,1,1,4294967295
tileMM_ODOstrichA,3504,320,64,32,32,16,0,1,1,4294967295
tileMM_ODOstrichA,3536,320,64,32,32,16,0,1,1,4294967295
tileMM_ODOstrichA,3568,320,64,32,32,16,0,1,1,4294967295
tileMM_ODOstrichA,3472,336,64,32,32,16,0,1,1,4294967295
tileMM_ODOstrichA,3504,336,64,32,32,16,0,1,1,4294967295
tileMM_ODOstrichA,3536,336,64,32,32,16,0,1,1,4294967295
tileMM_ODOstrichA,3568,336,64,32,32,16,0,1,1,4294967295
tileMM_ODOstrichA,3248,0,128,80,64,32,0,1,1,4294967295
tileMM_ODOstrichA,3312,0,128,80,64,32,0,1,1,4294967295
tileMM_ODOstrichA,3376,0,128,80,64,32,0,1,1,4294967295
tileMM_ODOstrichA,3440,0,128,80,64,32,0,1,1,4294967295
tileMM_ODOstrichA,3248,32,128,80,64,32,0,1,1,4294967295
tileMM_ODOstrichA,3312,32,128,80,64,32,0,1,1,4294967295
tileMM_ODOstrichA,3376,32,128,80,64,32,0,1,1,4294967295
tileMM_ODOstrichA,3440,32,128,80,64,32,0,1,1,4294967295
tileMM_ODOstrichA,3248,64,128,80,64,16,0,1,1,4294967295
tileMM_ODOstrichA,3312,64,128,80,64,16,0,1,1,4294967295
tileMM_ODOstrichA,3376,64,128,80,64,16,0,1,1,4294967295
tileMM_ODOstrichA,3440,64,128,80,64,16,0,1,1,4294967295
tileMM_ODOstrichA,3504,64,128,80,64,16,0,1,1,4294967295
tileMM_ODOstrichA,3568,64,128,80,64,16,0,1,1,4294967295
tileMM_ODOstrichA,3632,64,128,80,64,16,0,1,1,4294967295
tileMM_ODOstrichA,3504,0,128,80,64,32,0,1,1,4294967295
tileMM_ODOstrichA,3568,0,128,80,64,32,0,1,1,4294967295
tileMM_ODOstrichA,3632,0,128,80,64,32,0,1,1,4294967295
tileMM_ODOstrichA,3504,32,128,80,64,32,0,1,1,4294967295
tileMM_ODOstrichA,3568,32,128,80,64,32,0,1,1,4294967295
tileMM_ODOstrichA,3632,32,128,80,64,32,0,1,1,4294967295
tileMM_ODOstrichA,3696,224,128,0,32,32,0,1,1,4294967295
tileMM_ODOstrichA,3728,240,128,0,32,32,0,1,1,4294967295
tileMM_ODOstrichA,3760,256,64,0,32,48,0,1,1,4294967295
tileMM_ODOstrichA,3696,256,64,32,32,16,0,1,1,4294967295
tileMM_ODOstrichA,3696,272,64,32,32,16,0,1,1,4294967295
tileMM_ODOstrichA,3728,272,64,32,32,16,0,1,1,4294967295
tileMM_ODOstrichA,3696,288,64,32,32,16,0,1,1,4294967295
tileMM_ODOstrichA,3728,288,64,32,32,16,0,1,1,4294967295
tileMM_ODOstrichA,3696,304,64,32,32,16,0,1,1,4294967295
tileMM_ODOstrichA,3696,320,64,32,32,16,0,1,1,4294967295
tileMM_ODOstrichA,3696,336,64,32,32,16,0,1,1,4294967295
tileMM_ODOstrichA,3728,304,64,32,32,16,0,1,1,4294967295
tileMM_ODOstrichA,3728,320,64,32,32,16,0,1,1,4294967295
tileMM_ODOstrichA,3728,336,64,32,32,16,0,1,1,4294967295
tileMM_ODOstrichA,3824,256,0,0,64,48,0,1,1,4294967295
tileMM_ODOstrichA,3792,240,32,80,32,48,0,1,1,4294967295
tileMM_ODOstrichA,3888,256,0,0,64,48,0,1,1,4294967295
tileMM_ODOstrichA,3808,304,16,48,64,32,0,1,1,4294967295
tileMM_ODOstrichA,3872,304,16,48,64,32,0,1,1,4294967295
tileMM_ODOstrichA,3776,304,16,48,32,32,0,1,1,4294967295
tileMM_ODOstrichA,3760,336,16,48,32,16,0,1,1,4294967295
tileMM_ODOstrichA,3792,336,16,48,96,16,0,1,1,4294967295
tileMM_ODOstrichA,3888,336,16,48,32,16,0,1,1,4294967295
tileMM_ODOstrichA,3920,336,16,48,32,16,0,1,1,4294967295
tileMM_ODOstrichA,3792,288,48,64,32,16,0,1,1,4294967295
tileMM_ODOstrichA,3776,288,96,32,16,16,0,1,1,4294967295
tileMM_ODOstrichA,3760,320,96,32,16,16,0,1,1,4294967295
tileMM_ODOstrichA,3760,304,64,32,16,16,0,1,1,4294967295
tileMM_ODOstrichA,3952,256,0,0,64,48,0,1,1,4294967295
tileMM_ODOstrichA,4016,256,0,0,64,48,0,1,1,4294967295
tileMM_ODOstrichA,4080,256,0,0,64,48,0,1,1,4294967295
tileMM_ODOstrichA,4000,304,16,48,96,32,0,1,1,4294967295
tileMM_ODOstrichA,3952,336,16,48,96,16,0,1,1,4294967295
tileMM_ODOstrichA,4096,304,16,48,32,32,0,1,1,4294967295
tileMM_ODOstrichA,3936,304,16,48,32,32,0,1,1,4294967295
tileMM_ODOstrichA,3968,304,16,48,32,32,0,1,1,4294967295
tileMM_ODOstrichA,4048,336,16,48,32,16,0,1,1,4294967295
tileMM_ODOstrichA,4080,336,16,48,32,16,0,1,1,4294967295
tileMM_ODOstrichA,4112,336,16,48,32,16,0,1,1,4294967295
tileMM_ODOstrichA,4560,96,128,80,64,16,0,1,1,4294967295
tileMM_ODOstrichA,4144,256,0,0,64,48,0,1,1,4294967295
tileMM_ODOstrichA,4208,256,0,0,64,48,0,1,1,4294967295
tileMM_ODOstrichA,4272,256,0,0,64,48,0,1,1,4294967295
tileMM_ODOstrichA,4336,256,0,0,64,48,0,1,1,4294967295
tileMM_ODOstrichA,4400,240,0,80,32,48,0,1,1,4294967295
tileMM_ODOstrichA,4432,224,0,80,32,48,0,1,1,4294967295
tileMM_ODOstrichA,4496,208,0,0,64,48,0,1,1,4294967295
tileMM_ODOstrichA,4464,208,0,80,32,48,0,1,1,4294967295
tileMM_ODOstrichA,4560,208,0,0,64,48,0,1,1,4294967295
tileMM_ODOstrichA,4624,208,32,80,32,48,0,1,1,4294967295
tileMM_ODOstrichA,4656,224,32,80,32,48,0,1,1,4294967295
tileMM_ODOstrichA,4688,240,0,0,64,48,0,1,1,4294967295
tileMM_ODOstrichA,4752,240,0,0,64,48,0,1,1,4294967295
tileMM_ODOstrichA,4816,240,0,0,64,48,0,1,1,4294967295
tileMM_ODOstrichA,4944,224,0,0,64,48,0,1,1,4294967295
tileMM_ODOstrichA,5008,224,0,0,64,48,0,1,1,4294967295
tileMM_ODOstrichA,5168,240,0,0,64,48,0,1,1,4294967295
tileMM_ODOstrichA,5232,240,0,0,64,48,0,1,1,4294967295
tileMM_ODOstrichA,5296,240,0,0,64,48,0,1,1,4294967295
tileMM_ODOstrichA,5360,224,0,80,32,48,0,1,1,4294967295
tileMM_ODOstrichA,5392,208,0,80,32,48,0,1,1,4294967295
tileMM_ODOstrichA,5424,192,0,80,32,48,0,1,1,4294967295
tileMM_ODOstrichA,5456,176,0,80,32,48,0,1,1,4294967295
tileMM_ODOstrichA,5488,176,0,0,64,48,0,1,1,4294967295
tileMM_ODOstrichA,5552,176,0,0,64,48,0,1,1,4294967295
tileMM_ODOstrichA,5840,240,0,0,64,48,0,1,1,4294967295
tileMM_ODOstrichA,5904,240,0,0,64,48,0,1,1,4294967295
tileMM_ODOstrichA,5968,240,0,0,64,48,0,1,1,4294967295
tileMM_ODOstrichA,6032,240,0,0,64,48,0,1,1,4294967295
tileMM_ODOstrichA,6096,240,160,144,32,32,0,1,1,4294967295
tileMM_ODOstrichA,6128,240,160,144,32,32,0,1,1,4294967295
tileMM_ODOstrichA,6160,240,160,144,32,32,0,1,1,4294967295
tileMM_ODOstrichA,6192,240,160,144,32,32,0,1,1,4294967295
tileMM_ODOstrichA,5840,288,0,48,48,32,0,1,1,4294967295
tileMM_ODOstrichA,5840,320,16,48,32,32,0,1,1,4294967295
tileMM_ODOstrichA,6064,320,16,48,32,32,0,1,1,4294967295
tileMM_ODOstrichA,6080,288,0,48,16,32,0,1,1,4294967295
tileMM_ODOstrichA,5984,288,16,48,96,32,0,1,1,4294967295
tileMM_ODOstrichA,5904,320,16,48,96,32,0,1,1,4294967295
tileMM_ODOstrichA,5888,288,16,48,32,32,0,1,1,4294967295
tileMM_ODOstrichA,5920,288,16,48,32,32,0,1,1,4294967295
tileMM_ODOstrichA,5952,288,16,48,32,32,0,1,1,4294967295
tileMM_ODOstrichA,5872,320,16,48,32,32,0,1,1,4294967295
tileMM_ODOstrichA,6000,320,16,48,32,32,0,1,1,4294967295
tileMM_ODOstrichA,6032,320,16,48,32,32,0,1,1,4294967295
tileMM_ODOstrichA,4944,272,0,48,48,32,0,1,1,4294967295
tileMM_ODOstrichA,4944,336,0,48,48,16,0,1,1,4294967295
tileMM_ODOstrichA,5168,288,0,48,48,32,0,1,1,4294967295
tileMM_ODOstrichA,5056,272,0,48,16,32,0,1,1,4294967295
tileMM_ODOstrichA,4992,272,16,48,64,32,0,1,1,4294967295
tileMM_ODOstrichA,4944,304,16,48,32,32,0,1,1,4294967295
tileMM_ODOstrichA,4976,304,16,48,32,32,0,1,1,4294967295
tileMM_ODOstrichA,5008,304,16,48,32,32,0,1,1,4294967295
tileMM_ODOstrichA,5040,304,16,48,32,32,0,1,1,4294967295
tileMM_ODOstrichA,4992,336,16,48,32,16,0,1,1,4294967295
tileMM_ODOstrichA,5024,336,16,48,32,16,0,1,1,4294967295
tileMM_ODOstrichA,5056,336,0,48,16,16,0,1,1,4294967295
tileMM_ODOstrichA,5168,320,16,48,32,32,0,1,1,4294967295
tileMM_ODOstrichA,5200,320,16,48,32,32,0,1,1,4294967295
tileMM_ODOstrichA,5232,320,16,48,32,32,0,1,1,4294967295
tileMM_ODOstrichA,5216,288,16,48,32,32,0,1,1,4294967295
tileMM_ODOstrichA,5248,288,16,48,32,32,0,1,1,4294967295
tileMM_ODOstrichA,5264,320,16,48,96,32,0,1,1,4294967295
tileMM_ODOstrichA,4704,288,16,48,96,32,0,1,1,4294967295
tileMM_ODOstrichA,4128,304,16,48,32,32,0,1,1,4294967295
tileMM_ODOstrichA,4160,304,16,48,32,32,0,1,1,4294967295
tileMM_ODOstrichA,4192,304,16,48,64,32,0,1,1,4294967295
tileMM_ODOstrichA,4320,304,16,48,64,32,0,1,1,4294967295
tileMM_ODOstrichA,4256,304,16,48,32,32,0,1,1,4294967295
tileMM_ODOstrichA,4288,304,16,48,32,32,0,1,1,4294967295
tileMM_ODOstrichA,4240,336,16,48,64,16,0,1,1,4294967295
tileMM_ODOstrichA,4144,336,16,48,32,16,0,1,1,4294967295
tileMM_ODOstrichA,4176,336,16,48,32,16,0,1,1,4294967295
tileMM_ODOstrichA,4208,336,16,48,32,16,0,1,1,4294967295
tileMM_ODOstrichA,4304,336,16,48,32,16,0,1,1,4294967295
tileMM_ODOstrichA,4336,336,16,48,32,16,0,1,1,4294967295
tileMM_ODOstrichA,4368,336,16,48,32,16,0,1,1,4294967295
tileMM_ODOstrichA,4400,336,16,48,32,16,0,1,1,4294967295
tileMM_ODOstrichA,4432,336,16,48,32,16,0,1,1,4294967295
tileMM_ODOstrichA,4464,336,16,48,96,16,0,1,1,4294967295
tileMM_ODOstrichA,4624,336,16,48,96,16,0,1,1,4294967295
tileMM_ODOstrichA,4560,336,16,48,32,16,0,1,1,4294967295
tileMM_ODOstrichA,4592,336,16,48,32,16,0,1,1,4294967295
tileMM_ODOstrichA,4384,304,16,48,32,32,0,1,1,4294967295
tileMM_ODOstrichA,4416,304,16,48,32,32,0,1,1,4294967295
tileMM_ODOstrichA,4448,304,16,48,32,32,0,1,1,4294967295
tileMM_ODOstrichA,4480,304,16,48,32,32,0,1,1,4294967295
tileMM_ODOstrichA,4512,304,16,48,32,32,0,1,1,4294967295
tileMM_ODOstrichA,4544,304,16,48,32,32,0,1,1,4294967295
tileMM_ODOstrichA,4576,304,16,48,32,32,0,1,1,4294967295
tileMM_ODOstrichA,4432,272,16,48,32,32,0,1,1,4294967295
tileMM_ODOstrichA,4464,272,16,48,96,32,0,1,1,4294967295
tileMM_ODOstrichA,4560,272,16,48,96,32,0,1,1,4294967295
tileMM_ODOstrichA,4608,304,16,48,96,32,0,1,1,4294967295
tileMM_ODOstrichA,4720,320,16,48,96,32,0,1,1,4294967295
tileMM_ODOstrichA,4704,320,64,48,16,16,0,1,1,4294967295
tileMM_ODOstrichA,4864,288,0,48,16,32,0,1,1,4294967295
tileMM_ODOstrichA,4800,288,16,48,32,32,0,1,1,4294967295
tileMM_ODOstrichA,4832,288,16,48,32,32,0,1,1,4294967295
tileMM_ODOstrichA,4816,320,16,48,32,32,0,1,1,4294967295
tileMM_ODOstrichA,4848,320,16,48,32,32,0,1,1,4294967295
tileMM_ODOstrichA,4400,288,16,64,32,16,0,1,1,4294967295
tileMM_ODOstrichA,4656,272,16,64,32,16,0,1,1,4294967295
tileMM_ODOstrichA,4656,288,48,48,32,16,0,1,1,4294967295
tileMM_ODOstrichA,4688,288,80,64,16,16,0,1,1,4294967295
tileMM_ODOstrichA,4464,256,48,48,64,16,0,1,1,4294967295
tileMM_ODOstrichA,4528,256,48,64,64,16,0,1,1,4294967295
tileMM_ODOstrichA,4608,256,48,64,32,16,0,1,1,4294967295
tileMM_ODOstrichA,4592,256,64,48,16,16,0,1,1,4294967295
tileMM_ODOstrichA,4640,256,64,48,16,16,0,1,1,4294967295
tileMM_ODOstrichA,4880,240,8,144,8,32,0,1,1,4294967295
tileMM_ODOstrichA,5072,224,8,144,8,32,0,1,1,4294967295
tileMM_ODOstrichA,4936,224,0,144,8,32,0,1,1,4294967295
tileMM_ODOstrichA,5160,240,0,144,8,32,0,1,1,4294967295
tileMM_ODOstrichA,5832,240,0,144,8,32,0,1,1,4294967295
tileMM_ODOstrichA,5616,176,8,144,8,32,0,1,1,4294967295
tileMM_ODOstrichA,5280,288,16,48,32,32,0,1,1,4294967295
tileMM_ODOstrichA,5312,288,16,48,32,32,0,1,1,4294967295
tileMM_ODOstrichA,5344,288,16,48,32,32,0,1,1,4294967295
tileMM_ODOstrichA,5456,320,16,48,96,32,0,1,1,4294967295
tileMM_ODOstrichA,5488,256,16,48,96,32,0,1,1,4294967295
tileMM_ODOstrichA,5376,288,16,48,64,32,0,1,1,4294967295
tileMM_ODOstrichA,5360,320,16,48,32,32,0,1,1,4294967295
tileMM_ODOstrichA,5392,320,16,48,32,32,0,1,1,4294967295
tileMM_ODOstrichA,5424,320,16,48,32,32,0,1,1,4294967295
tileMM_ODOstrichA,5392,256,16,48,32,32,0,1,1,4294967295
tileMM_ODOstrichA,5424,256,16,48,32,32,0,1,1,4294967295
tileMM_ODOstrichA,5456,256,16,48,32,32,0,1,1,4294967295
tileMM_ODOstrichA,5472,224,16,48,32,32,0,1,1,4294967295
tileMM_ODOstrichA,5504,224,16,48,32,32,0,1,1,4294967295
tileMM_ODOstrichA,5536,224,16,48,32,32,0,1,1,4294967295
tileMM_ODOstrichA,5568,224,16,48,32,32,0,1,1,4294967295
tileMM_ODOstrichA,5584,256,16,48,32,32,0,1,1,4294967295
tileMM_ODOstrichA,5440,288,16,48,32,32,0,1,1,4294967295
tileMM_ODOstrichA,5472,288,16,48,32,32,0,1,1,4294967295
tileMM_ODOstrichA,5504,288,16,48,32,32,0,1,1,4294967295
tileMM_ODOstrichA,5536,288,16,48,32,32,0,1,1,4294967295
tileMM_ODOstrichA,5568,288,16,48,32,32,0,1,1,4294967295
tileMM_ODOstrichA,5552,320,16,48,32,32,0,1,1,4294967295
tileMM_ODOstrichA,5584,320,16,48,32,32,0,1,1,4294967295
tileMM_ODOstrichA,5600,224,0,48,16,32,0,1,1,4294967295
tileMM_ODOstrichA,5600,288,0,48,16,32,0,1,1,4294967295
tileMM_ODOstrichA,5456,224,0,48,16,32,0,1,1,4294967295
tileMM_ODOstrichA,5424,240,16,64,32,16,0,1,1,4294967295
tileMM_ODOstrichA,5360,272,16,64,32,16,0,1,1,4294967295
tileMM_ODOstrichA,6224,240,64,144,32,32,0,1,1,4294967295
tileMM_ODOstrichA,6256,224,96,128,32,48,0,1,1,4294967295
tileMM_ODOstrichA,6288,224,160,144,32,32,0,1,1,4294967295
tileMM_ODOstrichA,6320,224,160,144,32,32,0,1,1,4294967295
tileMM_ODOstrichA,6352,224,160,144,32,32,0,1,1,4294967295
tileMM_ODOstrichA,6384,224,160,144,32,32,0,1,1,4294967295
tileMM_ODOstrichA,6480,224,64,144,32,32,0,1,1,4294967295
tileMM_ODOstrichA,6512,208,96,128,32,48,0,1,1,4294967295
tileMM_ODOstrichA,6416,224,160,144,32,32,0,1,1,4294967295
tileMM_ODOstrichA,6448,224,160,144,32,32,0,1,1,4294967295
tileMM_ODOstrichA,6544,208,160,144,32,32,0,1,1,4294967295
tileMM_ODOstrichA,6576,208,160,144,32,32,0,1,1,4294967295
tileMM_ODOstrichA,6608,208,160,144,32,32,0,1,1,4294967295
tileMM_ODOstrichA,6640,208,160,144,32,32,0,1,1,4294967295
tileMM_ODOstrichA,6672,208,160,144,32,32,0,1,1,4294967295
tileMM_ODOstrichA,6704,208,160,144,32,32,0,1,1,4294967295
tileMM_ODOstrichA,6736,208,160,144,32,32,0,1,1,4294967295
tileMM_ODOstrichA,6768,208,160,144,32,32,0,1,1,4294967295
tileMM_ODOstrichA,6800,208,160,144,32,32,0,1,1,4294967295
tileMM_ODOstrichA,6832,208,160,144,32,32,0,1,1,4294967295
tileMM_ODOstrichA,6864,208,64,144,32,32,0,1,1,4294967295
tileMM_ODOstrichA,6896,192,96,128,32,48,0,1,1,4294967295
tileMM_ODOstrichA,6928,192,64,144,32,32,0,1,1,4294967295
tileMM_ODOstrichA,6960,176,96,128,32,48,0,1,1,4294967295
tileMM_ODOstrichA,6992,176,160,144,32,32,0,1,1,4294967295
tileMM_ODOstrichA,7024,176,160,144,32,32,0,1,1,4294967295
tileMM_ODOstrichA,7056,176,160,144,32,32,0,1,1,4294967295
tileMM_ODOstrichA,7088,176,160,144,32,32,0,1,1,4294967295
tileMM_ODOstrichA,7120,176,160,144,32,32,0,1,1,4294967295
tileMM_ODOstrichA,7152,176,160,144,32,32,0,1,1,4294967295
tileMM_ODOstrichA,7184,176,160,144,32,32,0,1,1,4294967295
tileMM_ODOstrichA,7216,176,160,144,32,32,0,1,1,4294967295
tileMM_ODOstrichA,7248,176,64,144,32,32,0,1,1,4294967295
tileMM_ODOstrichA,7312,160,64,144,32,32,0,1,1,4294967295
tileMM_ODOstrichA,7280,160,96,128,32,48,0,1,1,4294967295
tileMM_ODOstrichA,7344,144,96,128,32,48,0,1,1,4294967295
tileMM_ODOstrichA,7376,144,160,144,32,32,0,1,1,4294967295
tileMM_ODOstrichA,7408,144,160,144,32,32,0,1,1,4294967295
tileMM_ODOstrichA,7440,144,160,144,32,32,0,1,1,4294967295
tileMM_ODOstrichA,7472,144,160,144,32,32,0,1,1,4294967295
tileMM_ODOstrichA,7504,144,64,144,32,32,0,1,1,4294967295
tileMM_ODOstrichA,7536,128,96,128,32,48,0,1,1,4294967295
tileMM_ODOstrichA,7984,272,0,0,64,48,0,1,1,4294967295
tileMM_ODOstrichA,8048,272,0,0,64,48,0,1,1,4294967295
tileMM_ODOstrichA,8112,272,0,0,64,48,0,1,1,4294967295
tileMM_ODOstrichA,8176,272,0,0,64,48,0,1,1,4294967295
tileMM_ODOstrichA,7984,320,0,48,112,32,0,1,1,4294967295
tileMM_ODOstrichA,8096,320,16,48,32,32,0,1,1,4294967295
tileMM_ODOstrichA,8128,320,16,48,32,32,0,1,1,4294967295
tileMM_ODOstrichA,8160,320,16,48,32,32,0,1,1,4294967295
tileMM_ODOstrichA,8256,320,16,48,32,32,0,1,1,4294967295
tileMM_ODOstrichA,7976,272,0,144,8,32,0,1,1,4294967295
tileMM_ODOstrichA,8240,272,0,0,64,48,0,1,1,4294967295
tileMM_ODOstrichA,8192,320,16,48,64,32,0,1,1,4294967295
tileMM_ODOstrichA,8352,320,16,48,16,32,0,1,1,4294967295
tileMM_ODOstrichA,8304,272,0,0,64,48,0,1,1,4294967295
tileMM_ODOstrichA,8288,320,16,48,32,32,0,1,1,4294967295
tileMM_ODOstrichA,8320,320,16,48,32,32,0,1,1,4294967295
tileMM_ODOstrichA,1056,192,160,144,32,32,0,1,1,4294967295
tileMM_ODOstrichA,1088,192,160,144,32,32,0,1,1,4294967295
tileMM_ODOstrichA,4320,160,128,80,48,16,0,1,1,4294967295
tileMM_ODOstrichA,4368,160,144,80,48,16,0,1,1,4294967295
tileMM_ODOstrichA,6112,272,0,128,80,16,0,1,1,4294967295
tileMM_ODOstrichA,6288,256,0,128,80,16,0,1,1,4294967295
tileMM_ODOstrichA,6400,256,0,128,80,16,0,1,1,4294967295
tileMM_ODOstrichA,6544,240,0,128,80,16,0,1,1,4294967295
tileMM_ODOstrichA,6768,240,0,128,80,16,0,1,1,4294967295
tileMM_ODOstrichA,6656,240,0,128,80,16,0,1,1,4294967295
tileMM_ODOstrichA,7008,208,0,128,80,16,0,1,1,4294967295
tileMM_ODOstrichA,7136,208,0,128,80,16,0,1,1,4294967295
tileMM_ODOstrichA,7392,176,0,128,80,16,0,1,1,4294967295
tileMM_ODOstrichA,7408,192,16,144,48,32,0,1,1,4294967295
tileMM_ODOstrichA,7152,224,16,144,48,32,0,1,1,4294967295
tileMM_ODOstrichA,7024,224,16,144,48,32,0,1,1,4294967295
tileMM_ODOstrichA,6128,288,16,144,48,32,0,1,1,4294967295
tileMM_ODOstrichA,6304,272,16,144,48,32,0,1,1,4294967295
tileMM_ODOstrichA,6416,272,16,144,48,32,0,1,1,4294967295
tileMM_ODOstrichA,6560,256,16,144,48,32,0,1,1,4294967295
tileMM_ODOstrichA,6672,256,16,144,48,32,0,1,1,4294967295
tileMM_ODOstrichA,6784,256,16,144,48,32,0,1,1,4294967295
tileMM_ODOstrichA,7424,224,32,144,16,32,0,1,1,4294967295
tileMM_ODOstrichA,7424,256,32,144,16,32,0,1,1,4294967295
tileMM_ODOstrichA,7424,288,32,144,16,32,0,1,1,4294967295
tileMM_ODOstrichA,7424,320,32,144,16,32,0,1,1,4294967295
tileMM_ODOstrichA,7168,256,32,144,16,32,0,1,1,4294967295
tileMM_ODOstrichA,7168,288,32,144,16,32,0,1,1,4294967295
tileMM_ODOstrichA,7168,320,32,144,16,32,0,1,1,4294967295
tileMM_ODOstrichA,7040,256,32,144,16,32,0,1,1,4294967295
tileMM_ODOstrichA,7040,288,32,144,16,32,0,1,1,4294967295
tileMM_ODOstrichA,7040,320,32,144,16,32,0,1,1,4294967295
tileMM_ODOstrichA,6800,288,32,144,16,32,0,1,1,4294967295
tileMM_ODOstrichA,6800,320,32,144,16,32,0,1,1,4294967295
tileMM_ODOstrichA,6688,288,32,144,16,32,0,1,1,4294967295
tileMM_ODOstrichA,6688,320,32,144,16,32,0,1,1,4294967295
tileMM_ODOstrichA,6576,288,32,144,16,32,0,1,1,4294967295
tileMM_ODOstrichA,6576,320,32,144,16,32,0,1,1,4294967295
tileMM_ODOstrichA,6144,320,32,144,16,32,0,1,1,4294967295
tileMM_ODOstrichA,6320,304,32,144,16,32,0,1,1,4294967295
tileMM_ODOstrichA,6432,304,32,144,16,32,0,1,1,4294967295
tileMM_ODOstrichA,6320,336,32,144,16,16,0,1,1,4294967295
tileMM_ODOstrichA,6432,336,32,144,16,16,0,1,1,4294967295
