oExit,8352,256,002C4D99,0,1,1,4294967295,0,1
oBikeJumpWarn,7552,112,0007B115,0,1,1,4294967295,0,0
oEventBarrier,256,0,001CAA63,0,1,1,4294967295,0,1
oBikeBoostPickup,912,176,0020A209,0,1,1,4294967295,0,0
oBikeBoostPickup,1040,176,00011342,0,1,1,4294967295,0,0
oBikeBoostPickup,1312,144,0003D5ED,0,1,1,4294967295,0,0
oBikeBoostPickup,1360,144,001F7636,0,1,1,4294967295,0,0
oBikeBoostPickup,2480,256,00266AEE,0,1,1,4294967295,0,0
oBikeBoostPickup,2592,240,0026EC4D,0,1,1,4294967295,0,0
oBikeBoostPickup,2720,224,00254268,0,1,1,4294967295,0,0
oBikeBoostPickup,2800,224,00185383,0,1,1,4294967295,0,0
oBikeBoostPickup,3184,192,002256D9,0,1,1,4294967295,0,0
oBikeBoostPickup,3296,192,003EB804,0,1,1,4294967295,0,0
oBikeBoostPickup,4128,240,0000FA25,0,1,1,4294967295,0,0
oBikeBoostPickup,4208,240,000DEC64,0,1,1,4294967295,0,0
oBikeBoostPickup,4288,240,002DDB84,0,1,1,4294967295,0,0
oBikeBoostPickup,5600,160,000FD1F1,0,1,1,4294967295,0,0
oBikeBoostPickup,5648,128,00095E7E,0,1,1,4294967295,0,0
oBikeBoostPickup,5728,112,00199179,0,1,1,4294967295,0,0
oBikeBoostPickup,5792,128,000FDC47,0,1,1,4294967295,0,0
oBikeBoostPickup,5856,160,000EB05D,0,1,1,4294967295,0,0
oBikeBoostPickup,5904,208,00021F97,0,1,1,4294967295,0,0
oBikeBoostPickup,1488,128,0035FAF9,0,1,1,4294967295,0,0
oBikeBoostPickup,1568,112,0024E063,0,1,1,4294967295,0,0
oBikeBoostPickup,1664,144,00395959,0,1,1,4294967295,0,0
oBikeBoostPickup,1728,192,002E21F3,0,1,1,4294967295,0,0
oBikeBoostPickup,4976,208,000D0EE7,0,1,1,4294967295,0,0
oBikeBoostPickup,5024,208,0028B459,0,1,1,4294967295,0,0
oBikeBoostPickup,6352,208,00074745,0,1,1,4294967295,0,0
oBikeBoostPickup,6416,208,003F96B7,0,1,1,4294967295,0,0
oHeartEnergy,4584,80,00091764,0,1,1,4294967295,0,1
oBikeBoostPickup,2288,224,003E7D4F,0,1,1,4294967295,0,0
oBikeBoostPickup,2352,224,00318A44,0,1,1,4294967295,0,0
oBikeBoostPickup,4896,192,002E3966,0,1,1,4294967295,0,0
oBikeBoostPickup,5136,192,0009336B,0,1,1,4294967295,0,0
oBikeBoostPickup,6592,160,001C571E,0,1,1,4294967295,0,0
oWeaponLevelUpgrade,224,32,003A494A,0,1,1,4294967295,0,1
oRushRoader,1984,224,003487C5,0,1,1,4294967295,0,0
oRushRoader,2224,288,00002EFB,0,1,1,4294967295,0,0
oRushRoader,2656,259,003F6EF5,0,1,1,4294967295,0,0
oRushRoader,4368,272,003891ED,0,1,1,4294967295,0,0
oRushRoader,5568,192,003C2843,0,1,1,4294967295,0,0
oBallDeVouxMain,6832,192,0001C8DF,0,1,1,4294967295,0,0
oBallDeVouxMain,6176,224,0007FA81,0,1,1,4294967295,0,0
oRushRoader,7392,160,003A06D1,0,1,1,4294967295,0,0
oRushRoader,7216,192,0005F19B,0,1,1,4294967295,0,0
oPlayer1,48,240,0035EB73,0,1,1,4294967295,0,0
oGetOnBike,128,240,00183FEF,0,1,1,4294967295,0,1
oStopBike,8144,192,001CA404,0,1,1,4294967295,0,1
oInvCollPH,16,240,003850CA,0,1,1,4294967295,0,0
oInvCollPH,32,240,000FC126,0,1,1,4294967295,0,0
oInvCollPH,48,240,000FCDF1,0,1,1,4294967295,0,0
oInvCollPH,64,240,003E3134,0,1,1,4294967295,0,0
oInvCollPH,80,240,001F0113,0,1,1,4294967295,0,0
oInvCollPH,96,240,0039FB9C,0,1,1,4294967295,0,0
oInvCollPH,112,240,002C1A54,0,1,1,4294967295,0,0
oInvCollPH,128,240,0024ACD5,0,1,1,4294967295,0,0
oInvCollPH,144,240,002FE632,0,1,1,4294967295,0,0
oInvCollPH,192,256,00129C67,0,1,1,4294967295,0,0
oInvCollPH,208,256,000A9AF8,0,1,1,4294967295,0,0
oInvCollPH,224,256,00231978,0,1,1,4294967295,0,0
oInvCollPH,240,256,0039BB42,0,1,1,4294967295,0,0
oInvCollPH,256,256,001228EB,0,1,1,4294967295,0,0
oInvCollPH,272,256,0021AA86,0,1,1,4294967295,0,0
oInvCollPH,288,256,0024E050,0,1,1,4294967295,0,0
oInvCollPH,304,256,0021FF75,0,1,1,4294967295,0,0
oInvCollPH,400,256,002122C5,0,1,1,4294967295,0,0
oInvCollPH,384,256,000A9D8A,0,1,1,4294967295,0,0
oInvCollPH,368,256,00248A7B,0,1,1,4294967295,0,0
oInvCollPH,352,256,001E166B,0,1,1,4294967295,0,0
oInvCollPH,336,256,000AE39B,0,1,1,4294967295,0,0
oInvCollPH,320,256,0038D68E,0,1,1,4294967295,0,0
oInvCollPH,416,256,002D79F2,0,1,1,4294967295,0,0
oInvCollPH,432,256,00172D11,0,1,1,4294967295,0,0
oInvCollPH,560,208,00010EB8,0,1,1,4294967295,0,0
oInvCollPH,560,224,0001EF33,0,1,1,4294967295,0,0
oInvCollPH,560,240,003B8C70,0,1,1,4294967295,0,0
oInvCollPH,560,256,0025A64C,0,1,1,4294967295,0,0
oInvCollPH,560,272,000D6178,0,1,1,4294967295,0,0
oInvCollPH,560,288,0018A74D,0,1,1,4294967295,0,0
oInvCollPH,560,304,0004B162,0,1,1,4294967295,0,0
oInvCollPH,560,320,0022C551,0,1,1,4294967295,0,0
oInvCollPH,560,336,001B2608,0,1,1,4294967295,0,0
oInvCollPH,880,208,00223252,0,1,1,4294967295,0,0
oInvCollPH,896,208,0034101F,0,1,1,4294967295,0,0
oInvCollPH,912,208,000BCB4B,0,1,1,4294967295,0,0
oInvCollPH,928,208,00399C3D,0,1,1,4294967295,0,0
oInvCollPH,944,208,00245912,0,1,1,4294967295,0,0
oInvCollPH,1328,176,0005BE15,0,1,1,4294967295,0,0
oInvCollPH,1312,176,000678BF,0,1,1,4294967295,0,0
oInvCollPH,1296,176,0038C4BE,0,1,1,4294967295,0,0
oInvCollPH,1280,176,00205E44,0,1,1,4294967295,0,0
oInvCollPH,1264,176,0032F4C9,0,1,1,4294967295,0,0
oInvCollPH,1424,176,002A4AA0,0,1,1,4294967295,0,0
oInvCollPH,1408,176,0030237F,0,1,1,4294967295,0,0
oInvCollPH,1392,176,0027D225,0,1,1,4294967295,0,0
oInvCollPH,1376,176,0010808E,0,1,1,4294967295,0,0
oInvCollPH,1360,176,00090A51,0,1,1,4294967295,0,0
oInvCollPH,1344,176,002BD791,0,1,1,4294967295,0,0
oInvCollPH,1008,208,001A9498,0,1,1,4294967295,0,0
oInvCollPH,992,208,00216212,0,1,1,4294967295,0,0
oInvCollPH,976,208,000B2123,0,1,1,4294967295,0,0
oInvCollPH,960,208,002EA866,0,1,1,4294967295,0,0
oInvCollPH,1024,208,001D9090,0,1,1,4294967295,0,0
oInvCollPH,1040,208,003FD418,0,1,1,4294967295,0,0
oInvCollPH,1056,208,001170D2,0,1,1,4294967295,0,0
oInvCollPH,1072,208,001ECB68,0,1,1,4294967295,0,0
oInvCollPH,1088,208,00268172,0,1,1,4294967295,0,0
oInvCollPH,1104,208,00375A4A,0,1,1,4294967295,0,0
oInvCollPH,1728,256,0000DE20,0,1,1,4294967295,0,0
oInvCollPH,1744,256,00390F61,0,1,1,4294967295,0,0
oInvCollPH,1760,256,0025785D,0,1,1,4294967295,0,0
oInvCollPH,1776,256,002FEBBD,0,1,1,4294967295,0,0
oInvCollPH,1792,256,00243D11,0,1,1,4294967295,0,0
oInvCollPH,1808,256,0033607F,0,1,1,4294967295,0,0
oInvCollPH,1824,256,00226424,0,1,1,4294967295,0,0
oInvCollPH,1840,256,001C538B,0,1,1,4294967295,0,0
oInvCollPH,1856,256,00223722,0,1,1,4294967295,0,0
oInvCollPH,1872,256,000CFB85,0,1,1,4294967295,0,0
oInvCollPH,1888,256,00357FD2,0,1,1,4294967295,0,0
oInvCollPH,1712,272,00310857,0,1,1,4294967295,0,0
oInvCollPH,1712,288,001A27FA,0,1,1,4294967295,0,0
oInvCollPH,1712,304,00148F9C,0,1,1,4294967295,0,0
oInvCollPH,1712,320,0011561C,0,1,1,4294967295,0,0
oInvCollPH,1712,336,00340AE8,0,1,1,4294967295,0,0
oInvCollPH,1984,224,00029849,0,1,1,4294967295,0,0
oInvCollPH,2000,224,003F6D16,0,1,1,4294967295,0,0
oInvCollPH,2016,224,00279EFC,0,1,1,4294967295,0,0
oInvCollPH,2160,288,000B7821,0,1,1,4294967295,0,0
oInvCollPH,2176,288,003BA00A,0,1,1,4294967295,0,0
oInvCollPH,2192,288,003E579F,0,1,1,4294967295,0,0
oInvCollPH,2208,288,003B4E94,0,1,1,4294967295,0,0
oInvCollPH,2224,288,003C5973,0,1,1,4294967295,0,0
oInvCollPH,2240,288,00108B15,0,1,1,4294967295,0,0
oInvCollPH,2240,304,000AAEAE,0,1,1,4294967295,0,0
oInvCollPH,2240,320,000C0B67,0,1,1,4294967295,0,0
oInvCollPH,2240,336,001A31E4,0,1,1,4294967295,0,0
oInvCollPH,2416,320,003E8955,0,1,1,4294967295,0,0
oInvCollPH,2416,336,00362167,0,1,1,4294967295,0,0
oInvCollPH,2464,288,000FC453,0,1,1,4294967295,0,0
oInvCollPH,2480,288,00015D27,0,1,1,4294967295,0,0
oInvCollPH,2496,288,0014E93B,0,1,1,4294967295,0,0
oInvCollPH,2512,288,0015CEB4,0,1,1,4294967295,0,0
oInvCollPH,2528,288,003F309E,0,1,1,4294967295,0,0
oInvCollPH,2592,272,0037015E,0,1,1,4294967295,0,0
oInvCollPH,2608,272,002A1B9E,0,1,1,4294967295,0,0
oInvCollPH,2624,272,003B01E8,0,1,1,4294967295,0,0
oInvCollPH,3088,208,000FB027,0,1,1,4294967295,0,0
oInvCollPH,3104,192,0025B83D,0,1,1,4294967295,0,0
oInvCollPH,3104,208,0018BD0A,0,1,1,4294967295,0,0
oInvCollPH,3376,208,002A71A0,0,1,1,4294967295,0,0
oInvCollPH,3392,208,0001FF05,0,1,1,4294967295,0,0
oInvCollPH,3392,192,003C7827,0,1,1,4294967295,0,0
oInvCollPH,3056,96,001D8261,0,1,1,4294967295,0,0
oInvCollPH,3072,96,0026DA35,0,1,1,4294967295,0,0
oInvCollPH,3088,96,0037A838,0,1,1,4294967295,0,0
oInvCollPH,3104,96,003BD252,0,1,1,4294967295,0,0
oInvCollPH,3120,96,00223AC4,0,1,1,4294967295,0,0
oInvCollPH,3136,96,001ABA2F,0,1,1,4294967295,0,0
oInvCollPH,3152,96,001B65A8,0,1,1,4294967295,0,0
oInvCollPH,3168,96,003AA526,0,1,1,4294967295,0,0
oInvCollPH,3184,96,002FF5AD,0,1,1,4294967295,0,0
oInvCollPH,3200,96,0036D3ED,0,1,1,4294967295,0,0
oInvCollPH,3216,96,001B8FEA,0,1,1,4294967295,0,0
oInvCollPH,3232,96,00075087,0,1,1,4294967295,0,0
oInvCollPH,3232,80,0033EA43,0,1,1,4294967295,0,0
oInvCollPH,2688,256,003488C9,0,1,1,4294967295,0,0
oInvCollPH,2704,256,001E8904,0,1,1,4294967295,0,0
oInvCollPH,2720,256,00013E22,0,1,1,4294967295,0,0
oInvCollPH,2736,256,002DC292,0,1,1,4294967295,0,0
oInvCollPH,2752,256,0030146D,0,1,1,4294967295,0,0
oInvCollPH,2768,256,0028D341,0,1,1,4294967295,0,0
oInvCollPH,2784,256,00038529,0,1,1,4294967295,0,0
oInvCollPH,2800,256,0024F48A,0,1,1,4294967295,0,0
oInvCollPH,2816,256,0002F7DD,0,1,1,4294967295,0,0
oInvCollPH,2832,256,00341286,0,1,1,4294967295,0,0
oInvCollPH,2848,256,000C5A91,0,1,1,4294967295,0,0
oInvCollPH,2944,224,0032B343,0,1,1,4294967295,0,0
oInvCollPH,2960,224,00349838,0,1,1,4294967295,0,0
oInvCollPH,2976,224,002227D7,0,1,1,4294967295,0,0
oInvCollPH,2992,224,003855AE,0,1,1,4294967295,0,0
oInvCollPH,3008,224,0039C3F2,0,1,1,4294967295,0,0
oInvCollPH,3024,224,0034A8C2,0,1,1,4294967295,0,0
oInvCollPH,3040,224,000513F3,0,1,1,4294967295,0,0
oInvCollPH,3056,224,003E1367,0,1,1,4294967295,0,0
oInvCollPH,3072,224,0006A213,0,1,1,4294967295,0,0
oInvCollPH,3120,224,0018BA1C,0,1,1,4294967295,0,0
oInvCollPH,3136,224,0018BC0E,0,1,1,4294967295,0,0
oInvCollPH,3152,224,002DAA60,0,1,1,4294967295,0,0
oInvCollPH,3168,224,00016261,0,1,1,4294967295,0,0
oInvCollPH,3184,224,00222A66,0,1,1,4294967295,0,0
oInvCollPH,3200,224,0033698B,0,1,1,4294967295,0,0
oInvCollPH,3216,224,002E0814,0,1,1,4294967295,0,0
oInvCollPH,3232,224,002BBBF3,0,1,1,4294967295,0,0
oInvCollPH,3360,224,00105700,0,1,1,4294967295,0,0
oInvCollPH,3344,224,00214B95,0,1,1,4294967295,0,0
oInvCollPH,3328,224,00394B18,0,1,1,4294967295,0,0
oInvCollPH,3312,224,002C2614,0,1,1,4294967295,0,0
oInvCollPH,3296,224,00360ECE,0,1,1,4294967295,0,0
oInvCollPH,3280,224,001A2B74,0,1,1,4294967295,0,0
oInvCollPH,3264,224,0001B3BD,0,1,1,4294967295,0,0
oInvCollPH,3248,224,00181EAB,0,1,1,4294967295,0,0
oInvCollPH,3408,224,000B1E3C,0,1,1,4294967295,0,0
oInvCollPH,3424,224,0029F0FC,0,1,1,4294967295,0,0
oInvCollPH,3440,224,003737EC,0,1,1,4294967295,0,0
oInvCollPH,3456,224,003DBB1A,0,1,1,4294967295,0,0
oInvCollPH,3472,224,000B72F5,0,1,1,4294967295,0,0
oInvCollPH,3488,224,003AD131,0,1,1,4294967295,0,0
oInvCollPH,3504,224,00235AC0,0,1,1,4294967295,0,0
oInvCollPH,3520,224,0011E55D,0,1,1,4294967295,0,0
oInvCollPH,3536,224,003C98B1,0,1,1,4294967295,0,0
oInvCollPH,3552,224,0039EEAD,0,1,1,4294967295,0,0
oInvCollPH,3680,224,0030B54B,0,1,1,4294967295,0,0
oInvCollPH,3664,224,004043CF,0,1,1,4294967295,0,0
oInvCollPH,3648,224,00238A35,0,1,1,4294967295,0,0
oInvCollPH,3632,224,0031B97D,0,1,1,4294967295,0,0
oInvCollPH,3616,224,000FBBBA,0,1,1,4294967295,0,0
oInvCollPH,3600,224,001A1A30,0,1,1,4294967295,0,0
oInvCollPH,3584,224,00148945,0,1,1,4294967295,0,0
oInvCollPH,3568,224,0004A802,0,1,1,4294967295,0,0
oInvCollPH,3680,64,0011AAC8,0,1,1,4294967295,0,0
oInvCollPH,3664,64,00110D82,0,1,1,4294967295,0,0
oInvCollPH,3648,64,0013FC52,0,1,1,4294967295,0,0
oInvCollPH,3632,64,0010EB0F,0,1,1,4294967295,0,0
oInvCollPH,3616,64,000B9E25,0,1,1,4294967295,0,0
oInvCollPH,3600,64,00183776,0,1,1,4294967295,0,0
oInvCollPH,3584,64,002B38CB,0,1,1,4294967295,0,0
oInvCollPH,3568,64,002F89B0,0,1,1,4294967295,0,0
oInvCollPH,3552,64,00196E6B,0,1,1,4294967295,0,0
oInvCollPH,3536,64,001A4B27,0,1,1,4294967295,0,0
oInvCollPH,3520,64,0002FC58,0,1,1,4294967295,0,0
oInvCollPH,3504,64,0037745D,0,1,1,4294967295,0,0
oInvCollPH,3488,64,000EAA4E,0,1,1,4294967295,0,0
oInvCollPH,3472,64,001ABC7D,0,1,1,4294967295,0,0
oInvCollPH,3456,64,0006D3A1,0,1,1,4294967295,0,0
oInvCollPH,3440,64,0013B57F,0,1,1,4294967295,0,0
oInvCollPH,3424,64,00111BF0,0,1,1,4294967295,0,0
oInvCollPH,3408,64,000A6E6F,0,1,1,4294967295,0,0
oInvCollPH,3392,64,003C5400,0,1,1,4294967295,0,0
oInvCollPH,3376,64,00247FF9,0,1,1,4294967295,0,0
oInvCollPH,3360,64,000374A6,0,1,1,4294967295,0,0
oInvCollPH,3344,64,001B4ED0,0,1,1,4294967295,0,0
oInvCollPH,3328,64,001D82B8,0,1,1,4294967295,0,0
oInvCollPH,3312,64,0008A8DB,0,1,1,4294967295,0,0
oInvCollPH,3296,64,00155CAF,0,1,1,4294967295,0,0
oInvCollPH,3280,64,000A2E26,0,1,1,4294967295,0,0
oInvCollPH,3264,64,001BB36C,0,1,1,4294967295,0,0
oInvCollPH,3248,64,002142A0,0,1,1,4294967295,0,0
oInvCollPH,3040,64,00386F24,0,1,1,4294967295,0,0
oInvCollPH,3024,64,0007B678,0,1,1,4294967295,0,0
oInvCollPH,3008,64,0031AF19,0,1,1,4294967295,0,0
oInvCollPH,2992,64,002ECC81,0,1,1,4294967295,0,0
oInvCollPH,2976,64,0025E74F,0,1,1,4294967295,0,0
oInvCollPH,2960,64,00301648,0,1,1,4294967295,0,0
oInvCollPH,2944,64,00092CE4,0,1,1,4294967295,0,0
oInvCollPH,2928,64,000889EC,0,1,1,4294967295,0,0
oInvCollPH,2928,48,001C2B0F,0,1,1,4294967295,0,0
oInvCollPH,2928,32,00161125,0,1,1,4294967295,0,0
oInvCollPH,2928,16,0001D66C,0,1,1,4294967295,0,0
oInvCollPH,4000,240,00368947,0,1,1,4294967295,0,0
oInvCollPH,4000,256,0008A2FD,0,1,1,4294967295,0,0
oInvCollPH,4016,224,00368100,0,1,1,4294967295,0,0
oInvCollPH,4016,240,00359E20,0,1,1,4294967295,0,0
oInvCollPH,4016,256,0006AB68,0,1,1,4294967295,0,0
oInvCollPH,3760,256,0028447E,0,1,1,4294967295,0,0
oInvCollPH,3776,256,00318DF9,0,1,1,4294967295,0,0
oInvCollPH,3824,272,002C691C,0,1,1,4294967295,0,0
oInvCollPH,3840,272,000F6B6C,0,1,1,4294967295,0,0
oInvCollPH,3856,272,00328B28,0,1,1,4294967295,0,0
oInvCollPH,3872,272,00038E4D,0,1,1,4294967295,0,0
oInvCollPH,3888,272,00114CA0,0,1,1,4294967295,0,0
oInvCollPH,3904,272,00396986,0,1,1,4294967295,0,0
oInvCollPH,3920,272,003C16BE,0,1,1,4294967295,0,0
oInvCollPH,3936,272,00347489,0,1,1,4294967295,0,0
oInvCollPH,3952,272,000AA919,0,1,1,4294967295,0,0
oInvCollPH,3968,272,0031CAD3,0,1,1,4294967295,0,0
oInvCollPH,3984,272,0004EA54,0,1,1,4294967295,0,0
oInvCollPH,4032,272,003B4240,0,1,1,4294967295,0,0
oInvCollPH,4048,272,0013F4D7,0,1,1,4294967295,0,0
oInvCollPH,4064,272,002DEB0E,0,1,1,4294967295,0,0
oInvCollPH,4080,272,0023C7D9,0,1,1,4294967295,0,0
oInvCollPH,4096,272,002E612D,0,1,1,4294967295,0,0
oInvCollPH,4400,160,0030C463,0,1,1,4294967295,0,0
oInvCollPH,4384,160,001F38AC,0,1,1,4294967295,0,0
oInvCollPH,4336,160,001DFC0A,0,1,1,4294967295,0,0
oInvCollPH,4352,160,0022E0AA,0,1,1,4294967295,0,0
oInvCollPH,4368,160,0007C2C1,0,1,1,4294967295,0,0
oInvCollPH,4576,96,000C7EA1,0,1,1,4294967295,0,0
oInvCollPH,4592,96,000E0C36,0,1,1,4294967295,0,0
oInvCollPH,4608,96,000BAF3A,0,1,1,4294967295,0,0
oInvCollPH,4944,256,00119A0E,0,1,1,4294967295,0,0
oInvCollPH,4944,272,002BD855,0,1,1,4294967295,0,0
oInvCollPH,4944,288,0023C3AB,0,1,1,4294967295,0,0
oInvCollPH,4944,304,0033EC07,0,1,1,4294967295,0,0
oInvCollPH,4944,320,00129D7E,0,1,1,4294967295,0,0
oInvCollPH,4944,336,000CEEBF,0,1,1,4294967295,0,0
oInvCollPH,4960,240,001A2836,0,1,1,4294967295,0,0
oInvCollPH,4976,240,0026D7B5,0,1,1,4294967295,0,0
oInvCollPH,4992,240,001579EF,0,1,1,4294967295,0,0
oInvCollPH,5008,240,001CBC3E,0,1,1,4294967295,0,0
oInvCollPH,5024,240,0014B184,0,1,1,4294967295,0,0
oInvCollPH,5040,240,001D3E37,0,1,1,4294967295,0,0
oInvCollPH,5056,240,000CCB7A,0,1,1,4294967295,0,0
oInvCollPH,5056,256,004015A6,0,1,1,4294967295,0,0
oInvCollPH,5056,272,000217FD,0,1,1,4294967295,0,0
oInvCollPH,5056,288,003F8301,0,1,1,4294967295,0,0
oInvCollPH,5056,304,0029043D,0,1,1,4294967295,0,0
oInvCollPH,5056,320,001B9D86,0,1,1,4294967295,0,0
oInvCollPH,5056,336,000F03AF,0,1,1,4294967295,0,0
oInvCollPH,5168,272,001BF282,0,1,1,4294967295,0,0
oInvCollPH,5168,288,00162AB9,0,1,1,4294967295,0,0
oInvCollPH,5168,304,0029ED5C,0,1,1,4294967295,0,0
oInvCollPH,5168,320,001A2F4E,0,1,1,4294967295,0,0
oInvCollPH,5168,336,002C2F6B,0,1,1,4294967295,0,0
oInvCollPH,5184,256,003BE5BB,0,1,1,4294967295,0,0
oInvCollPH,5200,256,000EFA94,0,1,1,4294967295,0,0
oInvCollPH,5216,256,002B3BBB,0,1,1,4294967295,0,0
oInvCollPH,5232,256,001ED4D2,0,1,1,4294967295,0,0
oInvCollPH,5248,256,002167D4,0,1,1,4294967295,0,0
oInvCollPH,5264,256,00327332,0,1,1,4294967295,0,0
oInvCollPH,5280,256,00394F06,0,1,1,4294967295,0,0
oInvCollPH,5296,256,0037599E,0,1,1,4294967295,0,0
oInvCollPH,5312,256,00333059,0,1,1,4294967295,0,0
oInvCollPH,5328,256,002CDF85,0,1,1,4294967295,0,0
oInvCollPH,5344,256,002178B6,0,1,1,4294967295,0,0
oInvCollPH,5504,192,0018E2BC,0,1,1,4294967295,0,0
oInvCollPH,5520,192,002A1A5A,0,1,1,4294967295,0,0
oInvCollPH,5536,192,0031689F,0,1,1,4294967295,0,0
oInvCollPH,5552,192,003C57AF,0,1,1,4294967295,0,0
oInvCollPH,5568,192,002CCDFA,0,1,1,4294967295,0,0
oInvCollPH,5584,192,00318BB4,0,1,1,4294967295,0,0
oInvCollPH,5600,192,0021538D,0,1,1,4294967295,0,0
oInvCollPH,5600,208,000F33B5,0,1,1,4294967295,0,0
oInvCollPH,5600,224,0019C6D2,0,1,1,4294967295,0,0
oInvCollPH,5600,240,002E9DEE,0,1,1,4294967295,0,0
oInvCollPH,5600,256,00106801,0,1,1,4294967295,0,0
oInvCollPH,5600,272,002D3514,0,1,1,4294967295,0,0
oInvCollPH,5600,288,001CE24E,0,1,1,4294967295,0,0
oInvCollPH,5600,304,00229306,0,1,1,4294967295,0,0
oInvCollPH,5600,320,000AD281,0,1,1,4294967295,0,0
oInvCollPH,5600,336,001FBE42,0,1,1,4294967295,0,0
oInvCollPH,5840,272,0019FECA,0,1,1,4294967295,0,0
oInvCollPH,5840,288,002DEFE7,0,1,1,4294967295,0,0
oInvCollPH,5840,304,00008065,0,1,1,4294967295,0,0
oInvCollPH,5840,320,000D82B7,0,1,1,4294967295,0,0
oInvCollPH,5840,336,00128362,0,1,1,4294967295,0,0
oInvCollPH,5856,256,000B0E9C,0,1,1,4294967295,0,0
oInvCollPH,5872,256,00092EB7,0,1,1,4294967295,0,0
oInvCollPH,5888,256,0018A160,0,1,1,4294967295,0,0
oInvCollPH,5904,256,003B83A1,0,1,1,4294967295,0,0
oInvCollPH,5920,256,000310AB,0,1,1,4294967295,0,0
oInvCollPH,5936,256,0005A056,0,1,1,4294967295,0,0
oInvCollPH,5952,256,003DC46B,0,1,1,4294967295,0,0
oInvCollPH,5968,256,001CEA1B,0,1,1,4294967295,0,0
oInvCollPH,5984,256,0020D0F2,0,1,1,4294967295,0,0
oInvCollPH,6000,256,000B43AE,0,1,1,4294967295,0,0
oInvCollPH,6016,256,003D8D30,0,1,1,4294967295,0,0
oInvCollPH,6032,256,002B6E03,0,1,1,4294967295,0,0
oInvCollPH,6048,256,0007486A,0,1,1,4294967295,0,0
oInvCollPH,6064,256,00375F62,0,1,1,4294967295,0,0
oInvCollPH,6080,256,00114253,0,1,1,4294967295,0,0
oInvCollPH,6080,272,000E582C,0,1,1,4294967295,0,0
oInvCollPH,6080,288,00320EBA,0,1,1,4294967295,0,0
oInvCollPH,6080,304,0029991B,0,1,1,4294967295,0,0
oInvCollPH,6080,320,0025AEC5,0,1,1,4294967295,0,0
oInvCollPH,6080,336,000F7EF8,0,1,1,4294967295,0,0
oInvCollPH,4512,224,001BBF41,0,1,1,4294967295,0,0
oInvCollPH,4528,224,00344960,0,1,1,4294967295,0,0
oInvCollPH,4544,224,00168E1E,0,1,1,4294967295,0,0
oInvCollPH,4560,224,0036F077,0,1,1,4294967295,0,0
oInvCollPH,4576,224,00049717,0,1,1,4294967295,0,0
oInvCollPH,4592,224,003E6B87,0,1,1,4294967295,0,0
oInvCollPH,4608,224,001C0F41,0,1,1,4294967295,0,0
oInvCollPH,4384,272,00124A42,0,1,1,4294967295,0,0
oInvCollPH,4368,272,0033932A,0,1,1,4294967295,0,0
oInvCollPH,4352,272,0019BCC9,0,1,1,4294967295,0,0
oInvCollPH,4336,272,00329E3C,0,1,1,4294967295,0,0
oInvCollPH,4320,272,002E0536,0,1,1,4294967295,0,0
oInvCollPH,4304,272,0027CCCB,0,1,1,4294967295,0,0
oInvCollPH,4288,272,000AA2CC,0,1,1,4294967295,0,0
oInvCollPH,4272,272,003B93BA,0,1,1,4294967295,0,0
oInvCollPH,4112,272,0021FF7B,0,1,1,4294967295,0,0
oInvCollPH,4128,272,003FE4E6,0,1,1,4294967295,0,0
oInvCollPH,4144,272,000F3C66,0,1,1,4294967295,0,0
oInvCollPH,4160,272,0020B79E,0,1,1,4294967295,0,0
oInvCollPH,4176,272,003011D5,0,1,1,4294967295,0,0
oInvCollPH,4192,272,00242259,0,1,1,4294967295,0,0
oInvCollPH,4208,272,0015B504,0,1,1,4294967295,0,0
oInvCollPH,4224,272,0034B811,0,1,1,4294967295,0,0
oInvCollPH,4240,272,001D2323,0,1,1,4294967295,0,0
oInvCollPH,4256,272,00292EB0,0,1,1,4294967295,0,0
oInvCollPH,4864,336,00219109,0,1,1,4294967295,0,0
oInvCollPH,4864,320,0005612B,0,1,1,4294967295,0,0
oInvCollPH,4864,304,0004306B,0,1,1,4294967295,0,0
oInvCollPH,4864,288,00076894,0,1,1,4294967295,0,0
oInvCollPH,4864,272,002C8546,0,1,1,4294967295,0,0
oInvCollPH,4864,256,00222C8F,0,1,1,4294967295,0,0
oInvCollPH,4848,256,0014FB65,0,1,1,4294967295,0,0
oInvCollPH,4832,256,002F7DD1,0,1,1,4294967295,0,0
oInvCollPH,4816,256,001CBAD4,0,1,1,4294967295,0,0
oInvCollPH,4800,256,002F3D61,0,1,1,4294967295,0,0
oInvCollPH,4784,256,002FECC9,0,1,1,4294967295,0,0
oInvCollPH,4768,256,0004C771,0,1,1,4294967295,0,0
oInvCollPH,4752,256,001D0430,0,1,1,4294967295,0,0
oInvCollPH,4736,256,0001FDC8,0,1,1,4294967295,0,0
oInvCollPH,4720,256,0032FAE4,0,1,1,4294967295,0,0
oInvCollPH,4704,256,0008EF5F,0,1,1,4294967295,0,0
oInvCollPH,4688,256,0037A75A,0,1,1,4294967295,0,0
oInvCollPH,7392,160,0015C80F,0,1,1,4294967295,0,0
oInvCollPH,7408,160,001A914B,0,1,1,4294967295,0,0
oInvCollPH,7424,160,0009B771,0,1,1,4294967295,0,0
oInvCollPH,7440,160,000109AC,0,1,1,4294967295,0,0
oInvCollPH,7456,160,000D7315,0,1,1,4294967295,0,0
oInvCollPH,7472,160,002DD53A,0,1,1,4294967295,0,0
oInvCollPH,7488,160,000A5CB3,0,1,1,4294967295,0,0
oInvCollPH,6112,256,001F3F88,0,1,1,4294967295,0,0
oInvCollPH,6128,256,003E51DB,0,1,1,4294967295,0,0
oInvCollPH,6144,256,0007F574,0,1,1,4294967295,0,0
oInvCollPH,6160,256,00033EA2,0,1,1,4294967295,0,0
oInvCollPH,6176,256,00032D51,0,1,1,4294967295,0,0
oInvCollPH,6192,256,0004ADB3,0,1,1,4294967295,0,0
oInvCollPH,6208,256,00259880,0,1,1,4294967295,0,0
oInvCollPH,6304,240,0028AD24,0,1,1,4294967295,0,0
oInvCollPH,6320,240,00075FCE,0,1,1,4294967295,0,0
oInvCollPH,6336,240,0000AC2E,0,1,1,4294967295,0,0
oInvCollPH,6352,240,0022E9DB,0,1,1,4294967295,0,0
oInvCollPH,6368,240,00362DFB,0,1,1,4294967295,0,0
oInvCollPH,6384,240,0026E818,0,1,1,4294967295,0,0
oInvCollPH,6400,240,00198EBA,0,1,1,4294967295,0,0
oInvCollPH,6416,240,00349161,0,1,1,4294967295,0,0
oInvCollPH,6432,240,000FCFAA,0,1,1,4294967295,0,0
oInvCollPH,6448,240,001C9976,0,1,1,4294967295,0,0
oInvCollPH,6464,240,0005D172,0,1,1,4294967295,0,0
oInvCollPH,6560,224,00283963,0,1,1,4294967295,0,0
oInvCollPH,6576,224,0016B6C8,0,1,1,4294967295,0,0
oInvCollPH,6592,224,0004A897,0,1,1,4294967295,0,0
oInvCollPH,6608,224,001CABC1,0,1,1,4294967295,0,0
oInvCollPH,6624,224,0014459D,0,1,1,4294967295,0,0
oInvCollPH,6640,224,001EB3DD,0,1,1,4294967295,0,0
oInvCollPH,6656,224,002A2E47,0,1,1,4294967295,0,0
oInvCollPH,6672,224,00053FC3,0,1,1,4294967295,0,0
oInvCollPH,6688,224,0026DF9B,0,1,1,4294967295,0,0
oInvCollPH,6704,224,00073CFD,0,1,1,4294967295,0,0
oInvCollPH,6720,224,003BCFA6,0,1,1,4294967295,0,0
oInvCollPH,6736,224,002FF61B,0,1,1,4294967295,0,0
oInvCollPH,6752,224,0017EB57,0,1,1,4294967295,0,0
oInvCollPH,6768,224,00049E6B,0,1,1,4294967295,0,0
oInvCollPH,6784,224,00351D6C,0,1,1,4294967295,0,0
oInvCollPH,6800,224,000A43B3,0,1,1,4294967295,0,0
oInvCollPH,6816,224,0012EF0D,0,1,1,4294967295,0,0
oInvCollPH,6832,224,0037F595,0,1,1,4294967295,0,0
oInvCollPH,6848,224,00146C38,0,1,1,4294967295,0,0
oInvCollPH,7008,192,003C001F,0,1,1,4294967295,0,0
oInvCollPH,7024,192,0038B957,0,1,1,4294967295,0,0
oInvCollPH,7040,192,000572C4,0,1,1,4294967295,0,0
oInvCollPH,7056,192,000A042E,0,1,1,4294967295,0,0
oInvCollPH,7072,192,003B996C,0,1,1,4294967295,0,0
oInvCollPH,7088,192,002D650C,0,1,1,4294967295,0,0
oInvCollPH,7104,192,001A838E,0,1,1,4294967295,0,0
oInvCollPH,7120,192,002A1DFD,0,1,1,4294967295,0,0
oInvCollPH,7136,192,00376C67,0,1,1,4294967295,0,0
oInvCollPH,7152,192,001F9FDF,0,1,1,4294967295,0,0
oInvCollPH,7168,192,000057AE,0,1,1,4294967295,0,0
oInvCollPH,7184,192,002682F0,0,1,1,4294967295,0,0
oInvCollPH,7200,192,003EAD73,0,1,1,4294967295,0,0
oInvCollPH,7216,192,002009A9,0,1,1,4294967295,0,0
oInvCollPH,7232,192,00284190,0,1,1,4294967295,0,0
oInvCollPH,7984,304,00228B0A,0,1,1,4294967295,0,0
oInvCollPH,7984,320,00122ACF,0,1,1,4294967295,0,0
oInvCollPH,7984,336,00170C6F,0,1,1,4294967295,0,0
oInvCollPH,8000,288,002FE30D,0,1,1,4294967295,0,0
oInvCollPH,8016,288,0010204D,0,1,1,4294967295,0,0
oInvCollPH,8032,288,0026A342,0,1,1,4294967295,0,0
oInvCollPH,8048,288,001DBF0B,0,1,1,4294967295,0,0
oInvCollPH,8064,288,00273049,0,1,1,4294967295,0,0
oInvCollPH,8080,288,000DBC7D,0,1,1,4294967295,0,0
oInvCollPH,8096,288,000DEED5,0,1,1,4294967295,0,0
oInvCollPH,8112,288,0024BABF,0,1,1,4294967295,0,0
oInvCollPH,8128,288,001AC782,0,1,1,4294967295,0,0
oInvCollPH,8144,288,00084725,0,1,1,4294967295,0,0
oInvCollPH,8160,288,0000183A,0,1,1,4294967295,0,0
oInvCollPH,8176,288,00254105,0,1,1,4294967295,0,0
oInvCollPH,8192,288,00048AE2,0,1,1,4294967295,0,0
oInvCollPH,8208,288,001AD762,0,1,1,4294967295,0,0
oInvCollPH,8224,288,00133091,0,1,1,4294967295,0,0
oInvCollPH,6560,208,00089F1B,0,1,1,4294967295,0,0
oInvCollPH,8240,288,000D64D4,0,1,1,4294967295,0,0
oInvCollPH,8256,288,00017D68,0,1,1,4294967295,0,0
oInvCollPH,8272,288,00182B34,0,1,1,4294967295,0,0
oInvCollPH,8288,288,0005A542,0,1,1,4294967295,0,0
oInvCollPH,8304,288,001A128D,0,1,1,4294967295,0,0
oInvCollPH,8320,288,0008C49B,0,1,1,4294967295,0,0
oInvCollPH,8336,288,001FC4F1,0,1,1,4294967295,0,0
oInvCollPH,8352,288,00019454,0,1,1,4294967295,0,0
oInvCollPH,7424,192,002FAF29,0,1,1,4294967295,0,0
oInvCollPH,7424,208,002D403F,0,1,1,4294967295,0,0
oInvCollPH,7424,224,0038DDD1,0,1,1,4294967295,0,0
oInvCollPH,7424,240,0015E1F4,0,1,1,4294967295,0,0
oInvCollPH,7424,256,000927DA,0,1,1,4294967295,0,0
oInvCollPH,7424,272,00353F26,0,1,1,4294967295,0,0
oInvCollPH,7424,288,000BFC0A,0,1,1,4294967295,0,0
oInvCollPH,7424,304,002782CA,0,1,1,4294967295,0,0
oInvCollPH,7424,320,000B06CD,0,1,1,4294967295,0,0
oInvCollPH,7424,336,001AE900,0,1,1,4294967295,0,0
oInvCollPH,1280,208,0008DF4E,0,1,1,4294967295,0,0
oInvCollPH,1280,224,001067C2,0,1,1,4294967295,0,0
oInvCollPH,1280,240,000CA383,0,1,1,4294967295,0,0
oInvCollPH,1280,256,002D1A09,0,1,1,4294967295,0,0
oInvCollPH,1280,272,0024ACE6,0,1,1,4294967295,0,0
oInvCollPH,1280,288,0029F77F,0,1,1,4294967295,0,0
oInvCollPH,1280,304,00064006,0,1,1,4294967295,0,0
oInvCollPH,1280,320,001D1BCE,0,1,1,4294967295,0,0
oInvCollPH,1280,336,004044CF,0,1,1,4294967295,0,0
oInvCollPH,1392,208,0015217B,0,1,1,4294967295,0,0
oInvCollPH,1392,224,003C643F,0,1,1,4294967295,0,0
oInvCollPH,1392,240,00039F3F,0,1,1,4294967295,0,0
oInvCollPH,1392,256,001761E8,0,1,1,4294967295,0,0
oInvCollPH,1392,272,0034022F,0,1,1,4294967295,0,0
oInvCollPH,1392,288,001288E6,0,1,1,4294967295,0,0
oInvCollPH,1392,304,00306DD0,0,1,1,4294967295,0,0
oInvCollPH,1392,320,002D24C1,0,1,1,4294967295,0,0
oInvCollPH,1392,336,000DA659,0,1,1,4294967295,0,0
oInvisibleSolid,0,240,000516D7,0,1,1,4294967295,0,1
oInvisibleSolid,0,256,002C4505,0,1,1,4294967295,0,1
oInvisibleLupLowSlope,160,240,003520C2,0,1,1,4294967295,0,0
oInvisibleRupLowSlope,448,240,003245FC,0,1,1,4294967295,0,0
oInvisibleRupLowSlope,480,224,000E3779,0,1,1,4294967295,0,0
oInvisibleRupLowSlope,512,208,0027765A,0,1,1,4294967295,0,0
oInvisibleRupLowSlope,544,192,00119AB5,0,1,1,4294967295,0,0
oInvisibleRupLowSlope,576,176,0036B351,0,1,1,4294967295,0,1
oInvisibleLCeilingLowSlope,576,192,0016BDAF,0,1,1,4294967295,0,1
oInvisibleSolid,480,240,00170130,0,1,1,4294967295,0,1
oInvisibleSolid,512,224,0006344C,0,1,1,4294967295,0,1
oInvisibleSolid,544,208,003E511D,0,1,1,4294967295,0,1
oInvisibleSolid,864,208,001B8A88,0,1,1,4294967295,0,1
oInvisibleSolid,1248,176,001B2C3C,0,1,1,4294967295,0,1
oInvisibleRupLowSlope,1904,240,0011F604,0,1,1,4294967295,0,0
oInvisibleRupLowSlope,1936,224,000BD6E6,0,1,1,4294967295,0,0
oInvisibleRupLowSlope,2416,288,00026825,0,1,1,4294967295,0,0
oInvisibleLupLowSlope,2032,224,001444EC,0,1,1,4294967295,0,0
oInvisibleLupLowSlope,2064,240,0035B0A9,0,1,1,4294967295,0,0
oInvisibleLupLowSlope,2096,256,002CFE2B,0,1,1,4294967295,0,0
oInvisibleLupLowSlope,2128,272,002A85D7,0,1,1,4294967295,0,0
oInvisibleSolid,2416,304,001E707B,0,1,1,4294967295,0,1
oInvisibleSolid,2448,288,00381D8F,0,1,1,4294967295,0,1
oInvisibleSolid,1968,224,001A59E2,0,1,1,4294967295,0,1
oInvisibleSolid,1936,240,00109F36,0,1,1,4294967295,0,1
oInvisibleSolid,1712,256,0039A0C0,0,1,1,4294967295,0,1
oInvisibleSolid,2096,272,000C0378,0,1,1,4294967295,0,1
oInvisibleSolid,2128,288,0001D4CF,0,1,1,4294967295,0,1
oInvisibleRupLowSlope,2544,272,00379805,0,1,1,4294967295,0,0
oInvisibleRupLowSlope,2640,256,0035E53B,0,1,1,4294967295,0,0
oInvisibleSolid,2576,272,00341D0C,0,1,1,4294967295,0,1
oInvisibleSolid,2672,256,0008686F,0,1,1,4294967295,0,1
oInvisibleSolid,2928,0,000B440E,0,1,1,4294967295,0,1
oInvisibleSolid,3056,80,00033427,0,1,1,4294967295,0,1
oInvisibleSolid,3088,192,0006035E,0,1,1,4294967295,0,1
oInvisibleSolid,3376,192,003DEB43,0,1,1,4294967295,0,1
oInvisibleRupLowSlope,2864,240,0013816C,0,1,1,4294967295,0,0
oInvisibleRupLowSlope,2896,224,00393764,0,1,1,4294967295,0,0
oInvisibleSolid,2928,224,00092468,0,1,1,4294967295,0,1
oInvisibleSolid,2896,240,002CC09D,0,1,1,4294967295,0,1
oInvisibleLupLowSlope,3696,224,002BBE99,0,1,1,4294967295,0,0
oInvisibleLupLowSlope,3728,240,002A7805,0,1,1,4294967295,0,0
oInvisibleLupLowSlope,3792,256,0002620D,0,1,1,4294967295,0,0
oInvisibleSolid,4000,224,001DA8A9,0,1,1,4294967295,0,1
oInvisibleSolid,3792,272,00178F69,0,1,1,4294967295,0,1
oInvisibleSolid,4320,160,001AD1CB,0,1,1,4294967295,0,1
oInvisibleSolid,4560,96,00259279,0,1,1,4294967295,0,1
oInvisibleRupLowSlope,5360,240,002BCB8C,0,1,1,4294967295,0,0
oInvisibleRupLowSlope,5392,224,000B4B83,0,1,1,4294967295,0,0
oInvisibleRupLowSlope,5424,208,001F8AD3,0,1,1,4294967295,0,0
oInvisibleRupLowSlope,5456,192,001F4C96,0,1,1,4294967295,0,0
oInvisibleRupLowSlope,4400,256,00370518,0,1,1,4294967295,0,0
oInvisibleRupLowSlope,4432,240,00132ADE,0,1,1,4294967295,0,0
oInvisibleRupLowSlope,4464,224,000215F8,0,1,1,4294967295,0,0
oInvisibleLupLowSlope,4624,224,00106F8C,0,1,1,4294967295,0,0
oInvisibleLupLowSlope,4656,240,000433D8,0,1,1,4294967295,0,0
oInvisibleSolid,5488,192,00202B25,0,1,1,4294967295,0,1
oInvisibleSolid,5168,256,001D3C7F,0,1,1,4294967295,0,1
oInvisibleSolid,5392,240,0026AE61,0,1,1,4294967295,0,1
oInvisibleSolid,5424,224,00374AED,0,1,1,4294967295,0,1
oInvisibleSolid,5456,208,001100AC,0,1,1,4294967295,0,1
oInvisibleSolid,5840,256,00244427,0,1,1,4294967295,0,1
oInvisibleSolid,6096,256,00128506,0,1,1,4294967295,0,1
oInvisibleSolid,4944,240,001DA638,0,1,1,4294967295,0,1
oInvisibleSolid,4432,256,001E8663,0,1,1,4294967295,0,1
oInvisibleSolid,4464,240,001BD7C8,0,1,1,4294967295,0,1
oInvisibleSolid,4496,224,002B9D6F,0,1,1,4294967295,0,1
oInvisibleRupLowSlope,6224,240,001C5B60,0,1,1,4294967295,0,1
oInvisibleRupLowSlope,6480,224,0020F483,0,1,1,4294967295,0,1
oInvisibleRupLowSlope,6864,208,0013DC10,0,1,1,4294967295,0,1
oInvisibleRupLowSlope,6928,192,001E04BB,0,1,1,4294967295,0,1
oInvisibleRupLowSlope,7248,176,0013D8EC,0,1,1,4294967295,0,1
oInvisibleRupLowSlope,7504,144,0037B2B9,0,1,1,4294967295,0,1
oInvisibleSolid,6288,240,0006BE09,0,1,1,4294967295,0,1
oInvisibleSolid,6544,224,0014B72A,0,1,1,4294967295,0,1
oInvisibleSolid,6992,192,002B03C6,0,1,1,4294967295,0,1
oInvisibleSolid,7376,160,0027CAFC,0,1,1,4294967295,0,1
oInvisibleSolid,7984,288,00117494,0,1,1,4294967295,0,1
oInvisibleLCeilingLowSlope,6224,256,001BBF07,0,1,1,4294967295,0,1
oInvisibleLCeilingLowSlope,6480,240,00389A47,0,1,1,4294967295,0,1
oInvisibleLCeilingLowSlope,6864,224,001AF598,0,1,1,4294967295,0,1
oInvisibleLCeilingLowSlope,6928,208,00061963,0,1,1,4294967295,0,1
oInvisibleLCeilingLowSlope,7248,192,000B7C91,0,1,1,4294967295,0,1
oInvisibleLCeilingLowSlope,7312,176,00186E40,0,1,1,4294967295,0,1
oInvisibleLCeilingLowSlope,7504,160,0033678C,0,1,1,4294967295,0,1
oInvisibleRupLowSlope,7312,160,002E249A,0,1,1,4294967295,0,1
oInvisibleSolid,6544,208,001C398E,0,1,1,4294967295,0,1
oBikeDestroyer,3072,192,0006758C,0,1,1,4294967295,0,1
oBikeDestroyer,3360,192,003CD167,0,1,1,4294967295,0,1
oBikeDestroyer,3984,224,001BCE4C,0,1,1,4294967295,0,1
oBikeDestroyer,848,208,000EB805,0,1,1,4294967295,0,0
oBikeDestroyer,1232,176,0029C287,0,1,1,4294967295,0,0
oBikeDestroyer,1696,256,001237E2,0,1,1,4294967295,0,1
oBikeDestroyer,2400,304,000291B7,0,1,1,4294967295,0,1
oBikeDestroyer,4304,160,002C5EF1,0,1,1,4294967295,0,0
oBikeDestroyer,4544,96,000B35F4,0,1,1,4294967295,0,0
oBikeDestroyer,4928,240,001EFAC4,0,1,1,4294967295,0,1
oBikeDestroyer,5152,256,0014CB27,0,1,1,4294967295,0,1
oBikeDestroyer,5824,256,00299AB8,0,1,1,4294967295,0,1
oBikeDestroyer,6528,208,0005340D,0,1,1,4294967295,0,0
oBikeDestroyer,7968,288,00300A31,0,1,1,4294967295,0,1
oInvisibleSolid,912,224,003C0B0A,0,1,1,4294967295,0,0
oInvisibleSolid,1040,224,000E0F1E,0,1,1,4294967295,0,0
oInvisibleSolid,1280,192,000228FC,0,1,1,4294967295,0,1
oInvisibleSolid,1392,192,00203DE1,0,1,1,4294967295,0,1
oInvisibleSolid,7424,176,000EFDAC,0,1,1,4294967295,0,1
