oBlackCrowTown,107,128,00317F4E,0,1,1,4294967295,0,0
oBlackCrowTown,87,128,001B405A,0,1,1,4294967295,0,0
oExit,80,272,000EAAC5,0,1,1,4294967295,0,1
oSignPost,128,304,0020BE24,0,1,1,4294967295,0,1
oExit,496,416,001F2DE6,0,1,1,4294967295,0,1
oExit,368,416,0007ED2F,0,1,1,4294967295,0,1
oSignPost,336,448,0006B6E6,0,1,1,4294967295,0,1
oSignPost,464,448,003607DC,0,1,1,4294967295,0,1
oExit,368,208,00151C6B,0,1,1,4294967295,0,1
oSignPost,336,240,00155CA7,0,1,1,4294967295,0,1
oSignPost,240,448,000404FE,0,1,1,4294967295,0,1
oSignPost,288,304,003D7F0A,0,1,1,4294967295,0,1
oSignPost,592,448,0015F673,0,1,1,4294967295,0,1
oExit,624,416,002545C9,0,1,1,4294967295,0,1
oExit,752,416,00133CD2,0,1,1,4294967295,0,1
oSignPost,720,448,0026915E,0,1,1,4294967295,0,1
oExit,496,208,000B460F,0,1,1,4294967295,0,1
oSignPost,464,240,001BB503,0,1,1,4294967295,0,1
oExit,880,416,003D2E3D,0,1,1,4294967295,0,1
oSignPost,848,448,00310013,0,1,1,4294967295,0,1
oSignPost,864,512,001029F5,0,1,1,4294967295,0,1
oSignPost,736,512,00198C05,0,1,1,4294967295,0,1
oExit,1008,416,00353E82,0,1,1,4294967295,0,1
oSignPost,976,448,000C3AD8,0,1,1,4294967295,0,1
oBTB_ZephSign,368,368,00336539,0,1,1,4294967295,0,1
oBTB_ZephSign,496,368,003A17DC,0,1,1,4294967295,0,1
oBTB_ZephSign,624,368,0010DE07,0,1,1,4294967295,0,1
oBTB_ZephSign,752,368,000F6299,0,1,1,4294967295,0,1
oBTB_ZephSign,880,368,00114F62,0,1,1,4294967295,0,1
oBTB_ZephSign,1008,368,00235C34,0,1,1,4294967295,0,1
oSignPost,992,512,00173822,0,1,1,4294967295,0,1
oHealingPost,160,304,002D4FD7,0,1,1,4294967295,0,0
oLargeJumper,192,424,0038DA93,0,1,1,4294967295,0,0
oPlayer1,64,304,002DC34E,0,1,1,4294967295,0,0
oInvisibleSolid,0,0,0027A0A1,0,1,1,4294967295,0,1
oInvisibleSolid,0,304,00169FAE,0,1,1,4294967295,0,1
oInvisibleSolid,0,48,0022CD58,0,1,1,4294967295,0,1
oInvisibleSolid,656,0,003DAF0C,0,1,1,4294967295,0,1
oInvisibleSolid,320,240,0027694A,0,1,1,4294967295,0,1
oInvisibleSolid,272,304,0032FBF9,0,1,1,4294967295,0,1
oInvisibleSolid,192,448,0000542F,0,1,1,4294967295,0,1
oInvisibleSolid,112,512,0027DADA,0,1,1,4294967295,0,1
oInvisibleSolid,112,304,002D1D14,0,1,1,4294967295,0,1
oInvisibleSolid,320,448,0023B976,0,1,1,4294967295,0,1
oInvisibleSolid,448,448,0015FDAC,0,1,1,4294967295,0,1
oInvisibleSolid,576,448,002489CD,0,1,1,4294967295,0,1
oInvisibleSolid,1072,368,003EEA16,0,1,1,4294967295,0,1
oInvisibleSolid,704,448,002D3D77,0,1,1,4294967295,0,1
oInvisibleSolid,448,240,001616C9,0,1,1,4294967295,0,1
oInvisibleSolid,80,128,0006B7CB,0,1,1,4294967295,0,1
oInvisibleSolid,48,48,001A58B7,0,1,1,4294967295,0,1
oBTB_NotPermitted,32,32,0009F305,0,1,1,4294967295,0,1
oInvisibleSolid,832,448,00327E52,0,1,1,4294967295,0,1
oInvisibleSolid,960,448,00335551,0,1,1,4294967295,0,1
