oExit,0,976,0036E9C6,0,1,1,4294967295,0,1
oExit,0,80,00266A2F,0,1,1,4294967295,0,1
oMetGeemer,352,720,002278A6,0,1,1,4294967295,0,1
oMetGeemer,256,544,000627DB,0,1,1,4294967295,0,1
oMetGeemer,496,496,001FB053,0,1,1,4294967295,0,1
oMetGeemer,624,112,000874A7,0,1,1,4294967295,0,1
oPlayer1,64,1008,00172B81,0,1,1,4294967295,0,0
oMetroidDoorHolder,16,976,0033ABDC,0,1,1,4294967295,0,1
oMetroidDoorHolder,16,80,0016F46D,0,1,1,4294967295,0,1
oMeridiaExposedWires,32,816,00110978,0,1,1,4294967295,0,0
oMeridiaExposedWires,688,688,00041CBB,0,1,1,4294967295,0,1
oMeridiaExposedWires,688,496,0017239B,0,1,1,4294967295,0,1
oMeridiaExposedWires,32,416,0028011D,0,1,1,4294967295,0,0
oMeridiaExposedWires,688,160,001E7C22,0,1,1,4294967295,0,1
oWaterVolume,0,1024,00350616,0,1,1,4294967295,0,1
oInvCollPH,16,112,000F4B53,0,1,1,4294967295,0,0
oInvCollPH,32,112,003831A0,0,1,1,4294967295,0,0
oInvCollPH,48,112,00216433,0,1,1,4294967295,0,0
oInvCollPH,64,112,00170B86,0,1,1,4294967295,0,0
oInvCollPH,80,112,00156E32,0,1,1,4294967295,0,0
oInvCollPH,96,112,003C3297,0,1,1,4294967295,0,0
oInvCollPH,112,112,004016BC,0,1,1,4294967295,0,0
oInvCollPH,0,32,0032546E,0,1,1,4294967295,0,0
oInvCollPH,16,32,002B0796,0,1,1,4294967295,0,0
oInvCollPH,32,32,0035C288,0,1,1,4294967295,0,0
oInvCollPH,48,32,00169F21,0,1,1,4294967295,0,0
oInvCollPH,64,32,0027D92D,0,1,1,4294967295,0,0
oInvCollPH,80,32,00059C35,0,1,1,4294967295,0,0
oInvCollPH,96,32,0021B2E6,0,1,1,4294967295,0,0
oInvCollPH,112,32,003DF86A,0,1,1,4294967295,0,0
oInvCollPH,128,32,00324643,0,1,1,4294967295,0,0
oInvCollPH,144,32,00368656,0,1,1,4294967295,0,0
oInvCollPH,656,32,002DE1AC,0,1,1,4294967295,0,0
oInvCollPH,640,32,0032F20C,0,1,1,4294967295,0,0
oInvCollPH,560,32,002E6DDA,0,1,1,4294967295,0,0
oInvCollPH,576,32,00401780,0,1,1,4294967295,0,0
oInvCollPH,592,32,000FAC07,0,1,1,4294967295,0,0
oInvCollPH,608,32,0033ACA8,0,1,1,4294967295,0,0
oInvCollPH,624,32,001319F5,0,1,1,4294967295,0,0
oInvCollPH,464,32,00323D05,0,1,1,4294967295,0,0
oInvCollPH,448,32,00142A1E,0,1,1,4294967295,0,0
oInvCollPH,432,32,00383045,0,1,1,4294967295,0,0
oInvCollPH,416,32,000ADF8B,0,1,1,4294967295,0,0
oInvCollPH,400,32,001543D0,0,1,1,4294967295,0,0
oInvCollPH,240,32,003BDC65,0,1,1,4294967295,0,0
oInvCollPH,256,32,003C8F9A,0,1,1,4294967295,0,0
oInvCollPH,272,32,00221BD8,0,1,1,4294967295,0,0
oInvCollPH,288,32,00365B34,0,1,1,4294967295,0,0
oInvCollPH,304,32,0002EA0D,0,1,1,4294967295,0,0
oInvCollPH,160,32,000EA1DD,0,1,1,4294967295,0,0
oInvCollPH,176,32,0026FF12,0,1,1,4294967295,0,0
oInvCollPH,192,32,0035AB1C,0,1,1,4294967295,0,0
oInvCollPH,208,32,0037D36B,0,1,1,4294967295,0,0
oInvCollPH,224,32,0038AF7D,0,1,1,4294967295,0,0
oInvCollPH,544,32,001648AC,0,1,1,4294967295,0,0
oInvCollPH,528,32,0030F012,0,1,1,4294967295,0,0
oInvCollPH,512,32,0002AC8F,0,1,1,4294967295,0,0
oInvCollPH,496,32,00201047,0,1,1,4294967295,0,0
oInvCollPH,480,32,001AD9DA,0,1,1,4294967295,0,0
oInvCollPH,320,32,000C8E3A,0,1,1,4294967295,0,0
oInvCollPH,336,32,00160747,0,1,1,4294967295,0,0
oInvCollPH,352,32,00164070,0,1,1,4294967295,0,0
oInvCollPH,368,32,003333A4,0,1,1,4294967295,0,0
oInvCollPH,384,32,003DE1F5,0,1,1,4294967295,0,0
oInvCollPH,224,208,001739F4,0,1,1,4294967295,0,0
oInvCollPH,240,208,001B5579,0,1,1,4294967295,0,0
oInvCollPH,256,208,00209714,0,1,1,4294967295,0,0
oInvCollPH,272,208,0001401C,0,1,1,4294967295,0,0
oInvCollPH,288,208,00341F03,0,1,1,4294967295,0,0
oInvCollPH,304,208,002E3EA8,0,1,1,4294967295,0,0
oInvCollPH,320,208,00134851,0,1,1,4294967295,0,0
oInvCollPH,336,208,00027BED,0,1,1,4294967295,0,0
oInvCollPH,560,272,0019B801,0,1,1,4294967295,0,0
oInvCollPH,560,256,000F77AE,0,1,1,4294967295,0,0
oInvCollPH,560,240,0014BA88,0,1,1,4294967295,0,0
oInvCollPH,560,224,003CA717,0,1,1,4294967295,0,0
oInvCollPH,560,208,001C1295,0,1,1,4294967295,0,0
oInvCollPH,544,208,002F1926,0,1,1,4294967295,0,0
oInvCollPH,528,208,0004AFB5,0,1,1,4294967295,0,0
oInvCollPH,512,208,003805D2,0,1,1,4294967295,0,0
oInvCollPH,496,208,00258350,0,1,1,4294967295,0,0
oInvCollPH,480,208,00091B78,0,1,1,4294967295,0,0
oInvCollPH,464,208,000C2BDB,0,1,1,4294967295,0,0
oInvCollPH,448,208,001375D9,0,1,1,4294967295,0,0
oInvCollPH,432,208,001C520F,0,1,1,4294967295,0,0
oInvCollPH,416,208,000D9E66,0,1,1,4294967295,0,0
oInvCollPH,352,208,0037C698,0,1,1,4294967295,0,0
oInvCollPH,368,208,0015C1FE,0,1,1,4294967295,0,0
oInvCollPH,384,208,0038243A,0,1,1,4294967295,0,0
oInvCollPH,400,208,003489B1,0,1,1,4294967295,0,0
oInvCollPH,192,272,003D7D44,0,1,1,4294967295,0,0
oInvCollPH,208,272,00175990,0,1,1,4294967295,0,0
oInvCollPH,224,272,0010CACD,0,1,1,4294967295,0,0
oInvCollPH,240,272,0039167B,0,1,1,4294967295,0,0
oInvCollPH,256,272,0001AA3D,0,1,1,4294967295,0,0
oInvCollPH,272,272,0024F4BD,0,1,1,4294967295,0,0
oInvCollPH,288,272,00057DF4,0,1,1,4294967295,0,0
oInvCollPH,304,272,00029B2B,0,1,1,4294967295,0,0
oInvCollPH,320,272,003D7180,0,1,1,4294967295,0,0
oInvCollPH,336,272,00078DB9,0,1,1,4294967295,0,0
oInvCollPH,352,272,00221CB8,0,1,1,4294967295,0,0
oInvCollPH,368,272,00116BD5,0,1,1,4294967295,0,0
oInvCollPH,384,272,003637C4,0,1,1,4294967295,0,0
oInvCollPH,400,272,00337A5E,0,1,1,4294967295,0,0
oInvCollPH,416,272,000156B5,0,1,1,4294967295,0,0
oInvCollPH,432,272,0014BD67,0,1,1,4294967295,0,0
oInvCollPH,448,272,00118E10,0,1,1,4294967295,0,0
oInvCollPH,464,272,00293C2E,0,1,1,4294967295,0,0
oInvCollPH,480,272,00375B9A,0,1,1,4294967295,0,0
oInvCollPH,496,272,00258BD2,0,1,1,4294967295,0,0
oInvCollPH,512,272,000FF8CD,0,1,1,4294967295,0,0
oInvCollPH,528,272,002D9A1A,0,1,1,4294967295,0,0
oInvCollPH,544,272,001A4D31,0,1,1,4294967295,0,0
oInvCollPH,48,272,002880C3,0,1,1,4294967295,0,0
oInvCollPH,64,272,00155D64,0,1,1,4294967295,0,0
oInvCollPH,80,272,0000F0F9,0,1,1,4294967295,0,0
oInvCollPH,96,272,001C9A23,0,1,1,4294967295,0,0
oInvCollPH,112,272,0031091A,0,1,1,4294967295,0,0
oInvCollPH,128,272,001AE295,0,1,1,4294967295,0,0
oInvCollPH,144,272,002AB67F,0,1,1,4294967295,0,0
oInvCollPH,160,272,000A8770,0,1,1,4294967295,0,0
oInvCollPH,176,272,0032F05C,0,1,1,4294967295,0,0
oInvCollPH,32,288,003392BA,0,1,1,4294967295,0,0
oInvCollPH,32,304,001DF6CF,0,1,1,4294967295,0,0
oInvCollPH,32,320,00211EB6,0,1,1,4294967295,0,0
oInvCollPH,32,336,003CECFF,0,1,1,4294967295,0,0
oInvCollPH,32,352,003F2EB6,0,1,1,4294967295,0,0
oInvCollPH,32,368,001D26D3,0,1,1,4294967295,0,0
oInvCollPH,32,384,000CE973,0,1,1,4294967295,0,0
oInvCollPH,32,400,003094FA,0,1,1,4294967295,0,0
oInvCollPH,32,480,000678FD,0,1,1,4294967295,0,0
oInvCollPH,32,496,0014ED41,0,1,1,4294967295,0,0
oInvCollPH,32,512,001C98E3,0,1,1,4294967295,0,0
oInvCollPH,32,528,002F28B5,0,1,1,4294967295,0,0
oInvCollPH,32,544,001E6C55,0,1,1,4294967295,0,0
oInvCollPH,32,560,0004ECCD,0,1,1,4294967295,0,0
oInvCollPH,32,576,004036BD,0,1,1,4294967295,0,0
oInvCollPH,32,592,0012A36D,0,1,1,4294967295,0,0
oInvCollPH,64,608,000944A9,0,1,1,4294967295,0,0
oInvCollPH,64,624,002B8FFD,0,1,1,4294967295,0,0
oInvCollPH,64,640,000F32FE,0,1,1,4294967295,0,0
oInvCollPH,64,656,0028AEB1,0,1,1,4294967295,0,0
oInvCollPH,32,672,0027582A,0,1,1,4294967295,0,0
oInvCollPH,32,688,002A7F56,0,1,1,4294967295,0,0
oInvCollPH,32,704,00310D18,0,1,1,4294967295,0,0
oInvCollPH,32,720,001E8EAC,0,1,1,4294967295,0,0
oInvCollPH,32,736,00120690,0,1,1,4294967295,0,0
oInvCollPH,32,752,003A18AD,0,1,1,4294967295,0,0
oInvCollPH,32,768,0035DB95,0,1,1,4294967295,0,0
oInvCollPH,32,784,003EBE16,0,1,1,4294967295,0,0
oInvCollPH,32,800,000ABF4B,0,1,1,4294967295,0,0
oInvCollPH,32,880,002B60B0,0,1,1,4294967295,0,0
oInvCollPH,32,896,001F1124,0,1,1,4294967295,0,0
oInvCollPH,32,912,002B8BDA,0,1,1,4294967295,0,0
oInvCollPH,32,928,002A3BC3,0,1,1,4294967295,0,0
oInvCollPH,16,928,000675B4,0,1,1,4294967295,0,0
oInvCollPH,0,928,00338C09,0,1,1,4294967295,0,0
oInvCollPH,16,1008,0030D794,0,1,1,4294967295,0,0
oInvCollPH,32,1008,000D4047,0,1,1,4294967295,0,0
oInvCollPH,48,1008,003F43E9,0,1,1,4294967295,0,0
oInvCollPH,64,1008,000B0A82,0,1,1,4294967295,0,0
oInvCollPH,80,1008,002B0219,0,1,1,4294967295,0,0
oInvCollPH,96,1008,0024B189,0,1,1,4294967295,0,0
oInvCollPH,112,1008,001FAE2D,0,1,1,4294967295,0,0
oInvCollPH,128,1008,0006BAC2,0,1,1,4294967295,0,0
oInvCollPH,144,1008,00068AC9,0,1,1,4294967295,0,0
oInvCollPH,160,1008,002B27BC,0,1,1,4294967295,0,0
oInvCollPH,176,1008,000A8AC1,0,1,1,4294967295,0,0
oInvCollPH,672,64,002E497D,0,1,1,4294967295,0,0
oInvCollPH,672,80,00241E21,0,1,1,4294967295,0,0
oInvCollPH,672,96,0014144C,0,1,1,4294967295,0,0
oInvCollPH,672,112,000C90E9,0,1,1,4294967295,0,0
oInvCollPH,672,128,00287CA2,0,1,1,4294967295,0,0
oInvCollPH,672,144,003E8A37,0,1,1,4294967295,0,0
oInvCollPH,672,160,000BACC0,0,1,1,4294967295,0,0
oInvCollPH,672,176,000820C4,0,1,1,4294967295,0,0
oInvCollPH,672,192,003239E0,0,1,1,4294967295,0,0
oInvCollPH,672,208,000529E9,0,1,1,4294967295,0,0
oInvCollPH,672,224,00335A67,0,1,1,4294967295,0,0
oInvCollPH,672,240,001150EF,0,1,1,4294967295,0,0
oInvCollPH,672,256,00038E0A,0,1,1,4294967295,0,0
oInvCollPH,672,272,00285F4B,0,1,1,4294967295,0,0
oInvCollPH,672,288,00204EF8,0,1,1,4294967295,0,0
oInvCollPH,672,304,002AC334,0,1,1,4294967295,0,0
oInvCollPH,672,320,0022FAC5,0,1,1,4294967295,0,0
oInvCollPH,672,336,0012273C,0,1,1,4294967295,0,0
oInvCollPH,672,352,002A29E5,0,1,1,4294967295,0,0
oInvCollPH,672,368,0027D084,0,1,1,4294967295,0,0
oInvCollPH,672,384,003F43BB,0,1,1,4294967295,0,0
oInvCollPH,672,400,00030489,0,1,1,4294967295,0,0
oInvCollPH,672,416,001A9206,0,1,1,4294967295,0,0
oInvCollPH,672,432,003BEECE,0,1,1,4294967295,0,0
oInvCollPH,672,448,001AECC1,0,1,1,4294967295,0,0
oInvCollPH,672,464,0017F4EE,0,1,1,4294967295,0,0
oInvCollPH,672,480,00073425,0,1,1,4294967295,0,0
oInvCollPH,672,496,002EC80E,0,1,1,4294967295,0,0
oInvCollPH,672,512,003F8D0D,0,1,1,4294967295,0,0
oInvCollPH,672,528,00196B1D,0,1,1,4294967295,0,0
oInvCollPH,672,544,000949B6,0,1,1,4294967295,0,0
oInvCollPH,672,560,002F170A,0,1,1,4294967295,0,0
oInvCollPH,672,576,001E493F,0,1,1,4294967295,0,0
oInvCollPH,672,592,0014F52A,0,1,1,4294967295,0,0
oInvCollPH,672,608,00212A35,0,1,1,4294967295,0,0
oInvCollPH,672,624,0034D06E,0,1,1,4294967295,0,0
oInvCollPH,672,640,0011967D,0,1,1,4294967295,0,0
oInvCollPH,672,656,00076CE2,0,1,1,4294967295,0,0
oInvCollPH,672,672,0013A227,0,1,1,4294967295,0,0
oInvCollPH,672,688,0030D819,0,1,1,4294967295,0,0
oInvCollPH,672,704,0034B6BF,0,1,1,4294967295,0,0
oInvCollPH,672,720,00288E4C,0,1,1,4294967295,0,0
oInvCollPH,672,736,00155DA4,0,1,1,4294967295,0,0
oInvCollPH,672,752,00346403,0,1,1,4294967295,0,0
oInvCollPH,672,768,00036060,0,1,1,4294967295,0,0
oInvCollPH,672,784,0016699D,0,1,1,4294967295,0,0
oInvCollPH,672,800,00240940,0,1,1,4294967295,0,0
oInvCollPH,496,816,001DE697,0,1,1,4294967295,0,0
oInvCollPH,512,816,001A151D,0,1,1,4294967295,0,0
oInvCollPH,528,816,001ABD13,0,1,1,4294967295,0,0
oInvCollPH,544,816,00160E94,0,1,1,4294967295,0,0
oInvCollPH,560,816,0013EEBE,0,1,1,4294967295,0,0
oInvCollPH,576,816,00339742,0,1,1,4294967295,0,0
oInvCollPH,592,816,003460F3,0,1,1,4294967295,0,0
oInvCollPH,608,816,000B8D3F,0,1,1,4294967295,0,0
oInvCollPH,624,816,00232187,0,1,1,4294967295,0,0
oInvCollPH,640,816,001DFDF9,0,1,1,4294967295,0,0
oInvCollPH,656,816,00276887,0,1,1,4294967295,0,0
oInvCollPH,368,912,003A6BF8,0,1,1,4294967295,0,0
oInvCollPH,352,912,002797F1,0,1,1,4294967295,0,0
oInvCollPH,336,912,00268080,0,1,1,4294967295,0,0
oInvCollPH,320,912,00227984,0,1,1,4294967295,0,0
oInvCollPH,304,912,00208E10,0,1,1,4294967295,0,0
oInvCollPH,48,656,0038DE55,0,1,1,4294967295,0,0
oInvCollPH,128,432,000DEED4,0,1,1,4294967295,0,0
oInvCollPH,144,432,00163F11,0,1,1,4294967295,0,0
oInvCollPH,128,704,003AA7D4,0,1,1,4294967295,0,0
oInvCollPH,144,704,001DEF42,0,1,1,4294967295,0,0
oInvCollPH,352,736,002CEA8F,0,1,1,4294967295,0,0
oInvCollPH,368,736,0030B240,0,1,1,4294967295,0,0
oInvCollPH,336,496,0023E1DA,0,1,1,4294967295,0,0
oInvCollPH,352,496,0022C8AF,0,1,1,4294967295,0,0
oInvCollPH,352,480,0035C725,0,1,1,4294967295,0,0
oInvCollPH,336,384,0038B1BB,0,1,1,4294967295,0,0
oInvCollPH,352,384,00211CCC,0,1,1,4294967295,0,0
oInvCollPH,352,368,00332346,0,1,1,4294967295,0,0
oInvCollPH,560,384,001C1F25,0,1,1,4294967295,0,0
oInvCollPH,576,384,001B7E88,0,1,1,4294967295,0,0
oInvCollPH,496,512,001C2999,0,1,1,4294967295,0,0
oInvCollPH,512,512,00349DF2,0,1,1,4294967295,0,0
oInvCollPH,592,608,0031D798,0,1,1,4294967295,0,0
oInvCollPH,608,608,00094AE7,0,1,1,4294967295,0,0
oInvCollPH,208,528,002E8F33,0,1,1,4294967295,0,0
oInvCollPH,208,544,0025B76D,0,1,1,4294967295,0,0
oInvCollPH,224,544,001C2943,0,1,1,4294967295,0,0
oInvCollPH,240,544,000FC82C,0,1,1,4294967295,0,0
oInvCollPH,240,528,0023F98A,0,1,1,4294967295,0,0
oInvCollPH,240,512,0018AF88,0,1,1,4294967295,0,0
oInvCollPH,224,512,00178CEA,0,1,1,4294967295,0,0
oInvCollPH,624,144,0032D142,0,1,1,4294967295,0,0
oInvCollPH,640,144,0031D148,0,1,1,4294967295,0,0
oInvCollPH,640,128,00317BE4,0,1,1,4294967295,0,0
oInvCollPH,624,304,00088385,0,1,1,4294967295,0,0
oInvCollPH,640,304,001123E2,0,1,1,4294967295,0,0
oInvCollPH,640,288,002BF421,0,1,1,4294967295,0,0
oInvisibleLupSlope,128,112,001D36A5,0,1,1,4294967295,0,0
oInvisibleLupSlope,144,128,0030830A,0,1,1,4294967295,0,0
oInvisibleLupSlope,160,144,003688AD,0,1,1,4294967295,0,0
oInvisibleLupSlope,176,160,0014C074,0,1,1,4294967295,0,0
oInvisibleLupSlope,192,176,000C4C73,0,1,1,4294967295,0,0
oInvisibleLupSlope,208,192,00264350,0,1,1,4294967295,0,0
oInvisibleRupSlope,464,816,0004BD76,0,1,1,4294967295,0,0
oInvisibleRupSlope,448,832,003166F6,0,1,1,4294967295,0,0
oInvisibleRupSlope,432,848,0002DFA1,0,1,1,4294967295,0,0
oInvisibleRupSlope,416,864,0008D792,0,1,1,4294967295,0,0
oInvisibleRupSlope,400,880,003B167A,0,1,1,4294967295,0,0
oInvisibleRupSlope,384,896,001CED64,0,1,1,4294967295,0,0
oInvisibleRupSlope,272,912,00295908,0,1,1,4294967295,0,0
oInvisibleRupSlope,256,928,002C648C,0,1,1,4294967295,0,0
oInvisibleRupSlope,240,944,0020B3FB,0,1,1,4294967295,0,0
oInvisibleRupSlope,224,960,00289285,0,1,1,4294967295,0,0
oInvisibleRupSlope,208,976,0011DEFC,0,1,1,4294967295,0,0
oInvisibleRupSlope,192,992,00145F8A,0,1,1,4294967295,0,0
oInvisibleSolid,192,208,003C7968,0,1,1,4294967295,0,1
oInvisibleSolid,0,0,001F17F3,0,1,1,4294967295,0,1
oInvisibleSolid,672,48,003D5E2C,0,1,1,4294967295,0,1
oInvisibleSolid,0,288,002221A1,0,1,1,4294967295,0,1
oInvisibleSolid,0,112,003E37E3,0,1,1,4294967295,0,1
oInvisibleSolid,128,128,001B2C3B,0,1,1,4294967295,0,0
oInvisibleSolid,160,160,0030CD58,0,1,1,4294967295,0,0
oInvisibleSolid,192,192,00244F99,0,1,1,4294967295,0,0
oInvisibleSolid,0,144,0021010A,0,1,1,4294967295,0,1
oInvisibleSolid,0,176,00096720,0,1,1,4294967295,0,1
oInvisibleSolid,208,992,000FFB64,0,1,1,4294967295,0,0
oInvisibleSolid,240,960,0010A86E,0,1,1,4294967295,0,0
oInvisibleSolid,272,928,003AD306,0,1,1,4294967295,0,0
oInvisibleSolid,400,896,0000A6B6,0,1,1,4294967295,0,0
oInvisibleSolid,432,864,00337FD8,0,1,1,4294967295,0,0
oInvisibleSolid,464,832,0032B528,0,1,1,4294967295,0,0
oInvisibleSolid,0,1008,0029947B,0,1,1,4294967295,0,1
oInvisibleSolid,288,912,00051F19,0,1,1,4294967295,0,1
oInvisibleSolid,256,944,000168DE,0,1,1,4294967295,0,1
oInvisibleSolid,224,976,00269F6C,0,1,1,4294967295,0,1
oInvisibleSolid,416,880,003E3499,0,1,1,4294967295,0,1
oInvisibleSolid,448,848,00055F92,0,1,1,4294967295,0,1
oInvisibleSolid,480,816,003B3756,0,1,1,4294967295,0,1
oInvisibleSolid,48,608,003A2C78,0,1,1,4294967295,0,1
oInvisibleSolid,624,288,0024D2AD,0,1,1,4294967295,0,1
oInvisibleSolid,624,128,0030E2E3,0,1,1,4294967295,0,1
oInvisibleSolid,544,384,002DA06D,0,1,1,4294967295,0,1
oInvisibleSolid,480,512,0026E3AE,0,1,1,4294967295,0,1
oInvisibleSolid,576,608,002301A5,0,1,1,4294967295,0,1
oInvisibleSolid,336,368,00053354,0,1,1,4294967295,0,1
oInvisibleSolid,336,480,003868E3,0,1,1,4294967295,0,1
oInvisibleSolid,112,432,000F39D6,0,1,1,4294967295,0,1
oInvisibleSolid,208,512,0008B203,0,1,1,4294967295,0,1
oInvisibleSolid,336,736,001A5946,0,1,1,4294967295,0,1
oInvisibleSolid,112,704,0010332A,0,1,1,4294967295,0,1
