oExit,0,272,00072B98,0,1,1,4294967295,0,1
oZeldaBreakPot,16,288,003DF976,0,1,1,4294967295,0,0
oZeldaBreakPot,576,288,002E270F,0,1,1,4294967295,0,0
oZeldaBreakPot,592,288,00330637,0,1,1,4294967295,0,0
oZeldaBreakPot,0,288,000DC4E4,0,1,1,4294967295,0,0
oMisc,160,208,00147F80,0,1,1,4294967295,0,1
oMisc,448,208,000533E6,0,1,1,4294967295,0,1
oPlayer1,48,304,001DCC54,0,1,1,4294967295,0,0
oInvCollPH,16,304,0018B42B,0,1,1,4294967295,0,0
oInvCollPH,32,304,00004F40,0,1,1,4294967295,0,0
oInvCollPH,48,304,001587BD,0,1,1,4294967295,0,0
oInvCollPH,64,304,0005F55E,0,1,1,4294967295,0,0
oInvCollPH,80,304,0020E8E3,0,1,1,4294967295,0,0
oInvCollPH,96,304,001F3AAC,0,1,1,4294967295,0,0
oInvCollPH,112,304,0027A42E,0,1,1,4294967295,0,0
oInvCollPH,128,304,000CE00A,0,1,1,4294967295,0,0
oInvCollPH,144,304,0007CC55,0,1,1,4294967295,0,0
oInvCollPH,160,304,0031D006,0,1,1,4294967295,0,0
oInvCollPH,176,304,002D2E47,0,1,1,4294967295,0,0
oInvCollPH,192,304,003EDF60,0,1,1,4294967295,0,0
oInvCollPH,208,304,001DBE9D,0,1,1,4294967295,0,0
oInvCollPH,224,304,001564F6,0,1,1,4294967295,0,0
oInvCollPH,240,304,002C669F,0,1,1,4294967295,0,0
oInvCollPH,256,304,00288ECA,0,1,1,4294967295,0,0
oInvCollPH,272,304,003A0ADB,0,1,1,4294967295,0,0
oInvCollPH,288,304,001D4D0F,0,1,1,4294967295,0,0
oInvCollPH,304,304,000809C2,0,1,1,4294967295,0,0
oInvCollPH,592,304,003CFC85,0,1,1,4294967295,0,0
oInvCollPH,576,304,001E5D24,0,1,1,4294967295,0,0
oInvCollPH,560,304,001CEA81,0,1,1,4294967295,0,0
oInvCollPH,544,304,000392B2,0,1,1,4294967295,0,0
oInvCollPH,528,304,00222EF3,0,1,1,4294967295,0,0
oInvCollPH,512,304,002BA338,0,1,1,4294967295,0,0
oInvCollPH,496,304,0008D4D6,0,1,1,4294967295,0,0
oInvCollPH,480,304,0030D6A1,0,1,1,4294967295,0,0
oInvCollPH,464,304,0015ED85,0,1,1,4294967295,0,0
oInvCollPH,448,304,003CEC9C,0,1,1,4294967295,0,0
oInvCollPH,432,304,001FC999,0,1,1,4294967295,0,0
oInvCollPH,416,304,00075F3D,0,1,1,4294967295,0,0
oInvCollPH,400,304,001FE626,0,1,1,4294967295,0,0
oInvCollPH,384,304,001319B0,0,1,1,4294967295,0,0
oInvCollPH,368,304,001DDAEC,0,1,1,4294967295,0,0
oInvCollPH,352,304,0036D1D9,0,1,1,4294967295,0,0
oInvCollPH,336,304,001F97C2,0,1,1,4294967295,0,0
oInvCollPH,320,304,0006E945,0,1,1,4294967295,0,0
oInvCollPH,144,240,000FBE2E,0,1,1,4294967295,0,0
oInvCollPH,160,240,000BF695,0,1,1,4294967295,0,0
oInvCollPH,176,240,0010490F,0,1,1,4294967295,0,0
oInvCollPH,288,240,00062EFE,0,1,1,4294967295,0,0
oInvCollPH,304,240,00223853,0,1,1,4294967295,0,0
oInvCollPH,320,240,002DAC6B,0,1,1,4294967295,0,0
oInvCollPH,432,240,0036F038,0,1,1,4294967295,0,0
oInvCollPH,448,240,003E03B0,0,1,1,4294967295,0,0
oInvCollPH,464,240,00152128,0,1,1,4294967295,0,0
oInvisibleSolid,0,304,00335422,0,1,1,4294967295,0,1
oInvisibleSolid,128,240,0023EF3A,0,1,1,4294967295,0,1
oInvisibleSolid,272,240,000AB126,0,1,1,4294967295,0,1
oInvisibleSolid,416,240,00048897,0,1,1,4294967295,0,1
