oExit,0,1888,0001FECC,0,1,1,4294967295,0,1
oExit,880,96,002DD9C9,0,1,1,4294967295,0,1
oExit,0,224,00138C14,0,1,1,4294967295,0,1
oExit,880,1376,0000F442,0,1,1,4294967295,0,1
oMarioQBlock,160,928,0021E6BC,0,1,1,4294967295,0,0
oMarioQBlock,176,928,00112AA9,0,1,1,4294967295,0,0
oIceMickeyBlock,384,1648,001CB61D,0,1,1,4294967295,0,1
oIceMickeyBlock,272,1600,003F5DC9,0,1,1,4294967295,0,1
oIceMickeyBlock,160,1568,0013EF2F,0,1,1,4294967295,0,1
oIceMickeyBlock,224,1280,001C555B,0,1,1,4294967295,0,1
oIceMickeyBlock,288,1216,002E0F34,0,1,1,4294967295,0,1
oIceMickeyBlock,656,880,0036491B,0,1,1,4294967295,0,1
oIceMickeyBlock,416,832,002ABF8E,0,1,1,4294967295,0,1
oStrikeChainPoint,544,112,0006198F,0,1,1,4294967295,0,0
oEventBarrier,816,1344,001022A3,0,1,1,4294967295,0,1
oIceMickeyBlock,592,1616,000AC398,0,1,1,4294967295,0,1
oAPBoost,848,1600,000C1365,0,1,1,4294967295,0,1
oIceMickeyBlock,480,288,0021D150,0,1,1,4294967295,0,1
oIceMickeyBlock,656,1248,0038308D,0,1,1,4294967295,0,1
oZeldaBreakPot,336,944,0021ECE1,0,1,1,4294967295,0,0
oZeldaBreakPot,352,944,0030C7C5,0,1,1,4294967295,0,0
oZeldaBreakPot,368,944,003D9052,0,1,1,4294967295,0,0
oZeldaBreakPot,384,944,00242CD8,0,1,1,4294967295,0,0
oEvCh19Door,240,0,00374D45,0,1,1,4294967295,0,1
oLargeSnowball,784,1792,0003897D,0,1,1,4294967295,0,0
oLargeSnowball,432,1264,00229638,0,1,1,4294967295,0,0
oCHAOS_Sabotage,416,1440,002830CD,0,1,1,4294967295,0,0
oCHAOS_Sabotage,384,1152,0012CBAF,0,1,1,4294967295,0,0
oCHAOS_AirGunner,448,160,001925E7,0,1,1,4294967295,0,0
oCHAOS_Robear,560,1360,003F3F1A,0,1,1,4294967295,0,1
oCHAOS_AirGunner,624,352,0006E917,0,1,1,4294967295,0,0
oPlayfulPenguin,704,1904,000735C3,0,1,1,4294967295,0,0
oPlayfulPenguin,480,1920,001012B2,0,1,1,4294967295,0,0
oPlayfulPenguin,160,528,002ADE8F,0,1,1,4294967295,0,0
oPlayer1,48,1920,001A6FD0,0,1,1,4294967295,0,0
oInvCollPH,16,1920,003335CF,0,1,1,4294967295,0,0
oInvCollPH,32,1920,000706A6,0,1,1,4294967295,0,0
oInvCollPH,48,1920,000C225B,0,1,1,4294967295,0,0
oInvCollPH,128,1968,001709B3,0,1,1,4294967295,0,0
oInvCollPH,144,1968,00117104,0,1,1,4294967295,0,0
oInvCollPH,160,1968,001B702D,0,1,1,4294967295,0,0
oInvCollPH,176,1968,002FBFFF,0,1,1,4294967295,0,0
oInvCollPH,192,1968,000BF37D,0,1,1,4294967295,0,0
oInvCollPH,208,1968,0034E209,0,1,1,4294967295,0,0
oInvCollPH,224,1968,003956A8,0,1,1,4294967295,0,0
oInvCollPH,240,1968,0033FABE,0,1,1,4294967295,0,0
oInvCollPH,368,1904,000D40E0,0,1,1,4294967295,0,0
oInvCollPH,384,1904,00159FD5,0,1,1,4294967295,0,0
oInvCollPH,400,1904,001378A5,0,1,1,4294967295,0,0
oInvCollPH,448,1920,003EC077,0,1,1,4294967295,0,0
oInvCollPH,464,1920,00077A05,0,1,1,4294967295,0,0
oInvCollPH,480,1920,002BA9B5,0,1,1,4294967295,0,0
oInvCollPH,496,1920,003CE5AC,0,1,1,4294967295,0,0
oInvCollPH,688,1904,000C5018,0,1,1,4294967295,0,0
oInvCollPH,704,1904,001E327A,0,1,1,4294967295,0,0
oInvCollPH,720,1904,0000AA8B,0,1,1,4294967295,0,0
oInvCollPH,736,1904,00366CD2,0,1,1,4294967295,0,0
oInvCollPH,752,1904,000244D9,0,1,1,4294967295,0,0
oInvCollPH,880,1904,003DF348,0,1,1,4294967295,0,0
oInvCollPH,864,1904,0022687F,0,1,1,4294967295,0,0
oInvCollPH,832,1904,00134A0A,0,1,1,4294967295,0,0
oInvCollPH,848,1904,000DCDB8,0,1,1,4294967295,0,0
oInvCollPH,768,1904,00111B3B,0,1,1,4294967295,0,0
oInvCollPH,784,1904,00126E1A,0,1,1,4294967295,0,0
oInvCollPH,800,1904,0014DCF7,0,1,1,4294967295,0,0
oInvCollPH,816,1904,000151E0,0,1,1,4294967295,0,0
oInvCollPH,544,1952,001C9FA3,0,1,1,4294967295,0,0
oInvCollPH,560,1952,00269C45,0,1,1,4294967295,0,0
oInvCollPH,576,1952,00148C3A,0,1,1,4294967295,0,0
oInvCollPH,592,1952,00334626,0,1,1,4294967295,0,0
oInvCollPH,368,1808,002DDA1A,0,1,1,4294967295,0,0
oInvCollPH,384,1808,002E735E,0,1,1,4294967295,0,0
oInvCollPH,400,1808,000C2D34,0,1,1,4294967295,0,0
oInvCollPH,768,1808,000CCB85,0,1,1,4294967295,0,0
oInvCollPH,784,1808,00300DA5,0,1,1,4294967295,0,0
oInvCollPH,800,1808,0036E091,0,1,1,4294967295,0,0
oInvCollPH,560,1712,0030E0F2,0,1,1,4294967295,0,0
oInvCollPH,576,1712,000DA988,0,1,1,4294967295,0,0
oInvCollPH,592,1712,00210101,0,1,1,4294967295,0,0
oInvCollPH,112,1328,002D18FD,0,1,1,4294967295,0,0
oInvCollPH,544,1360,002E8803,0,1,1,4294967295,0,0
oInvCollPH,560,1360,00341207,0,1,1,4294967295,0,0
oInvCollPH,576,1360,000CB0D3,0,1,1,4294967295,0,0
oInvCollPH,288,1408,00257BBC,0,1,1,4294967295,0,0
oInvCollPH,304,1408,0015AAC6,0,1,1,4294967295,0,0
oInvCollPH,320,1408,00191BE7,0,1,1,4294967295,0,0
oInvCollPH,368,1424,00070FB2,0,1,1,4294967295,0,0
oInvCollPH,384,1424,001829BB,0,1,1,4294967295,0,0
oInvCollPH,400,1424,00179CBD,0,1,1,4294967295,0,0
oInvCollPH,416,1424,001C3C19,0,1,1,4294967295,0,0
oInvCollPH,368,1136,002ADBD7,0,1,1,4294967295,0,0
oInvCollPH,384,1136,00379943,0,1,1,4294967295,0,0
oInvCollPH,400,1136,0000E691,0,1,1,4294967295,0,0
oInvCollPH,704,1072,0004B9A6,0,1,1,4294967295,0,0
oInvCollPH,720,1072,003414E3,0,1,1,4294967295,0,0
oInvCollPH,736,1072,001220E4,0,1,1,4294967295,0,0
oInvCollPH,448,944,0032EB7E,0,1,1,4294967295,0,0
oInvCollPH,464,944,0019B0F6,0,1,1,4294967295,0,0
oInvCollPH,480,944,000568B5,0,1,1,4294967295,0,0
oInvCollPH,784,1088,00275FEC,0,1,1,4294967295,0,0
oInvCollPH,368,960,0036A847,0,1,1,4294967295,0,0
oInvCollPH,384,960,003E7CCF,0,1,1,4294967295,0,0
oInvCollPH,352,960,00113D6F,0,1,1,4294967295,0,0
oInvCollPH,256,992,0022DD1C,0,1,1,4294967295,0,0
oInvCollPH,272,992,003B7777,0,1,1,4294967295,0,0
oInvCollPH,288,992,00176C08,0,1,1,4294967295,0,0
oInvCollPH,96,784,003167A3,0,1,1,4294967295,0,0
oInvCollPH,112,784,003F0DFC,0,1,1,4294967295,0,0
oInvCollPH,128,784,000075D7,0,1,1,4294967295,0,0
oInvCollPH,144,784,001021B8,0,1,1,4294967295,0,0
oInvCollPH,384,688,002F3AE8,0,1,1,4294967295,0,0
oInvCollPH,640,608,000F1808,0,1,1,4294967295,0,0
oInvCollPH,656,608,000B4ED4,0,1,1,4294967295,0,0
oInvCollPH,672,608,0020F116,0,1,1,4294967295,0,0
oInvCollPH,688,608,002F46E9,0,1,1,4294967295,0,0
oInvCollPH,784,1408,002EB75A,0,1,1,4294967295,0,0
oInvCollPH,800,1408,000C2D91,0,1,1,4294967295,0,0
oInvCollPH,816,1408,003A89E4,0,1,1,4294967295,0,0
oInvCollPH,832,1408,000C01FC,0,1,1,4294967295,0,0
oInvCollPH,848,1408,0014BFF9,0,1,1,4294967295,0,0
oInvCollPH,864,1408,0003AFB8,0,1,1,4294967295,0,0
oInvCollPH,880,1408,00292F57,0,1,1,4294967295,0,0
oInvCollPH,400,432,0023616C,0,1,1,4294967295,0,0
oInvCollPH,432,448,0020E72F,0,1,1,4294967295,0,0
oInvCollPH,592,400,003854B6,0,1,1,4294967295,0,0
oInvCollPH,720,352,000CA4D2,0,1,1,4294967295,0,0
oInvCollPH,128,528,00066542,0,1,1,4294967295,0,0
oInvCollPH,144,528,001B25A0,0,1,1,4294967295,0,0
oInvCollPH,160,528,0036AB64,0,1,1,4294967295,0,0
oInvCollPH,176,528,000A4E0F,0,1,1,4294967295,0,0
oInvCollPH,192,528,001334A3,0,1,1,4294967295,0,0
oInvCollPH,208,528,003A7B51,0,1,1,4294967295,0,0
oInvCollPH,224,528,002AEE83,0,1,1,4294967295,0,0
oInvCollPH,16,256,00319758,0,1,1,4294967295,0,0
oInvCollPH,32,256,0006278C,0,1,1,4294967295,0,0
oInvCollPH,48,256,000CE65C,0,1,1,4294967295,0,0
oInvCollPH,192,256,002A23BE,0,1,1,4294967295,0,0
oInvCollPH,208,256,00191E4D,0,1,1,4294967295,0,0
oInvCollPH,224,256,002B0E4E,0,1,1,4294967295,0,0
oInvCollPH,240,256,003512FA,0,1,1,4294967295,0,0
oInvCollPH,64,256,0018BA64,0,1,1,4294967295,0,0
oInvCollPH,80,256,000DAAC5,0,1,1,4294967295,0,0
oInvCollPH,96,256,001C0E64,0,1,1,4294967295,0,0
oInvCollPH,112,256,00353440,0,1,1,4294967295,0,0
oInvCollPH,128,256,0029A41E,0,1,1,4294967295,0,0
oInvCollPH,144,256,0035F031,0,1,1,4294967295,0,0
oInvCollPH,160,256,0016B1D4,0,1,1,4294967295,0,0
oInvCollPH,176,256,001EC499,0,1,1,4294967295,0,0
oInvCollPH,848,128,003EFE45,0,1,1,4294967295,0,0
oInvCollPH,864,128,0024DA42,0,1,1,4294967295,0,0
oInvCollPH,880,128,0034EC40,0,1,1,4294967295,0,0
oInvCollPH,832,1296,003F9852,0,1,1,4294967295,0,0
oInvCollPH,848,1296,00095FC4,0,1,1,4294967295,0,0
oInvCollPH,816,1312,0022D321,0,1,1,4294967295,0,0
oInvCollPH,816,1328,003CDD2F,0,1,1,4294967295,0,0
oInvCollPH,832,1328,0010FBCA,0,1,1,4294967295,0,0
oInvCollPH,848,1328,00005A4C,0,1,1,4294967295,0,0
oInvCollPH,864,1328,002108C0,0,1,1,4294967295,0,0
oInvCollPH,880,1328,001DD2E6,0,1,1,4294967295,0,0
oInvCollPH,864,1296,001FA80B,0,1,1,4294967295,0,0
oInvCollPH,880,1296,001E221F,0,1,1,4294967295,0,0
oInvisibleSolid,0,1920,003F2340,0,1,1,4294967295,0,1
oInvisibleLupLowSlope,64,1920,0011A945,0,1,1,4294967295,0,0
oInvisibleLupLowSlope,416,1904,001C6C98,0,1,1,4294967295,0,0
oInvisibleRupLowSlope,320,1904,001C9FA5,0,1,1,4294967295,0,0
oInvisibleRupLowSlope,256,1952,00302EB8,0,1,1,4294967295,0,0
oInvisibleRupLowSlope,608,1936,0010C590,0,1,1,4294967295,0,0
oInvisibleLupSlope,96,1936,003017AF,0,1,1,4294967295,0,0
oInvisibleLupSlope,112,1952,003FAE32,0,1,1,4294967295,0,0
oInvisibleLupSlope,512,1920,001034B0,0,1,1,4294967295,0,0
oInvisibleLupSlope,528,1936,0009330F,0,1,1,4294967295,0,0
oInvisibleRupSlope,304,1920,001DBDEB,0,1,1,4294967295,0,0
oInvisibleRupSlope,288,1936,0017377C,0,1,1,4294967295,0,0
oInvisibleRupSlope,656,1904,001FDAD3,0,1,1,4294967295,0,0
oInvisibleRupSlope,640,1920,0014AE56,0,1,1,4294967295,0,0
oInvisibleSolid,64,1936,000CA674,0,1,1,4294967295,0,1
oInvisibleSolid,96,1952,001A34F9,0,1,1,4294967295,0,0
oInvisibleSolid,96,1968,001DBC17,0,1,1,4294967295,0,1
oInvisibleSolid,288,1952,000684FA,0,1,1,4294967295,0,1
oInvisibleSolid,304,1936,000B9AF3,0,1,1,4294967295,0,1
oInvisibleSolid,320,1920,002447F1,0,1,1,4294967295,0,1
oInvisibleSolid,352,1904,001FBE19,0,1,1,4294967295,0,1
oInvisibleSolid,640,1936,0032624B,0,1,1,4294967295,0,1
oInvisibleSolid,656,1920,002AAF52,0,1,1,4294967295,0,1
oInvisibleSolid,672,1904,0022D186,0,1,1,4294967295,0,1
oIVaultC2,448,1824,000C2DB4,0,1,1,4294967295,0,0
oIVaultC2,848,1824,00175206,0,1,1,4294967295,0,0
oInvisibleLupLowSlope,416,1808,00154B02,0,1,1,4294967295,0,0
oInvisibleLupLowSlope,816,1808,0005483E,0,1,1,4294967295,0,0
oInvisibleRupLowSlope,512,1712,0028610D,0,1,1,4294967295,0,0
oInvisibleRupSlope,336,1808,0033D964,0,1,1,4294967295,0,0
oInvisibleRupSlope,320,1824,0029ABBA,0,1,1,4294967295,0,0
oInvisibleRupSlope,736,1808,00191574,0,1,1,4294967295,0,0
oInvisibleRupSlope,720,1824,003D15A9,0,1,1,4294967295,0,0
oInvisibleLupSlope,608,1712,000A6003,0,1,1,4294967295,0,0
oInvisibleLupSlope,624,1728,001472EA,0,1,1,4294967295,0,0
oInvisibleLCeilingSlope,336,1824,0005FAD8,0,1,1,4294967295,0,0
oInvisibleLCeilingSlope,736,1824,0026B448,0,1,1,4294967295,0,0
oInvisibleSolid,352,1808,003DB9B9,0,1,1,4294967295,0,1
oInvisibleSolid,752,1808,0010F5F9,0,1,1,4294967295,0,1
oInvisibleSolid,496,1728,00363B10,0,1,1,4294967295,0,0
oInvisibleSolid,544,1712,0032AC08,0,1,1,4294967295,0,1
oInvisibleSolid,512,1728,002B38E8,0,1,1,4294967295,0,1
oInvisibleSolid,608,1728,00342F57,0,1,1,4294967295,0,1
oInvisibleSolid,624,1744,003B763D,0,1,1,4294967295,0,0
oInvisibleLupLowSlope,336,1408,003BB76C,0,1,1,4294967295,0,0
oInvisibleRupLowSlope,240,1408,000B5CF2,0,1,1,4294967295,0,0
oInvisibleRupLowSlope,176,1456,004017B1,0,1,1,4294967295,0,0
oInvisibleRupLowSlope,432,1408,001DD6BF,0,1,1,4294967295,0,0
oInvisibleRupLowSlope,496,1360,000ADB86,0,1,1,4294967295,0,0
oInvisibleRupLowSlope,592,1344,001FC6F6,0,1,1,4294967295,0,0
oInvisibleRupSlope,224,1424,000A739B,0,1,1,4294967295,0,0
oInvisibleRupSlope,208,1440,000779E6,0,1,1,4294967295,0,0
oInvisibleRupSlope,480,1376,000F17D3,0,1,1,4294967295,0,0
oInvisibleRupSlope,464,1392,0010F3DB,0,1,1,4294967295,0,0
oInvisibleLupSlope,128,1328,0011A480,0,1,1,4294967295,0,0
oInvisibleSolid,80,1328,0015121B,0,1,1,4294967295,0,0
oInvisibleSolid,176,1472,000C2117,0,1,1,4294967295,0,1
oInvisibleSolid,208,1456,002C9E60,0,1,1,4294967295,0,0
oInvisibleSolid,224,1440,002827EA,0,1,1,4294967295,0,0
oInvisibleSolid,240,1424,002294A1,0,1,1,4294967295,0,1
oInvisibleSolid,272,1408,00382311,0,1,1,4294967295,0,1
oInvisibleSolid,464,1408,003F056B,0,1,1,4294967295,0,1
oInvisibleSolid,480,1392,00363A74,0,1,1,4294967295,0,1
oInvisibleSolid,496,1376,003BAE05,0,1,1,4294967295,0,1
oInvisibleSolid,528,1360,00063A42,0,1,1,4294967295,0,1
oInvisibleSolid,624,1344,001AA267,0,1,1,4294967295,0,0
oInvisibleSolid,128,1344,00194E80,0,1,1,4294967295,0,0
oInvisibleSolid,96,1328,002544F5,0,1,1,4294967295,0,1
oInvisibleLupLowSlope,752,1072,0036E44A,0,1,1,4294967295,0,0
oInvisibleLupLowSlope,528,960,002B7C8C,0,1,1,4294967295,0,0
oInvisibleLupLowSlope,496,944,003E2310,0,1,1,4294967295,0,0
oInvisibleRupLowSlope,400,944,000950E5,0,1,1,4294967295,0,0
oInvisibleRupLowSlope,320,1136,00085046,0,1,1,4294967295,0,0
oInvisibleRupLowSlope,208,992,001D4EAB,0,1,1,4294967295,0,0
oInvisibleRupSlope,192,1008,00199911,0,1,1,4294967295,0,0
oInvisibleRupSlope,176,1024,001FB546,0,1,1,4294967295,0,0
oInvisibleRupSlope,160,1040,001B61D3,0,1,1,4294967295,0,0
oInvisibleRupSlope,320,960,00115E94,0,1,1,4294967295,0,0
oInvisibleRupSlope,304,976,002A1AF0,0,1,1,4294967295,0,0
oInvisibleRupSlope,672,1072,003CE5A4,0,1,1,4294967295,0,0
oInvisibleRupSlope,656,1088,00101DD1,0,1,1,4294967295,0,0
oInvisibleSolid,304,1152,000E95AD,0,1,1,4294967295,0,0
oInvisibleSolid,352,1136,003A8D6A,0,1,1,4294967295,0,1
oInvisibleSolid,416,1136,00082D0E,0,1,1,4294967295,0,0
oInvisibleSolid,672,1088,00160733,0,1,1,4294967295,0,1
oInvisibleSolid,656,1104,0006A16E,0,1,1,4294967295,0,0
oInvisibleSolid,688,1072,0028D21D,0,1,1,4294967295,0,1
oInvisibleSolid,560,976,00313C03,0,1,1,4294967295,0,0
oInvisibleSolid,432,944,000950D7,0,1,1,4294967295,0,1
oInvisibleSolid,336,960,003030C9,0,1,1,4294967295,0,1
oInvisibleSolid,320,976,00008BD6,0,1,1,4294967295,0,1
oInvisibleSolid,240,992,0033E6C8,0,1,1,4294967295,0,1
oInvisibleSolid,160,1056,00069BD4,0,1,1,4294967295,0,0
oInvisibleSolid,176,1040,0019546B,0,1,1,4294967295,0,1
oInvisibleSolid,192,1024,0011479F,0,1,1,4294967295,0,1
oInvisibleSolid,208,1008,002E4905,0,1,1,4294967295,0,1
oInvisibleSolid,320,1152,00224F1F,0,1,1,4294967295,0,1
oInvisibleLupLowSlope,608,592,003BA8E4,0,1,1,4294967295,0,0
oInvisibleLupLowSlope,64,768,0014CF63,0,1,1,4294967295,0,0
oInvisibleLupLowSlope,160,784,0026E855,0,1,1,4294967295,0,0
oInvisibleRupLowSlope,400,672,0031E4D3,0,1,1,4294967295,0,0
oInvisibleLupSlope,704,608,00380BC9,0,1,1,4294967295,0,0
oInvisibleLupSlope,720,624,0022BC1E,0,1,1,4294967295,0,0
oInvisibleLupSlope,736,640,002854D6,0,1,1,4294967295,0,0
oInvisibleLupSlope,752,656,0000CB13,0,1,1,4294967295,0,0
oInvisibleLupSlope,768,672,00041C26,0,1,1,4294967295,0,0
oInvisibleSolid,48,768,00069E58,0,1,1,4294967295,0,0
oInvisibleSolid,64,784,000BB3AD,0,1,1,4294967295,0,1
oInvisibleSolid,192,800,0009106E,0,1,1,4294967295,0,0
oInvisibleSolid,160,800,002E737F,0,1,1,4294967295,0,1
oInvisibleSolid,432,672,002A6852,0,1,1,4294967295,0,0
oInvisibleSolid,352,688,000DCF77,0,1,1,4294967295,0,0
oInvisibleSolid,368,688,000DB055,0,1,1,4294967295,0,1
oInvisibleSolid,592,592,003C425A,0,1,1,4294967295,0,0
oInvisibleSolid,608,608,004010A3,0,1,1,4294967295,0,1
oInvisibleSolid,704,624,0012E48D,0,1,1,4294967295,0,1
oInvisibleSolid,720,640,001633FD,0,1,1,4294967295,0,1
oInvisibleSolid,736,656,00172114,0,1,1,4294967295,0,1
oInvisibleSolid,752,672,0007C6FF,0,1,1,4294967295,0,1
oInvisibleSolid,768,688,0009559B,0,1,1,4294967295,0,0
oInvisibleRupLowSlope,736,1408,001E51D7,0,1,1,4294967295,0,0
oInvisibleSolid,720,1424,003CF675,0,1,1,4294967295,0,0
oInvisibleSolid,736,1424,0039560B,0,1,1,4294967295,0,1
oInvisibleSolid,768,1408,00168A87,0,1,1,4294967295,0,1
oInvisibleRupSlope,368,432,00136116,0,1,1,4294967295,0,0
oInvisibleLupSlope,416,432,001713DC,0,1,1,4294967295,0,0
oInvisibleSolid,384,432,00200833,0,1,1,4294967295,0,1
oInvisibleSolid,352,448,00180CA0,0,1,1,4294967295,0,1
oInvisibleSolid,576,400,00207C86,0,1,1,4294967295,0,1
oInvisibleSolid,704,352,001D003D,0,1,1,4294967295,0,1
oInvisibleLupLowSlope,240,528,00217302,0,1,1,4294967295,0,0
oInvisibleSolid,272,544,001221FB,0,1,1,4294967295,0,0
oInvisibleSolid,240,544,003F9FFD,0,1,1,4294967295,0,1
oInvisibleSolid,96,528,00183784,0,1,1,4294967295,0,0
oInvisibleSolid,112,528,00247203,0,1,1,4294967295,0,1
oInvisibleSolid,0,256,00076F67,0,1,1,4294967295,0,1
oInvisibleSolid,288,272,002CA4D5,0,1,1,4294967295,0,0
oInvisibleSolid,256,272,00106908,0,1,1,4294967295,0,1
oInvisibleLupLowSlope,256,256,0005BBBD,0,1,1,4294967295,0,0
oInvisibleSolid,816,128,000969CE,0,1,1,4294967295,0,0
oInvisibleSolid,832,128,00340380,0,1,1,4294967295,0,1
oInvisibleSolid,816,1296,003CAE15,0,1,1,4294967295,0,1
