oExit,40,256,003D53EB,0,1,1,4294967295,0,1
oExit,520,256,003DF5C5,0,1,1,4294967295,0,1
oZeldaBreakPot,48,176,0026BFEF,0,1,1,4294967295,0,0
oZeldaBreakPot,512,176,0019A122,0,1,1,4294967295,0,0
oZeldaBreakPot,32,176,0039B1F5,0,1,1,4294967295,0,0
oZeldaBreakPot,528,176,0033A617,0,1,1,4294967295,0,0
oPlayer1,80,288,002DF9E1,0,1,1,4294967295,0,0
oInvCollPH,144,224,000353AC,0,1,1,4294967295,0,0
oInvCollPH,160,224,000D83A9,0,1,1,4294967295,0,0
oInvCollPH,176,224,002485B4,0,1,1,4294967295,0,0
oInvCollPH,400,224,00176B2F,0,1,1,4294967295,0,0
oInvCollPH,416,224,002191F1,0,1,1,4294967295,0,0
oInvCollPH,432,224,000B08C8,0,1,1,4294967295,0,0
oInvCollPH,32,288,0035CE43,0,1,1,4294967295,0,0
oInvCollPH,48,288,00069824,0,1,1,4294967295,0,0
oInvCollPH,64,288,0027112A,0,1,1,4294967295,0,0
oInvCollPH,80,288,002CA021,0,1,1,4294967295,0,0
oInvCollPH,496,288,002308DD,0,1,1,4294967295,0,0
oInvCollPH,512,288,000E0CAF,0,1,1,4294967295,0,0
oInvCollPH,528,288,0024B467,0,1,1,4294967295,0,0
oInvCollPH,160,320,003C8AEB,0,1,1,4294967295,0,0
oInvCollPH,176,320,0020FE23,0,1,1,4294967295,0,0
oInvCollPH,192,320,00250FE4,0,1,1,4294967295,0,0
oInvCollPH,208,320,0011C1F8,0,1,1,4294967295,0,0
oInvCollPH,224,320,002CF5F2,0,1,1,4294967295,0,0
oInvCollPH,240,320,002F36A2,0,1,1,4294967295,0,0
oInvCollPH,256,320,000ED757,0,1,1,4294967295,0,0
oInvCollPH,272,320,000CB6B8,0,1,1,4294967295,0,0
oInvCollPH,288,320,00069D3B,0,1,1,4294967295,0,0
oInvCollPH,304,320,001D9413,0,1,1,4294967295,0,0
oInvCollPH,320,320,00032221,0,1,1,4294967295,0,0
oInvCollPH,336,320,001E5D21,0,1,1,4294967295,0,0
oInvCollPH,352,320,0025D717,0,1,1,4294967295,0,0
oInvCollPH,368,320,0018D10C,0,1,1,4294967295,0,0
oInvCollPH,384,320,003520D9,0,1,1,4294967295,0,0
oInvCollPH,400,320,001AD5BE,0,1,1,4294967295,0,0
oInvCollPH,16,64,000B18AF,0,1,1,4294967295,0,0
oInvCollPH,16,80,001F1884,0,1,1,4294967295,0,0
oInvCollPH,16,96,0028B623,0,1,1,4294967295,0,0
oInvCollPH,16,112,000C08E8,0,1,1,4294967295,0,0
oInvCollPH,16,128,001AD07D,0,1,1,4294967295,0,0
oInvCollPH,16,144,00119C75,0,1,1,4294967295,0,0
oInvCollPH,16,160,001793F6,0,1,1,4294967295,0,0
oInvCollPH,16,176,001F5D5C,0,1,1,4294967295,0,0
oInvCollPH,48,192,002CC227,0,1,1,4294967295,0,0
oInvCollPH,16,208,0025E736,0,1,1,4294967295,0,0
oInvCollPH,16,224,003083AF,0,1,1,4294967295,0,0
oInvCollPH,16,240,0021C00F,0,1,1,4294967295,0,0
oInvCollPH,16,256,0027BB2B,0,1,1,4294967295,0,0
oInvCollPH,16,272,0008071C,0,1,1,4294967295,0,0
oInvCollPH,544,80,001280D9,0,1,1,4294967295,0,0
oInvCollPH,544,96,0026C998,0,1,1,4294967295,0,0
oInvCollPH,544,112,002DDB3E,0,1,1,4294967295,0,0
oInvCollPH,544,128,00145F73,0,1,1,4294967295,0,0
oInvCollPH,544,144,00348979,0,1,1,4294967295,0,0
oInvCollPH,544,160,00036473,0,1,1,4294967295,0,0
oInvCollPH,544,176,00304280,0,1,1,4294967295,0,0
oInvCollPH,528,192,001705EA,0,1,1,4294967295,0,0
oInvCollPH,544,208,003388EE,0,1,1,4294967295,0,0
oInvCollPH,544,224,0019BB78,0,1,1,4294967295,0,0
oInvCollPH,544,240,00126FEF,0,1,1,4294967295,0,0
oInvCollPH,544,256,0018BA23,0,1,1,4294967295,0,0
oInvCollPH,544,272,001C26C4,0,1,1,4294967295,0,0
oInvCollPH,32,16,003DD8CA,0,1,1,4294967295,0,0
oInvCollPH,48,16,0013FE51,0,1,1,4294967295,0,0
oInvCollPH,64,16,0008E8D6,0,1,1,4294967295,0,0
oInvCollPH,80,16,000A4A17,0,1,1,4294967295,0,0
oInvCollPH,96,16,0011B78A,0,1,1,4294967295,0,0
oInvCollPH,112,16,00061953,0,1,1,4294967295,0,0
oInvCollPH,128,16,0029D76E,0,1,1,4294967295,0,0
oInvCollPH,144,16,000F7C06,0,1,1,4294967295,0,0
oInvCollPH,160,16,0002D9A4,0,1,1,4294967295,0,0
oInvCollPH,176,16,0026D92B,0,1,1,4294967295,0,0
oInvCollPH,192,16,002FAC28,0,1,1,4294967295,0,0
oInvCollPH,208,16,001EE058,0,1,1,4294967295,0,0
oInvCollPH,224,16,00214793,0,1,1,4294967295,0,0
oInvCollPH,240,16,00057D22,0,1,1,4294967295,0,0
oInvCollPH,256,16,0018B23E,0,1,1,4294967295,0,0
oInvCollPH,272,16,000DD52F,0,1,1,4294967295,0,0
oInvCollPH,288,16,001EAA66,0,1,1,4294967295,0,0
oInvCollPH,304,16,002BCCF8,0,1,1,4294967295,0,0
oInvCollPH,320,16,000EDAEA,0,1,1,4294967295,0,0
oInvCollPH,336,16,0008A431,0,1,1,4294967295,0,0
oInvCollPH,352,16,00100ED0,0,1,1,4294967295,0,0
oInvCollPH,368,16,000C6120,0,1,1,4294967295,0,0
oInvCollPH,384,16,00367973,0,1,1,4294967295,0,0
oInvCollPH,400,16,0028CB98,0,1,1,4294967295,0,0
oInvCollPH,416,16,001B4407,0,1,1,4294967295,0,0
oInvCollPH,432,16,001599EA,0,1,1,4294967295,0,0
oInvCollPH,448,16,001CE40B,0,1,1,4294967295,0,0
oInvCollPH,464,16,002CFCF1,0,1,1,4294967295,0,0
oInvCollPH,480,16,000BEF84,0,1,1,4294967295,0,0
oInvCollPH,496,16,00077B40,0,1,1,4294967295,0,0
oInvCollPH,512,16,000C820F,0,1,1,4294967295,0,0
oInvCollPH,528,16,0022B938,0,1,1,4294967295,0,0
oInvCollPH,544,64,001CC86B,0,1,1,4294967295,0,0
oInvCollPH,544,48,000AAAD0,0,1,1,4294967295,0,0
oInvCollPH,16,48,00149A3B,0,1,1,4294967295,0,0
oInvCollPH,16,32,001E6FB8,0,1,1,4294967295,0,0
oInvisibleSolid,128,224,000CBCA8,0,1,1,4294967295,0,1
oInvisibleSolid,384,224,000A8E05,0,1,1,4294967295,0,1
oInvisibleSolid,0,0,002BABFB,0,1,1,4294967295,0,1
oInvisibleSolid,0,32,003272EE,0,1,1,4294967295,0,1
oInvisibleSolid,544,32,002F1B6D,0,1,1,4294967295,0,1
oInvisibleSolid,480,288,002CB63C,0,1,1,4294967295,0,1
oInvisibleSolid,0,288,001DDECD,0,1,1,4294967295,0,1
oInvisibleLupLowSlope,96,288,0023330C,0,1,1,4294967295,0,0
oInvisibleLupLowSlope,128,304,002CFCEB,0,1,1,4294967295,0,0
oInvisibleRupLowSlope,416,304,0009F9EF,0,1,1,4294967295,0,0
oInvisibleRupLowSlope,448,288,000B623C,0,1,1,4294967295,0,0
oInvisibleSolid,96,304,00293549,0,1,1,4294967295,0,1
oInvisibleSolid,448,304,0007FDD8,0,1,1,4294967295,0,1
oInvisibleSolid,128,320,00241C6C,0,1,1,4294967295,0,1
oInvisibleSolid,32,192,00082574,0,1,1,4294967295,0,1
oInvisibleSolid,512,192,001CD631,0,1,1,4294967295,0,1
