oMuncher,288,176,00298B55,0,1,1,4294967295,0,0
oMuncher,400,160,0023BBAA,0,1,1,4294967295,0,1
oMuncher,528,144,0035A308,0,1,1,4294967295,0,0
oMuncher,624,160,001034F0,0,1,1,4294967295,0,1
oMuncher,736,176,00251FD1,0,1,1,4294967295,0,0
oMuncher,848,192,000CA8CB,0,1,1,4294967295,0,1
oMuncher,976,176,0023078F,0,1,1,4294967295,0,0
oMuncher,1072,160,000F3523,0,1,1,4294967295,0,1
oMuncher,1296,160,000BE8E2,0,1,1,4294967295,0,1
oMuncher,1536,160,0012F2CA,0,1,1,4294967295,0,1
oMuncher,1184,144,0001C50D,0,1,1,4294967295,0,0
oMuncher,1408,176,001E52C4,0,1,1,4294967295,0,0
oMuncher,1632,144,001232FE,0,1,1,4294967295,0,0
oExit,72,192,002CE360,0,1,1,4294967295,0,1
oExit,1864,96,003684B2,0,1,1,4294967295,0,1
oWalletBoost,1800,128,0028693A,0,1,1,4294967295,0,1
oLavaGuy,240,296,0010183C,0,1,1,4294967295,0,0
oLavaGuy,352,296,0000D5F1,0,1,1,4294967295,0,0
oLavaGuy,576,296,0034D226,0,1,1,4294967295,0,0
oLavaGuy,632,296,00032600,0,1,1,4294967295,0,0
oLavaGuy,688,296,00246297,0,1,1,4294967295,0,0
oLavaGuy,912,296,000B2C6F,0,1,1,4294967295,0,0
oLavaGuy,1080,296,000ABF81,0,1,1,4294967295,0,0
oLavaGuy,1136,296,00179034,0,1,1,4294967295,0,0
oLavaGuy,1248,296,0004EEEE,0,1,1,4294967295,0,0
oLavaGuy,1360,296,000CD286,0,1,1,4294967295,0,0
oLavaGuy,1456,296,003CF097,0,1,1,4294967295,0,0
oLavaGuy,1504,296,003FDE02,0,1,1,4294967295,0,0
oLavaGuy,1576,296,00081733,0,1,1,4294967295,0,0
oLavaGuy,1592,296,00211345,0,1,1,4294967295,0,0
oLavaGuy,1608,296,001785C1,0,1,1,4294967295,0,0
oLavaGuy,1640,296,00319517,0,1,1,4294967295,0,0
oPlayer1,112,256,00359BC5,0,1,1,4294967295,0,0
oMarioLava,192,288,0002A40B,0,1,1,4294967295,0,1
oInvCollPH,112,32,00183474,0,1,1,4294967295,0,0
oInvCollPH,112,48,00278A7F,0,1,1,4294967295,0,0
oInvCollPH,96,48,00121A46,0,1,1,4294967295,0,0
oInvCollPH,80,64,001A0003,0,1,1,4294967295,0,0
oInvCollPH,80,80,003EDE38,0,1,1,4294967295,0,0
oInvCollPH,64,80,003B9E43,0,1,1,4294967295,0,0
oInvCollPH,48,96,0030DB9D,0,1,1,4294967295,0,0
oInvCollPH,48,112,003F51B1,0,1,1,4294967295,0,0
oInvCollPH,48,128,00364D45,0,1,1,4294967295,0,0
oInvCollPH,48,144,000C661A,0,1,1,4294967295,0,0
oInvCollPH,48,160,0013C117,0,1,1,4294967295,0,0
oInvCollPH,48,176,00287AFD,0,1,1,4294967295,0,0
oInvCollPH,48,192,0029B69B,0,1,1,4294967295,0,0
oInvCollPH,48,208,0013C2EC,0,1,1,4294967295,0,0
oInvCollPH,64,224,00135659,0,1,1,4294967295,0,0
oInvCollPH,80,224,001DB4F4,0,1,1,4294967295,0,0
oInvCollPH,80,240,003C5817,0,1,1,4294967295,0,0
oInvCollPH,96,256,001AA41B,0,1,1,4294967295,0,0
oInvCollPH,112,256,000E01E3,0,1,1,4294967295,0,0
oInvCollPH,128,256,001B130B,0,1,1,4294967295,0,0
oInvCollPH,144,256,003B3C02,0,1,1,4294967295,0,0
oInvCollPH,160,256,00376E3C,0,1,1,4294967295,0,0
oInvCollPH,176,256,00072D8A,0,1,1,4294967295,0,0
oInvCollPH,176,272,000510B2,0,1,1,4294967295,0,0
oInvCollPH,176,288,00215589,0,1,1,4294967295,0,0
oInvCollPH,1888,48,0037DFFD,0,1,1,4294967295,0,0
oInvCollPH,1888,64,0017B04A,0,1,1,4294967295,0,0
oInvCollPH,1888,80,00131835,0,1,1,4294967295,0,0
oInvCollPH,1888,96,00376E47,0,1,1,4294967295,0,0
oInvCollPH,1888,112,00173FC6,0,1,1,4294967295,0,0
oInvCollPH,1776,160,0031A472,0,1,1,4294967295,0,0
oInvCollPH,1808,144,00190EB9,0,1,1,4294967295,0,0
oInvCollPH,1872,128,0021E08A,0,1,1,4294967295,0,0
oInvCollPH,1824,160,00364CD1,0,1,1,4294967295,0,0
oInvCollPH,1840,160,0030FA62,0,1,1,4294967295,0,0
oInvCollPH,1760,176,0005E7C9,0,1,1,4294967295,0,0
oInvCollPH,1760,192,000DD387,0,1,1,4294967295,0,0
oInvCollPH,1760,208,000E24F8,0,1,1,4294967295,0,0
oInvCollPH,1760,224,0022E230,0,1,1,4294967295,0,0
oInvCollPH,1760,240,002AB0BA,0,1,1,4294967295,0,0
oInvCollPH,1760,256,000A126B,0,1,1,4294967295,0,0
oInvCollPH,1760,272,00010722,0,1,1,4294967295,0,0
oInvCollPH,1760,288,001962AB,0,1,1,4294967295,0,0
oInvCollPH,1856,144,001CFC5A,0,1,1,4294967295,0,0
oInvCollPH,288,208,002255C1,0,1,1,4294967295,0,0
oInvCollPH,288,224,000CB637,0,1,1,4294967295,0,0
oInvCollPH,288,240,000A6798,0,1,1,4294967295,0,0
oInvCollPH,288,256,0020752F,0,1,1,4294967295,0,0
oInvCollPH,288,272,0022FB3F,0,1,1,4294967295,0,0
oInvCollPH,288,288,000AA7B4,0,1,1,4294967295,0,0
oInvCollPH,736,208,002BAB35,0,1,1,4294967295,0,0
oInvCollPH,736,224,003B65DB,0,1,1,4294967295,0,0
oInvCollPH,736,240,00014505,0,1,1,4294967295,0,0
oInvCollPH,736,256,00237B6D,0,1,1,4294967295,0,0
oInvCollPH,736,272,000C8885,0,1,1,4294967295,0,0
oInvCollPH,736,288,0008A4BC,0,1,1,4294967295,0,0
oInvCollPH,848,224,003255A2,0,1,1,4294967295,0,0
oInvCollPH,848,240,002B4C06,0,1,1,4294967295,0,0
oInvCollPH,848,256,0004B74F,0,1,1,4294967295,0,0
oInvCollPH,848,272,0026DC84,0,1,1,4294967295,0,0
oInvCollPH,976,288,0009C98D,0,1,1,4294967295,0,0
oInvCollPH,976,272,00306515,0,1,1,4294967295,0,0
oInvCollPH,976,256,00157F43,0,1,1,4294967295,0,0
oInvCollPH,976,240,002E850B,0,1,1,4294967295,0,0
oInvCollPH,976,224,00118F27,0,1,1,4294967295,0,0
oInvCollPH,976,208,0010F39B,0,1,1,4294967295,0,0
oInvCollPH,1408,208,0034CEB9,0,1,1,4294967295,0,0
oInvCollPH,1408,224,00356278,0,1,1,4294967295,0,0
oInvCollPH,1408,240,000CB9D8,0,1,1,4294967295,0,0
oInvCollPH,1408,256,0000D231,0,1,1,4294967295,0,0
oInvCollPH,1408,272,0002FAE4,0,1,1,4294967295,0,0
oInvCollPH,1408,288,00282AB6,0,1,1,4294967295,0,0
oInvCollPH,1536,192,0038C35A,0,1,1,4294967295,0,0
oInvCollPH,1536,208,0034712A,0,1,1,4294967295,0,0
oInvCollPH,1536,224,00007C3D,0,1,1,4294967295,0,0
oInvCollPH,1536,240,001CD03E,0,1,1,4294967295,0,0
oInvCollPH,1536,256,0021E88E,0,1,1,4294967295,0,0
oInvCollPH,1536,272,00220BB3,0,1,1,4294967295,0,0
oInvCollPH,1296,192,000AB0FE,0,1,1,4294967295,0,0
oInvCollPH,1296,208,003B6BCA,0,1,1,4294967295,0,0
oInvCollPH,1296,224,000F4BB4,0,1,1,4294967295,0,0
oInvCollPH,1296,240,003B1C6A,0,1,1,4294967295,0,0
oInvCollPH,1296,256,00290EB4,0,1,1,4294967295,0,0
oInvCollPH,1296,272,002FFE86,0,1,1,4294967295,0,0
oInvCollPH,1296,288,003F77E6,0,1,1,4294967295,0,0
oInvCollPH,1072,192,0000A40D,0,1,1,4294967295,0,0
oInvCollPH,1072,208,003C5EEA,0,1,1,4294967295,0,0
oInvCollPH,1072,224,0019D762,0,1,1,4294967295,0,0
oInvCollPH,1072,240,002ECA3C,0,1,1,4294967295,0,0
oInvCollPH,1072,256,0013AC84,0,1,1,4294967295,0,0
oInvCollPH,1072,272,00291E60,0,1,1,4294967295,0,0
oInvCollPH,624,192,00114E31,0,1,1,4294967295,0,0
oInvCollPH,624,208,000D8D2E,0,1,1,4294967295,0,0
oInvCollPH,624,224,0004938C,0,1,1,4294967295,0,0
oInvCollPH,624,240,00133C4A,0,1,1,4294967295,0,0
oInvCollPH,624,256,00091F94,0,1,1,4294967295,0,0
oInvCollPH,624,272,001E8B4C,0,1,1,4294967295,0,0
oInvCollPH,400,192,0001D95F,0,1,1,4294967295,0,0
oInvCollPH,400,208,003B7ABB,0,1,1,4294967295,0,0
oInvCollPH,400,224,0030CDCD,0,1,1,4294967295,0,0
oInvCollPH,400,240,001E980D,0,1,1,4294967295,0,0
oInvCollPH,400,256,00001532,0,1,1,4294967295,0,0
oInvCollPH,400,272,0027C133,0,1,1,4294967295,0,0
oInvCollPH,400,288,001431A9,0,1,1,4294967295,0,0
oInvCollPH,528,176,00185F0C,0,1,1,4294967295,0,0
oInvCollPH,528,192,0024DB6F,0,1,1,4294967295,0,0
oInvCollPH,528,208,003507DD,0,1,1,4294967295,0,0
oInvCollPH,528,224,0019FC15,0,1,1,4294967295,0,0
oInvCollPH,528,240,00305CFC,0,1,1,4294967295,0,0
oInvCollPH,528,256,000EEFB3,0,1,1,4294967295,0,0
oInvCollPH,528,272,003ED253,0,1,1,4294967295,0,0
oInvCollPH,528,288,003B2EBC,0,1,1,4294967295,0,0
oInvCollPH,1184,176,001CCAEA,0,1,1,4294967295,0,0
oInvCollPH,1184,192,003E6572,0,1,1,4294967295,0,0
oInvCollPH,1184,208,001C8668,0,1,1,4294967295,0,0
oInvCollPH,1184,224,001F3258,0,1,1,4294967295,0,0
oInvCollPH,1184,240,000E74E4,0,1,1,4294967295,0,0
oInvCollPH,1184,256,002596E4,0,1,1,4294967295,0,0
oInvCollPH,1184,272,003DB573,0,1,1,4294967295,0,0
oInvCollPH,1184,288,0012F148,0,1,1,4294967295,0,0
oInvCollPH,1632,176,001A351D,0,1,1,4294967295,0,0
oInvCollPH,1632,192,0009EC2F,0,1,1,4294967295,0,0
oInvCollPH,1632,208,003DF12F,0,1,1,4294967295,0,0
oInvCollPH,1632,224,001EE9AA,0,1,1,4294967295,0,0
oInvCollPH,1632,240,0008308F,0,1,1,4294967295,0,0
oInvCollPH,1632,256,001C17F1,0,1,1,4294967295,0,0
oInvCollPH,1632,272,002066B1,0,1,1,4294967295,0,0
oInvCollPH,208,304,0016655A,0,1,1,4294967295,0,0
oInvCollPH,224,304,003C9D8F,0,1,1,4294967295,0,0
oInvCollPH,240,304,000A6BF2,0,1,1,4294967295,0,0
oInvCollPH,256,304,0029BEE6,0,1,1,4294967295,0,0
oInvCollPH,272,304,00062C5F,0,1,1,4294967295,0,0
oInvCollPH,304,304,00392C22,0,1,1,4294967295,0,0
oInvCollPH,320,304,001D7589,0,1,1,4294967295,0,0
oInvCollPH,336,304,002427F5,0,1,1,4294967295,0,0
oInvCollPH,352,304,0038D0B9,0,1,1,4294967295,0,0
oInvCollPH,368,304,001006BD,0,1,1,4294967295,0,0
oInvCollPH,384,304,0039D12C,0,1,1,4294967295,0,0
oInvCollPH,416,304,002AE33D,0,1,1,4294967295,0,0
oInvCollPH,432,304,0016C44C,0,1,1,4294967295,0,0
oInvCollPH,448,304,0026409C,0,1,1,4294967295,0,0
oInvCollPH,464,304,003A0DA6,0,1,1,4294967295,0,0
oInvCollPH,480,304,00252BEA,0,1,1,4294967295,0,0
oInvCollPH,496,304,003E1552,0,1,1,4294967295,0,0
oInvCollPH,608,304,0039C1DC,0,1,1,4294967295,0,0
oInvCollPH,592,304,001DEFD5,0,1,1,4294967295,0,0
oInvCollPH,576,304,002DF5A6,0,1,1,4294967295,0,0
oInvCollPH,560,304,00304ECC,0,1,1,4294967295,0,0
oInvCollPH,544,304,00308198,0,1,1,4294967295,0,0
oInvCollPH,512,304,001E27A0,0,1,1,4294967295,0,0
oInvCollPH,640,304,003199F2,0,1,1,4294967295,0,0
oInvCollPH,656,304,00010EBA,0,1,1,4294967295,0,0
oInvCollPH,672,304,0002C1E0,0,1,1,4294967295,0,0
oInvCollPH,688,304,001DF8D1,0,1,1,4294967295,0,0
oInvCollPH,704,304,001E73F7,0,1,1,4294967295,0,0
oInvCollPH,720,304,0018F532,0,1,1,4294967295,0,0
oInvCollPH,752,304,002E110C,0,1,1,4294967295,0,0
oInvCollPH,768,304,000F65E6,0,1,1,4294967295,0,0
oInvCollPH,784,304,000124E3,0,1,1,4294967295,0,0
oInvCollPH,800,304,0031B371,0,1,1,4294967295,0,0
oInvCollPH,816,304,001648D4,0,1,1,4294967295,0,0
oInvCollPH,832,304,003514B1,0,1,1,4294967295,0,0
oInvCollPH,864,304,002B6A08,0,1,1,4294967295,0,0
oInvCollPH,880,304,001B2F35,0,1,1,4294967295,0,0
oInvCollPH,896,304,00034E57,0,1,1,4294967295,0,0
oInvCollPH,912,304,002AA6EB,0,1,1,4294967295,0,0
oInvCollPH,928,304,000BF203,0,1,1,4294967295,0,0
oInvCollPH,944,304,00292717,0,1,1,4294967295,0,0
oInvCollPH,1056,304,00402455,0,1,1,4294967295,0,0
oInvCollPH,1040,304,0034CF1F,0,1,1,4294967295,0,0
oInvCollPH,1024,304,0019C52A,0,1,1,4294967295,0,0
oInvCollPH,1008,304,00114FF7,0,1,1,4294967295,0,0
oInvCollPH,992,304,0003961C,0,1,1,4294967295,0,0
oInvCollPH,960,304,00191EB8,0,1,1,4294967295,0,0
oInvCollPH,1088,304,000F052B,0,1,1,4294967295,0,0
oInvCollPH,1104,304,0013F0E9,0,1,1,4294967295,0,0
oInvCollPH,1120,304,00179CBB,0,1,1,4294967295,0,0
oInvCollPH,1136,304,0005EDEC,0,1,1,4294967295,0,0
oInvCollPH,1152,304,00203F45,0,1,1,4294967295,0,0
oInvCollPH,1168,304,002AAC00,0,1,1,4294967295,0,0
oInvCollPH,1200,304,001049BE,0,1,1,4294967295,0,0
oInvCollPH,1216,304,00173989,0,1,1,4294967295,0,0
oInvCollPH,1232,304,00126189,0,1,1,4294967295,0,0
oInvCollPH,1248,304,00005E08,0,1,1,4294967295,0,0
oInvCollPH,1264,304,000C6636,0,1,1,4294967295,0,0
oInvCollPH,1280,304,00369635,0,1,1,4294967295,0,0
oInvCollPH,1312,304,003848A6,0,1,1,4294967295,0,0
oInvCollPH,1328,304,002CBD84,0,1,1,4294967295,0,0
oInvCollPH,1344,304,00236091,0,1,1,4294967295,0,0
oInvCollPH,1360,304,003621C5,0,1,1,4294967295,0,0
oInvCollPH,1376,304,0015CC95,0,1,1,4294967295,0,0
oInvCollPH,1392,304,000741F1,0,1,1,4294967295,0,0
oInvCollPH,1424,304,000A9D99,0,1,1,4294967295,0,0
oInvCollPH,1440,304,0012AE52,0,1,1,4294967295,0,0
oInvCollPH,1456,304,000E9547,0,1,1,4294967295,0,0
oInvCollPH,1472,304,002928F0,0,1,1,4294967295,0,0
oInvCollPH,1488,304,0023D30F,0,1,1,4294967295,0,0
oInvCollPH,1504,304,00259340,0,1,1,4294967295,0,0
oInvCollPH,1616,304,0009A497,0,1,1,4294967295,0,0
oInvCollPH,1600,304,001DD023,0,1,1,4294967295,0,0
oInvCollPH,1584,304,001AB6DB,0,1,1,4294967295,0,0
oInvCollPH,1568,304,0005DB02,0,1,1,4294967295,0,0
oInvCollPH,1552,304,001412B1,0,1,1,4294967295,0,0
oInvCollPH,1520,304,000C4EF0,0,1,1,4294967295,0,0
oInvCollPH,1744,304,001EC4E7,0,1,1,4294967295,0,0
oInvCollPH,1728,304,002FCF08,0,1,1,4294967295,0,0
oInvCollPH,1712,304,00154A48,0,1,1,4294967295,0,0
oInvCollPH,1696,304,001A6A0F,0,1,1,4294967295,0,0
oInvCollPH,1680,304,003BFB9B,0,1,1,4294967295,0,0
oInvCollPH,1664,304,001E2BD7,0,1,1,4294967295,0,0
oInvCollPH,1648,304,00240664,0,1,1,4294967295,0,0
oInvCollPH,848,288,000F4684,0,1,1,4294967295,0,0
oInvCollPH,1536,288,00363A00,0,1,1,4294967295,0,0
oInvCollPH,128,16,0031E3FF,0,1,1,4294967295,0,0
oInvCollPH,144,16,000DFB2E,0,1,1,4294967295,0,0
oInvCollPH,160,16,00395503,0,1,1,4294967295,0,0
oInvCollPH,176,16,002E8F19,0,1,1,4294967295,0,0
oInvCollPH,192,16,00033289,0,1,1,4294967295,0,0
oInvCollPH,208,16,003EBA63,0,1,1,4294967295,0,0
oInvCollPH,224,16,002756C1,0,1,1,4294967295,0,0
oInvCollPH,240,16,0016C582,0,1,1,4294967295,0,0
oInvCollPH,256,16,002281B1,0,1,1,4294967295,0,0
oInvCollPH,272,16,0017F21C,0,1,1,4294967295,0,0
oInvCollPH,288,16,000FFDC1,0,1,1,4294967295,0,0
oInvCollPH,304,16,0032746F,0,1,1,4294967295,0,0
oInvCollPH,320,16,0034CCA6,0,1,1,4294967295,0,0
oInvCollPH,336,16,003C5AF9,0,1,1,4294967295,0,0
oInvCollPH,352,16,000F1B7A,0,1,1,4294967295,0,0
oInvCollPH,368,16,002B08D2,0,1,1,4294967295,0,0
oInvCollPH,384,16,003B62DA,0,1,1,4294967295,0,0
oInvCollPH,400,16,001AAD70,0,1,1,4294967295,0,0
oInvCollPH,416,16,0010CA23,0,1,1,4294967295,0,0
oInvCollPH,432,16,000E258B,0,1,1,4294967295,0,0
oInvCollPH,448,16,00320586,0,1,1,4294967295,0,0
oInvCollPH,464,16,00030ABC,0,1,1,4294967295,0,0
oInvCollPH,480,16,00400B78,0,1,1,4294967295,0,0
oInvCollPH,496,16,0003CB3E,0,1,1,4294967295,0,0
oInvCollPH,512,16,002DFE6C,0,1,1,4294967295,0,0
oInvCollPH,528,16,002F8324,0,1,1,4294967295,0,0
oInvCollPH,544,16,003C7CDE,0,1,1,4294967295,0,0
oInvCollPH,560,16,0020C6E3,0,1,1,4294967295,0,0
oInvCollPH,576,16,0038403C,0,1,1,4294967295,0,0
oInvCollPH,592,16,003FDDEB,0,1,1,4294967295,0,0
oInvCollPH,608,16,0000F489,0,1,1,4294967295,0,0
oInvCollPH,624,16,002F09FE,0,1,1,4294967295,0,0
oInvCollPH,640,16,0016935F,0,1,1,4294967295,0,0
oInvCollPH,656,16,003CD1CB,0,1,1,4294967295,0,0
oInvCollPH,672,16,0008A089,0,1,1,4294967295,0,0
oInvCollPH,688,16,00362286,0,1,1,4294967295,0,0
oInvCollPH,704,16,003ED8E0,0,1,1,4294967295,0,0
oInvCollPH,720,16,002B0828,0,1,1,4294967295,0,0
oInvCollPH,736,16,002832ED,0,1,1,4294967295,0,0
oInvCollPH,752,16,0011C2B9,0,1,1,4294967295,0,0
oInvCollPH,768,16,00040362,0,1,1,4294967295,0,0
oInvCollPH,784,16,0031DDDC,0,1,1,4294967295,0,0
oInvCollPH,800,16,00087D62,0,1,1,4294967295,0,0
oInvCollPH,816,16,001FAC75,0,1,1,4294967295,0,0
oInvCollPH,832,16,0026665F,0,1,1,4294967295,0,0
oInvCollPH,848,16,003A2608,0,1,1,4294967295,0,0
oInvCollPH,864,16,004034E3,0,1,1,4294967295,0,0
oInvCollPH,880,16,002D0385,0,1,1,4294967295,0,0
oInvCollPH,896,16,0033DD1C,0,1,1,4294967295,0,0
oInvCollPH,912,16,0035513C,0,1,1,4294967295,0,0
oInvCollPH,928,16,0006A996,0,1,1,4294967295,0,0
oInvCollPH,944,16,0005D9D2,0,1,1,4294967295,0,0
oInvCollPH,960,16,001A9ADC,0,1,1,4294967295,0,0
oInvCollPH,976,16,002ECBCF,0,1,1,4294967295,0,0
oInvCollPH,992,16,00399CD1,0,1,1,4294967295,0,0
oInvCollPH,1008,16,001E3EEE,0,1,1,4294967295,0,0
oInvCollPH,1024,16,003EE221,0,1,1,4294967295,0,0
oInvCollPH,1040,16,0033FE21,0,1,1,4294967295,0,0
oInvCollPH,1056,16,000E1750,0,1,1,4294967295,0,0
oInvCollPH,1072,16,00335BC1,0,1,1,4294967295,0,0
oInvCollPH,1088,16,0032C58F,0,1,1,4294967295,0,0
oInvCollPH,1104,16,002E0CEE,0,1,1,4294967295,0,0
oInvCollPH,1120,16,000147D6,0,1,1,4294967295,0,0
oInvCollPH,1136,16,000C3C8A,0,1,1,4294967295,0,0
oInvCollPH,1152,16,00035A8E,0,1,1,4294967295,0,0
oInvCollPH,1168,16,0018D1A0,0,1,1,4294967295,0,0
oInvCollPH,1184,16,001431BC,0,1,1,4294967295,0,0
oInvCollPH,1200,16,0015E168,0,1,1,4294967295,0,0
oInvCollPH,1216,16,00009EFA,0,1,1,4294967295,0,0
oInvCollPH,1232,16,000DB70B,0,1,1,4294967295,0,0
oInvCollPH,1248,16,00248328,0,1,1,4294967295,0,0
oInvCollPH,1264,16,00077519,0,1,1,4294967295,0,0
oInvCollPH,1280,16,001CE532,0,1,1,4294967295,0,0
oInvCollPH,1296,16,003C1345,0,1,1,4294967295,0,0
oInvCollPH,1312,16,002C46C4,0,1,1,4294967295,0,0
oInvCollPH,1328,16,003270EB,0,1,1,4294967295,0,0
oInvCollPH,1344,16,0016A75F,0,1,1,4294967295,0,0
oInvCollPH,1360,16,002B56EB,0,1,1,4294967295,0,0
oInvCollPH,1376,16,000A52BF,0,1,1,4294967295,0,0
oInvCollPH,1392,16,00226431,0,1,1,4294967295,0,0
oInvCollPH,1408,16,00099E4E,0,1,1,4294967295,0,0
oInvCollPH,1424,16,001563D5,0,1,1,4294967295,0,0
oInvCollPH,1440,16,0002671E,0,1,1,4294967295,0,0
oInvCollPH,1456,16,0039EDEC,0,1,1,4294967295,0,0
oInvCollPH,1472,16,000F24DD,0,1,1,4294967295,0,0
oInvCollPH,1488,16,00351C23,0,1,1,4294967295,0,0
oInvCollPH,1504,16,0000F0D5,0,1,1,4294967295,0,0
oInvCollPH,1520,16,00260FBA,0,1,1,4294967295,0,0
oInvCollPH,1536,16,000D0ADE,0,1,1,4294967295,0,0
oInvCollPH,1552,16,0036EA9F,0,1,1,4294967295,0,0
oInvCollPH,1568,16,00103DE9,0,1,1,4294967295,0,0
oInvCollPH,1584,16,003E3B1F,0,1,1,4294967295,0,0
oInvCollPH,1600,16,00205866,0,1,1,4294967295,0,0
oInvCollPH,1616,16,003AB3DA,0,1,1,4294967295,0,0
oInvCollPH,1632,16,002781D6,0,1,1,4294967295,0,0
oInvCollPH,1648,16,0021313C,0,1,1,4294967295,0,0
oInvCollPH,1664,16,003CAF8B,0,1,1,4294967295,0,0
oInvCollPH,1680,16,0029C9E6,0,1,1,4294967295,0,0
oInvCollPH,1696,16,00087BF4,0,1,1,4294967295,0,0
oInvCollPH,1712,16,0007E577,0,1,1,4294967295,0,0
oInvCollPH,1728,16,00164B39,0,1,1,4294967295,0,0
oInvCollPH,1744,16,00387036,0,1,1,4294967295,0,0
oInvCollPH,1760,16,0009E6D4,0,1,1,4294967295,0,0
oInvCollPH,1776,16,002D36AA,0,1,1,4294967295,0,0
oInvCollPH,1792,16,0039258D,0,1,1,4294967295,0,0
oInvCollPH,1808,16,000E968F,0,1,1,4294967295,0,0
oInvCollPH,1824,16,0012AC63,0,1,1,4294967295,0,0
oInvCollPH,1840,16,0016D5F1,0,1,1,4294967295,0,0
oInvCollPH,1856,16,0033EA0C,0,1,1,4294967295,0,0
oInvCollPH,1872,16,001ADCBE,0,1,1,4294967295,0,0
oInvisibleSolid,0,0,00351968,0,1,1,4294967295,0,1
oInvisibleSolid,128,0,0009289F,0,1,1,4294967295,0,1
oInvisibleSolid,96,0,00340D81,0,1,1,4294967295,0,1
oInvisibleSolid,0,96,00170E30,0,1,1,4294967295,0,1
oInvisibleSolid,0,224,00164D63,0,1,1,4294967295,0,1
oInvisibleSolid,0,256,000D4D75,0,1,1,4294967295,0,1
oInvisibleSolid,288,192,0005F35F,0,1,1,4294967295,0,1
oInvisibleSolid,400,176,00082902,0,1,1,4294967295,0,1
oInvisibleSolid,192,304,003E5861,0,1,1,4294967295,0,1
oInvisibleSolid,528,160,003F9BD2,0,1,1,4294967295,0,1
oInvisibleSolid,624,176,00272F68,0,1,1,4294967295,0,1
oInvisibleSolid,736,192,00038D16,0,1,1,4294967295,0,1
oInvisibleSolid,848,208,003CA45C,0,1,1,4294967295,0,1
oInvisibleSolid,976,192,00267429,0,1,1,4294967295,0,1
oInvisibleSolid,1072,176,00311B5F,0,1,1,4294967295,0,1
oInvisibleSolid,1184,160,001A4186,0,1,1,4294967295,0,1
oInvisibleSolid,1296,176,00301F07,0,1,1,4294967295,0,1
oInvisibleSolid,1408,192,001ECC03,0,1,1,4294967295,0,1
oInvisibleSolid,1536,176,00272F58,0,1,1,4294967295,0,1
oInvisibleSolid,1632,160,00334DE4,0,1,1,4294967295,0,1
oInvisibleSolid,1888,32,003BFC9C,0,1,1,4294967295,0,1
oInvisibleSolid,1760,160,003EDC7A,0,1,1,4294967295,0,1
oInvisibleSolid,1792,144,00159318,0,1,1,4294967295,0,1
oInvisibleSolid,1856,128,001EF3AF,0,1,1,4294967295,0,1
