oExit,32,336,00217A19,0,1,1,4294967295,0,1
oExit,2064,176,0035F3FC,0,1,1,4294967295,0,1
oCVCandle,360,136,001178AB,0,1,1,4294967295,0,0
oCVCandle,488,136,00178CDC,0,1,1,4294967295,0,0
oCVCandle,264,224,001AEC87,0,1,1,4294967295,0,0
oCVCandle,88,224,001B0853,0,1,1,4294967295,0,0
oCVCandle,696,144,002552FD,0,1,1,4294967295,0,0
oCVCandle,840,232,002AD10B,0,1,1,4294967295,0,0
oCVCandle,888,232,0019C5B6,0,1,1,4294967295,0,0
oCVCandle,792,232,0011E768,0,1,1,4294967295,0,0
oCVCandle,936,232,0010B2E9,0,1,1,4294967295,0,0
oCVCandle,1016,216,001101ED,0,1,1,4294967295,0,0
oCVCandle,1032,216,002C761B,0,1,1,4294967295,0,0
oCVCandle,1240,216,00296F97,0,1,1,4294967295,0,0
oCVCandle,1256,216,0030A113,0,1,1,4294967295,0,0
oCVCandle,1440,184,0026B733,0,1,1,4294967295,0,0
oCVCandle,1536,184,0010E228,0,1,1,4294967295,0,0
oCVCandle,1688,120,003E8C97,0,1,1,4294967295,0,0
oCVCandle,1800,120,0004C88F,0,1,1,4294967295,0,0
oCVCandle,1800,176,0006EF37,0,1,1,4294967295,0,0
oCVCandle,1688,176,0003F4C8,0,1,1,4294967295,0,0
oCVCandle,1688,232,0031CA3C,0,1,1,4294967295,0,0
oCVCandle,1800,232,00184B0A,0,1,1,4294967295,0,0
oZeldaBreakPot,856,288,001A4B39,0,1,1,4294967295,0,0
oZeldaBreakPot,1480,288,000042BA,0,1,1,4294967295,0,0
oWeaponLevelUpgrade,1904,240,0010E9D3,0,1,1,4294967295,0,1
oBreakableW_Coded,1920,192,002AB678,0,1,1,4294967295,0,1
oBreakableW_Coded,1920,208,00389781,0,1,1,4294967295,0,1
oBreakableW_Coded,1920,224,0029CDC1,0,1,1,4294967295,0,1
oBreakableW_Coded,1920,240,001B5E26,0,1,1,4294967295,0,1
oBreakableW_Coded,1936,192,00236783,0,1,1,4294967295,0,1
oBreakableW_Coded,1936,224,0031024D,0,1,1,4294967295,0,1
oBreakableW_Coded,1936,208,002F6EC8,0,1,1,4294967295,0,1
oBreakableW_Coded,1936,240,001814A7,0,1,1,4294967295,0,1
oSpikePlatformA,424,64,001E3AAF,0,1,1,4294967295,0,1
oSpikePlatformA,1072,96,00159F04,0,1,1,4294967295,0,1
oSpikePlatformA,1184,96,003FD217,0,1,1,4294967295,0,1
oSpikePlatformA,1632,64,0005D11A,0,1,1,4294967295,0,1
oSpikePlatformA,1744,64,003542D3,0,1,1,4294967295,0,1
oSpikePlatformA,1856,64,003922B3,0,1,1,4294967295,0,1
oBallChainControl,1128,72,00394A28,0,1,1,4294967295,0,1
oBallChainControl,792,40,003AF811,0,1,1,4294967295,0,1
oCV_PeepingEye,864,192,003ABDFA,0,1,1,4294967295,0,0
oCV_PhantomSkull,1856,224,001D0196,0,1,1,4294967295,0,0
oCV_PhantomSkull,640,128,0012CFC7,0,1,1,4294967295,0,0
oCV_Ghost,1488,192,001AD50F,0,1,1,4294967295,0,0
oPlayer1,128,320,00272321,0,1,1,4294967295,0,0
oInvCollPH,16,96,002331DE,0,1,1,4294967295,0,0
oInvCollPH,16,112,00078D9A,0,1,1,4294967295,0,0
oInvCollPH,16,128,001CA464,0,1,1,4294967295,0,0
oInvCollPH,16,144,000CF7A2,0,1,1,4294967295,0,0
oInvCollPH,16,160,001BFDD4,0,1,1,4294967295,0,0
oInvCollPH,16,176,001F860A,0,1,1,4294967295,0,0
oInvCollPH,16,192,00239151,0,1,1,4294967295,0,0
oInvCollPH,16,208,003622EC,0,1,1,4294967295,0,0
oInvCollPH,16,224,0024FB86,0,1,1,4294967295,0,0
oInvCollPH,16,240,00015AB8,0,1,1,4294967295,0,0
oInvCollPH,16,336,00053301,0,1,1,4294967295,0,0
oInvCollPH,16,320,001C4B7C,0,1,1,4294967295,0,0
oInvCollPH,16,304,0013F581,0,1,1,4294967295,0,0
oInvCollPH,16,288,00094EA4,0,1,1,4294967295,0,0
oInvCollPH,16,272,00232EE1,0,1,1,4294967295,0,0
oInvCollPH,16,256,000373CF,0,1,1,4294967295,0,0
oInvCollPH,192,272,003FE9F7,0,1,1,4294967295,0,0
oInvCollPH,208,272,002CA3BE,0,1,1,4294967295,0,0
oInvCollPH,224,272,000CB8BB,0,1,1,4294967295,0,0
oInvCollPH,240,272,00040B18,0,1,1,4294967295,0,0
oInvCollPH,256,272,00030FC4,0,1,1,4294967295,0,0
oInvCollPH,272,272,0008160C,0,1,1,4294967295,0,0
oInvCollPH,288,272,00349232,0,1,1,4294967295,0,0
oInvCollPH,304,272,002B8499,0,1,1,4294967295,0,0
oInvCollPH,320,272,002BCE68,0,1,1,4294967295,0,0
oInvCollPH,320,288,00045CE2,0,1,1,4294967295,0,0
oInvCollPH,320,304,000B13C8,0,1,1,4294967295,0,0
oInvCollPH,320,320,0024B8EE,0,1,1,4294967295,0,0
oInvCollPH,320,336,00114B72,0,1,1,4294967295,0,0
oInvCollPH,32,80,0007C0EC,0,1,1,4294967295,0,0
oInvCollPH,48,80,002BD1C5,0,1,1,4294967295,0,0
oInvCollPH,64,80,002D0A70,0,1,1,4294967295,0,0
oInvCollPH,80,80,0026A8B7,0,1,1,4294967295,0,0
oInvCollPH,96,80,00049618,0,1,1,4294967295,0,0
oInvCollPH,112,80,000C4D8D,0,1,1,4294967295,0,0
oInvCollPH,128,80,0025BE0B,0,1,1,4294967295,0,0
oInvCollPH,144,80,0020E28E,0,1,1,4294967295,0,0
oInvCollPH,304,64,003D3259,0,1,1,4294967295,0,0
oInvCollPH,304,80,003CCFEF,0,1,1,4294967295,0,0
oInvCollPH,288,80,002853B3,0,1,1,4294967295,0,0
oInvCollPH,272,80,0026A1A2,0,1,1,4294967295,0,0
oInvCollPH,256,80,00272B1E,0,1,1,4294967295,0,0
oInvCollPH,240,80,000829D2,0,1,1,4294967295,0,0
oInvCollPH,224,80,000E02FB,0,1,1,4294967295,0,0
oInvCollPH,208,80,00036586,0,1,1,4294967295,0,0
oInvCollPH,192,80,002D966F,0,1,1,4294967295,0,0
oInvCollPH,176,80,00242B01,0,1,1,4294967295,0,0
oInvCollPH,160,80,002FE462,0,1,1,4294967295,0,0
oInvCollPH,992,80,00314C18,0,1,1,4294967295,0,0
oInvCollPH,1008,80,00165BEC,0,1,1,4294967295,0,0
oInvCollPH,1024,80,001E49D6,0,1,1,4294967295,0,0
oInvCollPH,1040,80,002F38B1,0,1,1,4294967295,0,0
oInvCollPH,1056,80,00134670,0,1,1,4294967295,0,0
oInvCollPH,1072,80,002C6C64,0,1,1,4294967295,0,0
oInvCollPH,1088,80,001627BF,0,1,1,4294967295,0,0
oInvCollPH,1104,80,002DB845,0,1,1,4294967295,0,0
oInvCollPH,1120,80,001637CC,0,1,1,4294967295,0,0
oInvCollPH,1136,80,00142EBA,0,1,1,4294967295,0,0
oInvCollPH,1264,64,00157CC9,0,1,1,4294967295,0,0
oInvCollPH,1264,80,00241912,0,1,1,4294967295,0,0
oInvCollPH,1248,80,002F96CB,0,1,1,4294967295,0,0
oInvCollPH,1232,80,000A6E98,0,1,1,4294967295,0,0
oInvCollPH,1216,80,002FF228,0,1,1,4294967295,0,0
oInvCollPH,1200,80,001CE339,0,1,1,4294967295,0,0
oInvCollPH,1184,80,000E832A,0,1,1,4294967295,0,0
oInvCollPH,1168,80,0013CED3,0,1,1,4294967295,0,0
oInvCollPH,1152,80,00207B33,0,1,1,4294967295,0,0
oInvCollPH,512,192,0025431D,0,1,1,4294967295,0,0
oInvCollPH,512,208,001D53FF,0,1,1,4294967295,0,0
oInvCollPH,512,224,003B3A12,0,1,1,4294967295,0,0
oInvCollPH,512,240,002D2A76,0,1,1,4294967295,0,0
oInvCollPH,512,256,00170022,0,1,1,4294967295,0,0
oInvCollPH,512,272,003F2F2D,0,1,1,4294967295,0,0
oInvCollPH,512,288,00084456,0,1,1,4294967295,0,0
oInvCollPH,512,304,0024F8B9,0,1,1,4294967295,0,0
oInvCollPH,512,320,002FA841,0,1,1,4294967295,0,0
oInvCollPH,528,176,000CDC35,0,1,1,4294967295,0,0
oInvCollPH,544,176,002BD401,0,1,1,4294967295,0,0
oInvCollPH,560,176,00229547,0,1,1,4294967295,0,0
oInvCollPH,576,176,00356EA6,0,1,1,4294967295,0,0
oInvCollPH,592,176,001F53E0,0,1,1,4294967295,0,0
oInvCollPH,512,336,00271E98,0,1,1,4294967295,0,0
oInvCollPH,736,304,0007D917,0,1,1,4294967295,0,0
oInvCollPH,752,304,00402EE0,0,1,1,4294967295,0,0
oInvCollPH,768,304,00022510,0,1,1,4294967295,0,0
oInvCollPH,784,304,00110D63,0,1,1,4294967295,0,0
oInvCollPH,800,304,003BB198,0,1,1,4294967295,0,0
oInvCollPH,816,304,000617E0,0,1,1,4294967295,0,0
oInvCollPH,832,304,0004BAA6,0,1,1,4294967295,0,0
oInvCollPH,848,304,001DF246,0,1,1,4294967295,0,0
oInvCollPH,864,304,003DB148,0,1,1,4294967295,0,0
oInvCollPH,976,336,0022DBDB,0,1,1,4294967295,0,0
oInvCollPH,976,320,0021F1C7,0,1,1,4294967295,0,0
oInvCollPH,976,304,00270C64,0,1,1,4294967295,0,0
oInvCollPH,960,304,003C0B74,0,1,1,4294967295,0,0
oInvCollPH,944,304,00168702,0,1,1,4294967295,0,0
oInvCollPH,928,304,00118C50,0,1,1,4294967295,0,0
oInvCollPH,912,304,003E079E,0,1,1,4294967295,0,0
oInvCollPH,896,304,001CC7FC,0,1,1,4294967295,0,0
oInvCollPH,880,304,0016E98C,0,1,1,4294967295,0,0
oInvCollPH,1424,304,002212D7,0,1,1,4294967295,0,0
oInvCollPH,1440,304,00250FFA,0,1,1,4294967295,0,0
oInvCollPH,1456,304,0005B1EF,0,1,1,4294967295,0,0
oInvCollPH,1472,304,000F2CBE,0,1,1,4294967295,0,0
oInvCollPH,1488,304,0006FE90,0,1,1,4294967295,0,0
oInvCollPH,1504,304,00192E55,0,1,1,4294967295,0,0
oInvCollPH,1520,304,00379586,0,1,1,4294967295,0,0
oInvCollPH,1536,304,00054712,0,1,1,4294967295,0,0
oInvCollPH,1552,304,001F3470,0,1,1,4294967295,0,0
oInvCollPH,1552,320,0026D42A,0,1,1,4294967295,0,0
oInvCollPH,1552,336,0023B193,0,1,1,4294967295,0,0
oInvCollPH,1392,240,00265D03,0,1,1,4294967295,0,0
oInvCollPH,1392,256,003D487E,0,1,1,4294967295,0,0
oInvCollPH,1392,272,0015E04C,0,1,1,4294967295,0,0
oInvCollPH,1392,288,00363DE0,0,1,1,4294967295,0,0
oInvCollPH,1296,176,000C946D,0,1,1,4294967295,0,0
oInvCollPH,1312,176,00152722,0,1,1,4294967295,0,0
oInvCollPH,1328,176,00083AC6,0,1,1,4294967295,0,0
oInvCollPH,1344,176,00160E1E,0,1,1,4294967295,0,0
oInvCollPH,1360,176,00249642,0,1,1,4294967295,0,0
oInvCollPH,1360,192,003CF298,0,1,1,4294967295,0,0
oInvCollPH,1360,208,00344244,0,1,1,4294967295,0,0
oInvCollPH,1360,224,0037FAD5,0,1,1,4294967295,0,0
oInvCollPH,1280,192,00201642,0,1,1,4294967295,0,0
oInvCollPH,1280,208,003C27DA,0,1,1,4294967295,0,0
oInvCollPH,1280,224,003694CE,0,1,1,4294967295,0,0
oInvCollPH,1280,240,0025AC52,0,1,1,4294967295,0,0
oInvCollPH,1280,256,003ED4EA,0,1,1,4294967295,0,0
oInvCollPH,1280,272,003F6398,0,1,1,4294967295,0,0
oInvCollPH,1280,288,00087D92,0,1,1,4294967295,0,0
oInvCollPH,1280,304,00364D20,0,1,1,4294967295,0,0
oInvCollPH,1280,320,003B4F67,0,1,1,4294967295,0,0
oInvCollPH,1280,336,0008A228,0,1,1,4294967295,0,0
oInvCollPH,2048,80,0033593C,0,1,1,4294967295,0,0
oInvCollPH,2048,96,0038E409,0,1,1,4294967295,0,0
oInvCollPH,2048,112,0002BFCC,0,1,1,4294967295,0,0
oInvCollPH,2048,128,0010811C,0,1,1,4294967295,0,0
oInvCollPH,2064,128,002ABA7D,0,1,1,4294967295,0,0
oInvCollPH,1936,144,002D0910,0,1,1,4294967295,0,0
oInvCollPH,1920,160,00292176,0,1,1,4294967295,0,0
oInvCollPH,1920,176,00122F55,0,1,1,4294967295,0,0
oInvCollPH,1936,176,000E2A9A,0,1,1,4294967295,0,0
oInvCollPH,1952,208,002DC4E3,0,1,1,4294967295,0,0
oInvCollPH,1952,224,0019FF77,0,1,1,4294967295,0,0
oInvCollPH,1952,240,0016B614,0,1,1,4294967295,0,0
oInvCollPH,1936,256,00172196,0,1,1,4294967295,0,0
oInvCollPH,1920,272,00062006,0,1,1,4294967295,0,0
oInvCollPH,1920,288,001FDAD9,0,1,1,4294967295,0,0
oInvCollPH,1920,304,001A42D7,0,1,1,4294967295,0,0
oInvCollPH,1920,320,0010D950,0,1,1,4294967295,0,0
oInvCollPH,1920,336,00385F68,0,1,1,4294967295,0,0
oInvCollPH,2016,208,001D30F6,0,1,1,4294967295,0,0
oInvCollPH,2032,208,003C9C5B,0,1,1,4294967295,0,0
oInvCollPH,2048,208,00064A91,0,1,1,4294967295,0,0
oInvCollPH,2064,208,0009FDBC,0,1,1,4294967295,0,0
oInvCollPH,320,48,002FF4C7,0,1,1,4294967295,0,0
oInvCollPH,336,48,003A5B54,0,1,1,4294967295,0,0
oInvCollPH,352,48,001F10DE,0,1,1,4294967295,0,0
oInvCollPH,368,48,0003AC3B,0,1,1,4294967295,0,0
oInvCollPH,384,48,003F2249,0,1,1,4294967295,0,0
oInvCollPH,400,48,0040350E,0,1,1,4294967295,0,0
oInvCollPH,416,48,0036D0D9,0,1,1,4294967295,0,0
oInvCollPH,432,48,001283A8,0,1,1,4294967295,0,0
oInvCollPH,448,48,00072F5C,0,1,1,4294967295,0,0
oInvCollPH,464,48,00341E7C,0,1,1,4294967295,0,0
oInvCollPH,480,48,000B165D,0,1,1,4294967295,0,0
oInvCollPH,496,48,0018FCFB,0,1,1,4294967295,0,0
oInvCollPH,512,48,0008C906,0,1,1,4294967295,0,0
oInvCollPH,528,48,0026493C,0,1,1,4294967295,0,0
oInvCollPH,544,48,002ADAAB,0,1,1,4294967295,0,0
oInvCollPH,560,48,00036F3E,0,1,1,4294967295,0,0
oInvCollPH,576,48,00092A8D,0,1,1,4294967295,0,0
oInvCollPH,592,48,0027039D,0,1,1,4294967295,0,0
oInvCollPH,608,48,001EC13E,0,1,1,4294967295,0,0
oInvCollPH,624,48,0007CDA3,0,1,1,4294967295,0,0
oInvCollPH,640,48,002CAB9D,0,1,1,4294967295,0,0
oInvCollPH,656,48,00111BD3,0,1,1,4294967295,0,0
oInvCollPH,672,48,001C17F5,0,1,1,4294967295,0,0
oInvCollPH,688,48,00067D01,0,1,1,4294967295,0,0
oInvCollPH,704,48,00399047,0,1,1,4294967295,0,0
oInvCollPH,720,48,0028C026,0,1,1,4294967295,0,0
oInvCollPH,736,48,0016B87E,0,1,1,4294967295,0,0
oInvCollPH,752,48,00158612,0,1,1,4294967295,0,0
oInvCollPH,768,48,00299E5A,0,1,1,4294967295,0,0
oInvCollPH,784,48,003B43E2,0,1,1,4294967295,0,0
oInvCollPH,800,48,00212E92,0,1,1,4294967295,0,0
oInvCollPH,816,48,000AB901,0,1,1,4294967295,0,0
oInvCollPH,832,48,003B73BF,0,1,1,4294967295,0,0
oInvCollPH,848,48,0001DC73,0,1,1,4294967295,0,0
oInvCollPH,864,48,0013DFE2,0,1,1,4294967295,0,0
oInvCollPH,880,48,002E2B79,0,1,1,4294967295,0,0
oInvCollPH,896,48,000611C2,0,1,1,4294967295,0,0
oInvCollPH,912,48,00159070,0,1,1,4294967295,0,0
oInvCollPH,928,48,0007F022,0,1,1,4294967295,0,0
oInvCollPH,944,48,0008AAE2,0,1,1,4294967295,0,0
oInvCollPH,960,48,00259E38,0,1,1,4294967295,0,0
oInvCollPH,976,48,000F8FAF,0,1,1,4294967295,0,0
oInvCollPH,1280,48,003F5159,0,1,1,4294967295,0,0
oInvCollPH,1296,48,001A7CB1,0,1,1,4294967295,0,0
oInvCollPH,1312,48,001D39E3,0,1,1,4294967295,0,0
oInvCollPH,1328,48,000BE183,0,1,1,4294967295,0,0
oInvCollPH,1344,48,0024A138,0,1,1,4294967295,0,0
oInvCollPH,1360,48,000A3EAD,0,1,1,4294967295,0,0
oInvCollPH,1376,48,00298BBA,0,1,1,4294967295,0,0
oInvCollPH,1392,48,00073EE1,0,1,1,4294967295,0,0
oInvCollPH,1408,48,00220137,0,1,1,4294967295,0,0
oInvCollPH,1424,48,003AA26E,0,1,1,4294967295,0,0
oInvCollPH,1440,48,003F74F8,0,1,1,4294967295,0,0
oInvCollPH,1456,48,002A858D,0,1,1,4294967295,0,0
oInvCollPH,1472,48,0012F591,0,1,1,4294967295,0,0
oInvCollPH,1488,48,0036B21C,0,1,1,4294967295,0,0
oInvCollPH,1504,48,000E3683,0,1,1,4294967295,0,0
oInvCollPH,1520,48,0020A96C,0,1,1,4294967295,0,0
oInvCollPH,1536,48,0032DA33,0,1,1,4294967295,0,0
oInvCollPH,1552,48,00025EC2,0,1,1,4294967295,0,0
oInvCollPH,1568,48,00282EDC,0,1,1,4294967295,0,0
oInvCollPH,1584,48,00292598,0,1,1,4294967295,0,0
oInvCollPH,1600,48,002E136B,0,1,1,4294967295,0,0
oInvCollPH,1616,48,0021AF55,0,1,1,4294967295,0,0
oInvCollPH,1632,48,00005F56,0,1,1,4294967295,0,0
oInvCollPH,1648,48,0021B8BE,0,1,1,4294967295,0,0
oInvCollPH,1664,48,00152802,0,1,1,4294967295,0,0
oInvCollPH,1680,48,003D7462,0,1,1,4294967295,0,0
oInvCollPH,1696,48,0007DAF0,0,1,1,4294967295,0,0
oInvCollPH,1712,48,001A692C,0,1,1,4294967295,0,0
oInvCollPH,1728,48,003974E1,0,1,1,4294967295,0,0
oInvCollPH,1744,48,0020A99E,0,1,1,4294967295,0,0
oInvCollPH,1760,48,003585B4,0,1,1,4294967295,0,0
oInvCollPH,1776,48,00102674,0,1,1,4294967295,0,0
oInvCollPH,1792,48,000E9872,0,1,1,4294967295,0,0
oInvCollPH,1808,48,001230FE,0,1,1,4294967295,0,0
oInvCollPH,1824,48,0020E5A1,0,1,1,4294967295,0,0
oInvCollPH,1840,48,003EA3BC,0,1,1,4294967295,0,0
oInvCollPH,1856,48,004040F9,0,1,1,4294967295,0,0
oInvCollPH,1872,48,002171A6,0,1,1,4294967295,0,0
oInvCollPH,1888,48,00226727,0,1,1,4294967295,0,0
oInvCollPH,1904,48,00062C04,0,1,1,4294967295,0,0
oInvCollPH,1920,48,002EA9E2,0,1,1,4294967295,0,0
oInvCollPH,1936,48,000EB48F,0,1,1,4294967295,0,0
oInvCollPH,1952,48,003874A4,0,1,1,4294967295,0,0
oInvCollPH,1968,48,0039D364,0,1,1,4294967295,0,0
oInvCollPH,1984,48,002730E0,0,1,1,4294967295,0,0
oInvCollPH,2000,48,00067C73,0,1,1,4294967295,0,0
oInvCollPH,2016,48,00081A1C,0,1,1,4294967295,0,0
oInvCollPH,2032,48,002B5AC7,0,1,1,4294967295,0,0
oInvCollPH,1952,192,002AE35B,0,1,1,4294967295,0,0
oInvisibleRupSlope,96,336,0034A361,0,1,1,4294967295,0,0
oInvisibleRupSlope,112,320,001C5C5C,0,1,1,4294967295,0,0
oInvisibleRupSlope,128,304,0033866B,0,1,1,4294967295,0,0
oInvisibleRupSlope,144,288,00072EC4,0,1,1,4294967295,0,0
oInvisibleRupSlope,160,272,0012724D,0,1,1,4294967295,0,0
oInvisibleSolid,176,272,0010C53F,0,1,1,4294967295,0,1
oInvisibleSolid,0,0,00301DFA,0,1,1,4294967295,0,1
oInvisibleSolid,0,96,000B1A1B,0,1,1,4294967295,0,1
oInvisibleSolid,112,336,003D2BAB,0,1,1,4294967295,0,0
oInvisibleSolid,128,320,0001F7A1,0,1,1,4294967295,0,1
oInvisibleSolid,144,304,0004470B,0,1,1,4294967295,0,1
oInvisibleSolid,160,288,00130E2F,0,1,1,4294967295,0,1
oInvisibleSolid,512,176,000B0AE8,0,1,1,4294967295,0,1
oInvisibleSolid,320,0,00338E31,0,1,1,4294967295,0,1
oInvisibleLupSlope,608,176,002612C5,0,1,1,4294967295,0,0
oInvisibleLupSlope,624,192,0036545E,0,1,1,4294967295,0,0
oInvisibleLupSlope,640,208,0019C8EC,0,1,1,4294967295,0,0
oInvisibleLupSlope,656,224,0033C31B,0,1,1,4294967295,0,0
oInvisibleLupSlope,672,240,0002362E,0,1,1,4294967295,0,0
oInvisibleLupSlope,688,256,003A1580,0,1,1,4294967295,0,0
oInvisibleLupSlope,704,272,002185E4,0,1,1,4294967295,0,0
oInvisibleLupSlope,720,288,001FB478,0,1,1,4294967295,0,0
oInvisibleSolid,720,304,0028417D,0,1,1,4294967295,0,1
oInvisibleSolid,608,192,000EDCDF,0,1,1,4294967295,0,1
oInvisibleSolid,624,208,0002C958,0,1,1,4294967295,0,1
oInvisibleSolid,640,224,002F017D,0,1,1,4294967295,0,1
oInvisibleSolid,656,240,0000ADA0,0,1,1,4294967295,0,1
oInvisibleSolid,672,256,0017EEC8,0,1,1,4294967295,0,1
oInvisibleSolid,688,272,0005EBEB,0,1,1,4294967295,0,1
oInvisibleSolid,704,288,003AF2BE,0,1,1,4294967295,0,1
oInvisibleSolid,992,64,0031F2F9,0,1,1,4294967295,0,1
oInvisibleSolid,1280,176,00021412,0,1,1,4294967295,0,1
oInvisibleSolid,1376,240,002ECA2E,0,1,1,4294967295,0,1
oInvisibleSolid,1408,304,0031391D,0,1,1,4294967295,0,1
oInvisibleSolid,2048,64,0014EDAC,0,1,1,4294967295,0,1
oInvisibleLupSlope,1952,144,000527C1,0,1,1,4294967295,0,0
oInvisibleLupSlope,1968,160,00196029,0,1,1,4294967295,0,0
oInvisibleLupSlope,1984,176,002FDBF6,0,1,1,4294967295,0,0
oInvisibleLupSlope,2000,192,003EBD64,0,1,1,4294967295,0,0
oInvisibleSolid,1920,144,003287F9,0,1,1,4294967295,0,1
oInvisibleSolid,1952,160,00232801,0,1,1,4294967295,0,1
oInvisibleSolid,1968,176,00191F91,0,1,1,4294967295,0,1
oInvisibleSolid,1984,192,001FF95C,0,1,1,4294967295,0,1
oInvisibleSolid,2000,208,0009E57A,0,1,1,4294967295,0,1
oInvisibleSolid,1920,256,00301DA7,0,1,1,4294967295,0,1
