oExit,40,208,003F8A43,0,1,1,4294967295,0,1
oAccessGate,384,96,000A7FA2,0,1,1,4294967295,0,1
oAccessGate,256,144,00163923,0,1,1,4294967295,0,1
oPlayer1,80,240,0029013B,0,1,1,4294967295,0,0
oInvCollPH,16,80,001CA02E,0,1,1,4294967295,0,0
oInvCollPH,32,80,002C86C8,0,1,1,4294967295,0,0
oInvCollPH,48,80,0027D761,0,1,1,4294967295,0,0
oInvCollPH,64,80,0009BA5B,0,1,1,4294967295,0,0
oInvCollPH,80,80,0030F61C,0,1,1,4294967295,0,0
oInvCollPH,96,80,000C4F49,0,1,1,4294967295,0,0
oInvCollPH,112,80,002391A6,0,1,1,4294967295,0,0
oInvCollPH,128,80,001293B0,0,1,1,4294967295,0,0
oInvCollPH,144,80,000A6DF5,0,1,1,4294967295,0,0
oInvCollPH,160,80,002473B9,0,1,1,4294967295,0,0
oInvCollPH,176,80,0016ABF1,0,1,1,4294967295,0,0
oInvCollPH,176,96,000BA4E2,0,1,1,4294967295,0,0
oInvCollPH,160,96,0022B96A,0,1,1,4294967295,0,0
oInvCollPH,144,96,000FC122,0,1,1,4294967295,0,0
oInvCollPH,128,96,002CA84A,0,1,1,4294967295,0,0
oInvCollPH,112,96,002D5061,0,1,1,4294967295,0,0
oInvCollPH,96,96,001FE1F3,0,1,1,4294967295,0,0
oInvCollPH,80,96,000343A5,0,1,1,4294967295,0,0
oInvCollPH,64,96,0024AF34,0,1,1,4294967295,0,0
oInvCollPH,48,96,003950D8,0,1,1,4294967295,0,0
oInvCollPH,32,96,0013F850,0,1,1,4294967295,0,0
oInvCollPH,16,96,00310E20,0,1,1,4294967295,0,0
oInvCollPH,0,96,001FC8A9,0,1,1,4294967295,0,0
oInvCollPH,192,224,0009F7F2,0,1,1,4294967295,0,0
oInvCollPH,208,208,0001A5E4,0,1,1,4294967295,0,0
oInvCollPH,224,208,000CF052,0,1,1,4294967295,0,0
oInvCollPH,240,208,0017E65A,0,1,1,4294967295,0,0
oInvCollPH,256,208,003512FE,0,1,1,4294967295,0,0
oInvCollPH,272,208,0003434C,0,1,1,4294967295,0,0
oInvCollPH,288,208,003D37DB,0,1,1,4294967295,0,0
oInvCollPH,304,208,002523EE,0,1,1,4294967295,0,0
oInvCollPH,320,208,002E959B,0,1,1,4294967295,0,0
oInvCollPH,336,208,003E859F,0,1,1,4294967295,0,0
oInvCollPH,352,208,000676E9,0,1,1,4294967295,0,0
oInvCollPH,368,208,00028083,0,1,1,4294967295,0,0
oInvCollPH,16,240,00310971,0,1,1,4294967295,0,0
oInvCollPH,32,240,001F2D66,0,1,1,4294967295,0,0
oInvCollPH,48,240,00246822,0,1,1,4294967295,0,0
oInvCollPH,64,240,00179A0A,0,1,1,4294967295,0,0
oInvCollPH,80,240,00334436,0,1,1,4294967295,0,0
oInvCollPH,96,240,00276776,0,1,1,4294967295,0,0
oInvCollPH,112,240,003ADB0B,0,1,1,4294967295,0,0
oInvCollPH,128,240,001604C1,0,1,1,4294967295,0,0
oInvCollPH,144,240,000F01BB,0,1,1,4294967295,0,0
oInvCollPH,160,240,0029FDE1,0,1,1,4294967295,0,0
oInvCollPH,176,240,00300D51,0,1,1,4294967295,0,0
oInvCollPH,448,16,0012B80E,0,1,1,4294967295,0,0
oInvCollPH,448,32,000677E7,0,1,1,4294967295,0,0
oInvCollPH,448,48,0020417C,0,1,1,4294967295,0,0
oInvCollPH,448,64,00016182,0,1,1,4294967295,0,0
oInvCollPH,448,80,0026355B,0,1,1,4294967295,0,0
oInvCollPH,448,96,0012BAE7,0,1,1,4294967295,0,0
oInvCollPH,448,112,003BDC68,0,1,1,4294967295,0,0
oInvCollPH,448,128,001409AF,0,1,1,4294967295,0,0
oInvCollPH,448,144,0020CE0E,0,1,1,4294967295,0,0
oInvCollPH,384,176,000C02C1,0,1,1,4294967295,0,0
oInvCollPH,384,192,0018A261,0,1,1,4294967295,0,0
oInvCollPH,400,160,002AF11C,0,1,1,4294967295,0,0
oInvCollPH,416,160,00019764,0,1,1,4294967295,0,0
oInvCollPH,432,160,00343E04,0,1,1,4294967295,0,0
oInvisibleSolid,0,80,002EEB92,0,1,1,4294967295,0,1
oInvisibleSolid,0,288,000EBD23,0,1,1,4294967295,0,1
oInvisibleSolid,0,240,002B706F,0,1,1,4294967295,0,1
oInvisibleSolid,192,208,0034D77A,0,1,1,4294967295,0,1
oInvisibleSolid,320,240,000CCA16,0,1,1,4294967295,0,1
oInvisibleSolid,384,160,003CA244,0,1,1,4294967295,0,1
oInvisibleSolid,448,0,00180BC4,0,1,1,4294967295,0,1
