tileNeoGrimeB,64,992,112,32,64,32,0,1,1,4294967295
tileNeoGrimeB,128,992,112,32,64,32,0,1,1,4294967295
tileNeoGrimeB,192,992,112,32,64,32,0,1,1,4294967295
tileNeoGrimeB,0,960,128,64,64,32,0,1,1,4294967295
tileNeoGrimeB,0,928,128,64,64,32,0,1,1,4294967295
tileNeoGrimeB,384,928,96,64,64,32,0,1,1,4294967295
tileNeoGrimeB,384,960,96,64,64,32,0,1,1,4294967295
tileNeoGrimeB,256,992,112,32,64,32,0,1,1,4294967295
tileNeoGrimeB,0,992,112,64,64,32,0,1,1,4294967295
tileNeoGrimeB,320,992,112,32,64,32,0,1,1,4294967295
tileNeoGrimeB,448,928,112,64,32,32,0,1,1,4294967295
tileNeoGrimeB,448,960,112,64,32,32,0,1,1,4294967295
tileNeoGrimeB,448,992,112,64,32,32,0,1,1,4294967295
tileNeoGrimeB,384,992,112,64,64,32,0,1,1,4294967295
tileNeoGrimeB,0,896,128,64,64,32,0,1,1,4294967295
tileNeoGrimeB,64,832,112,64,64,64,0,1,1,4294967295
tileNeoGrimeB,128,832,112,64,64,64,0,1,1,4294967295
tileNeoGrimeB,192,896,96,96,64,32,0,1,1,4294967295
tileNeoGrimeB,256,864,128,64,64,64,0,1,1,4294967295
tileNeoGrimeB,384,896,96,64,64,32,0,1,1,4294967295
tileNeoGrimeB,384,864,96,64,64,32,0,1,1,4294967295
tileNeoGrimeB,384,832,96,64,64,32,0,1,1,4294967295
tileNeoGrimeB,384,800,96,64,64,32,0,1,1,4294967295
tileNeoGrimeB,256,832,128,64,64,32,0,1,1,4294967295
tileNeoGrimeB,256,800,128,64,64,32,0,1,1,4294967295
tileNeoGrimeB,256,768,128,64,64,32,0,1,1,4294967295
tileNeoGrimeB,256,736,128,64,64,32,0,1,1,4294967295
tileNeoGrimeB,256,704,128,64,64,32,0,1,1,4294967295
tileNeoGrimeB,256,672,128,64,64,32,0,1,1,4294967295
tileNeoGrimeB,256,480,128,64,64,32,0,1,1,4294967295
tileNeoGrimeB,256,512,128,64,64,32,0,1,1,4294967295
tileNeoGrimeB,256,544,128,64,64,32,0,1,1,4294967295
tileNeoGrimeB,256,576,128,64,64,32,0,1,1,4294967295
tileNeoGrimeB,256,608,128,64,64,32,0,1,1,4294967295
tileNeoGrimeB,256,640,128,64,64,32,0,1,1,4294967295
tileNeoGrimeB,256,288,128,64,64,32,0,1,1,4294967295
tileNeoGrimeB,256,320,128,64,64,32,0,1,1,4294967295
tileNeoGrimeB,256,352,128,64,64,32,0,1,1,4294967295
tileNeoGrimeB,256,384,128,64,64,32,0,1,1,4294967295
tileNeoGrimeB,256,416,128,64,64,32,0,1,1,4294967295
tileNeoGrimeB,256,448,128,64,64,32,0,1,1,4294967295
tileNeoGrimeB,256,256,128,64,64,32,0,1,1,4294967295
tileNeoGrimeB,256,224,128,64,64,32,0,1,1,4294967295
tileNeoGrimeB,384,224,96,64,64,32,0,1,1,4294967295
tileNeoGrimeB,384,256,96,64,64,32,0,1,1,4294967295
tileNeoGrimeB,384,288,96,64,64,32,0,1,1,4294967295
tileNeoGrimeB,384,320,96,64,64,32,0,1,1,4294967295
tileNeoGrimeB,384,352,96,64,64,32,0,1,1,4294967295
tileNeoGrimeB,384,384,96,64,64,32,0,1,1,4294967295
tileNeoGrimeB,384,416,96,64,64,32,0,1,1,4294967295
tileNeoGrimeB,384,448,96,64,64,32,0,1,1,4294967295
tileNeoGrimeB,384,480,96,64,64,32,0,1,1,4294967295
tileNeoGrimeB,384,512,96,64,64,32,0,1,1,4294967295
tileNeoGrimeB,384,544,96,64,64,32,0,1,1,4294967295
tileNeoGrimeB,384,576,96,64,64,32,0,1,1,4294967295
tileNeoGrimeB,384,608,96,64,64,32,0,1,1,4294967295
tileNeoGrimeB,384,640,96,64,64,32,0,1,1,4294967295
tileNeoGrimeB,384,672,96,64,64,32,0,1,1,4294967295
tileNeoGrimeB,384,704,96,64,64,32,0,1,1,4294967295
tileNeoGrimeB,384,736,96,64,64,32,0,1,1,4294967295
tileNeoGrimeB,384,768,96,64,64,32,0,1,1,4294967295
tileNeoGrimeB,448,224,112,64,32,32,0,1,1,4294967295
tileNeoGrimeB,448,256,112,64,32,32,0,1,1,4294967295
tileNeoGrimeB,448,288,112,64,32,32,0,1,1,4294967295
tileNeoGrimeB,448,320,112,64,32,32,0,1,1,4294967295
tileNeoGrimeB,448,352,112,64,32,32,0,1,1,4294967295
tileNeoGrimeB,448,384,112,64,32,32,0,1,1,4294967295
tileNeoGrimeB,448,416,112,64,32,32,0,1,1,4294967295
tileNeoGrimeB,448,448,112,64,32,32,0,1,1,4294967295
tileNeoGrimeB,448,480,112,64,32,32,0,1,1,4294967295
tileNeoGrimeB,448,512,112,64,32,32,0,1,1,4294967295
tileNeoGrimeB,448,544,112,64,32,32,0,1,1,4294967295
tileNeoGrimeB,448,576,112,64,32,32,0,1,1,4294967295
tileNeoGrimeB,448,608,112,64,32,32,0,1,1,4294967295
tileNeoGrimeB,448,640,112,64,32,32,0,1,1,4294967295
tileNeoGrimeB,448,672,112,64,32,32,0,1,1,4294967295
tileNeoGrimeB,448,704,112,64,32,32,0,1,1,4294967295
tileNeoGrimeB,448,736,112,64,32,32,0,1,1,4294967295
tileNeoGrimeB,448,768,112,64,32,32,0,1,1,4294967295
tileNeoGrimeB,448,800,112,64,32,32,0,1,1,4294967295
tileNeoGrimeB,448,832,112,64,32,32,0,1,1,4294967295
tileNeoGrimeB,448,864,112,64,32,32,0,1,1,4294967295
tileNeoGrimeB,448,896,112,64,32,32,0,1,1,4294967295
tileNeoGrimeB,192,832,112,64,64,32,0,1,1,4294967295
tileNeoGrimeB,192,864,112,64,64,32,0,1,1,4294967295
tileNeoGrimeB,0,832,112,64,64,32,0,1,1,4294967295
tileNeoGrimeB,0,864,112,64,64,32,0,1,1,4294967295
tileNeoGrimeB,0,800,112,64,64,32,0,1,1,4294967295
tileNeoGrimeB,64,800,112,64,64,32,0,1,1,4294967295
tileNeoGrimeB,128,800,112,64,64,32,0,1,1,4294967295
tileNeoGrimeB,192,800,112,64,64,32,0,1,1,4294967295
tileNeoGrimeB,0,768,112,64,64,32,0,1,1,4294967295
tileNeoGrimeB,64,768,112,64,64,32,0,1,1,4294967295
tileNeoGrimeB,128,768,112,64,64,32,0,1,1,4294967295
tileNeoGrimeB,192,768,112,64,64,32,0,1,1,4294967295
tileNeoGrimeB,192,512,112,64,64,32,0,1,1,4294967295
tileNeoGrimeB,192,544,112,64,64,32,0,1,1,4294967295
tileNeoGrimeB,192,576,112,64,64,32,0,1,1,4294967295
tileNeoGrimeB,192,608,112,64,64,32,0,1,1,4294967295
tileNeoGrimeB,192,640,112,64,64,32,0,1,1,4294967295
tileNeoGrimeB,192,672,112,64,64,32,0,1,1,4294967295
tileNeoGrimeB,192,704,112,64,64,32,0,1,1,4294967295
tileNeoGrimeB,192,736,112,64,64,32,0,1,1,4294967295
tileNeoGrimeB,128,512,112,64,64,32,0,1,1,4294967295
tileNeoGrimeB,128,544,112,64,64,32,0,1,1,4294967295
tileNeoGrimeB,128,576,112,64,64,32,0,1,1,4294967295
tileNeoGrimeB,128,608,112,64,64,32,0,1,1,4294967295
tileNeoGrimeB,128,640,112,64,64,32,0,1,1,4294967295
tileNeoGrimeB,128,672,112,64,64,32,0,1,1,4294967295
tileNeoGrimeB,128,704,112,64,64,32,0,1,1,4294967295
tileNeoGrimeB,128,736,112,64,64,32,0,1,1,4294967295
tileNeoGrimeB,64,512,112,64,64,32,0,1,1,4294967295
tileNeoGrimeB,64,544,112,64,64,32,0,1,1,4294967295
tileNeoGrimeB,64,576,112,64,64,32,0,1,1,4294967295
tileNeoGrimeB,64,608,112,64,64,32,0,1,1,4294967295
tileNeoGrimeB,64,640,112,64,64,32,0,1,1,4294967295
tileNeoGrimeB,64,672,112,64,64,32,0,1,1,4294967295
tileNeoGrimeB,64,704,112,64,64,32,0,1,1,4294967295
tileNeoGrimeB,64,736,112,64,64,32,0,1,1,4294967295
tileNeoGrimeB,0,512,112,64,64,32,0,1,1,4294967295
tileNeoGrimeB,0,544,112,64,64,32,0,1,1,4294967295
tileNeoGrimeB,0,576,112,64,64,32,0,1,1,4294967295
tileNeoGrimeB,0,608,112,64,64,32,0,1,1,4294967295
tileNeoGrimeB,0,640,112,64,64,32,0,1,1,4294967295
tileNeoGrimeB,0,672,112,64,64,32,0,1,1,4294967295
tileNeoGrimeB,0,704,112,64,64,32,0,1,1,4294967295
tileNeoGrimeB,0,736,112,64,64,32,0,1,1,4294967295
tileNeoGrimeB,192,224,112,64,64,32,0,1,1,4294967295
tileNeoGrimeB,192,256,112,64,64,32,0,1,1,4294967295
tileNeoGrimeB,192,288,112,64,64,32,0,1,1,4294967295
tileNeoGrimeB,192,320,112,64,64,32,0,1,1,4294967295
tileNeoGrimeB,192,352,112,64,64,32,0,1,1,4294967295
tileNeoGrimeB,192,384,112,64,64,32,0,1,1,4294967295
tileNeoGrimeB,192,416,112,64,64,32,0,1,1,4294967295
tileNeoGrimeB,192,448,112,64,64,32,0,1,1,4294967295
tileNeoGrimeB,192,480,112,64,64,32,0,1,1,4294967295
tileNeoGrimeB,128,224,112,64,64,32,0,1,1,4294967295
tileNeoGrimeB,128,256,112,64,64,32,0,1,1,4294967295
tileNeoGrimeB,128,288,112,64,64,32,0,1,1,4294967295
tileNeoGrimeB,128,320,112,64,64,32,0,1,1,4294967295
tileNeoGrimeB,128,352,112,64,64,32,0,1,1,4294967295
tileNeoGrimeB,128,384,112,64,64,32,0,1,1,4294967295
tileNeoGrimeB,128,416,112,64,64,32,0,1,1,4294967295
tileNeoGrimeB,128,448,112,64,64,32,0,1,1,4294967295
tileNeoGrimeB,128,480,112,64,64,32,0,1,1,4294967295
tileNeoGrimeB,64,224,112,64,64,32,0,1,1,4294967295
tileNeoGrimeB,64,256,112,64,64,32,0,1,1,4294967295
tileNeoGrimeB,64,288,112,64,64,32,0,1,1,4294967295
tileNeoGrimeB,64,320,112,64,64,32,0,1,1,4294967295
tileNeoGrimeB,64,352,112,64,64,32,0,1,1,4294967295
tileNeoGrimeB,64,384,112,64,64,32,0,1,1,4294967295
tileNeoGrimeB,64,416,112,64,64,32,0,1,1,4294967295
tileNeoGrimeB,64,448,112,64,64,32,0,1,1,4294967295
tileNeoGrimeB,64,480,112,64,64,32,0,1,1,4294967295
tileNeoGrimeB,0,224,112,64,64,32,0,1,1,4294967295
tileNeoGrimeB,0,256,112,64,64,32,0,1,1,4294967295
tileNeoGrimeB,0,288,112,64,64,32,0,1,1,4294967295
tileNeoGrimeB,0,320,112,64,64,32,0,1,1,4294967295
tileNeoGrimeB,0,352,112,64,64,32,0,1,1,4294967295
tileNeoGrimeB,0,384,112,64,64,32,0,1,1,4294967295
tileNeoGrimeB,0,416,112,64,64,32,0,1,1,4294967295
tileNeoGrimeB,0,448,112,64,64,32,0,1,1,4294967295
tileNeoGrimeB,0,480,112,64,64,32,0,1,1,4294967295
tileNeoGrimeB,256,128,128,32,64,64,0,1,1,4294967295
tileNeoGrimeB,256,192,128,64,64,32,0,1,1,4294967295
tileNeoGrimeB,384,192,96,64,64,32,0,1,1,4294967295
tileNeoGrimeB,384,160,96,64,64,32,0,1,1,4294967295
tileNeoGrimeB,384,128,96,64,64,32,0,1,1,4294967295
tileNeoGrimeB,384,96,96,64,64,32,0,1,1,4294967295
tileNeoGrimeB,384,64,96,64,64,32,0,1,1,4294967295
tileNeoGrimeB,256,0,112,64,64,64,0,1,1,4294967295
tileNeoGrimeB,320,0,112,64,64,64,0,1,1,4294967295
tileNeoGrimeB,192,128,112,32,64,64,0,1,1,4294967295
tileNeoGrimeB,128,128,112,32,64,64,0,1,1,4294967295
tileNeoGrimeB,64,128,112,32,64,64,0,1,1,4294967295
tileNeoGrimeB,0,96,128,64,64,32,0,1,1,4294967295
tileNeoGrimeB,0,64,128,64,64,32,0,1,1,4294967295
tileNeoGrimeB,0,32,128,64,64,32,0,1,1,4294967295
tileNeoGrimeB,64,0,112,96,64,32,0,1,1,4294967295
tileNeoGrimeB,128,0,112,96,64,32,0,1,1,4294967295
tileNeoGrimeB,224,32,144,96,32,32,0,1,1,4294967295
tileNeoGrimeB,192,32,96,96,32,32,0,1,1,4294967295
tileNeoGrimeB,0,0,112,64,64,32,0,1,1,4294967295
tileNeoGrimeB,0,128,112,64,64,32,0,1,1,4294967295
tileNeoGrimeB,0,160,112,64,64,32,0,1,1,4294967295
tileNeoGrimeB,0,192,112,64,64,32,0,1,1,4294967295
tileNeoGrimeB,64,192,112,64,64,32,0,1,1,4294967295
tileNeoGrimeB,128,192,112,64,64,32,0,1,1,4294967295
tileNeoGrimeB,192,192,112,64,64,32,0,1,1,4294967295
tileNeoGrimeB,192,0,112,64,64,32,0,1,1,4294967295
tileNeoGrimeB,384,0,112,64,64,32,0,1,1,4294967295
tileNeoGrimeB,384,32,112,64,64,32,0,1,1,4294967295
tileNeoGrimeB,448,0,112,64,32,32,0,1,1,4294967295
tileNeoGrimeB,448,32,112,64,32,32,0,1,1,4294967295
tileNeoGrimeB,448,64,112,64,32,32,0,1,1,4294967295
tileNeoGrimeB,448,96,112,64,32,32,0,1,1,4294967295
tileNeoGrimeB,448,128,112,64,32,32,0,1,1,4294967295
tileNeoGrimeB,448,160,112,64,32,32,0,1,1,4294967295
tileNeoGrimeB,448,192,112,64,32,32,0,1,1,4294967295
tileNeoGrimeB,320,928,64,352,64,48,0,1,1,4294967295
tileNeoGrimeB,320,976,128,352,64,16,0,1,1,4294967295
tileNeoGrimeB,320,880,0,352,64,48,0,1,1,4294967295
tileNeoGrimeB,320,832,0,352,64,48,0,1,1,4294967295
tileNeoGrimeB,320,784,0,352,64,48,0,1,1,4294967295
tileNeoGrimeB,320,736,0,352,64,48,0,1,1,4294967295
tileNeoGrimeB,320,688,0,352,64,48,0,1,1,4294967295
tileNeoGrimeB,320,640,0,352,64,48,0,1,1,4294967295
tileNeoGrimeB,320,592,0,352,64,48,0,1,1,4294967295
tileNeoGrimeB,320,544,0,352,64,48,0,1,1,4294967295
tileNeoGrimeB,320,464,0,352,64,48,0,1,1,4294967295
tileNeoGrimeB,320,416,0,352,64,48,0,1,1,4294967295
tileNeoGrimeB,320,368,0,352,64,48,0,1,1,4294967295
tileNeoGrimeB,320,320,0,352,64,48,0,1,1,4294967295
tileNeoGrimeB,320,272,0,352,64,48,0,1,1,4294967295
tileNeoGrimeB,320,224,0,352,64,48,0,1,1,4294967295
tileNeoGrimeB,320,176,0,352,64,48,0,1,1,4294967295
tileNeoGrimeB,320,128,0,352,64,48,0,1,1,4294967295
tileNeoGrimeB,320,512,0,352,64,16,0,1,1,4294967295
tileNeoGrimeB,320,528,0,384,64,16,0,1,1,4294967295
tileNeoGrimeB,320,64,64,352,64,48,0,1,1,4294967295
tileNeoGrimeB,320,112,128,352,64,16,0,1,1,4294967295
tileNeoGrimeB,192,64,176,192,16,64,0,1,1,4294967295
tileNeoGrimeB,304,64,176,192,16,64,0,1,1,4294967295
tileNeoGrimeB,304,928,176,192,16,64,0,1,1,4294967295
tileNeoGrimeB,192,928,176,192,16,64,0,1,1,4294967295
tileNeoGrimeB,208,928,128,128,48,48,0,1,1,4294967295
tileNeoGrimeB,256,928,128,128,48,48,0,1,1,4294967295
tileNeoGrimeB,208,64,128,128,48,48,0,1,1,4294967295
tileNeoGrimeB,256,64,128,128,48,48,0,1,1,4294967295
tileNeoGrimeB,208,112,96,176,96,16,0,1,1,4294967295
tileNeoGrimeB,208,976,96,176,96,16,0,1,1,4294967295
tileNeoGrimeB,96,912,112,224,48,80,0,1,1,4294967295
tileNeoGrimeB,96,48,112,224,48,80,0,1,1,4294967295
tileNeoGrimeB,64,32,96,192,16,48,0,1,1,4294967295
tileNeoGrimeB,64,896,96,192,16,48,0,1,1,4294967295
tileNeoGrimeB,176,896,160,192,16,48,0,1,1,4294967295
tileNeoGrimeB,176,32,160,192,16,48,0,1,1,4294967295
tileNeoGrimeB,176,80,160,224,16,48,0,1,1,4294967295
tileNeoGrimeB,176,944,160,224,16,48,0,1,1,4294967295
tileNeoGrimeB,64,944,96,224,16,48,0,1,1,4294967295
tileNeoGrimeB,64,80,96,224,16,48,0,1,1,4294967295
tileNeoGrimeB,80,32,112,192,16,32,0,1,1,4294967295
tileNeoGrimeB,80,896,112,192,16,32,0,1,1,4294967295
tileNeoGrimeB,144,896,112,192,32,32,0,1,1,4294967295
tileNeoGrimeB,144,32,112,192,32,32,0,1,1,4294967295
tileNeoGrimeB,96,32,112,192,48,16,0,1,1,4294967295
tileNeoGrimeB,96,896,112,192,48,16,0,1,1,4294967295
tileNeoGrimeB,144,120,160,296,32,8,0,1,1,4294967295
tileNeoGrimeB,144,984,160,296,32,8,0,1,1,4294967295
tileNeoGrimeB,80,984,160,296,16,8,0,1,1,4294967295
tileNeoGrimeB,80,120,160,296,16,8,0,1,1,4294967295
tileNeoGrimeB,144,64,128,304,32,16,0,1,1,4294967295
tileNeoGrimeB,144,928,128,304,32,16,0,1,1,4294967295
tileNeoGrimeB,80,928,128,304,16,16,0,1,1,4294967295
tileNeoGrimeB,80,64,128,304,16,16,0,1,1,4294967295
tileNeoGrimeB,144,80,64,320,32,24,0,1,1,4294967295
tileNeoGrimeB,144,944,64,320,32,24,0,1,1,4294967295
tileNeoGrimeB,144,968,64,336,32,16,0,1,1,4294967295
tileNeoGrimeB,144,104,64,336,32,16,0,1,1,4294967295
tileNeoGrimeB,80,80,64,320,8,24,0,1,1,4294967295
tileNeoGrimeB,80,944,64,320,8,24,0,1,1,4294967295
tileNeoGrimeB,88,944,88,320,8,24,0,1,1,4294967295
tileNeoGrimeB,88,80,88,320,8,24,0,1,1,4294967295
tileNeoGrimeB,80,104,64,336,8,16,0,1,1,4294967295
tileNeoGrimeB,80,968,64,336,8,16,0,1,1,4294967295
tileNeoGrimeB,88,968,88,336,8,16,0,1,1,4294967295
tileNeoGrimeB,88,104,88,336,8,16,0,1,1,4294967295
