oExit,112,960,00319438,0,1,1,4294967295,0,1
oExit,112,96,0026C128,0,1,1,4294967295,0,1
oChaosElevator,352,992,00159665,0,1,1,4294967295,0,1
oSignPost,200,128,00381371,0,1,1,4294967295,0,1
oPlayer1,160,992,0009B3EF,0,1,1,4294967295,0,0
oInvCollPH,192,912,001D7DD3,0,1,1,4294967295,0,0
oInvCollPH,208,912,002B593E,0,1,1,4294967295,0,0
oInvCollPH,224,912,0007EC89,0,1,1,4294967295,0,0
oInvCollPH,240,912,0030EF36,0,1,1,4294967295,0,0
oInvCollPH,256,912,00374DB8,0,1,1,4294967295,0,0
oInvCollPH,272,912,00374038,0,1,1,4294967295,0,0
oInvCollPH,288,912,001AB4DA,0,1,1,4294967295,0,0
oInvCollPH,304,912,001D082C,0,1,1,4294967295,0,0
oInvCollPH,304,896,001CB350,0,1,1,4294967295,0,0
oInvCollPH,80,992,001994E1,0,1,1,4294967295,0,0
oInvCollPH,96,992,00354A5C,0,1,1,4294967295,0,0
oInvCollPH,112,992,0022AD4D,0,1,1,4294967295,0,0
oInvCollPH,128,992,000346DE,0,1,1,4294967295,0,0
oInvCollPH,144,992,0024EDBC,0,1,1,4294967295,0,0
oInvCollPH,160,992,000793BB,0,1,1,4294967295,0,0
oInvCollPH,176,992,000C6F10,0,1,1,4294967295,0,0
oInvCollPH,192,992,0010EAEB,0,1,1,4294967295,0,0
oInvCollPH,208,992,0034671A,0,1,1,4294967295,0,0
oInvCollPH,368,992,0023EB84,0,1,1,4294967295,0,0
oInvCollPH,352,992,0011EC1D,0,1,1,4294967295,0,0
oInvCollPH,336,992,00245977,0,1,1,4294967295,0,0
oInvCollPH,320,992,0003FCAA,0,1,1,4294967295,0,0
oInvCollPH,304,992,0010CBD3,0,1,1,4294967295,0,0
oInvCollPH,288,992,00060651,0,1,1,4294967295,0,0
oInvCollPH,272,992,003D3303,0,1,1,4294967295,0,0
oInvCollPH,256,992,00239F88,0,1,1,4294967295,0,0
oInvCollPH,240,992,0020FFF0,0,1,1,4294967295,0,0
oInvCollPH,224,992,001262DC,0,1,1,4294967295,0,0
oInvCollPH,64,16,001CFF9F,0,1,1,4294967295,0,0
oInvCollPH,80,16,00082528,0,1,1,4294967295,0,0
oInvCollPH,96,16,002DABC7,0,1,1,4294967295,0,0
oInvCollPH,112,16,002C0DD6,0,1,1,4294967295,0,0
oInvCollPH,128,16,000E47F5,0,1,1,4294967295,0,0
oInvCollPH,144,16,0018B850,0,1,1,4294967295,0,0
oInvCollPH,160,16,000235FE,0,1,1,4294967295,0,0
oInvCollPH,176,16,0017498F,0,1,1,4294967295,0,0
oInvCollPH,192,32,0015C024,0,1,1,4294967295,0,0
oInvCollPH,192,48,0036E87B,0,1,1,4294967295,0,0
oInvCollPH,208,48,0007195E,0,1,1,4294967295,0,0
oInvCollPH,224,48,0021F552,0,1,1,4294967295,0,0
oInvCollPH,240,48,0013BA4D,0,1,1,4294967295,0,0
oInvCollPH,256,48,003B9D59,0,1,1,4294967295,0,0
oInvCollPH,272,48,00148E32,0,1,1,4294967295,0,0
oInvCollPH,288,48,000FA4AD,0,1,1,4294967295,0,0
oInvCollPH,304,48,001F2B51,0,1,1,4294967295,0,0
oInvCollPH,320,48,0008A08F,0,1,1,4294967295,0,0
oInvCollPH,336,48,001D5657,0,1,1,4294967295,0,0
oInvCollPH,352,48,00021739,0,1,1,4294967295,0,0
oInvCollPH,368,48,003B74C8,0,1,1,4294967295,0,0
oInvCollPH,384,64,00282D65,0,1,1,4294967295,0,0
oInvCollPH,384,80,001D8F11,0,1,1,4294967295,0,0
oInvCollPH,384,96,0011FC86,0,1,1,4294967295,0,0
oInvCollPH,384,112,002ED66F,0,1,1,4294967295,0,0
oInvCollPH,384,128,00244CFB,0,1,1,4294967295,0,0
oInvCollPH,384,144,000C29B2,0,1,1,4294967295,0,0
oInvCollPH,384,160,000D31C0,0,1,1,4294967295,0,0
oInvCollPH,384,176,0017B79F,0,1,1,4294967295,0,0
oInvCollPH,384,192,003BECBE,0,1,1,4294967295,0,0
oInvCollPH,384,208,001719B4,0,1,1,4294967295,0,0
oInvCollPH,384,224,000F0280,0,1,1,4294967295,0,0
oInvCollPH,384,240,003E66C0,0,1,1,4294967295,0,0
oInvCollPH,384,256,0007198F,0,1,1,4294967295,0,0
oInvCollPH,384,272,001B7836,0,1,1,4294967295,0,0
oInvCollPH,384,288,000748FB,0,1,1,4294967295,0,0
oInvCollPH,384,304,0016400C,0,1,1,4294967295,0,0
oInvCollPH,384,320,00168D0A,0,1,1,4294967295,0,0
oInvCollPH,384,336,00198F19,0,1,1,4294967295,0,0
oInvCollPH,384,352,00357262,0,1,1,4294967295,0,0
oInvCollPH,384,368,00296340,0,1,1,4294967295,0,0
oInvCollPH,384,384,00191B8D,0,1,1,4294967295,0,0
oInvCollPH,384,400,00093090,0,1,1,4294967295,0,0
oInvCollPH,384,416,000E587F,0,1,1,4294967295,0,0
oInvCollPH,384,432,0025F391,0,1,1,4294967295,0,0
oInvCollPH,384,448,00185931,0,1,1,4294967295,0,0
oInvCollPH,384,464,003C52B3,0,1,1,4294967295,0,0
oInvCollPH,384,480,00171323,0,1,1,4294967295,0,0
oInvCollPH,384,496,001F81B4,0,1,1,4294967295,0,0
oInvCollPH,384,512,00280908,0,1,1,4294967295,0,0
oInvCollPH,384,528,000917F6,0,1,1,4294967295,0,0
oInvCollPH,384,544,0009A16D,0,1,1,4294967295,0,0
oInvCollPH,384,560,00389E9F,0,1,1,4294967295,0,0
oInvCollPH,384,576,00225D1C,0,1,1,4294967295,0,0
oInvCollPH,384,592,00027F3E,0,1,1,4294967295,0,0
oInvCollPH,384,608,0020C190,0,1,1,4294967295,0,0
oInvCollPH,384,624,001C98EE,0,1,1,4294967295,0,0
oInvCollPH,384,640,001CF6E9,0,1,1,4294967295,0,0
oInvCollPH,384,656,001EE8C7,0,1,1,4294967295,0,0
oInvCollPH,384,672,002B03F0,0,1,1,4294967295,0,0
oInvCollPH,384,688,000C2598,0,1,1,4294967295,0,0
oInvCollPH,384,704,00395F73,0,1,1,4294967295,0,0
oInvCollPH,384,720,001059D0,0,1,1,4294967295,0,0
oInvCollPH,384,736,0008BCFA,0,1,1,4294967295,0,0
oInvCollPH,384,752,001AFF19,0,1,1,4294967295,0,0
oInvCollPH,384,768,00029E25,0,1,1,4294967295,0,0
oInvCollPH,384,784,001FD11A,0,1,1,4294967295,0,0
oInvCollPH,384,800,0020AE0F,0,1,1,4294967295,0,0
oInvCollPH,384,816,001F1C72,0,1,1,4294967295,0,0
oInvCollPH,384,832,00091D7E,0,1,1,4294967295,0,0
oInvCollPH,384,848,00315AA4,0,1,1,4294967295,0,0
oInvCollPH,384,864,00015C76,0,1,1,4294967295,0,0
oInvCollPH,384,880,00166A87,0,1,1,4294967295,0,0
oInvCollPH,384,896,0030B616,0,1,1,4294967295,0,0
oInvCollPH,384,912,00100F6A,0,1,1,4294967295,0,0
oInvCollPH,384,928,00094175,0,1,1,4294967295,0,0
oInvCollPH,384,944,00025671,0,1,1,4294967295,0,0
oInvCollPH,384,960,00078E84,0,1,1,4294967295,0,0
oInvCollPH,384,976,001B5197,0,1,1,4294967295,0,0
oInvCollPH,48,32,002FD67F,0,1,1,4294967295,0,0
oInvCollPH,48,48,00382A21,0,1,1,4294967295,0,0
oInvCollPH,48,64,0023B03A,0,1,1,4294967295,0,0
oInvCollPH,48,80,000DBA5E,0,1,1,4294967295,0,0
oInvCollPH,48,96,001B2445,0,1,1,4294967295,0,0
oInvCollPH,48,112,00270124,0,1,1,4294967295,0,0
oInvCollPH,48,896,001157CF,0,1,1,4294967295,0,0
oInvCollPH,48,912,002D8884,0,1,1,4294967295,0,0
oInvCollPH,48,928,003882D2,0,1,1,4294967295,0,0
oInvCollPH,48,944,002B7532,0,1,1,4294967295,0,0
oInvCollPH,48,960,0039424E,0,1,1,4294967295,0,0
oInvCollPH,48,976,003C5BB1,0,1,1,4294967295,0,0
oInvCollPH,80,128,001B5F35,0,1,1,4294967295,0,0
oInvCollPH,96,128,000CE1E2,0,1,1,4294967295,0,0
oInvCollPH,112,128,00257DFE,0,1,1,4294967295,0,0
oInvCollPH,128,128,003FD914,0,1,1,4294967295,0,0
oInvCollPH,144,128,001DE970,0,1,1,4294967295,0,0
oInvCollPH,160,128,002B94A4,0,1,1,4294967295,0,0
oInvCollPH,176,128,0034AF4E,0,1,1,4294967295,0,0
oInvCollPH,192,128,001044CA,0,1,1,4294967295,0,0
oInvCollPH,208,128,003DEBDC,0,1,1,4294967295,0,0
oInvCollPH,224,128,0003D83D,0,1,1,4294967295,0,0
oInvCollPH,240,128,002B7411,0,1,1,4294967295,0,0
oInvCollPH,256,128,002D7E13,0,1,1,4294967295,0,0
oInvCollPH,272,128,001229A4,0,1,1,4294967295,0,0
oInvCollPH,288,128,003365BD,0,1,1,4294967295,0,0
oInvCollPH,304,128,002A4AD7,0,1,1,4294967295,0,0
oInvCollPH,304,144,00374601,0,1,1,4294967295,0,0
oInvCollPH,304,160,001929E8,0,1,1,4294967295,0,0
oInvCollPH,304,176,00311239,0,1,1,4294967295,0,0
oInvCollPH,304,192,003E245B,0,1,1,4294967295,0,0
oInvCollPH,304,208,0034BBFB,0,1,1,4294967295,0,0
oInvCollPH,304,224,000BD0FD,0,1,1,4294967295,0,0
oInvCollPH,304,240,0002FA2A,0,1,1,4294967295,0,0
oInvCollPH,304,256,003DF463,0,1,1,4294967295,0,0
oInvCollPH,304,272,0036C914,0,1,1,4294967295,0,0
oInvCollPH,304,288,001B7A2E,0,1,1,4294967295,0,0
oInvCollPH,304,304,001707A6,0,1,1,4294967295,0,0
oInvCollPH,304,320,001F9890,0,1,1,4294967295,0,0
oInvCollPH,304,336,0035116F,0,1,1,4294967295,0,0
oInvCollPH,304,352,001C7B31,0,1,1,4294967295,0,0
oInvCollPH,304,368,00240451,0,1,1,4294967295,0,0
oInvCollPH,304,384,0000B6B7,0,1,1,4294967295,0,0
oInvCollPH,304,400,001AE791,0,1,1,4294967295,0,0
oInvCollPH,304,416,00282A95,0,1,1,4294967295,0,0
oInvCollPH,304,432,0030D768,0,1,1,4294967295,0,0
oInvCollPH,304,448,001F9E0B,0,1,1,4294967295,0,0
oInvCollPH,304,464,00190E70,0,1,1,4294967295,0,0
oInvCollPH,304,480,0004D2DF,0,1,1,4294967295,0,0
oInvCollPH,304,496,0031257F,0,1,1,4294967295,0,0
oInvCollPH,304,512,000D3A73,0,1,1,4294967295,0,0
oInvCollPH,304,528,0000F4FF,0,1,1,4294967295,0,0
oInvCollPH,304,544,002028D6,0,1,1,4294967295,0,0
oInvCollPH,304,560,00204992,0,1,1,4294967295,0,0
oInvCollPH,304,576,0020FA48,0,1,1,4294967295,0,0
oInvCollPH,304,592,001D0A75,0,1,1,4294967295,0,0
oInvCollPH,304,608,000E8D73,0,1,1,4294967295,0,0
oInvCollPH,304,624,000200C8,0,1,1,4294967295,0,0
oInvCollPH,304,640,0026AC3B,0,1,1,4294967295,0,0
oInvCollPH,304,656,00385C48,0,1,1,4294967295,0,0
oInvCollPH,304,672,003440B6,0,1,1,4294967295,0,0
oInvCollPH,304,688,0022C138,0,1,1,4294967295,0,0
oInvCollPH,304,704,000C134A,0,1,1,4294967295,0,0
oInvCollPH,304,720,00013831,0,1,1,4294967295,0,0
oInvCollPH,304,736,000AF50D,0,1,1,4294967295,0,0
oInvCollPH,304,752,001079FA,0,1,1,4294967295,0,0
oInvCollPH,304,768,0014B47D,0,1,1,4294967295,0,0
oInvCollPH,304,784,00038DF6,0,1,1,4294967295,0,0
oInvCollPH,304,800,0006927A,0,1,1,4294967295,0,0
oInvCollPH,304,816,0012A469,0,1,1,4294967295,0,0
oInvCollPH,304,832,001F2656,0,1,1,4294967295,0,0
oInvCollPH,304,848,001C2EFA,0,1,1,4294967295,0,0
oInvCollPH,304,864,00383650,0,1,1,4294967295,0,0
oInvCollPH,304,880,001CD1CF,0,1,1,4294967295,0,0
oInvCollPH,176,880,0035AC0B,0,1,1,4294967295,0,0
oInvCollPH,160,880,00168364,0,1,1,4294967295,0,0
oInvCollPH,144,880,00041CE2,0,1,1,4294967295,0,0
oInvCollPH,128,880,002D3E6A,0,1,1,4294967295,0,0
oInvCollPH,112,880,001B94FF,0,1,1,4294967295,0,0
oInvCollPH,96,880,00327DE5,0,1,1,4294967295,0,0
oInvCollPH,80,880,003E87C3,0,1,1,4294967295,0,0
oInvCollPH,64,880,003D7750,0,1,1,4294967295,0,0
oInvisibleSolid,64,0,001DB848,0,1,1,4294967295,0,1
oInvisibleSolid,192,0,003D78EF,0,1,1,4294967295,0,1
oInvisibleSolid,0,0,0025B98C,0,1,1,4294967295,0,1
oInvisibleSolid,64,128,0020FC38,0,1,1,4294967295,0,1
oInvisibleSolid,384,0,00072D97,0,1,1,4294967295,0,1
oInvisibleSolid,192,896,002C5196,0,1,1,4294967295,0,1
oInvisibleSolid,64,992,00203005,0,1,1,4294967295,0,1
