oExit,976,272,002823C4,0,1,1,4294967295,0,1
oExit,56,112,0035D7B5,0,1,1,4294967295,0,1
oHealingPost,272,304,002138BE,0,1,1,4294967295,0,0
oHeartEnergy,824,272,00082CAD,0,1,1,4294967295,0,1
oWeaponLevelUpgrade,864,208,000F5E7B,0,1,1,4294967295,0,1
oWeaponLevelUpgrade,896,208,0012CB80,0,1,1,4294967295,0,1
oWeaponLevelUpgrade,928,208,000F732E,0,1,1,4294967295,0,1
oPlayer1,48,240,002D348C,0,1,1,4294967295,0,0
oInvCollPH,64,144,001DABCB,0,1,1,4294967295,0,0
oInvCollPH,144,176,00378DB8,0,1,1,4294967295,0,0
oInvCollPH,192,192,00091A54,0,1,1,4294967295,0,0
oInvCollPH,160,128,00095437,0,1,1,4294967295,0,0
oInvCollPH,160,144,003EC9D6,0,1,1,4294967295,0,0
oInvCollPH,160,160,000702CD,0,1,1,4294967295,0,0
oInvCollPH,160,192,001A39E1,0,1,1,4294967295,0,0
oInvCollPH,176,192,000B8AC4,0,1,1,4294967295,0,0
oInvCollPH,208,192,00078DA3,0,1,1,4294967295,0,0
oInvCollPH,208,176,003C25FE,0,1,1,4294967295,0,0
oInvCollPH,48,48,0023E0E9,0,1,1,4294967295,0,0
oInvCollPH,64,48,000163CE,0,1,1,4294967295,0,0
oInvCollPH,80,48,003498EC,0,1,1,4294967295,0,0
oInvCollPH,96,48,000A6875,0,1,1,4294967295,0,0
oInvCollPH,112,48,000A65EE,0,1,1,4294967295,0,0
oInvCollPH,128,48,001F5F1D,0,1,1,4294967295,0,0
oInvCollPH,144,48,000465FC,0,1,1,4294967295,0,0
oInvCollPH,32,64,00224FF7,0,1,1,4294967295,0,0
oInvCollPH,32,80,0001599F,0,1,1,4294967295,0,0
oInvCollPH,32,96,000E64D7,0,1,1,4294967295,0,0
oInvCollPH,32,112,000989B2,0,1,1,4294967295,0,0
oInvCollPH,32,128,003CE0D8,0,1,1,4294967295,0,0
oInvCollPH,32,160,000D6A21,0,1,1,4294967295,0,0
oInvCollPH,16,160,000264B5,0,1,1,4294967295,0,0
oInvCollPH,0,160,003BEA0D,0,1,1,4294967295,0,0
oInvCollPH,16,240,000A9F47,0,1,1,4294967295,0,0
oInvCollPH,32,240,001799EF,0,1,1,4294967295,0,0
oInvCollPH,48,240,0000ED85,0,1,1,4294967295,0,0
oInvCollPH,64,240,003EB691,0,1,1,4294967295,0,0
oInvCollPH,80,240,0015B47B,0,1,1,4294967295,0,0
oInvCollPH,320,192,0035D92E,0,1,1,4294967295,0,0
oInvCollPH,320,208,0025906F,0,1,1,4294967295,0,0
oInvCollPH,320,224,00327BA3,0,1,1,4294967295,0,0
oInvCollPH,336,224,0023C3D1,0,1,1,4294967295,0,0
oInvCollPH,336,208,0028A348,0,1,1,4294967295,0,0
oInvCollPH,336,192,00142DF2,0,1,1,4294967295,0,0
oInvCollPH,336,176,001F122A,0,1,1,4294967295,0,0
oInvCollPH,224,160,0027EBAF,0,1,1,4294967295,0,0
oInvCollPH,240,160,001C95CD,0,1,1,4294967295,0,0
oInvCollPH,256,160,003A1703,0,1,1,4294967295,0,0
oInvCollPH,272,160,001E7657,0,1,1,4294967295,0,0
oInvCollPH,288,160,0033F801,0,1,1,4294967295,0,0
oInvCollPH,304,160,002C32AC,0,1,1,4294967295,0,0
oInvCollPH,160,64,0013AAB1,0,1,1,4294967295,0,0
oInvCollPH,160,80,002E4ACE,0,1,1,4294967295,0,0
oInvCollPH,160,96,002CA0BC,0,1,1,4294967295,0,0
oInvCollPH,160,112,00328CA5,0,1,1,4294967295,0,0
oInvCollPH,336,160,0008C479,0,1,1,4294967295,0,0
oInvCollPH,336,144,001F8D7A,0,1,1,4294967295,0,0
oInvCollPH,336,128,0014C0C3,0,1,1,4294967295,0,0
oInvCollPH,336,112,000E00B5,0,1,1,4294967295,0,0
oInvCollPH,736,208,00338A00,0,1,1,4294967295,0,0
oInvCollPH,736,224,002C1542,0,1,1,4294967295,0,0
oInvCollPH,752,224,00118D99,0,1,1,4294967295,0,0
oInvCollPH,768,224,0001A1B7,0,1,1,4294967295,0,0
oInvCollPH,784,224,0000FBA1,0,1,1,4294967295,0,0
oInvCollPH,784,208,00066D3C,0,1,1,4294967295,0,0
oInvCollPH,784,192,001AC155,0,1,1,4294967295,0,0
oInvCollPH,960,208,0033366C,0,1,1,4294967295,0,0
oInvCollPH,960,224,0027F05F,0,1,1,4294967295,0,0
oInvCollPH,976,224,000F249F,0,1,1,4294967295,0,0
oInvCollPH,736,128,001A914E,0,1,1,4294967295,0,0
oInvCollPH,736,144,0015B1B4,0,1,1,4294967295,0,0
oInvCollPH,736,160,0039F9FE,0,1,1,4294967295,0,0
oInvCollPH,736,176,00217F09,0,1,1,4294967295,0,0
oInvCollPH,800,176,000FF752,0,1,1,4294967295,0,0
oInvCollPH,816,176,0021CCF3,0,1,1,4294967295,0,0
oInvCollPH,832,176,00328D27,0,1,1,4294967295,0,0
oInvCollPH,848,176,000307F0,0,1,1,4294967295,0,0
oInvCollPH,352,96,000540B3,0,1,1,4294967295,0,0
oInvCollPH,368,96,0028E54E,0,1,1,4294967295,0,0
oInvCollPH,384,96,000B74DD,0,1,1,4294967295,0,0
oInvCollPH,400,96,000402FF,0,1,1,4294967295,0,0
oInvCollPH,416,96,000F2A0E,0,1,1,4294967295,0,0
oInvCollPH,432,96,0021DC37,0,1,1,4294967295,0,0
oInvCollPH,448,96,0029C4A0,0,1,1,4294967295,0,0
oInvCollPH,464,96,0027C582,0,1,1,4294967295,0,0
oInvCollPH,480,96,00223CC8,0,1,1,4294967295,0,0
oInvCollPH,496,96,000CC171,0,1,1,4294967295,0,0
oInvCollPH,720,96,0000A5FC,0,1,1,4294967295,0,0
oInvCollPH,704,96,002F673B,0,1,1,4294967295,0,0
oInvCollPH,688,96,00101826,0,1,1,4294967295,0,0
oInvCollPH,672,96,00064FFF,0,1,1,4294967295,0,0
oInvCollPH,656,96,00212DA7,0,1,1,4294967295,0,0
oInvCollPH,640,96,000B4514,0,1,1,4294967295,0,0
oInvCollPH,624,96,000BD3AB,0,1,1,4294967295,0,0
oInvCollPH,608,96,0036329E,0,1,1,4294967295,0,0
oInvCollPH,592,96,002A08C3,0,1,1,4294967295,0,0
oInvCollPH,576,96,002DBDA7,0,1,1,4294967295,0,0
oInvCollPH,560,96,001A9709,0,1,1,4294967295,0,0
oInvCollPH,544,96,000DED63,0,1,1,4294967295,0,0
oInvCollPH,528,96,000422C4,0,1,1,4294967295,0,0
oInvCollPH,512,96,00242DA2,0,1,1,4294967295,0,0
oInvCollPH,160,304,00352C16,0,1,1,4294967295,0,0
oInvCollPH,176,304,00380162,0,1,1,4294967295,0,0
oInvCollPH,192,304,001E2D57,0,1,1,4294967295,0,0
oInvCollPH,208,304,001F44B0,0,1,1,4294967295,0,0
oInvCollPH,224,304,0028E5BB,0,1,1,4294967295,0,0
oInvCollPH,240,304,0028BF67,0,1,1,4294967295,0,0
oInvCollPH,256,304,002F4F69,0,1,1,4294967295,0,0
oInvCollPH,272,304,001ACD83,0,1,1,4294967295,0,0
oInvCollPH,288,304,003BFEFC,0,1,1,4294967295,0,0
oInvCollPH,304,304,0027BCA5,0,1,1,4294967295,0,0
oInvCollPH,320,304,00223DBC,0,1,1,4294967295,0,0
oInvCollPH,336,304,002C1A8B,0,1,1,4294967295,0,0
oInvCollPH,352,304,00104D1A,0,1,1,4294967295,0,0
oInvCollPH,368,304,0034CC4E,0,1,1,4294967295,0,0
oInvCollPH,384,304,000D3E16,0,1,1,4294967295,0,0
oInvCollPH,400,304,0025150B,0,1,1,4294967295,0,0
oInvCollPH,416,304,002114E5,0,1,1,4294967295,0,0
oInvCollPH,432,304,000620C7,0,1,1,4294967295,0,0
oInvCollPH,448,304,00054B5C,0,1,1,4294967295,0,0
oInvCollPH,464,304,0033DDF1,0,1,1,4294967295,0,0
oInvCollPH,480,304,001F0D5A,0,1,1,4294967295,0,0
oInvCollPH,496,304,003AD481,0,1,1,4294967295,0,0
oInvCollPH,512,304,002016CD,0,1,1,4294967295,0,0
oInvCollPH,528,304,0027F874,0,1,1,4294967295,0,0
oInvCollPH,544,304,003BB825,0,1,1,4294967295,0,0
oInvCollPH,560,304,0025F6F2,0,1,1,4294967295,0,0
oInvCollPH,576,304,00031912,0,1,1,4294967295,0,0
oInvCollPH,592,304,003CF71F,0,1,1,4294967295,0,0
oInvCollPH,608,304,000512A6,0,1,1,4294967295,0,0
oInvCollPH,624,304,003E16F5,0,1,1,4294967295,0,0
oInvCollPH,640,304,0011016A,0,1,1,4294967295,0,0
oInvCollPH,656,304,003213A1,0,1,1,4294967295,0,0
oInvCollPH,672,304,000E76CA,0,1,1,4294967295,0,0
oInvCollPH,688,304,003A4B2D,0,1,1,4294967295,0,0
oInvCollPH,704,304,000FE2FA,0,1,1,4294967295,0,0
oInvCollPH,720,304,000D738E,0,1,1,4294967295,0,0
oInvCollPH,736,304,0026B35C,0,1,1,4294967295,0,0
oInvCollPH,752,304,0007B6D4,0,1,1,4294967295,0,0
oInvCollPH,768,304,003CA6FE,0,1,1,4294967295,0,0
oInvCollPH,784,304,00337D6B,0,1,1,4294967295,0,0
oInvCollPH,800,304,00392E18,0,1,1,4294967295,0,0
oInvCollPH,832,288,000690C9,0,1,1,4294967295,0,0
oInvCollPH,848,304,000570A9,0,1,1,4294967295,0,0
oInvCollPH,864,304,000C6144,0,1,1,4294967295,0,0
oInvCollPH,880,304,003D07E1,0,1,1,4294967295,0,0
oInvCollPH,864,176,001120E0,0,1,1,4294967295,0,0
oInvCollPH,880,176,00002CA0,0,1,1,4294967295,0,0
oInvCollPH,896,176,00083342,0,1,1,4294967295,0,0
oInvCollPH,912,176,002A57BB,0,1,1,4294967295,0,0
oInvCollPH,928,176,0022DD3A,0,1,1,4294967295,0,0
oInvCollPH,944,176,00349780,0,1,1,4294967295,0,0
oInvCollPH,896,304,0014DF37,0,1,1,4294967295,0,0
oInvCollPH,912,304,003CCC1C,0,1,1,4294967295,0,0
oInvCollPH,928,304,00400215,0,1,1,4294967295,0,0
oInvCollPH,944,304,002ED19F,0,1,1,4294967295,0,0
oInvCollPH,960,304,00374E68,0,1,1,4294967295,0,0
oInvCollPH,976,304,00191E30,0,1,1,4294967295,0,0
oInvisibleSolid,0,240,001124C6,0,1,1,4294967295,0,1
oInvisibleSolid,0,64,0018A7BB,0,1,1,4294967295,0,1
oInvisibleSolid,0,0,003F5DC1,0,1,1,4294967295,0,1
oInvisibleSolid,160,0,004026B0,0,1,1,4294967295,0,1
oInvisibleSolid,320,176,003802D0,0,1,1,4294967295,0,1
oInvisibleSolid,48,144,00258CE2,0,1,1,4294967295,0,1
oInvisibleSolid,128,176,00235EE1,0,1,1,4294967295,0,1
oInvisibleLupSlope,96,240,00001969,0,1,1,4294967295,0,0
oInvisibleLupSlope,112,256,002AC0EA,0,1,1,4294967295,0,0
oInvisibleLupSlope,128,272,00325E25,0,1,1,4294967295,0,0
oInvisibleLupSlope,144,288,001D237F,0,1,1,4294967295,0,0
oInvisibleSolid,144,304,00342CFB,0,1,1,4294967295,0,1
oInvisibleSolid,96,256,0000E00B,0,1,1,4294967295,0,1
oInvisibleSolid,112,272,00086C55,0,1,1,4294967295,0,1
oInvisibleSolid,128,288,003333ED,0,1,1,4294967295,0,1
oInvisibleSolid,736,112,001DBE03,0,1,1,4294967295,0,1
oInvisibleSolid,736,192,001E2187,0,1,1,4294967295,0,1
oInvisibleSolid,960,192,00028315,0,1,1,4294967295,0,1
oInvisibleSolid,160,176,002A49EE,0,1,1,4294967295,0,1
oInvisibleSolid,352,0,000AFAF9,0,1,1,4294967295,0,1
oInvisibleSolid,816,288,00400B9F,0,1,1,4294967295,0,1
oGateCFlame,544,320,0020C075,0,1,1,4294967295,0,0
