oExit,424,256,0011011B,0,1,1,4294967295,0,1
oMarioCoin,176,144,0004F821,0,1,1,4294967295,0,0
oMarioCoin,176,160,003478FE,0,1,1,4294967295,0,0
oMarioCoin,176,176,0009E529,0,1,1,4294967295,0,0
oMarioCoin,176,192,00291753,0,1,1,4294967295,0,0
oMarioCoin,176,208,000E53E8,0,1,1,4294967295,0,0
oMarioCoin,192,144,00021237,0,1,1,4294967295,0,0
oMarioCoin,192,208,00141D61,0,1,1,4294967295,0,0
oMarioCoin,224,160,0001E817,0,1,1,4294967295,0,0
oMarioCoin,224,176,00093A57,0,1,1,4294967295,0,0
oMarioCoin,224,192,001BF0A9,0,1,1,4294967295,0,0
oMarioCoin,272,144,00067F1A,0,1,1,4294967295,0,0
oMarioCoin,288,144,00304CFA,0,1,1,4294967295,0,0
oMarioCoin,304,144,00088E2A,0,1,1,4294967295,0,0
oMarioCoin,320,144,000F3091,0,1,1,4294967295,0,0
oMarioCoin,256,144,00401E55,0,1,1,4294967295,0,0
oMarioCoin,288,160,000110E2,0,1,1,4294967295,0,0
oMarioCoin,288,176,001782A7,0,1,1,4294967295,0,0
oMarioCoin,288,192,00248EDF,0,1,1,4294967295,0,0
oMarioCoin,288,208,003FEC34,0,1,1,4294967295,0,0
oMarioCoin,208,208,000F908A,0,1,1,4294967295,0,0
oMarioCoin,208,144,0025F565,0,1,1,4294967295,0,0
oMoneyChest,432,176,00092F7A,0,1,1,4294967295,0,1
oPlayer1,80,288,0020EA92,0,1,1,4294967295,0,0
oInvCollPH,80,288,001AEFDF,0,1,1,4294967295,0,0
oInvCollPH,192,240,0028AB48,0,1,1,4294967295,0,0
oInvCollPH,208,240,000D8EB6,0,1,1,4294967295,0,0
oInvCollPH,224,240,001F28A0,0,1,1,4294967295,0,0
oInvCollPH,240,240,000B7BE3,0,1,1,4294967295,0,0
oInvCollPH,256,240,00253B8D,0,1,1,4294967295,0,0
oInvCollPH,272,240,00015EEC,0,1,1,4294967295,0,0
oInvCollPH,288,240,00269467,0,1,1,4294967295,0,0
oInvCollPH,304,240,001CB90C,0,1,1,4294967295,0,0
oInvCollPH,320,240,000FBF61,0,1,1,4294967295,0,0
oInvCollPH,320,256,0014E22E,0,1,1,4294967295,0,0
oInvCollPH,320,272,002FDEFC,0,1,1,4294967295,0,0
oInvCollPH,176,256,00045EAA,0,1,1,4294967295,0,0
oInvCollPH,176,272,002ACFCD,0,1,1,4294967295,0,0
oInvCollPH,96,112,0007E6B4,0,1,1,4294967295,0,0
oInvCollPH,112,112,00322784,0,1,1,4294967295,0,0
oInvCollPH,128,112,001845B1,0,1,1,4294967295,0,0
oInvCollPH,144,112,0019BF8A,0,1,1,4294967295,0,0
oInvCollPH,144,96,00171E8C,0,1,1,4294967295,0,0
oInvCollPH,64,80,003CA2CD,0,1,1,4294967295,0,0
oInvCollPH,80,80,0038EA42,0,1,1,4294967295,0,0
oInvCollPH,160,80,001889DD,0,1,1,4294967295,0,0
oInvCollPH,176,80,00180036,0,1,1,4294967295,0,0
oInvCollPH,192,80,000274CD,0,1,1,4294967295,0,0
oInvCollPH,208,80,003BA928,0,1,1,4294967295,0,0
oInvCollPH,224,80,0027C928,0,1,1,4294967295,0,0
oInvCollPH,240,80,0025F6C4,0,1,1,4294967295,0,0
oInvCollPH,256,80,00365F59,0,1,1,4294967295,0,0
oInvCollPH,272,80,0019CB4C,0,1,1,4294967295,0,0
oInvCollPH,288,80,0012F0D2,0,1,1,4294967295,0,0
oInvCollPH,304,80,000CB9F7,0,1,1,4294967295,0,0
oInvCollPH,320,80,001B058D,0,1,1,4294967295,0,0
oInvCollPH,336,80,003BC09E,0,1,1,4294967295,0,0
oInvCollPH,352,80,00037467,0,1,1,4294967295,0,0
oInvCollPH,368,80,0031E1BA,0,1,1,4294967295,0,0
oInvCollPH,384,80,000C8B46,0,1,1,4294967295,0,0
oInvCollPH,400,80,00057899,0,1,1,4294967295,0,0
oInvCollPH,416,80,0022311F,0,1,1,4294967295,0,0
oInvCollPH,432,80,00084AD7,0,1,1,4294967295,0,0
oInvCollPH,448,112,0004884A,0,1,1,4294967295,0,0
oInvCollPH,448,128,0020F76F,0,1,1,4294967295,0,0
oInvCollPH,448,144,001B061A,0,1,1,4294967295,0,0
oInvCollPH,448,160,0033280C,0,1,1,4294967295,0,0
oInvCollPH,432,176,003A25D8,0,1,1,4294967295,0,0
oInvCollPH,432,192,0004AA5A,0,1,1,4294967295,0,0
oInvCollPH,448,208,002770B7,0,1,1,4294967295,0,0
oInvCollPH,448,224,003EB690,0,1,1,4294967295,0,0
oInvCollPH,448,240,00051BCF,0,1,1,4294967295,0,0
oInvCollPH,96,288,0016F13E,0,1,1,4294967295,0,0
oInvCollPH,112,288,000F32D0,0,1,1,4294967295,0,0
oInvCollPH,128,288,0036D27B,0,1,1,4294967295,0,0
oInvCollPH,144,288,0004218C,0,1,1,4294967295,0,0
oInvCollPH,160,288,000C83EB,0,1,1,4294967295,0,0
oInvCollPH,336,288,00268132,0,1,1,4294967295,0,0
oInvCollPH,352,288,00097834,0,1,1,4294967295,0,0
oInvCollPH,368,288,00403888,0,1,1,4294967295,0,0
oInvCollPH,384,288,00180CEB,0,1,1,4294967295,0,0
oInvCollPH,400,288,000F314B,0,1,1,4294967295,0,0
oInvCollPH,416,288,0030CBA0,0,1,1,4294967295,0,0
oInvCollPH,432,288,00047A64,0,1,1,4294967295,0,0
oInvCollPH,448,256,0023190C,0,1,1,4294967295,0,0
oInvCollPH,448,272,003FE575,0,1,1,4294967295,0,0
oInvCollPH,416,192,0003B892,0,1,1,4294967295,0,0
oInvCollPH,48,96,000D6253,0,1,1,4294967295,0,0
oInvCollPH,48,112,003B83E1,0,1,1,4294967295,0,0
oInvCollPH,48,128,002CFD11,0,1,1,4294967295,0,0
oInvCollPH,48,144,00122343,0,1,1,4294967295,0,0
oInvCollPH,48,160,0024D642,0,1,1,4294967295,0,0
oInvCollPH,48,240,003E174A,0,1,1,4294967295,0,0
oInvCollPH,48,224,001B0337,0,1,1,4294967295,0,0
oInvCollPH,48,208,0018894D,0,1,1,4294967295,0,0
oInvCollPH,48,192,0005E4D0,0,1,1,4294967295,0,0
oInvCollPH,48,176,002AD7E0,0,1,1,4294967295,0,0
oInvCollPH,48,256,001E8914,0,1,1,4294967295,0,0
oInvCollPH,48,272,001F6D06,0,1,1,4294967295,0,0
oInvisibleSolid,0,0,000A41AF,0,1,1,4294967295,0,1
oInvisibleSolid,96,96,001FEEB5,0,1,1,4294967295,0,1
oInvisibleSolid,448,96,000F2DE2,0,1,1,4294967295,0,1
oInvisibleSolid,176,240,0007B2D1,0,1,1,4294967295,0,1
oInvisibleSolid,64,288,0014BBAE,0,1,1,4294967295,0,1
oInvisibleSolid,416,176,00311AAA,0,1,1,4294967295,0,1
oInvisibleSolid,0,96,00387E28,0,1,1,4294967295,0,1
