oExit,0,272,003A1D47,0,1,1,4294967295,0,1
oExit,1008,112,00138C87,0,1,1,4294967295,0,1
oSignPost,96,304,0000A667,0,1,1,4294967295,0,1
oMoneyChest,528,112,000FA02A,0,1,1,4294967295,0,1
oPlayer1,48,304,0002CAA7,0,1,1,4294967295,0,0
oInvCollPH,16,304,0004C667,0,1,1,4294967295,0,0
oInvCollPH,32,304,0038C7B0,0,1,1,4294967295,0,0
oInvCollPH,48,304,00401E49,0,1,1,4294967295,0,0
oInvCollPH,64,304,0005966D,0,1,1,4294967295,0,0
oInvCollPH,80,304,0029A33B,0,1,1,4294967295,0,0
oInvCollPH,96,304,002A7153,0,1,1,4294967295,0,0
oInvCollPH,112,304,00259E77,0,1,1,4294967295,0,0
oInvCollPH,112,320,0001DB8F,0,1,1,4294967295,0,0
oInvCollPH,112,336,000DDFA5,0,1,1,4294967295,0,0
oInvCollPH,192,320,002786C7,0,1,1,4294967295,0,0
oInvCollPH,192,336,00129570,0,1,1,4294967295,0,0
oInvCollPH,208,336,0005A022,0,1,1,4294967295,0,0
oInvCollPH,208,320,0028C04A,0,1,1,4294967295,0,0
oInvCollPH,208,304,001E7E07,0,1,1,4294967295,0,0
oInvCollPH,288,320,000985E4,0,1,1,4294967295,0,0
oInvCollPH,288,336,00322A30,0,1,1,4294967295,0,0
oInvCollPH,304,336,0002010A,0,1,1,4294967295,0,0
oInvCollPH,304,320,00365EB6,0,1,1,4294967295,0,0
oInvCollPH,304,304,0022C379,0,1,1,4294967295,0,0
oInvCollPH,384,288,001DBA6D,0,1,1,4294967295,0,0
oInvCollPH,384,304,000FC2D3,0,1,1,4294967295,0,0
oInvCollPH,384,320,003F4151,0,1,1,4294967295,0,0
oInvCollPH,384,336,0003E740,0,1,1,4294967295,0,0
oInvCollPH,400,336,001BB8D5,0,1,1,4294967295,0,0
oInvCollPH,400,320,00011209,0,1,1,4294967295,0,0
oInvCollPH,400,304,0008B456,0,1,1,4294967295,0,0
oInvCollPH,400,288,00255D0C,0,1,1,4294967295,0,0
oInvCollPH,400,272,00327260,0,1,1,4294967295,0,0
oInvCollPH,688,224,001FCA48,0,1,1,4294967295,0,0
oInvCollPH,640,208,00370EE5,0,1,1,4294967295,0,0
oInvCollPH,640,224,002FF7C9,0,1,1,4294967295,0,0
oInvCollPH,640,240,003AB532,0,1,1,4294967295,0,0
oInvCollPH,640,256,000C2FAE,0,1,1,4294967295,0,0
oInvCollPH,640,272,001104F2,0,1,1,4294967295,0,0
oInvCollPH,656,272,0033E767,0,1,1,4294967295,0,0
oInvCollPH,656,256,0005EEC8,0,1,1,4294967295,0,0
oInvCollPH,656,240,0013FC14,0,1,1,4294967295,0,0
oInvCollPH,656,208,00143E78,0,1,1,4294967295,0,0
oInvCollPH,656,192,00359809,0,1,1,4294967295,0,0
oInvCollPH,656,176,0039272E,0,1,1,4294967295,0,0
oInvCollPH,640,192,00013361,0,1,1,4294967295,0,0
oInvCollPH,544,256,00392EE3,0,1,1,4294967295,0,0
oInvCollPH,544,272,002DCD54,0,1,1,4294967295,0,0
oInvCollPH,544,288,003CAA6F,0,1,1,4294967295,0,0
oInvCollPH,560,240,0033CB6E,0,1,1,4294967295,0,0
oInvCollPH,576,240,0020DDF3,0,1,1,4294967295,0,0
oInvCollPH,592,240,0026845C,0,1,1,4294967295,0,0
oInvCollPH,592,256,00000FCD,0,1,1,4294967295,0,0
oInvCollPH,592,272,00386F39,0,1,1,4294967295,0,0
oInvCollPH,592,288,0008E59A,0,1,1,4294967295,0,0
oInvCollPH,864,256,002F98E1,0,1,1,4294967295,0,0
oInvCollPH,864,272,00071403,0,1,1,4294967295,0,0
oInvCollPH,880,240,0003FAF1,0,1,1,4294967295,0,0
oInvCollPH,880,256,003E9C7C,0,1,1,4294967295,0,0
oInvCollPH,880,272,0007E2E5,0,1,1,4294967295,0,0
oInvCollPH,800,144,001ADA8B,0,1,1,4294967295,0,0
oInvCollPH,800,160,003DB86A,0,1,1,4294967295,0,0
oInvCollPH,816,160,00333827,0,1,1,4294967295,0,0
oInvCollPH,816,144,0033602E,0,1,1,4294967295,0,0
oInvCollPH,816,128,00090530,0,1,1,4294967295,0,0
oInvCollPH,480,320,003A1610,0,1,1,4294967295,0,0
oInvCollPH,480,336,0014FC2D,0,1,1,4294967295,0,0
oInvCollPH,496,304,00139B9E,0,1,1,4294967295,0,0
oInvCollPH,512,304,003C3375,0,1,1,4294967295,0,0
oInvCollPH,528,304,00079E09,0,1,1,4294967295,0,0
oInvCollPH,592,304,0003A9A1,0,1,1,4294967295,0,0
oInvCollPH,592,320,002B6772,0,1,1,4294967295,0,0
oInvCollPH,592,336,0023E1E3,0,1,1,4294967295,0,0
oInvCollPH,768,96,003FDC12,0,1,1,4294967295,0,0
oInvCollPH,768,112,001718E9,0,1,1,4294967295,0,0
oInvCollPH,784,112,000D58AE,0,1,1,4294967295,0,0
oInvCollPH,832,112,00041DDD,0,1,1,4294967295,0,0
oInvCollPH,848,112,002C9FB2,0,1,1,4294967295,0,0
oInvCollPH,848,96,000D1C2D,0,1,1,4294967295,0,0
oInvCollPH,848,80,0039292A,0,1,1,4294967295,0,0
oInvCollPH,960,160,003DA22A,0,1,1,4294967295,0,0
oInvCollPH,960,176,0024DA09,0,1,1,4294967295,0,0
oInvCollPH,976,144,001F1671,0,1,1,4294967295,0,0
oInvCollPH,992,144,00000C6D,0,1,1,4294967295,0,0
oInvCollPH,1008,144,0022D65A,0,1,1,4294967295,0,0
oInvCollPH,928,208,003AED7F,0,1,1,4294967295,0,0
oInvCollPH,928,224,0035E885,0,1,1,4294967295,0,0
oInvCollPH,944,192,001D9499,0,1,1,4294967295,0,0
oInvCollPH,928,240,002F5505,0,1,1,4294967295,0,0
oInvCollPH,928,256,00306426,0,1,1,4294967295,0,0
oInvCollPH,928,272,000EC28B,0,1,1,4294967295,0,0
oInvCollPH,928,288,003AE20F,0,1,1,4294967295,0,0
oInvCollPH,928,304,0030F88D,0,1,1,4294967295,0,0
oInvCollPH,928,320,00348A49,0,1,1,4294967295,0,0
oInvCollPH,928,336,001139C0,0,1,1,4294967295,0,0
oInvCollPH,672,288,0035D352,0,1,1,4294967295,0,0
oInvCollPH,688,288,0031AEE5,0,1,1,4294967295,0,0
oInvCollPH,704,288,002BAB5C,0,1,1,4294967295,0,0
oInvCollPH,720,288,00222FAD,0,1,1,4294967295,0,0
oInvCollPH,736,288,00221939,0,1,1,4294967295,0,0
oInvCollPH,752,288,00085CA2,0,1,1,4294967295,0,0
oInvCollPH,640,304,000249CE,0,1,1,4294967295,0,0
oInvCollPH,640,320,002EB409,0,1,1,4294967295,0,0
oInvCollPH,640,336,00186381,0,1,1,4294967295,0,0
oInvCollPH,768,288,0032BEFF,0,1,1,4294967295,0,0
oInvCollPH,784,288,00265130,0,1,1,4294967295,0,0
oInvCollPH,800,288,003363F5,0,1,1,4294967295,0,0
oInvCollPH,816,288,00230663,0,1,1,4294967295,0,0
oInvCollPH,832,288,000EEDB6,0,1,1,4294967295,0,0
oInvCollPH,848,288,0017A7FA,0,1,1,4294967295,0,0
oInvCollPH,880,288,000696D9,0,1,1,4294967295,0,0
oInvCollPH,880,304,0006E0DF,0,1,1,4294967295,0,0
oInvCollPH,880,320,00048BE7,0,1,1,4294967295,0,0
oInvCollPH,880,336,00076BD1,0,1,1,4294967295,0,0
oInvCollPH,0,224,001833B4,0,1,1,4294967295,0,0
oInvCollPH,16,224,002D07AA,0,1,1,4294967295,0,0
oInvCollPH,32,224,00372839,0,1,1,4294967295,0,0
oInvCollPH,48,224,00226B7D,0,1,1,4294967295,0,0
oInvCollPH,48,208,0028AAC3,0,1,1,4294967295,0,0
oInvCollPH,48,192,000EC10A,0,1,1,4294967295,0,0
oInvCollPH,48,176,00348F62,0,1,1,4294967295,0,0
oInvCollPH,128,192,001186BB,0,1,1,4294967295,0,0
oInvCollPH,144,192,00365B6B,0,1,1,4294967295,0,0
oInvCollPH,160,192,0005748C,0,1,1,4294967295,0,0
oInvCollPH,176,192,0034E7C9,0,1,1,4294967295,0,0
oInvCollPH,176,176,00350373,0,1,1,4294967295,0,0
oInvCollPH,224,192,002937B6,0,1,1,4294967295,0,0
oInvCollPH,240,192,00124FCA,0,1,1,4294967295,0,0
oInvCollPH,256,192,000A77D4,0,1,1,4294967295,0,0
oInvCollPH,272,192,0017C9FF,0,1,1,4294967295,0,0
oInvCollPH,272,176,0015A912,0,1,1,4294967295,0,0
oInvCollPH,320,192,0012F5C6,0,1,1,4294967295,0,0
oInvCollPH,336,192,00137343,0,1,1,4294967295,0,0
oInvCollPH,352,192,002B9AB8,0,1,1,4294967295,0,0
oInvCollPH,368,192,002FACF4,0,1,1,4294967295,0,0
oInvCollPH,368,176,002DCEBD,0,1,1,4294967295,0,0
oInvCollPH,576,48,0030059A,0,1,1,4294967295,0,0
oInvCollPH,592,48,00273B05,0,1,1,4294967295,0,0
oInvCollPH,608,64,00261822,0,1,1,4294967295,0,0
oInvCollPH,624,64,00090F01,0,1,1,4294967295,0,0
oInvCollPH,640,64,00365681,0,1,1,4294967295,0,0
oInvCollPH,656,64,00153241,0,1,1,4294967295,0,0
oInvCollPH,672,64,00238035,0,1,1,4294967295,0,0
oInvCollPH,688,64,0037448B,0,1,1,4294967295,0,0
oInvCollPH,704,64,002595B4,0,1,1,4294967295,0,0
oInvCollPH,720,64,001DAC68,0,1,1,4294967295,0,0
oInvCollPH,736,64,003C33BD,0,1,1,4294967295,0,0
oInvCollPH,752,64,0009F057,0,1,1,4294967295,0,0
oInvCollPH,864,64,002B23BF,0,1,1,4294967295,0,0
oInvCollPH,880,64,002BC3EC,0,1,1,4294967295,0,0
oInvCollPH,896,64,00265516,0,1,1,4294967295,0,0
oInvCollPH,912,64,001C6F6E,0,1,1,4294967295,0,0
oInvCollPH,928,64,001DF6BD,0,1,1,4294967295,0,0
oInvCollPH,944,64,00281F1B,0,1,1,4294967295,0,0
oInvCollPH,960,64,0015B4DD,0,1,1,4294967295,0,0
oInvCollPH,976,64,0000360C,0,1,1,4294967295,0,0
oInvCollPH,992,64,0033F1F8,0,1,1,4294967295,0,0
oInvCollPH,1008,64,003B1B1E,0,1,1,4294967295,0,0
oInvCollPH,528,112,001F33FC,0,1,1,4294967295,0,0
oInvCollPH,544,112,001E59DC,0,1,1,4294967295,0,0
oInvCollPH,560,112,003E7CC2,0,1,1,4294967295,0,0
oInvCollPH,560,128,000A5B36,0,1,1,4294967295,0,0
oInvCollPH,544,128,000CFC67,0,1,1,4294967295,0,0
oInvCollPH,528,128,0036B6D5,0,1,1,4294967295,0,0
oInvCollPH,512,128,00196C87,0,1,1,4294967295,0,0
oInvCollPH,496,128,000F3B86,0,1,1,4294967295,0,0
oInvCollPH,480,128,001B95DD,0,1,1,4294967295,0,0
oInvCollPH,464,128,001FC923,0,1,1,4294967295,0,0
oInvCollPH,448,128,001FB4D5,0,1,1,4294967295,0,0
oInvCollPH,432,128,00293DA9,0,1,1,4294967295,0,0
oInvCollPH,416,128,001006A1,0,1,1,4294967295,0,0
oInvCollPH,400,128,003DF71A,0,1,1,4294967295,0,0
oInvCollPH,384,128,003697FE,0,1,1,4294967295,0,0
oInvCollPH,368,144,002FE4B8,0,1,1,4294967295,0,0
oInvCollPH,368,160,001793BC,0,1,1,4294967295,0,0
oInvCollPH,64,160,001B5853,0,1,1,4294967295,0,0
oInvCollPH,80,160,00225E98,0,1,1,4294967295,0,0
oInvCollPH,96,160,0015329B,0,1,1,4294967295,0,0
oInvCollPH,112,160,002542AF,0,1,1,4294967295,0,0
oInvCollPH,192,160,002C3891,0,1,1,4294967295,0,0
oInvCollPH,208,160,000D4526,0,1,1,4294967295,0,0
oInvCollPH,288,160,0016695F,0,1,1,4294967295,0,0
oInvCollPH,304,160,00186A57,0,1,1,4294967295,0,0
oInvCollPH,496,64,000FAD3D,0,1,1,4294967295,0,0
oInvCollPH,496,80,00396DFB,0,1,1,4294967295,0,0
oInvCollPH,496,96,003EF1BA,0,1,1,4294967295,0,0
oInvCollPH,512,48,0033DAE0,0,1,1,4294967295,0,0
oInvCollPH,528,48,000EA8A6,0,1,1,4294967295,0,0
oInvCollPH,544,48,001D9BF9,0,1,1,4294967295,0,0
oInvCollPH,560,48,00023690,0,1,1,4294967295,0,0
oInvisibleSolid,960,144,0007698C,0,1,1,4294967295,0,1
oInvisibleSolid,928,192,0027A0C6,0,1,1,4294967295,0,1
oInvisibleSolid,864,240,0002C2F9,0,1,1,4294967295,0,1
oInvisibleSolid,672,224,002A7591,0,1,1,4294967295,0,1
oInvisibleSolid,640,176,0010EF7E,0,1,1,4294967295,0,1
oInvisibleSolid,640,288,0003E92F,0,1,1,4294967295,0,1
oInvisibleSolid,544,240,00071312,0,1,1,4294967295,0,1
oInvisibleSolid,480,304,002A80B6,0,1,1,4294967295,0,1
oInvisibleSolid,800,128,000A3F22,0,1,1,4294967295,0,1
oInvisibleSolid,768,80,002CD860,0,1,1,4294967295,0,1
oInvisibleSolid,320,176,002370A1,0,1,1,4294967295,0,1
oInvisibleSolid,384,272,0020EAD0,0,1,1,4294967295,0,1
oInvisibleSolid,288,304,001B8635,0,1,1,4294967295,0,1
oInvisibleSolid,192,304,0004B9F6,0,1,1,4294967295,0,1
oInvisibleSolid,0,304,00191535,0,1,1,4294967295,0,1
oInvisibleSolid,128,176,0020553B,0,1,1,4294967295,0,1
oInvisibleSolid,224,176,00172CD2,0,1,1,4294967295,0,1
oInvisibleSolid,0,176,00268D8D,0,1,1,4294967295,0,1
oInvisibleSolid,0,0,000E4537,0,1,1,4294967295,0,1
oInvisibleSolid,608,0,00038318,0,1,1,4294967295,0,1
oInvisibleSolid,384,0,0001F389,0,1,1,4294967295,0,1
oInvisibleSolid,512,112,000FF612,0,1,1,4294967295,0,1
oInvisibleSolid,512,0,002AEEBA,0,1,1,4294967295,0,1
