oExit,0,192,001160F1,0,1,1,4294967295,0,1
oPlayer1,64,224,002139C4,0,1,1,4294967295,0,0
oMetroidDoorHolder,16,192,0002D95B,0,1,1,4294967295,0,1
oMetChozoStatue,672,104,00257FF3,0,1,1,4294967295,0,1
oStoryObject,620,128,000B71B8,0,1,1,4294967295,0,1
oInvCollPH,16,224,00367B2F,0,1,1,4294967295,0,0
oInvCollPH,32,224,003B60A2,0,1,1,4294967295,0,0
oInvCollPH,48,224,001BE4C8,0,1,1,4294967295,0,0
oInvCollPH,64,224,00143908,0,1,1,4294967295,0,0
oInvCollPH,64,240,0001F332,0,1,1,4294967295,0,0
oInvCollPH,64,256,002FBB91,0,1,1,4294967295,0,0
oInvCollPH,64,272,0005198F,0,1,1,4294967295,0,0
oInvCollPH,64,288,001B9948,0,1,1,4294967295,0,0
oInvCollPH,16,144,002D20B1,0,1,1,4294967295,0,0
oInvCollPH,32,144,003902C9,0,1,1,4294967295,0,0
oInvCollPH,48,144,000D761D,0,1,1,4294967295,0,0
oInvCollPH,64,144,00215E2B,0,1,1,4294967295,0,0
oInvCollPH,672,80,0015861E,0,1,1,4294967295,0,0
oInvCollPH,672,96,003A5872,0,1,1,4294967295,0,0
oInvCollPH,672,112,0011FB1F,0,1,1,4294967295,0,0
oInvCollPH,672,128,000778AB,0,1,1,4294967295,0,0
oInvCollPH,672,144,002774C1,0,1,1,4294967295,0,0
oInvCollPH,96,304,00063026,0,1,1,4294967295,0,0
oInvCollPH,112,304,00037C97,0,1,1,4294967295,0,0
oInvCollPH,128,304,000D0114,0,1,1,4294967295,0,0
oInvCollPH,144,304,004031E0,0,1,1,4294967295,0,0
oInvCollPH,160,304,001EB6D2,0,1,1,4294967295,0,0
oInvCollPH,176,304,002CB084,0,1,1,4294967295,0,0
oInvCollPH,192,304,0034813E,0,1,1,4294967295,0,0
oInvCollPH,224,304,001EB03C,0,1,1,4294967295,0,0
oInvCollPH,208,304,002CA4DA,0,1,1,4294967295,0,0
oInvCollPH,384,304,00325A28,0,1,1,4294967295,0,0
oInvCollPH,368,304,000B9DFA,0,1,1,4294967295,0,0
oInvCollPH,352,304,0023FE5B,0,1,1,4294967295,0,0
oInvCollPH,336,304,0039E753,0,1,1,4294967295,0,0
oInvCollPH,320,304,0021F5D6,0,1,1,4294967295,0,0
oInvCollPH,304,304,0009338C,0,1,1,4294967295,0,0
oInvCollPH,288,304,0032681D,0,1,1,4294967295,0,0
oInvCollPH,272,304,001D5DBE,0,1,1,4294967295,0,0
oInvCollPH,256,304,0024D7A4,0,1,1,4294967295,0,0
oInvCollPH,240,304,000FCC78,0,1,1,4294967295,0,0
oInvCollPH,416,224,003CD69D,0,1,1,4294967295,0,0
oInvCollPH,432,224,00334BC4,0,1,1,4294967295,0,0
oInvCollPH,400,240,0016678E,0,1,1,4294967295,0,0
oInvCollPH,400,256,0024F906,0,1,1,4294967295,0,0
oInvCollPH,400,272,00184EE4,0,1,1,4294967295,0,0
oInvCollPH,400,288,001FA46C,0,1,1,4294967295,0,0
oInvCollPH,448,160,0023FEFF,0,1,1,4294967295,0,0
oInvCollPH,448,176,00293445,0,1,1,4294967295,0,0
oInvCollPH,448,192,00128AA0,0,1,1,4294967295,0,0
oInvCollPH,448,208,0029218F,0,1,1,4294967295,0,0
oInvCollPH,464,144,002EFEB7,0,1,1,4294967295,0,0
oInvCollPH,480,144,003B4B0E,0,1,1,4294967295,0,0
oInvCollPH,496,144,00084308,0,1,1,4294967295,0,0
oInvCollPH,512,144,0021AE95,0,1,1,4294967295,0,0
oInvCollPH,528,144,000A7A93,0,1,1,4294967295,0,0
oInvCollPH,80,128,003D30C1,0,1,1,4294967295,0,0
oInvCollPH,96,128,001677CB,0,1,1,4294967295,0,0
oInvCollPH,112,128,00145B56,0,1,1,4294967295,0,0
oInvCollPH,128,128,001AD9FD,0,1,1,4294967295,0,0
oInvCollPH,144,128,00163F88,0,1,1,4294967295,0,0
oInvCollPH,160,128,0035E85F,0,1,1,4294967295,0,0
oInvCollPH,176,128,001EAED8,0,1,1,4294967295,0,0
oInvCollPH,192,128,001AC7FE,0,1,1,4294967295,0,0
oInvCollPH,208,128,001AF9C4,0,1,1,4294967295,0,0
oInvCollPH,224,128,0006B547,0,1,1,4294967295,0,0
oInvCollPH,240,128,00341A21,0,1,1,4294967295,0,0
oInvCollPH,256,128,002BA626,0,1,1,4294967295,0,0
oInvCollPH,272,128,002541C2,0,1,1,4294967295,0,0
oInvCollPH,288,128,000AE32E,0,1,1,4294967295,0,0
oInvCollPH,304,128,001287D2,0,1,1,4294967295,0,0
oInvCollPH,320,128,000557A1,0,1,1,4294967295,0,0
oInvCollPH,336,128,000C1570,0,1,1,4294967295,0,0
oInvCollPH,352,128,0010D2B6,0,1,1,4294967295,0,0
oInvCollPH,368,128,0006CE26,0,1,1,4294967295,0,0
oInvCollPH,384,128,00266FDE,0,1,1,4294967295,0,0
oInvCollPH,400,128,00089DB7,0,1,1,4294967295,0,0
oInvCollPH,400,112,000268C7,0,1,1,4294967295,0,0
oInvCollPH,400,96,00094EC5,0,1,1,4294967295,0,0
oInvCollPH,400,80,00107811,0,1,1,4294967295,0,0
oInvCollPH,400,64,0003C589,0,1,1,4294967295,0,0
oInvCollPH,560,48,001A05E5,0,1,1,4294967295,0,0
oInvCollPH,544,48,003C1FE0,0,1,1,4294967295,0,0
oInvCollPH,528,48,003A59FF,0,1,1,4294967295,0,0
oInvCollPH,512,48,0028D046,0,1,1,4294967295,0,0
oInvCollPH,496,48,00101CA6,0,1,1,4294967295,0,0
oInvCollPH,480,48,00304DDC,0,1,1,4294967295,0,0
oInvCollPH,464,48,000ECB7D,0,1,1,4294967295,0,0
oInvCollPH,448,48,000424E4,0,1,1,4294967295,0,0
oInvCollPH,432,48,0021F3F7,0,1,1,4294967295,0,0
oInvCollPH,416,48,00402FF8,0,1,1,4294967295,0,0
oInvCollPH,576,48,003433AB,0,1,1,4294967295,0,0
oInvCollPH,592,48,003D6B7F,0,1,1,4294967295,0,0
oInvCollPH,608,48,0008B18F,0,1,1,4294967295,0,0
oInvCollPH,624,48,00013317,0,1,1,4294967295,0,0
oInvCollPH,640,48,003E0837,0,1,1,4294967295,0,0
oInvCollPH,656,48,0027F92E,0,1,1,4294967295,0,0
oInvCollPH,560,160,000B2CB3,0,1,1,4294967295,0,0
oInvCollPH,576,160,002F5E3C,0,1,1,4294967295,0,0
oInvCollPH,592,160,0008E839,0,1,1,4294967295,0,0
oInvCollPH,608,160,000BAACD,0,1,1,4294967295,0,0
oInvCollPH,624,160,00156AAC,0,1,1,4294967295,0,0
oInvCollPH,640,160,003661DD,0,1,1,4294967295,0,0
oInvCollPH,656,160,00322C85,0,1,1,4294967295,0,0
oInvisibleSolid,0,224,0022FC5C,0,1,1,4294967295,0,1
oInvisibleSolid,0,144,00111475,0,1,1,4294967295,0,1
oInvisibleSolid,0,0,00383951,0,1,1,4294967295,0,1
oInvisibleSolid,416,0,00279931,0,1,1,4294967295,0,1
oInvisibleSolid,672,64,001FC689,0,1,1,4294967295,0,1
oInvisibleSolid,544,160,001C169F,0,1,1,4294967295,0,1
oInvisibleSolid,448,144,00281A51,0,1,1,4294967295,0,1
oInvisibleSolid,400,224,003EC8FB,0,1,1,4294967295,0,1
oInvisibleSolid,80,304,00400359,0,1,1,4294967295,0,1
