oExit,64,256,00354CD1,0,1,1,4294967295,0,1
oSignPost,224,288,00322F51,0,1,1,4294967295,0,1
oExit,160,256,0004DEA8,0,1,1,4294967295,0,1
oExit,4896,64,0027E721,0,1,1,4294967295,0,1
oSignPost,4560,272,00374B66,0,1,1,4294967295,0,1
oGateF_GravDevice,4600,224,002D6059,0,1,1,4294967295,0,0
oMetGeemer,2528,96,0033FE38,0,1,1,4294967295,0,1
oMetGeemer,2544,96,0006D080,0,1,1,4294967295,0,1
oMetGeemer,2560,96,0033D30F,0,1,1,4294967295,0,1
oMetGeemer,2576,96,0008F642,0,1,1,4294967295,0,1
oMetGeemer,2576,80,00010649,0,1,1,4294967295,0,1
oMetGeemer,2576,64,003D2B24,0,1,1,4294967295,0,1
oMetGeemer,2592,64,0009694F,0,1,1,4294967295,0,1
oMetGeemer,2608,64,002D97F6,0,1,1,4294967295,0,1
oMetGeemer,2624,64,00301896,0,1,1,4294967295,0,1
oMetGeemer,2640,64,002E2728,0,1,1,4294967295,0,1
oMetGeemer,2512,96,003D69C5,0,1,1,4294967295,0,1
oMetSkree,2352,64,0039D750,0,1,1,4294967295,0,0
oMetSkree,1920,144,002F16B9,0,1,1,4294967295,0,0
oMetSkree,1952,96,003B78F4,0,1,1,4294967295,0,0
oMetRipper,2656,192,00267A14,0,1,1,4294967295,0,1
oMetRipper,3136,160,0012E922,0,1,1,4294967295,0,1
oMetRipper,3136,176,00240B96,0,1,1,4294967295,0,1
oMetRipper,3136,192,003410F4,0,1,1,4294967295,0,1
oMetRipper,3136,144,0030B4A5,0,1,1,4294967295,0,1
oMetRipper,3136,128,0036B223,0,1,1,4294967295,0,1
oMetRipper,3136,112,0024EC88,0,1,1,4294967295,0,1
oMetRipper,3136,96,0009D61E,0,1,1,4294967295,0,1
oMetReo,3808,96,001DFB2C,0,1,1,4294967295,0,0
oMetReo,3872,96,001DBDE9,0,1,1,4294967295,0,0
oPlayer1,112,288,001EB458,0,1,1,4294967295,0,0
oMetroidDoorHolder,4880,64,001A0D9E,0,1,1,4294967295,0,1
oInvCollPH,160,176,003F1584,0,1,1,4294967295,0,0
oInvCollPH,160,192,000B07F6,0,1,1,4294967295,0,0
oInvCollPH,176,192,0001815A,0,1,1,4294967295,0,0
oInvCollPH,192,192,00331C58,0,1,1,4294967295,0,0
oInvCollPH,208,192,0020EC64,0,1,1,4294967295,0,0
oInvCollPH,224,192,00077393,0,1,1,4294967295,0,0
oInvCollPH,240,192,0006CE84,0,1,1,4294967295,0,0
oInvCollPH,256,192,0023DDC4,0,1,1,4294967295,0,0
oInvCollPH,272,192,0033F49A,0,1,1,4294967295,0,0
oInvCollPH,272,176,0029FB4E,0,1,1,4294967295,0,0
oInvCollPH,272,160,00141EF6,0,1,1,4294967295,0,0
oInvCollPH,128,144,0018D2DD,0,1,1,4294967295,0,0
oInvCollPH,144,144,00364D60,0,1,1,4294967295,0,0
oInvCollPH,288,144,003EBCCA,0,1,1,4294967295,0,0
oInvCollPH,16,128,003CB9AC,0,1,1,4294967295,0,0
oInvCollPH,16,144,000D59DD,0,1,1,4294967295,0,0
oInvCollPH,16,160,0009E22E,0,1,1,4294967295,0,0
oInvCollPH,16,176,003D7BE8,0,1,1,4294967295,0,0
oInvCollPH,16,192,000AD897,0,1,1,4294967295,0,0
oInvCollPH,16,208,0029FE75,0,1,1,4294967295,0,0
oInvCollPH,16,224,00266CDD,0,1,1,4294967295,0,0
oInvCollPH,16,240,000CEE10,0,1,1,4294967295,0,0
oInvCollPH,16,256,000F3135,0,1,1,4294967295,0,0
oInvCollPH,16,272,0034D08D,0,1,1,4294967295,0,0
oInvCollPH,32,288,0028AD60,0,1,1,4294967295,0,0
oInvCollPH,48,288,00238C93,0,1,1,4294967295,0,0
oInvCollPH,64,288,003BB9C9,0,1,1,4294967295,0,0
oInvCollPH,80,288,000CF519,0,1,1,4294967295,0,0
oInvCollPH,96,288,0016F6B6,0,1,1,4294967295,0,0
oInvCollPH,112,288,0021B488,0,1,1,4294967295,0,0
oInvCollPH,128,288,002A633D,0,1,1,4294967295,0,0
oInvCollPH,144,288,003759FF,0,1,1,4294967295,0,0
oInvCollPH,336,288,003975A2,0,1,1,4294967295,0,0
oInvCollPH,320,288,0019533A,0,1,1,4294967295,0,0
oInvCollPH,304,288,00399160,0,1,1,4294967295,0,0
oInvCollPH,288,288,0010DA03,0,1,1,4294967295,0,0
oInvCollPH,272,288,0039F996,0,1,1,4294967295,0,0
oInvCollPH,256,288,003D5B5C,0,1,1,4294967295,0,0
oInvCollPH,240,288,0035A7FE,0,1,1,4294967295,0,0
oInvCollPH,224,288,0013FC94,0,1,1,4294967295,0,0
oInvCollPH,208,288,00111029,0,1,1,4294967295,0,0
oInvCollPH,192,288,0009327A,0,1,1,4294967295,0,0
oInvCollPH,160,288,001FC37F,0,1,1,4294967295,0,0
oInvCollPH,176,288,0020515A,0,1,1,4294967295,0,0
oInvCollPH,32,112,001073B1,0,1,1,4294967295,0,0
oInvCollPH,48,112,000295BA,0,1,1,4294967295,0,0
oInvCollPH,64,112,00295F0E,0,1,1,4294967295,0,0
oInvCollPH,80,112,00116FA1,0,1,1,4294967295,0,0
oInvCollPH,352,256,002DF456,0,1,1,4294967295,0,0
oInvCollPH,352,272,003E71FF,0,1,1,4294967295,0,0
oInvCollPH,368,240,0010186B,0,1,1,4294967295,0,0
oInvCollPH,384,240,0039E674,0,1,1,4294967295,0,0
oInvCollPH,400,240,00037B11,0,1,1,4294967295,0,0
oInvCollPH,416,240,002CB8C3,0,1,1,4294967295,0,0
oInvCollPH,432,240,00171112,0,1,1,4294967295,0,0
oInvCollPH,448,240,00275349,0,1,1,4294967295,0,0
oInvCollPH,464,240,0007B962,0,1,1,4294967295,0,0
oInvCollPH,480,240,003AD1B5,0,1,1,4294967295,0,0
oInvCollPH,496,240,00250D47,0,1,1,4294967295,0,0
oInvCollPH,512,240,002B9F90,0,1,1,4294967295,0,0
oInvCollPH,528,240,000E200C,0,1,1,4294967295,0,0
oInvCollPH,528,256,0025EA91,0,1,1,4294967295,0,0
oInvCollPH,528,272,0025CBB0,0,1,1,4294967295,0,0
oInvCollPH,528,288,002C43D9,0,1,1,4294967295,0,0
oInvCollPH,528,304,0036DDB5,0,1,1,4294967295,0,0
oInvCollPH,528,320,00331228,0,1,1,4294967295,0,0
oInvCollPH,528,336,0017CFAF,0,1,1,4294967295,0,0
oInvCollPH,672,336,00136D07,0,1,1,4294967295,0,0
oInvCollPH,672,320,003D5BF3,0,1,1,4294967295,0,0
oInvCollPH,672,304,00063C33,0,1,1,4294967295,0,0
oInvCollPH,672,288,0001E0AE,0,1,1,4294967295,0,0
oInvCollPH,688,272,0007F1AE,0,1,1,4294967295,0,0
oInvCollPH,704,272,002B9A4F,0,1,1,4294967295,0,0
oInvCollPH,720,272,002CD85C,0,1,1,4294967295,0,0
oInvCollPH,736,272,001B9254,0,1,1,4294967295,0,0
oInvCollPH,752,272,0022C5FC,0,1,1,4294967295,0,0
oInvCollPH,768,272,0002AFB2,0,1,1,4294967295,0,0
oInvCollPH,784,272,00341F21,0,1,1,4294967295,0,0
oInvCollPH,784,288,00028D6E,0,1,1,4294967295,0,0
oInvCollPH,784,304,00298537,0,1,1,4294967295,0,0
oInvCollPH,784,320,003D8F40,0,1,1,4294967295,0,0
oInvCollPH,784,336,00019104,0,1,1,4294967295,0,0
oInvCollPH,96,128,002B2605,0,1,1,4294967295,0,0
oInvCollPH,304,128,002601CB,0,1,1,4294967295,0,0
oInvCollPH,320,128,0027E441,0,1,1,4294967295,0,0
oInvCollPH,336,128,00010FD0,0,1,1,4294967295,0,0
oInvCollPH,352,128,004011AC,0,1,1,4294967295,0,0
oInvCollPH,368,128,000B533D,0,1,1,4294967295,0,0
oInvCollPH,384,128,00060B6C,0,1,1,4294967295,0,0
oInvCollPH,400,128,000B5C5B,0,1,1,4294967295,0,0
oInvCollPH,416,128,0010D4B6,0,1,1,4294967295,0,0
oInvCollPH,432,128,0014600A,0,1,1,4294967295,0,0
oInvCollPH,432,112,001677D1,0,1,1,4294967295,0,0
oInvCollPH,448,96,0025EB19,0,1,1,4294967295,0,0
oInvCollPH,464,96,0039916B,0,1,1,4294967295,0,0
oInvCollPH,464,80,0031BD8A,0,1,1,4294967295,0,0
oInvCollPH,480,64,000233FE,0,1,1,4294967295,0,0
oInvCollPH,496,64,000E41AB,0,1,1,4294967295,0,0
oInvCollPH,496,48,0004FF01,0,1,1,4294967295,0,0
oInvCollPH,496,32,003D78C1,0,1,1,4294967295,0,0
oInvCollPH,672,48,00287153,0,1,1,4294967295,0,0
oInvCollPH,672,64,00048065,0,1,1,4294967295,0,0
oInvCollPH,672,80,0012CB45,0,1,1,4294967295,0,0
oInvCollPH,672,96,003B16C3,0,1,1,4294967295,0,0
oInvCollPH,688,96,0000495B,0,1,1,4294967295,0,0
oInvCollPH,704,96,0014012D,0,1,1,4294967295,0,0
oInvCollPH,720,96,0008522A,0,1,1,4294967295,0,0
oInvCollPH,736,96,001330B4,0,1,1,4294967295,0,0
oInvCollPH,752,96,0003ED56,0,1,1,4294967295,0,0
oInvCollPH,768,96,0016520C,0,1,1,4294967295,0,0
oInvCollPH,784,96,0035A582,0,1,1,4294967295,0,0
oInvCollPH,784,80,00104031,0,1,1,4294967295,0,0
oInvCollPH,784,64,003FE80E,0,1,1,4294967295,0,0
oInvCollPH,784,48,003AC3BC,0,1,1,4294967295,0,0
oInvCollPH,784,32,00292E71,0,1,1,4294967295,0,0
oInvCollPH,992,144,001D8131,0,1,1,4294967295,0,0
oInvCollPH,1008,144,00203003,0,1,1,4294967295,0,0
oInvCollPH,1024,144,0033F5FA,0,1,1,4294967295,0,0
oInvCollPH,1040,144,0035B36A,0,1,1,4294967295,0,0
oInvCollPH,1056,144,0028FE5C,0,1,1,4294967295,0,0
oInvCollPH,976,160,00161904,0,1,1,4294967295,0,0
oInvCollPH,976,176,00195A02,0,1,1,4294967295,0,0
oInvCollPH,976,192,002F9339,0,1,1,4294967295,0,0
oInvCollPH,976,208,0028C5DA,0,1,1,4294967295,0,0
oInvCollPH,976,288,002CA998,0,1,1,4294967295,0,0
oInvCollPH,976,272,000056D9,0,1,1,4294967295,0,0
oInvCollPH,976,256,000966AD,0,1,1,4294967295,0,0
oInvCollPH,976,240,0032C2EA,0,1,1,4294967295,0,0
oInvCollPH,976,224,003B8ED1,0,1,1,4294967295,0,0
oInvCollPH,976,304,00261EF5,0,1,1,4294967295,0,0
oInvCollPH,976,320,00007530,0,1,1,4294967295,0,0
oInvCollPH,976,336,0025ABCD,0,1,1,4294967295,0,0
oInvCollPH,1072,144,0031FACC,0,1,1,4294967295,0,0
oInvCollPH,1088,144,000F6D25,0,1,1,4294967295,0,0
oInvCollPH,1104,144,001BB7ED,0,1,1,4294967295,0,0
oInvCollPH,1120,144,00337B2F,0,1,1,4294967295,0,0
oInvCollPH,1136,144,0003EAD0,0,1,1,4294967295,0,0
oInvCollPH,1152,144,00190A38,0,1,1,4294967295,0,0
oInvCollPH,1152,160,00119F8E,0,1,1,4294967295,0,0
oInvCollPH,1152,176,002A12AA,0,1,1,4294967295,0,0
oInvCollPH,1152,192,0015CA56,0,1,1,4294967295,0,0
oInvCollPH,1152,208,003A41E2,0,1,1,4294967295,0,0
oInvCollPH,1152,224,00385329,0,1,1,4294967295,0,0
oInvCollPH,1152,240,002C07DE,0,1,1,4294967295,0,0
oInvCollPH,1152,256,000F1DFA,0,1,1,4294967295,0,0
oInvCollPH,1152,272,0014DB84,0,1,1,4294967295,0,0
oInvCollPH,1152,288,002FB5E1,0,1,1,4294967295,0,0
oInvCollPH,1152,304,00158675,0,1,1,4294967295,0,0
oInvCollPH,1152,320,0013ABBE,0,1,1,4294967295,0,0
oInvCollPH,1152,336,00397AF5,0,1,1,4294967295,0,0
oInvCollPH,2096,272,000D889D,0,1,1,4294967295,0,0
oInvCollPH,2096,288,00296A32,0,1,1,4294967295,0,0
oInvCollPH,2096,304,001254BD,0,1,1,4294967295,0,0
oInvCollPH,2096,320,001A4220,0,1,1,4294967295,0,0
oInvCollPH,2096,336,001AB8F1,0,1,1,4294967295,0,0
oInvCollPH,2112,256,0028DA05,0,1,1,4294967295,0,0
oInvCollPH,2128,256,0003A44B,0,1,1,4294967295,0,0
oInvCollPH,2144,256,00029BCD,0,1,1,4294967295,0,0
oInvCollPH,2144,272,003C78A2,0,1,1,4294967295,0,0
oInvCollPH,2144,288,0022B267,0,1,1,4294967295,0,0
oInvCollPH,2144,304,00104F93,0,1,1,4294967295,0,0
oInvCollPH,2144,320,0033D912,0,1,1,4294967295,0,0
oInvCollPH,2144,336,002BBCCD,0,1,1,4294967295,0,0
oInvCollPH,2336,240,0034BBE9,0,1,1,4294967295,0,0
oInvCollPH,2336,256,002F7D7C,0,1,1,4294967295,0,0
oInvCollPH,2336,272,001FEB66,0,1,1,4294967295,0,0
oInvCollPH,2336,288,002EAF22,0,1,1,4294967295,0,0
oInvCollPH,2336,304,00192DE4,0,1,1,4294967295,0,0
oInvCollPH,2336,320,0003CFFE,0,1,1,4294967295,0,0
oInvCollPH,2336,336,000AF88F,0,1,1,4294967295,0,0
oInvCollPH,2352,224,000D5AB5,0,1,1,4294967295,0,0
oInvCollPH,2368,224,0017C6B3,0,1,1,4294967295,0,0
oInvCollPH,2384,224,000C4E4F,0,1,1,4294967295,0,0
oInvCollPH,2400,224,00377ECC,0,1,1,4294967295,0,0
oInvCollPH,2416,224,0022E27B,0,1,1,4294967295,0,0
oInvCollPH,2416,240,000FACA4,0,1,1,4294967295,0,0
oInvCollPH,2416,256,0000D12B,0,1,1,4294967295,0,0
oInvCollPH,2416,272,00085B04,0,1,1,4294967295,0,0
oInvCollPH,2416,288,00078D1D,0,1,1,4294967295,0,0
oInvCollPH,2416,304,001FA5E4,0,1,1,4294967295,0,0
oInvCollPH,2224,112,003DEBCC,0,1,1,4294967295,0,0
oInvCollPH,2224,128,0026737B,0,1,1,4294967295,0,0
oInvCollPH,2240,128,003A68C3,0,1,1,4294967295,0,0
oInvCollPH,2256,128,00047855,0,1,1,4294967295,0,0
oInvCollPH,2272,128,0033CED2,0,1,1,4294967295,0,0
oInvCollPH,2288,128,003681A1,0,1,1,4294967295,0,0
oInvCollPH,2304,128,0026D7D5,0,1,1,4294967295,0,0
oInvCollPH,2304,112,0006B9AC,0,1,1,4294967295,0,0
oInvCollPH,2304,96,00189A68,0,1,1,4294967295,0,0
oInvCollPH,1808,112,0034B03C,0,1,1,4294967295,0,0
oInvCollPH,1808,128,0013C09E,0,1,1,4294967295,0,0
oInvCollPH,1824,128,0037CD62,0,1,1,4294967295,0,0
oInvCollPH,1840,128,0024EA11,0,1,1,4294967295,0,0
oInvCollPH,1856,128,0013BA59,0,1,1,4294967295,0,0
oInvCollPH,1872,128,002C3066,0,1,1,4294967295,0,0
oInvCollPH,1888,128,003E3E14,0,1,1,4294967295,0,0
oInvCollPH,1904,128,001E306D,0,1,1,4294967295,0,0
oInvCollPH,1920,128,002FC668,0,1,1,4294967295,0,0
oInvCollPH,1920,112,0026BFA9,0,1,1,4294967295,0,0
oInvCollPH,1920,96,00399EAB,0,1,1,4294967295,0,0
oInvCollPH,1936,80,0011F714,0,1,1,4294967295,0,0
oInvCollPH,1952,80,002D4ED3,0,1,1,4294967295,0,0
oInvCollPH,1808,32,00134E81,0,1,1,4294967295,0,0
oInvCollPH,1808,48,001E05E3,0,1,1,4294967295,0,0
oInvCollPH,1808,64,002EB1E5,0,1,1,4294967295,0,0
oInvCollPH,1808,80,00337B91,0,1,1,4294967295,0,0
oInvCollPH,2304,80,0023ADF5,0,1,1,4294967295,0,0
oInvCollPH,2304,64,003D2A2F,0,1,1,4294967295,0,0
oInvCollPH,2208,80,0039B40D,0,1,1,4294967295,0,0
oInvCollPH,2192,80,00382468,0,1,1,4294967295,0,0
oInvCollPH,2176,80,0016F122,0,1,1,4294967295,0,0
oInvCollPH,2160,80,003D0CD5,0,1,1,4294967295,0,0
oInvCollPH,2048,80,003305C6,0,1,1,4294967295,0,0
oInvCollPH,2064,80,002B9CC8,0,1,1,4294967295,0,0
oInvCollPH,1968,80,00005212,0,1,1,4294967295,0,0
oInvCollPH,1984,80,0013351A,0,1,1,4294967295,0,0
oInvCollPH,2000,80,0003B83B,0,1,1,4294967295,0,0
oInvCollPH,2016,80,002E2CCF,0,1,1,4294967295,0,0
oInvCollPH,2032,80,0024467D,0,1,1,4294967295,0,0
oInvCollPH,2080,80,0027E21E,0,1,1,4294967295,0,0
oInvCollPH,2096,80,000A9B86,0,1,1,4294967295,0,0
oInvCollPH,2112,80,0007E2DA,0,1,1,4294967295,0,0
oInvCollPH,2128,80,003A9BBD,0,1,1,4294967295,0,0
oInvCollPH,2144,80,000F9FD6,0,1,1,4294967295,0,0
oInvCollPH,512,16,003F99B9,0,1,1,4294967295,0,0
oInvCollPH,528,16,0019FE98,0,1,1,4294967295,0,0
oInvCollPH,544,16,000C98E2,0,1,1,4294967295,0,0
oInvCollPH,560,16,003464D4,0,1,1,4294967295,0,0
oInvCollPH,576,16,002E26A4,0,1,1,4294967295,0,0
oInvCollPH,592,16,00019BB3,0,1,1,4294967295,0,0
oInvCollPH,608,16,00239DA0,0,1,1,4294967295,0,0
oInvCollPH,624,16,0024B269,0,1,1,4294967295,0,0
oInvCollPH,640,16,0031DCE3,0,1,1,4294967295,0,0
oInvCollPH,656,16,003E3B35,0,1,1,4294967295,0,0
oInvCollPH,800,16,003654C6,0,1,1,4294967295,0,0
oInvCollPH,816,16,00276DFE,0,1,1,4294967295,0,0
oInvCollPH,832,16,00403EC3,0,1,1,4294967295,0,0
oInvCollPH,848,16,00024956,0,1,1,4294967295,0,0
oInvCollPH,864,16,002925FC,0,1,1,4294967295,0,0
oInvCollPH,880,16,002095C2,0,1,1,4294967295,0,0
oInvCollPH,896,16,003BC4A2,0,1,1,4294967295,0,0
oInvCollPH,912,16,00058891,0,1,1,4294967295,0,0
oInvCollPH,928,16,001402F5,0,1,1,4294967295,0,0
oInvCollPH,944,16,0005224C,0,1,1,4294967295,0,0
oInvCollPH,960,16,002023AF,0,1,1,4294967295,0,0
oInvCollPH,976,16,00244EC2,0,1,1,4294967295,0,0
oInvCollPH,992,16,0016519B,0,1,1,4294967295,0,0
oInvCollPH,1008,16,003F4B36,0,1,1,4294967295,0,0
oInvCollPH,1024,16,000E6283,0,1,1,4294967295,0,0
oInvCollPH,1040,16,00032ABB,0,1,1,4294967295,0,0
oInvCollPH,1056,16,001B7F07,0,1,1,4294967295,0,0
oInvCollPH,1072,16,001581C8,0,1,1,4294967295,0,0
oInvCollPH,1088,16,003F5D9A,0,1,1,4294967295,0,0
oInvCollPH,1104,16,00137848,0,1,1,4294967295,0,0
oInvCollPH,1120,16,0034ED78,0,1,1,4294967295,0,0
oInvCollPH,1136,16,001FE5EF,0,1,1,4294967295,0,0
oInvCollPH,1152,16,001C583B,0,1,1,4294967295,0,0
oInvCollPH,1168,16,001D9E56,0,1,1,4294967295,0,0
oInvCollPH,1184,16,0010B642,0,1,1,4294967295,0,0
oInvCollPH,1200,16,000688F3,0,1,1,4294967295,0,0
oInvCollPH,1216,16,0020F901,0,1,1,4294967295,0,0
oInvCollPH,1232,16,002D85AD,0,1,1,4294967295,0,0
oInvCollPH,1248,16,00100B44,0,1,1,4294967295,0,0
oInvCollPH,1264,16,00190B07,0,1,1,4294967295,0,0
oInvCollPH,1280,16,00229154,0,1,1,4294967295,0,0
oInvCollPH,1296,16,000C01D4,0,1,1,4294967295,0,0
oInvCollPH,1312,16,0023ED10,0,1,1,4294967295,0,0
oInvCollPH,1328,16,000F1DFF,0,1,1,4294967295,0,0
oInvCollPH,1344,16,0036A183,0,1,1,4294967295,0,0
oInvCollPH,1360,16,00073F98,0,1,1,4294967295,0,0
oInvCollPH,1376,16,002F6372,0,1,1,4294967295,0,0
oInvCollPH,1392,16,001EB28A,0,1,1,4294967295,0,0
oInvCollPH,1408,16,003721C5,0,1,1,4294967295,0,0
oInvCollPH,1424,16,00384EE2,0,1,1,4294967295,0,0
oInvCollPH,1440,16,001A0334,0,1,1,4294967295,0,0
oInvCollPH,1456,16,003A2AB3,0,1,1,4294967295,0,0
oInvCollPH,1472,16,0037574E,0,1,1,4294967295,0,0
oInvCollPH,1488,16,000161BF,0,1,1,4294967295,0,0
oInvCollPH,1504,16,002070A1,0,1,1,4294967295,0,0
oInvCollPH,1520,16,001DE6D5,0,1,1,4294967295,0,0
oInvCollPH,1536,16,003D661F,0,1,1,4294967295,0,0
oInvCollPH,1552,16,003AAEF0,0,1,1,4294967295,0,0
oInvCollPH,1568,16,0036343F,0,1,1,4294967295,0,0
oInvCollPH,1584,16,001DFC42,0,1,1,4294967295,0,0
oInvCollPH,1600,16,0000AC1D,0,1,1,4294967295,0,0
oInvCollPH,1616,16,003E2EA5,0,1,1,4294967295,0,0
oInvCollPH,1632,16,002B7B7F,0,1,1,4294967295,0,0
oInvCollPH,1648,16,0032EC83,0,1,1,4294967295,0,0
oInvCollPH,1664,16,000D833C,0,1,1,4294967295,0,0
oInvCollPH,1680,16,002BF3D0,0,1,1,4294967295,0,0
oInvCollPH,1696,16,000A2940,0,1,1,4294967295,0,0
oInvCollPH,1712,16,001075BE,0,1,1,4294967295,0,0
oInvCollPH,1728,16,002652CB,0,1,1,4294967295,0,0
oInvCollPH,1744,16,0039119C,0,1,1,4294967295,0,0
oInvCollPH,1760,16,00102672,0,1,1,4294967295,0,0
oInvCollPH,1776,16,00266426,0,1,1,4294967295,0,0
oInvCollPH,1792,16,000EF13F,0,1,1,4294967295,0,0
oInvCollPH,1808,256,001F75AF,0,1,1,4294967295,0,0
oInvCollPH,1808,272,000D141C,0,1,1,4294967295,0,0
oInvCollPH,1808,288,0012D967,0,1,1,4294967295,0,0
oInvCollPH,1824,240,001D5496,0,1,1,4294967295,0,0
oInvCollPH,1840,240,002B5FAC,0,1,1,4294967295,0,0
oInvCollPH,1856,240,000C8026,0,1,1,4294967295,0,0
oInvCollPH,1872,240,000F36A3,0,1,1,4294967295,0,0
oInvCollPH,1888,240,002D4F05,0,1,1,4294967295,0,0
oInvCollPH,1904,240,00010DC2,0,1,1,4294967295,0,0
oInvCollPH,1920,240,0024DCC2,0,1,1,4294967295,0,0
oInvCollPH,1936,240,0027E88F,0,1,1,4294967295,0,0
oInvCollPH,1952,240,002FB89F,0,1,1,4294967295,0,0
oInvCollPH,1968,240,00398EFD,0,1,1,4294967295,0,0
oInvCollPH,1984,240,000FFEEA,0,1,1,4294967295,0,0
oInvCollPH,1984,256,002117E5,0,1,1,4294967295,0,0
oInvCollPH,1984,272,00345C75,0,1,1,4294967295,0,0
oInvCollPH,1984,288,0003C036,0,1,1,4294967295,0,0
oInvCollPH,1984,304,0010E9A9,0,1,1,4294967295,0,0
oInvCollPH,1984,320,0032557D,0,1,1,4294967295,0,0
oInvCollPH,1984,336,003CD987,0,1,1,4294967295,0,0
oInvCollPH,1808,304,00101ADB,0,1,1,4294967295,0,0
oInvCollPH,1808,320,00323569,0,1,1,4294967295,0,0
oInvCollPH,1808,336,00297C31,0,1,1,4294967295,0,0
oInvCollPH,2480,80,0003AA06,0,1,1,4294967295,0,0
oInvCollPH,2496,80,003EE381,0,1,1,4294967295,0,0
oInvCollPH,2512,80,000DB29D,0,1,1,4294967295,0,0
oInvCollPH,2528,80,00159150,0,1,1,4294967295,0,0
oInvCollPH,2544,80,003F59F0,0,1,1,4294967295,0,0
oInvCollPH,2560,80,000961EE,0,1,1,4294967295,0,0
oInvCollPH,2560,64,0016C402,0,1,1,4294967295,0,0
oInvCollPH,2592,256,003D09B9,0,1,1,4294967295,0,0
oInvCollPH,2592,272,002471D1,0,1,1,4294967295,0,0
oInvCollPH,2592,288,001CCCA0,0,1,1,4294967295,0,0
oInvCollPH,2688,64,00022C4E,0,1,1,4294967295,0,0
oInvCollPH,2704,64,0029AA9A,0,1,1,4294967295,0,0
oInvCollPH,2720,64,002CBD35,0,1,1,4294967295,0,0
oInvCollPH,2592,304,00055DD5,0,1,1,4294967295,0,0
oInvCollPH,2592,320,002E212E,0,1,1,4294967295,0,0
oInvCollPH,2592,336,00194F86,0,1,1,4294967295,0,0
oInvCollPH,2608,240,002A6AF6,0,1,1,4294967295,0,0
oInvCollPH,2624,240,001DA960,0,1,1,4294967295,0,0
oInvCollPH,2640,240,00129E6B,0,1,1,4294967295,0,0
oInvCollPH,2656,240,0007475E,0,1,1,4294967295,0,0
oInvCollPH,2656,256,0033223F,0,1,1,4294967295,0,0
oInvCollPH,2656,272,000257B6,0,1,1,4294967295,0,0
oInvCollPH,2656,288,002BB75A,0,1,1,4294967295,0,0
oInvCollPH,2656,304,0033097D,0,1,1,4294967295,0,0
oInvCollPH,2656,320,00267DCE,0,1,1,4294967295,0,0
oInvCollPH,3072,64,0035B07E,0,1,1,4294967295,0,0
oInvCollPH,3088,64,0020849B,0,1,1,4294967295,0,0
oInvCollPH,3104,64,002C1F5B,0,1,1,4294967295,0,0
oInvCollPH,3120,64,0039E7A3,0,1,1,4294967295,0,0
oInvCollPH,3136,64,002A3A1A,0,1,1,4294967295,0,0
oInvCollPH,3152,64,002F2C55,0,1,1,4294967295,0,0
oInvCollPH,3168,64,000EE8CE,0,1,1,4294967295,0,0
oInvCollPH,3184,64,002CA48C,0,1,1,4294967295,0,0
oInvCollPH,3200,64,00095FB6,0,1,1,4294967295,0,0
oInvCollPH,2896,80,002F1E33,0,1,1,4294967295,0,0
oInvCollPH,2912,80,0030F1C3,0,1,1,4294967295,0,0
oInvCollPH,2912,64,00345AEF,0,1,1,4294967295,0,0
oInvCollPH,2816,192,00082D48,0,1,1,4294967295,0,0
oInvCollPH,2816,208,002923F8,0,1,1,4294967295,0,0
oInvCollPH,2816,224,0030E983,0,1,1,4294967295,0,0
oInvCollPH,2816,240,001D280C,0,1,1,4294967295,0,0
oInvCollPH,2816,256,00083074,0,1,1,4294967295,0,0
oInvCollPH,2816,272,0029A581,0,1,1,4294967295,0,0
oInvCollPH,2816,288,00305393,0,1,1,4294967295,0,0
oInvCollPH,2816,304,00304036,0,1,1,4294967295,0,0
oInvCollPH,2816,320,00101A1D,0,1,1,4294967295,0,0
oInvCollPH,2816,336,0004ED26,0,1,1,4294967295,0,0
oInvCollPH,2848,336,000544A5,0,1,1,4294967295,0,0
oInvCollPH,2848,320,003C095B,0,1,1,4294967295,0,0
oInvCollPH,2848,304,003590A2,0,1,1,4294967295,0,0
oInvCollPH,2848,288,00159317,0,1,1,4294967295,0,0
oInvCollPH,2848,272,000B3E8A,0,1,1,4294967295,0,0
oInvCollPH,2848,256,00308878,0,1,1,4294967295,0,0
oInvCollPH,2848,240,0023630D,0,1,1,4294967295,0,0
oInvCollPH,2848,224,0008CD36,0,1,1,4294967295,0,0
oInvCollPH,2848,208,000230E2,0,1,1,4294967295,0,0
oInvCollPH,2848,192,000C9BA8,0,1,1,4294967295,0,0
oInvCollPH,2832,176,00395504,0,1,1,4294967295,0,0
oInvCollPH,2976,224,002491D1,0,1,1,4294967295,0,0
oInvCollPH,2976,240,00031CF3,0,1,1,4294967295,0,0
oInvCollPH,2976,256,002C305F,0,1,1,4294967295,0,0
oInvCollPH,2976,272,000BCD34,0,1,1,4294967295,0,0
oInvCollPH,2976,288,0039310F,0,1,1,4294967295,0,0
oInvCollPH,2976,304,00198648,0,1,1,4294967295,0,0
oInvCollPH,2976,320,00145B07,0,1,1,4294967295,0,0
oInvCollPH,2976,336,0024F52D,0,1,1,4294967295,0,0
oInvCollPH,3120,224,0009A045,0,1,1,4294967295,0,0
oInvCollPH,3120,208,0026856D,0,1,1,4294967295,0,0
oInvCollPH,3104,208,00314752,0,1,1,4294967295,0,0
oInvCollPH,3088,208,002AA3AD,0,1,1,4294967295,0,0
oInvCollPH,3072,208,00002A74,0,1,1,4294967295,0,0
oInvCollPH,3056,208,00006E3A,0,1,1,4294967295,0,0
oInvCollPH,3040,208,003DFFF6,0,1,1,4294967295,0,0
oInvCollPH,3024,208,002B9B44,0,1,1,4294967295,0,0
oInvCollPH,2992,208,00142C82,0,1,1,4294967295,0,0
oInvCollPH,3200,272,001254BE,0,1,1,4294967295,0,0
oInvCollPH,3184,272,002B8F75,0,1,1,4294967295,0,0
oInvCollPH,3168,272,00198FED,0,1,1,4294967295,0,0
oInvCollPH,3152,272,001B76F8,0,1,1,4294967295,0,0
oInvCollPH,3216,272,000BB925,0,1,1,4294967295,0,0
oInvCollPH,3232,288,0022B0FA,0,1,1,4294967295,0,0
oInvCollPH,3232,304,000DDEAB,0,1,1,4294967295,0,0
oInvCollPH,3232,320,000CAF11,0,1,1,4294967295,0,0
oInvCollPH,3232,336,0008448C,0,1,1,4294967295,0,0
oInvCollPH,3408,176,000F8DB3,0,1,1,4294967295,0,0
oInvCollPH,3408,192,00027948,0,1,1,4294967295,0,0
oInvCollPH,3408,208,0009810F,0,1,1,4294967295,0,0
oInvCollPH,3408,224,001E0D26,0,1,1,4294967295,0,0
oInvCollPH,3408,304,003833A1,0,1,1,4294967295,0,0
oInvCollPH,3408,288,003B66FE,0,1,1,4294967295,0,0
oInvCollPH,3408,272,001787FB,0,1,1,4294967295,0,0
oInvCollPH,3408,256,00175AEF,0,1,1,4294967295,0,0
oInvCollPH,3408,240,0029C215,0,1,1,4294967295,0,0
oInvCollPH,3408,320,0029612E,0,1,1,4294967295,0,0
oInvCollPH,3408,336,003FB7A8,0,1,1,4294967295,0,0
oInvCollPH,3456,336,002BD92F,0,1,1,4294967295,0,0
oInvCollPH,3456,320,001FE99F,0,1,1,4294967295,0,0
oInvCollPH,3456,304,00256D1A,0,1,1,4294967295,0,0
oInvCollPH,3456,288,001A3226,0,1,1,4294967295,0,0
oInvCollPH,3456,272,00194786,0,1,1,4294967295,0,0
oInvCollPH,3456,256,00105A4F,0,1,1,4294967295,0,0
oInvCollPH,3456,240,0029EA48,0,1,1,4294967295,0,0
oInvCollPH,3456,224,00202794,0,1,1,4294967295,0,0
oInvCollPH,3456,208,00128785,0,1,1,4294967295,0,0
oInvCollPH,3456,192,001D5273,0,1,1,4294967295,0,0
oInvCollPH,3456,176,00091A4E,0,1,1,4294967295,0,0
oInvCollPH,3440,160,002599E8,0,1,1,4294967295,0,0
oInvCollPH,3632,80,00041E97,0,1,1,4294967295,0,0
oInvCollPH,3632,96,003BD97E,0,1,1,4294967295,0,0
oInvCollPH,3648,96,002B0FA8,0,1,1,4294967295,0,0
oInvCollPH,3664,96,0037DC17,0,1,1,4294967295,0,0
oInvCollPH,3680,96,00045609,0,1,1,4294967295,0,0
oInvCollPH,3680,80,002DE883,0,1,1,4294967295,0,0
oInvCollPH,3680,64,002B0D38,0,1,1,4294967295,0,0
oInvCollPH,3696,256,0023A110,0,1,1,4294967295,0,0
oInvCollPH,3696,272,000FE2F3,0,1,1,4294967295,0,0
oInvCollPH,3696,288,003FFC9E,0,1,1,4294967295,0,0
oInvCollPH,3696,304,00049102,0,1,1,4294967295,0,0
oInvCollPH,3696,320,003C8144,0,1,1,4294967295,0,0
oInvCollPH,3696,336,00072622,0,1,1,4294967295,0,0
oInvCollPH,3728,240,0005FDA2,0,1,1,4294967295,0,0
oInvCollPH,3744,240,0006D137,0,1,1,4294967295,0,0
oInvCollPH,3760,240,000936BD,0,1,1,4294967295,0,0
oInvCollPH,3760,256,002F4F23,0,1,1,4294967295,0,0
oInvCollPH,3760,272,002C238D,0,1,1,4294967295,0,0
oInvCollPH,3760,288,001A4747,0,1,1,4294967295,0,0
oInvCollPH,3760,304,00116716,0,1,1,4294967295,0,0
oInvCollPH,3760,320,0007F270,0,1,1,4294967295,0,0
oInvCollPH,3760,336,0032DE9C,0,1,1,4294967295,0,0
oInvCollPH,3808,64,00355CFC,0,1,1,4294967295,0,0
oInvCollPH,3872,64,000C73BC,0,1,1,4294967295,0,0
oInvCollPH,3936,48,001D446A,0,1,1,4294967295,0,0
oInvCollPH,3392,32,000DA4E2,0,1,1,4294967295,0,0
oInvCollPH,3408,32,00292E55,0,1,1,4294967295,0,0
oInvCollPH,3424,32,000FB1EF,0,1,1,4294967295,0,0
oInvCollPH,3440,32,00025AEC,0,1,1,4294967295,0,0
oInvCollPH,3456,32,001D7B32,0,1,1,4294967295,0,0
oInvCollPH,3472,32,0002C0F2,0,1,1,4294967295,0,0
oInvCollPH,4000,32,001DE44A,0,1,1,4294967295,0,0
oInvCollPH,4016,32,003F2734,0,1,1,4294967295,0,0
oInvCollPH,4032,32,000A9EA5,0,1,1,4294967295,0,0
oInvCollPH,4048,32,00112926,0,1,1,4294967295,0,0
oInvCollPH,4064,32,003C4762,0,1,1,4294967295,0,0
oInvCollPH,4080,32,0035B15C,0,1,1,4294967295,0,0
oInvCollPH,4576,64,003DA9AF,0,1,1,4294967295,0,0
oInvCollPH,4576,80,0026AD62,0,1,1,4294967295,0,0
oInvCollPH,4576,96,0018850F,0,1,1,4294967295,0,0
oInvCollPH,4576,112,0029794E,0,1,1,4294967295,0,0
oInvCollPH,4576,128,002B31EE,0,1,1,4294967295,0,0
oInvCollPH,4576,160,0013F242,0,1,1,4294967295,0,0
oInvCollPH,4576,144,003D45ED,0,1,1,4294967295,0,0
oInvCollPH,4592,192,0034641D,0,1,1,4294967295,0,0
oInvCollPH,4608,192,000A6ED6,0,1,1,4294967295,0,0
oInvCollPH,4576,176,001674FC,0,1,1,4294967295,0,0
oInvCollPH,4576,192,0005AFDF,0,1,1,4294967295,0,0
oInvCollPH,4640,192,0033A476,0,1,1,4294967295,0,0
oInvCollPH,4560,272,002EAC95,0,1,1,4294967295,0,0
oInvCollPH,4544,272,0039D25A,0,1,1,4294967295,0,0
oInvCollPH,4528,272,002BFD57,0,1,1,4294967295,0,0
oInvCollPH,4512,288,002DB945,0,1,1,4294967295,0,0
oInvCollPH,4512,304,002B6A37,0,1,1,4294967295,0,0
oInvCollPH,4512,320,001DE883,0,1,1,4294967295,0,0
oInvCollPH,4512,336,002875D9,0,1,1,4294967295,0,0
oInvCollPH,4016,160,00274A3A,0,1,1,4294967295,0,0
oInvCollPH,4000,176,0000B4DA,0,1,1,4294967295,0,0
oInvCollPH,3984,176,00092CC2,0,1,1,4294967295,0,0
oInvCollPH,3968,176,000721C1,0,1,1,4294967295,0,0
oInvCollPH,3952,256,003E92BC,0,1,1,4294967295,0,0
oInvCollPH,3952,240,0000CB84,0,1,1,4294967295,0,0
oInvCollPH,3952,224,003C15EF,0,1,1,4294967295,0,0
oInvCollPH,3952,208,0010310C,0,1,1,4294967295,0,0
oInvCollPH,3952,192,0034D5DF,0,1,1,4294967295,0,0
oInvCollPH,4256,240,001B1700,0,1,1,4294967295,0,0
oInvCollPH,4256,224,00033D4C,0,1,1,4294967295,0,0
oInvCollPH,4256,208,003DBFA4,0,1,1,4294967295,0,0
oInvCollPH,4256,192,002DBEC1,0,1,1,4294967295,0,0
oInvCollPH,4016,304,001474DE,0,1,1,4294967295,0,0
oInvCollPH,4016,320,000789A7,0,1,1,4294967295,0,0
oInvCollPH,4016,336,002F7019,0,1,1,4294967295,0,0
oInvCollPH,4048,336,000C90E2,0,1,1,4294967295,0,0
oInvCollPH,4048,320,0028983C,0,1,1,4294967295,0,0
oInvCollPH,4048,304,002D0226,0,1,1,4294967295,0,0
oInvCollPH,4048,288,001DDCE4,0,1,1,4294967295,0,0
oInvCollPH,4048,272,00226D85,0,1,1,4294967295,0,0
oInvCollPH,4048,256,0006C342,0,1,1,4294967295,0,0
oInvCollPH,4048,240,0007C5D0,0,1,1,4294967295,0,0
oInvCollPH,4048,224,002A6749,0,1,1,4294967295,0,0
oInvCollPH,4048,208,000DB91A,0,1,1,4294967295,0,0
oInvCollPH,4048,192,002BA4E5,0,1,1,4294967295,0,0
oInvCollPH,4048,176,002188CC,0,1,1,4294967295,0,0
oInvCollPH,4048,160,002EDECF,0,1,1,4294967295,0,0
oInvCollPH,4048,144,00049FA8,0,1,1,4294967295,0,0
oInvCollPH,4256,256,00133190,0,1,1,4294967295,0,0
oInvCollPH,4256,272,00148F4E,0,1,1,4294967295,0,0
oInvCollPH,4256,288,0011DDDA,0,1,1,4294967295,0,0
oInvCollPH,4256,304,00095660,0,1,1,4294967295,0,0
oInvCollPH,4256,320,000D1C2F,0,1,1,4294967295,0,0
oInvCollPH,4256,336,00032230,0,1,1,4294967295,0,0
oInvCollPH,4288,336,003F2C73,0,1,1,4294967295,0,0
oInvCollPH,4288,320,000E2685,0,1,1,4294967295,0,0
oInvCollPH,4288,304,002514EA,0,1,1,4294967295,0,0
oInvCollPH,4288,288,000876AD,0,1,1,4294967295,0,0
oInvCollPH,4288,272,0027A5A9,0,1,1,4294967295,0,0
oInvCollPH,4288,256,003FC185,0,1,1,4294967295,0,0
oInvCollPH,4288,240,0026F0BD,0,1,1,4294967295,0,0
oInvCollPH,4288,224,003C6A2F,0,1,1,4294967295,0,0
oInvCollPH,4288,208,00124DC9,0,1,1,4294967295,0,0
oInvCollPH,4288,192,00196E10,0,1,1,4294967295,0,0
oInvCollPH,4272,176,000CF740,0,1,1,4294967295,0,0
oInvCollPH,4096,48,0015CBC0,0,1,1,4294967295,0,0
oInvCollPH,4112,48,0003344C,0,1,1,4294967295,0,0
oInvCollPH,4128,48,001B0D7A,0,1,1,4294967295,0,0
oInvCollPH,4144,48,00066038,0,1,1,4294967295,0,0
oInvCollPH,4160,48,00230997,0,1,1,4294967295,0,0
oInvCollPH,4176,48,003F4617,0,1,1,4294967295,0,0
oInvCollPH,4192,48,000B26DD,0,1,1,4294967295,0,0
oInvCollPH,4208,48,000349EE,0,1,1,4294967295,0,0
oInvCollPH,4224,48,000C2D98,0,1,1,4294967295,0,0
oInvCollPH,4240,48,00154568,0,1,1,4294967295,0,0
oInvCollPH,4256,48,0002997A,0,1,1,4294967295,0,0
oInvCollPH,4272,48,0027398D,0,1,1,4294967295,0,0
oInvCollPH,4288,48,00383A6F,0,1,1,4294967295,0,0
oInvCollPH,4304,48,000339C2,0,1,1,4294967295,0,0
oInvCollPH,4320,48,00143D27,0,1,1,4294967295,0,0
oInvCollPH,4336,48,001C698E,0,1,1,4294967295,0,0
oInvCollPH,4352,48,002BA4EE,0,1,1,4294967295,0,0
oInvCollPH,4368,48,00020038,0,1,1,4294967295,0,0
oInvCollPH,4384,48,002C10B7,0,1,1,4294967295,0,0
oInvCollPH,4400,48,003DB4F1,0,1,1,4294967295,0,0
oInvCollPH,4416,48,00112525,0,1,1,4294967295,0,0
oInvCollPH,4432,48,0015732D,0,1,1,4294967295,0,0
oInvCollPH,4448,48,00390B9F,0,1,1,4294967295,0,0
oInvCollPH,4464,48,003137B7,0,1,1,4294967295,0,0
oInvCollPH,4480,48,0001D44D,0,1,1,4294967295,0,0
oInvCollPH,4496,48,0003E2F8,0,1,1,4294967295,0,0
oInvCollPH,4512,48,003B23F7,0,1,1,4294967295,0,0
oInvCollPH,4528,48,0033B771,0,1,1,4294967295,0,0
oInvCollPH,4544,48,00276175,0,1,1,4294967295,0,0
oInvCollPH,4560,48,003FE8A0,0,1,1,4294967295,0,0
oInvCollPH,3488,48,003B6B64,0,1,1,4294967295,0,0
oInvCollPH,3504,48,002168C4,0,1,1,4294967295,0,0
oInvCollPH,3520,48,0028DAAB,0,1,1,4294967295,0,0
oInvCollPH,3536,48,000F7EC4,0,1,1,4294967295,0,0
oInvCollPH,3552,48,0013BB47,0,1,1,4294967295,0,0
oInvCollPH,3568,48,0027497C,0,1,1,4294967295,0,0
oInvCollPH,3584,48,000ACF17,0,1,1,4294967295,0,0
oInvCollPH,3600,48,000C7894,0,1,1,4294967295,0,0
oInvCollPH,3616,48,00059B30,0,1,1,4294967295,0,0
oInvCollPH,3696,48,003706B4,0,1,1,4294967295,0,0
oInvCollPH,3712,48,0026EA5E,0,1,1,4294967295,0,0
oInvCollPH,3728,48,00198EE9,0,1,1,4294967295,0,0
oInvCollPH,3744,48,000D1A8D,0,1,1,4294967295,0,0
oInvCollPH,3760,48,0033A2EB,0,1,1,4294967295,0,0
oInvCollPH,3776,48,0026B025,0,1,1,4294967295,0,0
oInvCollPH,3824,48,0029ED8D,0,1,1,4294967295,0,0
oInvCollPH,3840,48,002CD305,0,1,1,4294967295,0,0
oInvCollPH,3888,48,002AA63A,0,1,1,4294967295,0,0
oInvCollPH,3904,48,00150260,0,1,1,4294967295,0,0
oInvCollPH,3952,48,002CCEFA,0,1,1,4294967295,0,0
oInvCollPH,3968,48,00216FD2,0,1,1,4294967295,0,0
oInvCollPH,3984,48,0010F476,0,1,1,4294967295,0,0
oInvCollPH,2320,48,001756D0,0,1,1,4294967295,0,0
oInvCollPH,2336,48,00299173,0,1,1,4294967295,0,0
oInvCollPH,2352,48,00153515,0,1,1,4294967295,0,0
oInvCollPH,2368,48,003EA0FB,0,1,1,4294967295,0,0
oInvCollPH,2384,48,000EFD24,0,1,1,4294967295,0,0
oInvCollPH,2400,48,0003000D,0,1,1,4294967295,0,0
oInvCollPH,2416,48,00251B64,0,1,1,4294967295,0,0
oInvCollPH,2432,48,001BE56B,0,1,1,4294967295,0,0
oInvCollPH,2448,48,0026D64C,0,1,1,4294967295,0,0
oInvCollPH,2464,48,00344C94,0,1,1,4294967295,0,0
oInvCollPH,2576,48,0021EFD3,0,1,1,4294967295,0,0
oInvCollPH,2592,48,0003FA05,0,1,1,4294967295,0,0
oInvCollPH,2608,48,003B5EAE,0,1,1,4294967295,0,0
oInvCollPH,2624,48,00166C3A,0,1,1,4294967295,0,0
oInvCollPH,2640,48,000574A4,0,1,1,4294967295,0,0
oInvCollPH,2656,48,000D09B1,0,1,1,4294967295,0,0
oInvCollPH,2736,48,000AFDEE,0,1,1,4294967295,0,0
oInvCollPH,2752,48,0006935B,0,1,1,4294967295,0,0
oInvCollPH,2768,48,001D250B,0,1,1,4294967295,0,0
oInvCollPH,2784,48,00094551,0,1,1,4294967295,0,0
oInvCollPH,2800,48,0035B650,0,1,1,4294967295,0,0
oInvCollPH,2816,48,00223DF5,0,1,1,4294967295,0,0
oInvCollPH,2832,48,002F8485,0,1,1,4294967295,0,0
oInvCollPH,2848,48,000E8346,0,1,1,4294967295,0,0
oInvCollPH,2864,48,003CE10D,0,1,1,4294967295,0,0
oInvCollPH,2880,48,0008D6CC,0,1,1,4294967295,0,0
oInvCollPH,2928,48,001E6479,0,1,1,4294967295,0,0
oInvCollPH,2944,48,00039862,0,1,1,4294967295,0,0
oInvCollPH,2960,48,002D7019,0,1,1,4294967295,0,0
oInvCollPH,2976,48,0039DF8D,0,1,1,4294967295,0,0
oInvCollPH,2992,48,0007C946,0,1,1,4294967295,0,0
oInvCollPH,3008,48,0022D3A5,0,1,1,4294967295,0,0
oInvCollPH,3024,48,002E8745,0,1,1,4294967295,0,0
oInvCollPH,3040,48,00307DDB,0,1,1,4294967295,0,0
oInvCollPH,3216,48,00193F81,0,1,1,4294967295,0,0
oInvCollPH,3232,48,002BEE31,0,1,1,4294967295,0,0
oInvCollPH,3248,48,000ED2EE,0,1,1,4294967295,0,0
oInvCollPH,3264,48,002C659C,0,1,1,4294967295,0,0
oInvCollPH,3280,48,0008809B,0,1,1,4294967295,0,0
oInvCollPH,3296,48,0039DF7C,0,1,1,4294967295,0,0
oInvCollPH,3312,48,0003D9B4,0,1,1,4294967295,0,0
oInvCollPH,3328,48,000A70E8,0,1,1,4294967295,0,0
oInvCollPH,3344,48,001C9CA4,0,1,1,4294967295,0,0
oInvCollPH,3360,48,003AEFA4,0,1,1,4294967295,0,0
oInvCollPH,3376,48,00041772,0,1,1,4294967295,0,0
oInvCollPH,3424,160,001E2CD0,0,1,1,4294967295,0,0
oInvCollPH,3232,272,00185E23,0,1,1,4294967295,0,0
oInvCollPH,3920,48,0013CE36,0,1,1,4294967295,0,0
oInvCollPH,4032,144,00250A98,0,1,1,4294967295,0,0
oInvCollPH,4288,176,003429FE,0,1,1,4294967295,0,0
oInvCollPH,2848,176,00271BCD,0,1,1,4294967295,0,0
oInvCollPH,3008,208,002BFD87,0,1,1,4294967295,0,0
oInvCollPH,3120,240,002DE559,0,1,1,4294967295,0,0
oInvCollPH,3120,256,0014E35F,0,1,1,4294967295,0,0
oInvCollPH,2656,336,00009569,0,1,1,4294967295,0,0
oInvCollPH,3712,240,001A04D8,0,1,1,4294967295,0,0
oInvCollPH,3456,160,0029D004,0,1,1,4294967295,0,0
oInvCollPH,3952,272,001B46B8,0,1,1,4294967295,0,0
oInvCollPH,3952,288,00145921,0,1,1,4294967295,0,0
oInvCollPH,3968,288,00280B99,0,1,1,4294967295,0,0
oInvCollPH,3984,288,0012570F,0,1,1,4294967295,0,0
oInvCollPH,4000,288,000103E4,0,1,1,4294967295,0,0
oInvCollPH,4624,192,00292C41,0,1,1,4294967295,0,0
oInvCollPH,4576,272,0035C901,0,1,1,4294967295,0,0
oInvCollPH,2416,320,003B48FF,0,1,1,4294967295,0,0
oInvCollPH,2416,336,00375316,0,1,1,4294967295,0,0
oInvCollPH,4640,176,003E597E,0,1,1,4294967295,0,0
oInvCollPH,4640,160,000B4B93,0,1,1,4294967295,0,0
oInvCollPH,4640,144,002770F1,0,1,1,4294967295,0,0
oInvCollPH,4640,128,002A80A7,0,1,1,4294967295,0,0
oInvCollPH,4640,112,00206EE0,0,1,1,4294967295,0,0
oInvCollPH,4640,96,00246267,0,1,1,4294967295,0,0
oInvCollPH,4640,80,001C4849,0,1,1,4294967295,0,0
oInvCollPH,4640,64,0027137E,0,1,1,4294967295,0,0
oInvCollPH,4640,48,00210380,0,1,1,4294967295,0,0
oInvCollPH,4640,32,004042BE,0,1,1,4294967295,0,0
oInvCollPH,4656,272,0026DD23,0,1,1,4294967295,0,0
oInvCollPH,4640,272,002BC3F9,0,1,1,4294967295,0,0
oInvCollPH,4624,272,001E3E96,0,1,1,4294967295,0,0
oInvCollPH,4608,272,001D8075,0,1,1,4294967295,0,0
oInvCollPH,4592,272,003638B5,0,1,1,4294967295,0,0
oInvCollPH,4672,272,0011AFFB,0,1,1,4294967295,0,0
oInvCollPH,4688,272,0034309A,0,1,1,4294967295,0,0
oInvCollPH,4704,272,0005E655,0,1,1,4294967295,0,0
oInvCollPH,4736,96,001146EF,0,1,1,4294967295,0,0
oInvCollPH,4752,96,0011D8DE,0,1,1,4294967295,0,0
oInvCollPH,4768,96,001D3F34,0,1,1,4294967295,0,0
oInvCollPH,4784,96,000DF21F,0,1,1,4294967295,0,0
oInvCollPH,4800,96,003CAACC,0,1,1,4294967295,0,0
oInvCollPH,4816,96,0029C3DE,0,1,1,4294967295,0,0
oInvCollPH,4832,96,000E3463,0,1,1,4294967295,0,0
oInvCollPH,4848,96,003D0366,0,1,1,4294967295,0,0
oInvCollPH,4864,96,00218762,0,1,1,4294967295,0,0
oInvCollPH,4880,96,00098CD2,0,1,1,4294967295,0,0
oInvCollPH,4896,96,0039963A,0,1,1,4294967295,0,0
oInvCollPH,4720,112,0038FB6E,0,1,1,4294967295,0,0
oInvCollPH,4720,128,0014719A,0,1,1,4294967295,0,0
oInvCollPH,4720,144,000A4C93,0,1,1,4294967295,0,0
oInvCollPH,4720,160,002012AA,0,1,1,4294967295,0,0
oInvCollPH,4720,240,00276BC8,0,1,1,4294967295,0,0
oInvCollPH,4720,224,001CA3DA,0,1,1,4294967295,0,0
oInvCollPH,4720,208,003CEDB1,0,1,1,4294967295,0,0
oInvCollPH,4720,192,00269CC7,0,1,1,4294967295,0,0
oInvCollPH,4720,176,00005403,0,1,1,4294967295,0,0
oInvCollPH,4720,256,00097E4F,0,1,1,4294967295,0,0
oInvCollPH,4656,16,00340226,0,1,1,4294967295,0,0
oInvCollPH,4672,16,0035E29D,0,1,1,4294967295,0,0
oInvCollPH,4688,16,002FD0FC,0,1,1,4294967295,0,0
oInvCollPH,4704,16,0004103A,0,1,1,4294967295,0,0
oInvCollPH,4720,16,00359B67,0,1,1,4294967295,0,0
oInvCollPH,4736,16,003969F6,0,1,1,4294967295,0,0
oInvCollPH,4752,16,00092D30,0,1,1,4294967295,0,0
oInvCollPH,4768,16,00027216,0,1,1,4294967295,0,0
oInvCollPH,4784,16,0019DAA2,0,1,1,4294967295,0,0
oInvCollPH,4800,16,000A97F3,0,1,1,4294967295,0,0
oInvCollPH,4816,16,001D16E7,0,1,1,4294967295,0,0
oInvCollPH,4832,16,001623FF,0,1,1,4294967295,0,0
oInvCollPH,4848,16,002E1104,0,1,1,4294967295,0,0
oInvCollPH,4864,16,00282CAE,0,1,1,4294967295,0,0
oInvCollPH,4880,16,00049503,0,1,1,4294967295,0,0
oInvCollPH,4896,16,001ACA0F,0,1,1,4294967295,0,0
oInvisibleSolid,160,160,003B1C52,0,1,1,4294967295,0,1
oInvisibleSolid,112,144,0025C395,0,1,1,4294967295,0,1
oInvisibleSolid,0,0,0015286B,0,1,1,4294967295,0,1
oInvisibleSolid,96,0,001DC6EC,0,1,1,4294967295,0,1
oInvisibleSolid,0,128,0025DCE0,0,1,1,4294967295,0,1
oInvisibleSolid,0,288,001838C8,0,1,1,4294967295,0,1
oInvisibleSolid,352,240,003184CE,0,1,1,4294967295,0,1
oInvisibleSolid,672,272,00243209,0,1,1,4294967295,0,1
oInvisibleSolid,448,0,002A8AB9,0,1,1,4294967295,0,1
oInvisibleSolid,480,0,00086A9C,0,1,1,4294967295,0,1
oInvisibleSolid,512,0,0006AFCC,0,1,1,4294967295,0,1
oInvisibleSolid,976,144,0006F6A7,0,1,1,4294967295,0,1
oInvisibleSolid,672,32,0005283E,0,1,1,4294967295,0,1
oInvisibleSolid,1808,240,000E46BF,0,1,1,4294967295,0,1
oInvisibleSolid,2096,256,000FCDB5,0,1,1,4294967295,0,1
oInvisibleSolid,2336,224,002CFA70,0,1,1,4294967295,0,1
oInvisibleSolid,1808,0,002D95A1,0,1,1,4294967295,0,1
oInvisibleSolid,2320,0,0001F14D,0,1,1,4294967295,0,1
oInvisibleSolid,1808,96,0007E063,0,1,1,4294967295,0,1
oInvisibleSolid,2224,96,0037092D,0,1,1,4294967295,0,1
oInvisibleSolid,2480,64,00149D00,0,1,1,4294967295,0,1
oInvisibleSolid,2592,240,00036B14,0,1,1,4294967295,0,1
oInvisibleSolid,2672,64,000A5406,0,1,1,4294967295,0,1
oInvisibleSolid,2896,64,00097406,0,1,1,4294967295,0,1
oInvisibleSolid,2816,176,002C89F3,0,1,1,4294967295,0,1
oInvisibleSolid,2976,208,0025D217,0,1,1,4294967295,0,1
oInvisibleSolid,3056,64,0028A387,0,1,1,4294967295,0,1
oInvisibleSolid,3392,0,0026FDE6,0,1,1,4294967295,0,1
oInvisibleSolid,3488,0,0007B3A4,0,1,1,4294967295,0,1
oInvisibleSolid,3136,272,001E3601,0,1,1,4294967295,0,1
oInvisibleSolid,3408,160,0011E0E1,0,1,1,4294967295,0,1
oInvisibleSolid,3632,64,0022B676,0,1,1,4294967295,0,1
oInvisibleSolid,3792,64,00388720,0,1,1,4294967295,0,1
oInvisibleSolid,3856,64,00265405,0,1,1,4294967295,0,1
oInvisibleSolid,4000,0,0038B800,0,1,1,4294967295,0,1
oInvisibleSolid,4096,0,00052F7B,0,1,1,4294967295,0,1
oInvisibleSolid,4016,144,001D552B,0,1,1,4294967295,0,1
oInvisibleSolid,3696,240,000EDCC0,0,1,1,4294967295,0,1
oInvisibleSolid,4256,176,002E23F0,0,1,1,4294967295,0,1
oInvisibleSolid,4576,0,0006E63D,0,1,1,4294967295,0,1
oInvisibleSolid,4512,272,00246C2B,0,1,1,4294967295,0,1
oInvisibleSolid,3952,176,00144088,0,1,1,4294967295,0,1
oInvisibleSolid,4720,96,00025368,0,1,1,4294967295,0,1
oInvisibleSolid,4656,0,001884F9,0,1,1,4294967295,0,1
