tileStarrySkies,944,224,64,0,64,96,0,1,1,4294967295
tileStarrySkies,912,272,128,96,32,64,0,1,1,4294967295
tileStarrySkies,1232,288,96,128,32,48,0,1,1,4294967295
tileStarrySkies,1200,272,128,0,32,64,0,1,1,4294967295
tileStarrySkies,960,320,0,80,32,48,0,1,1,4294967295
tileStarrySkies,992,320,0,80,32,48,0,1,1,4294967295
tileStarrySkies,1024,320,0,80,32,48,0,1,1,4294967295
tileStarrySkies,1056,320,0,80,32,48,0,1,1,4294967295
tileStarrySkies,1088,320,0,80,32,48,0,1,1,4294967295
tileStarrySkies,1120,320,0,80,32,48,0,1,1,4294967295
tileStarrySkies,1152,320,0,80,32,48,0,1,1,4294967295
tileStarrySkies,1184,320,0,80,32,48,0,1,1,4294967295
tileStarrySkies,928,368,0,80,32,48,0,1,1,4294967295
tileStarrySkies,960,368,0,80,32,48,0,1,1,4294967295
tileStarrySkies,992,368,0,80,32,48,0,1,1,4294967295
tileStarrySkies,1024,368,0,80,32,48,0,1,1,4294967295
tileStarrySkies,1056,368,0,80,32,48,0,1,1,4294967295
tileStarrySkies,1088,368,0,80,32,48,0,1,1,4294967295
tileStarrySkies,1120,368,0,80,32,48,0,1,1,4294967295
tileStarrySkies,1152,368,0,80,32,48,0,1,1,4294967295
tileStarrySkies,1184,368,0,80,32,48,0,1,1,4294967295
tileStarrySkies,944,416,0,80,32,48,0,1,1,4294967295
tileStarrySkies,976,416,0,80,32,48,0,1,1,4294967295
tileStarrySkies,1008,416,0,80,32,48,0,1,1,4294967295
tileStarrySkies,1040,416,0,80,32,48,0,1,1,4294967295
tileStarrySkies,1072,416,0,80,32,48,0,1,1,4294967295
tileStarrySkies,1104,416,0,80,32,48,0,1,1,4294967295
tileStarrySkies,1136,416,0,80,32,48,0,1,1,4294967295
tileStarrySkies,1168,416,0,80,32,48,0,1,1,4294967295
tileStarrySkies,1200,416,0,80,32,48,0,1,1,4294967295
tileStarrySkies,944,464,0,80,32,48,0,1,1,4294967295
tileStarrySkies,976,464,0,80,32,48,0,1,1,4294967295
tileStarrySkies,1008,464,0,80,32,48,0,1,1,4294967295
tileStarrySkies,1040,464,0,80,32,48,0,1,1,4294967295
tileStarrySkies,1072,464,0,80,32,48,0,1,1,4294967295
tileStarrySkies,1104,464,0,80,32,48,0,1,1,4294967295
tileStarrySkies,1136,464,0,80,32,48,0,1,1,4294967295
tileStarrySkies,1168,464,0,80,32,48,0,1,1,4294967295
tileStarrySkies,1200,464,0,80,32,48,0,1,1,4294967295
tileStarrySkies,928,512,0,80,32,48,0,1,1,4294967295
tileStarrySkies,960,512,0,80,32,48,0,1,1,4294967295
tileStarrySkies,992,512,0,80,32,48,0,1,1,4294967295
tileStarrySkies,1024,512,0,80,32,48,0,1,1,4294967295
tileStarrySkies,1056,512,0,80,32,48,0,1,1,4294967295
tileStarrySkies,1088,512,0,80,32,48,0,1,1,4294967295
tileStarrySkies,1120,512,0,80,32,48,0,1,1,4294967295
tileStarrySkies,1152,512,0,80,32,48,0,1,1,4294967295
tileStarrySkies,1184,512,0,80,32,48,0,1,1,4294967295
tileStarrySkies,1216,512,0,80,32,48,0,1,1,4294967295
tileStarrySkies,1232,464,0,80,16,48,0,1,1,4294967295
tileStarrySkies,1168,560,0,80,32,48,0,1,1,4294967295
tileStarrySkies,1200,560,0,80,32,48,0,1,1,4294967295
tileStarrySkies,1232,560,0,80,32,48,0,1,1,4294967295
tileStarrySkies,944,320,0,80,16,48,0,1,1,4294967295
tileStarrySkies,176,592,0,80,32,48,0,1,1,4294967295
tileStarrySkies,160,624,0,80,32,48,0,1,1,4294967295
tileStarrySkies,208,608,0,80,32,48,0,1,1,4294967295
tileStarrySkies,192,640,0,80,32,48,0,1,1,4294967295
tileStarrySkies,144,656,0,80,32,48,0,1,1,4294967295
tileStarrySkies,224,656,0,80,32,48,0,1,1,4294967295
tileStarrySkies,208,832,0,80,32,48,0,1,1,4294967295
tileStarrySkies,192,832,0,80,32,48,0,1,1,4294967295
tileStarrySkies,176,784,0,80,32,48,0,1,1,4294967295
tileStarrySkies,208,784,0,80,32,48,0,1,1,4294967295
tileStarrySkies,128,704,0,80,32,48,0,1,1,4294967295
tileStarrySkies,176,672,0,80,32,48,0,1,1,4294967295
tileStarrySkies,144,736,0,80,32,48,0,1,1,4294967295
tileStarrySkies,160,704,0,80,32,48,0,1,1,4294967295
tileStarrySkies,208,688,0,80,32,48,0,1,1,4294967295
tileStarrySkies,176,736,0,80,32,48,0,1,1,4294967295
tileStarrySkies,192,720,0,80,32,48,0,1,1,4294967295
tileStarrySkies,208,736,0,80,16,48,0,1,1,4294967295
tileStarrySkies,221,736,0,80,16,48,0,1,1,4294967295
tileStarrySkies,235,704,0,80,16,48,0,1,1,4294967295
tileStarrySkies,464,661,64,96,32,32,0,1,1,4294967295
tileStarrySkies,2306,326,48,288,16,48,0,1,1,4294967295
tileStarrySkies,2307,363,48,288,16,48,0,1,1,4294967295
tileStarrySkies,2448,352,0,80,16,16,0,1,1,4294967295
tileStarrySkies,2336,848,0,80,32,48,0,1,1,4294967295
tileStarrySkies,2368,848,0,80,32,48,0,1,1,4294967295
tileStarrySkies,2400,848,0,80,32,48,0,1,1,4294967295
tileStarrySkies,2432,848,0,80,32,48,0,1,1,4294967295
tileStarrySkies,2464,848,0,80,32,48,0,1,1,4294967295
tileStarrySkies,2496,848,0,80,32,48,0,1,1,4294967295
tileStarrySkies,2496,800,0,80,32,48,0,1,1,4294967295
tileStarrySkies,2464,800,0,80,32,48,0,1,1,4294967295
tileStarrySkies,2496,752,0,80,32,48,0,1,1,4294967295
tileStarrySkies,2464,752,0,80,32,48,0,1,1,4294967295
tileStarrySkies,2304,800,0,80,32,48,0,1,1,4294967295
tileStarrySkies,2336,800,0,80,32,48,0,1,1,4294967295
tileStarrySkies,2368,800,0,80,32,48,0,1,1,4294967295
tileStarrySkies,2400,800,0,80,32,48,0,1,1,4294967295
tileStarrySkies,2432,800,0,80,32,48,0,1,1,4294967295
tileStarrySkies,2304,752,0,80,32,48,0,1,1,4294967295
tileStarrySkies,2336,752,0,80,32,48,0,1,1,4294967295
tileStarrySkies,2368,752,0,80,32,48,0,1,1,4294967295
tileStarrySkies,2400,752,0,80,32,48,0,1,1,4294967295
tileStarrySkies,2432,752,0,80,32,48,0,1,1,4294967295
tileStarrySkies,2304,704,0,80,32,48,0,1,1,4294967295
tileStarrySkies,2336,704,0,80,32,48,0,1,1,4294967295
tileStarrySkies,2368,704,0,80,32,48,0,1,1,4294967295
tileStarrySkies,2400,704,0,80,32,48,0,1,1,4294967295
tileStarrySkies,2432,704,0,80,32,48,0,1,1,4294967295
tileStarrySkies,2464,704,0,80,32,48,0,1,1,4294967295
tileStarrySkies,2288,656,0,80,32,48,0,1,1,4294967295
tileStarrySkies,2320,656,0,80,32,48,0,1,1,4294967295
tileStarrySkies,2352,656,0,80,32,48,0,1,1,4294967295
tileStarrySkies,2384,656,0,80,32,48,0,1,1,4294967295
tileStarrySkies,2416,656,0,80,32,48,0,1,1,4294967295
tileStarrySkies,2448,656,0,80,32,48,0,1,1,4294967295
tileStarrySkies,2304,608,0,80,32,48,0,1,1,4294967295
tileStarrySkies,2336,608,0,80,32,48,0,1,1,4294967295
tileStarrySkies,2368,608,0,80,32,48,0,1,1,4294967295
tileStarrySkies,2400,608,0,80,32,48,0,1,1,4294967295
tileStarrySkies,2432,608,0,80,32,48,0,1,1,4294967295
tileStarrySkies,2336,560,0,80,32,48,0,1,1,4294967295
tileStarrySkies,2368,560,0,80,32,48,0,1,1,4294967295
tileStarrySkies,2400,560,0,80,32,48,0,1,1,4294967295
tileStarrySkies,2432,560,0,80,32,48,0,1,1,4294967295
tileStarrySkies,2368,512,0,80,32,48,0,1,1,4294967295
tileStarrySkies,2394,512,0,80,32,48,0,1,1,4294967295
tileStarrySkies,2339,512,0,80,32,48,0,1,1,4294967295
tileStarrySkies,2400,464,0,80,32,48,0,1,1,4294967295
tileStarrySkies,2368,464,0,80,32,48,0,1,1,4294967295
tileStarrySkies,2336,464,0,80,32,48,0,1,1,4294967295
tileStarrySkies,2320,432,0,80,32,48,0,1,1,4294967295
tileStarrySkies,2352,416,0,80,32,48,0,1,1,4294967295
tileStarrySkies,2384,416,0,80,32,48,0,1,1,4294967295
tileStarrySkies,2416,416,0,80,32,48,0,1,1,4294967295
tileStarrySkies,2336,384,0,80,32,48,0,1,1,4294967295
tileStarrySkies,2352,368,0,80,32,48,0,1,1,4294967295
tileStarrySkies,2384,368,0,80,32,48,0,1,1,4294967295
tileStarrySkies,2416,368,0,80,32,48,0,1,1,4294967295
tileStarrySkies,2448,368,0,80,16,32,0,1,1,4294967295
tileStarrySkies,2442,400,0,80,16,48,0,1,1,4294967295
tileStarrySkies,2424,464,0,80,16,48,0,1,1,4294967295
tileStarrySkies,2464,592,0,80,16,48,0,1,1,4294967295
tileStarrySkies,2480,656,0,80,16,48,0,1,1,4294967295
tileStarrySkies,2464,640,0,80,32,16,0,1,1,4294967295
tileStarrySkies,2320,240,0,80,32,16,0,1,1,4294967295
tileStarrySkies,2349,240,0,80,32,48,0,1,1,4294967295
tileStarrySkies,2349,288,0,80,32,16,0,1,1,4294967295
tileStarrySkies,1720,656,96,336,32,32,0,1,1,4294967295
tileStarrySkies,1704,656,0,80,16,32,0,1,1,4294967295
tileStarrySkies,86,144,0,80,32,32,0,1,1,4294967295
tileStarrySkies,0,176,0,80,32,48,0,1,1,4294967295
tileStarrySkies,32,176,0,80,32,48,0,1,1,4294967295
tileStarrySkies,64,176,0,80,32,48,0,1,1,4294967295
tileStarrySkies,0,224,0,80,32,48,0,1,1,4294967295
tileStarrySkies,32,224,0,80,32,48,0,1,1,4294967295
tileStarrySkies,0,272,0,80,32,48,0,1,1,4294967295
tileStarrySkies,0,320,0,80,16,16,0,1,1,4294967295
tileStarrySkies,32,272,0,80,16,32,0,1,1,4294967295
tileStarrySkies,64,224,0,80,16,32,0,1,1,4294967295
tileStarrySkies,92,176,0,80,16,32,0,1,1,4294967295
tileStarrySkies,64,160,0,80,32,16,0,1,1,4294967295
tileStarrySkies,80,224,0,80,16,16,0,1,1,4294967295
tileStarrySkies,1676,368,0,320,16,16,0,1,1,4294967295
