tileVault,0,304,112,16,16,16,0,1,1,4294967295
tileVault,16,304,112,16,16,16,0,1,1,4294967295
tileVault,32,304,112,16,16,16,0,1,1,4294967295
tileVault,48,304,112,16,16,16,0,1,1,4294967295
tileVault,64,304,112,16,16,16,0,1,1,4294967295
tileVault,80,304,112,16,16,16,0,1,1,4294967295
tileVault,96,304,112,16,16,16,0,1,1,4294967295
tileVault,112,304,112,16,16,16,0,1,1,4294967295
tileVault,128,304,112,16,16,16,0,1,1,4294967295
tileVault,192,320,112,16,16,16,0,1,1,4294967295
tileVault,192,336,112,16,16,16,0,1,1,4294967295
tileVault,144,304,112,16,16,16,0,1,1,4294967295
tileVault,160,304,112,16,16,16,0,1,1,4294967295
tileVault,192,304,112,16,16,16,0,1,1,4294967295
tileVault,0,320,0,32,48,32,0,1,1,4294967295
tileVault,48,320,0,32,48,32,0,1,1,4294967295
tileVault,96,320,0,32,48,32,0,1,1,4294967295
tileVault,144,320,0,32,48,32,0,1,1,4294967295
tileVault,176,304,112,16,16,16,0,1,1,4294967295
tileVault,0,224,112,16,16,16,0,1,1,4294967295
tileVault,16,224,112,16,16,16,0,1,1,4294967295
tileVault,16,208,112,16,16,16,0,1,1,4294967295
tileVault,16,192,112,16,16,16,0,1,1,4294967295
tileVault,16,176,112,16,16,16,0,1,1,4294967295
tileVault,16,160,112,16,16,16,0,1,1,4294967295
tileVault,32,160,112,16,16,16,0,1,1,4294967295
tileVault,32,144,112,16,16,16,0,1,1,4294967295
tileVault,32,128,112,16,16,16,0,1,1,4294967295
tileVault,32,112,112,16,16,16,0,1,1,4294967295
tileVault,32,96,112,16,16,16,0,1,1,4294967295
tileVault,32,80,112,16,16,16,0,1,1,4294967295
tileVault,48,80,112,16,16,16,0,1,1,4294967295
tileVault,48,64,112,16,16,16,0,1,1,4294967295
tileVault,48,48,112,16,16,16,0,1,1,4294967295
tileVault,48,32,112,16,16,16,0,1,1,4294967295
tileVault,48,16,112,16,16,16,0,1,1,4294967295
tileVault,48,0,112,16,16,16,0,1,1,4294967295
tileVault,0,0,0,32,48,32,0,1,1,4294967295
tileVault,0,32,0,32,48,32,0,1,1,4294967295
tileVault,0,64,0,32,48,16,0,1,1,4294967295
tileVault,0,80,0,48,32,16,0,1,1,4294967295
tileVault,0,96,0,32,32,32,0,1,1,4294967295
tileVault,0,128,0,32,32,32,0,1,1,4294967295
tileVault,0,160,0,32,16,32,0,1,1,4294967295
tileVault,0,192,0,32,16,32,0,1,1,4294967295
tileVault,192,288,112,16,16,16,0,1,1,4294967295
tileVault,192,272,112,16,16,16,0,1,1,4294967295
tileVault,192,256,112,16,16,16,0,1,1,4294967295
tileVault,176,256,112,16,16,16,0,1,1,4294967295
tileVault,160,256,112,16,16,16,0,1,1,4294967295
tileVault,144,256,112,16,16,16,0,1,1,4294967295
tileVault,128,256,112,16,16,16,0,1,1,4294967295
tileVault,128,272,112,16,16,16,0,1,1,4294967295
tileVault,128,288,112,16,16,16,0,1,1,4294967295
tileVault,144,272,0,32,48,32,0,1,1,4294967295
tileVault,208,256,112,16,16,16,0,1,1,4294967295
tileVault,224,256,112,16,16,16,0,1,1,4294967295
tileVault,240,256,112,16,16,16,0,1,1,4294967295
tileVault,256,256,112,16,16,16,0,1,1,4294967295
tileVault,272,256,112,16,16,16,0,1,1,4294967295
tileVault,288,256,112,16,16,16,0,1,1,4294967295
tileVault,688,128,112,16,16,16,0,1,1,4294967295
tileVault,704,128,112,16,16,16,0,1,1,4294967295
tileVault,720,128,112,16,16,16,0,1,1,4294967295
tileVault,736,128,112,16,16,16,0,1,1,4294967295
tileVault,816,128,112,16,16,16,0,1,1,4294967295
tileVault,832,128,112,16,16,16,0,1,1,4294967295
tileVault,848,128,112,16,16,16,0,1,1,4294967295
tileVault,864,128,112,16,16,16,0,1,1,4294967295
tileVault,944,128,112,16,16,16,0,1,1,4294967295
tileVault,960,128,112,16,16,16,0,1,1,4294967295
tileVault,976,128,112,16,16,16,0,1,1,4294967295
tileVault,992,128,112,16,16,16,0,1,1,4294967295
tileVault,816,144,128,32,64,32,0,1,1,4294967295
tileVault,1040,128,112,16,16,16,0,1,1,4294967295
tileVault,1040,144,112,16,16,16,0,1,1,4294967295
tileVault,1040,160,112,16,16,16,0,1,1,4294967295
tileVault,1040,176,112,16,16,16,0,1,1,4294967295
tileVault,1040,192,112,16,16,16,0,1,1,4294967295
tileVault,1104,128,112,16,16,16,0,1,1,4294967295
tileVault,1104,0,112,16,16,16,0,1,1,4294967295
tileVault,1104,16,112,16,16,16,0,1,1,4294967295
tileVault,1104,32,112,16,16,16,0,1,1,4294967295
tileVault,1104,48,112,16,16,16,0,1,1,4294967295
tileVault,1104,64,112,16,16,16,0,1,1,4294967295
tileVault,1104,80,112,16,16,16,0,1,1,4294967295
tileVault,1104,96,112,16,16,16,0,1,1,4294967295
tileVault,1104,112,112,16,16,16,0,1,1,4294967295
tileVault,1104,144,112,16,16,16,0,1,1,4294967295
tileVault,1104,160,112,16,16,16,0,1,1,4294967295
tileVault,1104,176,112,16,16,16,0,1,1,4294967295
tileVault,1104,192,112,16,16,16,0,1,1,4294967295
tileVault,1040,208,112,16,16,16,0,1,1,4294967295
tileVault,1040,224,112,16,16,16,0,1,1,4294967295
tileVault,1040,240,112,16,16,16,0,1,1,4294967295
tileVault,1040,256,112,16,16,16,0,1,1,4294967295
tileVault,1040,272,112,16,16,16,0,1,1,4294967295
tileVault,1040,288,112,16,16,16,0,1,1,4294967295
tileVault,1040,304,112,16,16,16,0,1,1,4294967295
tileVault,1056,304,112,16,16,16,0,1,1,4294967295
tileVault,1072,304,112,16,16,16,0,1,1,4294967295
tileVault,1088,304,112,16,16,16,0,1,1,4294967295
tileVault,1104,304,112,16,16,16,0,1,1,4294967295
tileVault,1120,304,112,16,16,16,0,1,1,4294967295
tileVault,1136,304,112,16,16,16,0,1,1,4294967295
tileVault,1152,304,112,16,16,16,0,1,1,4294967295
tileVault,1168,304,112,16,16,16,0,1,1,4294967295
tileVault,1184,304,112,16,16,16,0,1,1,4294967295
tileVault,1104,208,112,16,16,16,0,1,1,4294967295
tileVault,1104,224,112,16,16,16,0,1,1,4294967295
tileVault,1120,224,112,16,16,16,0,1,1,4294967295
tileVault,1136,224,112,16,16,16,0,1,1,4294967295
tileVault,1152,224,112,16,16,16,0,1,1,4294967295
tileVault,1168,224,112,16,16,16,0,1,1,4294967295
tileVault,1184,224,112,16,16,16,0,1,1,4294967295
tileVault,1200,304,112,16,16,16,0,1,1,4294967295
tileVault,1216,304,112,16,16,16,0,1,1,4294967295
tileVault,1232,304,112,16,16,16,0,1,1,4294967295
tileVault,1248,304,112,16,16,16,0,1,1,4294967295
tileVault,1264,144,112,16,16,16,0,1,1,4294967295
tileVault,1264,160,112,16,16,16,0,1,1,4294967295
tileVault,1264,176,112,16,16,16,0,1,1,4294967295
tileVault,1264,192,112,16,16,16,0,1,1,4294967295
tileVault,1264,208,112,16,16,16,0,1,1,4294967295
tileVault,1264,224,112,16,16,16,0,1,1,4294967295
tileVault,1264,240,112,16,16,16,0,1,1,4294967295
tileVault,1264,256,112,16,16,16,0,1,1,4294967295
tileVault,1264,272,112,16,16,16,0,1,1,4294967295
tileVault,1264,288,112,16,16,16,0,1,1,4294967295
tileVault,1264,304,112,16,16,16,0,1,1,4294967295
tileVault,1280,144,112,16,16,16,0,1,1,4294967295
tileVault,1296,144,112,16,16,16,0,1,1,4294967295
tileVault,1312,144,112,16,16,16,0,1,1,4294967295
tileVault,1136,208,112,16,16,16,0,1,1,4294967295
tileVault,1120,208,112,16,16,16,0,1,1,4294967295
tileVault,1280,208,112,16,16,16,0,1,1,4294967295
tileVault,1296,208,112,16,16,16,0,1,1,4294967295
tileVault,1312,208,112,16,16,16,0,1,1,4294967295
tileVault,1328,208,112,16,16,16,0,1,1,4294967295
tileVault,1344,208,112,16,16,16,0,1,1,4294967295
tileVault,1360,208,112,16,16,16,0,1,1,4294967295
tileVault,1376,208,112,16,16,16,0,1,1,4294967295
tileVault,1392,208,112,16,16,16,0,1,1,4294967295
tileVault,1408,208,112,16,16,16,0,1,1,4294967295
tileVault,1424,208,112,16,16,16,0,1,1,4294967295
tileVault,1440,208,112,16,16,16,0,1,1,4294967295
tileVault,1456,208,112,16,16,16,0,1,1,4294967295
tileVault,1472,208,112,16,16,16,0,1,1,4294967295
tileVault,1488,208,112,16,16,16,0,1,1,4294967295
tileVault,1504,208,112,16,16,16,0,1,1,4294967295
tileVault,1520,208,112,16,16,16,0,1,1,4294967295
tileVault,1536,208,112,16,16,16,0,1,1,4294967295
tileVault,1552,208,112,16,16,16,0,1,1,4294967295
tileVault,1568,208,112,16,16,16,0,1,1,4294967295
tileVault,1584,208,112,16,16,16,0,1,1,4294967295
tileVault,1600,208,112,16,16,16,0,1,1,4294967295
tileVault,1616,208,112,16,16,16,0,1,1,4294967295
tileVault,1632,208,112,16,16,16,0,1,1,4294967295
tileVault,1648,208,112,16,16,16,0,1,1,4294967295
tileVault,1664,208,112,16,16,16,0,1,1,4294967295
tileVault,1680,208,112,16,16,16,0,1,1,4294967295
tileVault,1696,208,112,16,16,16,0,1,1,4294967295
tileVault,1712,208,112,16,16,16,0,1,1,4294967295
tileVault,1728,208,112,16,16,16,0,1,1,4294967295
tileVault,1744,208,112,16,16,16,0,1,1,4294967295
tileVault,1760,208,112,16,16,16,0,1,1,4294967295
tileVault,1776,208,112,16,16,16,0,1,1,4294967295
tileVault,1792,208,112,16,16,16,0,1,1,4294967295
tileVault,1808,208,112,16,16,16,0,1,1,4294967295
tileVault,1824,208,112,16,16,16,0,1,1,4294967295
tileVault,1840,208,112,16,16,16,0,1,1,4294967295
tileVault,1856,208,112,16,16,16,0,1,1,4294967295
tileVault,1872,208,112,16,16,16,0,1,1,4294967295
tileVault,1888,176,112,16,16,16,0,1,1,4294967295
tileVault,1888,192,112,16,16,16,0,1,1,4294967295
tileVault,1888,208,112,16,16,16,0,1,1,4294967295
tileVault,1888,224,112,16,16,16,0,1,1,4294967295
tileVault,1904,224,112,16,16,16,0,1,1,4294967295
tileVault,1920,224,112,16,16,16,0,1,1,4294967295
tileVault,1936,224,112,16,16,16,0,1,1,4294967295
tileVault,1952,224,112,16,16,16,0,1,1,4294967295
tileVault,1968,224,112,16,16,16,0,1,1,4294967295
tileVault,1984,224,112,16,16,16,0,1,1,4294967295
tileVault,2000,224,112,16,16,16,0,1,1,4294967295
tileVault,2016,224,112,16,16,16,0,1,1,4294967295
tileVault,2032,224,112,16,16,16,0,1,1,4294967295
tileVault,1920,240,112,16,16,16,0,1,1,4294967295
tileVault,1920,256,112,16,16,16,0,1,1,4294967295
tileVault,1936,240,112,16,16,16,0,1,1,4294967295
tileVault,1936,256,112,16,16,16,0,1,1,4294967295
tileVault,1936,272,112,16,16,16,0,1,1,4294967295
tileVault,1936,288,112,16,16,16,0,1,1,4294967295
tileVault,1936,304,112,16,16,16,0,1,1,4294967295
tileVault,1936,320,112,16,16,16,0,1,1,4294967295
tileVault,1936,336,112,16,16,16,0,1,1,4294967295
tileVault,2048,224,112,16,16,16,0,1,1,4294967295
tileVault,2064,224,112,16,16,16,0,1,1,4294967295
tileVault,2080,224,112,16,16,16,0,1,1,4294967295
tileVault,2096,224,112,16,16,16,0,1,1,4294967295
tileVault,2112,224,112,16,16,16,0,1,1,4294967295
tileVault,2128,224,112,16,16,16,0,1,1,4294967295
tileVault,2144,224,112,16,16,16,0,1,1,4294967295
tileVault,2160,224,112,16,16,16,0,1,1,4294967295
tileVault,2176,224,112,16,16,16,0,1,1,4294967295
tileVault,2192,224,112,16,16,16,0,1,1,4294967295
tileVault,2208,224,112,16,16,16,0,1,1,4294967295
tileVault,2224,224,112,16,16,16,0,1,1,4294967295
tileVault,2240,224,112,16,16,16,0,1,1,4294967295
tileVault,2256,224,112,16,16,16,0,1,1,4294967295
tileVault,2272,224,112,16,16,16,0,1,1,4294967295
tileVault,2288,224,112,16,16,16,0,1,1,4294967295
tileVault,2304,224,112,16,16,16,0,1,1,4294967295
tileVault,2320,224,112,16,16,16,0,1,1,4294967295
tileVault,2336,224,112,16,16,16,0,1,1,4294967295
tileVault,2352,224,112,16,16,16,0,1,1,4294967295
tileVault,2368,224,112,16,16,16,0,1,1,4294967295
tileVault,2384,224,112,16,16,16,0,1,1,4294967295
tileVault,2400,224,112,16,16,16,0,1,1,4294967295
tileVault,2416,224,112,16,16,16,0,1,1,4294967295
tileVault,2432,224,112,16,16,16,0,1,1,4294967295
tileVault,2448,224,112,16,16,16,0,1,1,4294967295
tileVault,2464,224,112,16,16,16,0,1,1,4294967295
tileVault,2480,224,112,16,16,16,0,1,1,4294967295
tileVault,2496,224,112,16,16,16,0,1,1,4294967295
tileVault,2512,224,112,16,16,16,0,1,1,4294967295
tileVault,2368,240,112,16,16,16,0,1,1,4294967295
tileVault,2368,256,112,16,16,16,0,1,1,4294967295
tileVault,2368,272,112,16,16,16,0,1,1,4294967295
tileVault,2368,288,112,16,16,16,0,1,1,4294967295
tileVault,2368,304,112,16,16,16,0,1,1,4294967295
tileVault,2368,320,112,16,16,16,0,1,1,4294967295
tileVault,2368,336,112,16,16,16,0,1,1,4294967295
tileVault,2384,240,0,32,48,32,0,1,1,4294967295
tileVault,2432,240,0,32,48,32,0,1,1,4294967295
tileVault,2480,240,0,32,48,32,0,1,1,4294967295
tileVault,2384,272,0,32,48,32,0,1,1,4294967295
tileVault,2432,272,0,32,48,32,0,1,1,4294967295
tileVault,2480,272,0,32,48,32,0,1,1,4294967295
tileVault,2384,304,0,32,48,32,0,1,1,4294967295
tileVault,2432,304,0,32,48,32,0,1,1,4294967295
tileVault,2480,304,0,32,48,32,0,1,1,4294967295
tileVault,2384,336,0,32,48,16,0,1,1,4294967295
tileVault,2432,336,0,32,48,16,0,1,1,4294967295
tileVault,2480,336,0,32,48,16,0,1,1,4294967295
tileVault,2512,144,112,16,16,16,0,1,1,4294967295
tileVault,2496,144,112,16,16,16,0,1,1,4294967295
tileVault,2496,128,112,16,16,16,0,1,1,4294967295
tileVault,2496,112,112,16,16,16,0,1,1,4294967295
tileVault,2496,96,112,16,16,16,0,1,1,4294967295
tileVault,2496,80,112,16,16,16,0,1,1,4294967295
tileVault,2496,64,112,16,16,16,0,1,1,4294967295
tileVault,2496,48,112,16,16,16,0,1,1,4294967295
tileVault,2480,48,112,16,16,16,0,1,1,4294967295
tileVault,2464,48,112,16,16,16,0,1,1,4294967295
tileVault,2464,32,112,16,16,16,0,1,1,4294967295
tileVault,2464,16,112,16,16,16,0,1,1,4294967295
tileVault,2464,0,112,16,16,16,0,1,1,4294967295
tileVault,2480,0,0,32,48,32,0,1,1,4294967295
tileVault,64,0,112,16,16,16,0,1,1,4294967295
tileVault,80,0,112,16,16,16,0,1,1,4294967295
tileVault,96,0,112,16,16,16,0,1,1,4294967295
tileVault,112,0,112,16,16,16,0,1,1,4294967295
tileVault,128,0,112,16,16,16,0,1,1,4294967295
tileVault,112,16,112,16,16,16,0,1,1,4294967295
tileVault,128,16,112,16,16,16,0,1,1,4294967295
tileMarioWorldA,112,32,32,112,32,32,0,1,1,4294967295
tileVault,2528,144,112,16,16,16,0,1,1,4294967295
tileVault,2544,144,112,16,16,16,0,1,1,4294967295
tileVault,2560,144,112,16,16,16,0,1,1,4294967295
tileVault,2576,144,112,16,16,16,0,1,1,4294967295
tileVault,2528,0,0,32,48,32,0,1,1,4294967295
tileVault,2528,32,0,32,48,32,0,1,1,4294967295
tileVault,2528,64,0,32,48,32,0,1,1,4294967295
tileVault,2528,96,0,32,48,32,0,1,1,4294967295
tileVault,2528,240,0,32,48,32,0,1,1,4294967295
tileVault,2528,272,0,32,48,32,0,1,1,4294967295
tileVault,2528,304,0,32,48,32,0,1,1,4294967295
tileVault,2528,128,0,32,48,16,0,1,1,4294967295
tileVault,2528,336,0,32,48,16,0,1,1,4294967295
tileVault,2576,0,0,32,16,32,0,1,1,4294967295
tileVault,2576,32,0,32,16,32,0,1,1,4294967295
tileVault,2576,64,0,32,16,32,0,1,1,4294967295
tileVault,2576,96,0,32,16,32,0,1,1,4294967295
tileVault,2576,240,0,32,16,32,0,1,1,4294967295
tileVault,2576,272,0,32,16,32,0,1,1,4294967295
tileVault,2576,304,0,32,16,32,0,1,1,4294967295
tileVault,2576,128,0,32,16,16,0,1,1,4294967295
tileVault,2576,336,0,32,16,16,0,1,1,4294967295
tileVault,2528,224,112,16,16,16,0,1,1,4294967295
tileVault,2544,224,112,16,16,16,0,1,1,4294967295
tileVault,2560,224,112,16,16,16,0,1,1,4294967295
tileVault,2576,224,112,16,16,16,0,1,1,4294967295
tileVault,2480,32,0,32,48,16,0,1,1,4294967295
tileVault,2512,48,32,32,16,32,0,1,1,4294967295
tileVault,2512,80,32,32,16,32,0,1,1,4294967295
tileVault,2512,112,32,32,16,32,0,1,1,4294967295
tileVault,2400,160,112,16,16,16,0,1,1,4294967295
tileVault,2416,160,112,16,16,16,0,1,1,4294967295
tileVault,2432,160,112,16,16,16,0,1,1,4294967295
tileVault,2448,160,112,16,16,16,0,1,1,4294967295
tileVault,2400,128,112,16,16,16,0,1,1,4294967295
tileVault,2400,144,112,16,16,16,0,1,1,4294967295
tileVault,2416,144,112,16,16,16,0,1,1,4294967295
tileVault,2416,128,112,16,16,16,0,1,1,4294967295
tileMarioWorldA,2400,96,0,112,32,32,0,1,1,4294967295
