oExit,0,256,002CAE74,0,1,1,4294967295,0,1
oWarpStatue,128,288,000B921C,0,1,1,4294967295,0,1
oExit,944,256,003098CB,0,1,1,4294967295,0,1
oPlayer1,48,288,0027C23F,0,1,1,4294967295,0,0
oInvCollPH,16,288,000DFBDE,0,1,1,4294967295,0,0
oInvCollPH,32,288,00314423,0,1,1,4294967295,0,0
oInvCollPH,48,288,0008C4FC,0,1,1,4294967295,0,0
oInvCollPH,64,288,0029A2BF,0,1,1,4294967295,0,0
oInvCollPH,80,288,001B83C9,0,1,1,4294967295,0,0
oInvCollPH,96,288,001251BB,0,1,1,4294967295,0,0
oInvCollPH,112,288,0031F764,0,1,1,4294967295,0,0
oInvCollPH,128,288,002BCF15,0,1,1,4294967295,0,0
oInvCollPH,144,288,002C3A0A,0,1,1,4294967295,0,0
oInvCollPH,304,288,0030F036,0,1,1,4294967295,0,0
oInvCollPH,288,288,002278BB,0,1,1,4294967295,0,0
oInvCollPH,272,288,00294A5D,0,1,1,4294967295,0,0
oInvCollPH,256,288,003F5EC9,0,1,1,4294967295,0,0
oInvCollPH,240,288,00125BCA,0,1,1,4294967295,0,0
oInvCollPH,224,288,00221271,0,1,1,4294967295,0,0
oInvCollPH,208,288,0039F84A,0,1,1,4294967295,0,0
oInvCollPH,192,288,000E1D7D,0,1,1,4294967295,0,0
oInvCollPH,176,288,0007612F,0,1,1,4294967295,0,0
oInvCollPH,160,288,00192004,0,1,1,4294967295,0,0
oInvCollPH,464,288,0005E4CE,0,1,1,4294967295,0,0
oInvCollPH,448,288,0003482C,0,1,1,4294967295,0,0
oInvCollPH,432,288,00290525,0,1,1,4294967295,0,0
oInvCollPH,416,288,001623F3,0,1,1,4294967295,0,0
oInvCollPH,400,288,0005035E,0,1,1,4294967295,0,0
oInvCollPH,384,288,002FEFDA,0,1,1,4294967295,0,0
oInvCollPH,368,288,001221E1,0,1,1,4294967295,0,0
oInvCollPH,352,288,000C2466,0,1,1,4294967295,0,0
oInvCollPH,336,288,001269CB,0,1,1,4294967295,0,0
oInvCollPH,320,288,0001F569,0,1,1,4294967295,0,0
oInvCollPH,528,288,001E8D01,0,1,1,4294967295,0,0
oInvCollPH,512,288,0032D77E,0,1,1,4294967295,0,0
oInvCollPH,496,288,001AD697,0,1,1,4294967295,0,0
oInvCollPH,480,288,0014F219,0,1,1,4294967295,0,0
oInvCollPH,592,288,0034029F,0,1,1,4294967295,0,0
oInvCollPH,576,288,0006A733,0,1,1,4294967295,0,0
oInvCollPH,560,288,000F71A6,0,1,1,4294967295,0,0
oInvCollPH,544,288,00380661,0,1,1,4294967295,0,0
oInvCollPH,608,288,00087FF0,0,1,1,4294967295,0,0
oInvCollPH,624,288,000273F3,0,1,1,4294967295,0,0
oInvCollPH,720,288,000F962A,0,1,1,4294967295,0,0
oInvCollPH,704,288,000C7D7A,0,1,1,4294967295,0,0
oInvCollPH,688,288,002913CF,0,1,1,4294967295,0,0
oInvCollPH,672,288,002DD07C,0,1,1,4294967295,0,0
oInvCollPH,656,288,002C7BB0,0,1,1,4294967295,0,0
oInvCollPH,640,288,002CB5FF,0,1,1,4294967295,0,0
oInvCollPH,784,288,00311639,0,1,1,4294967295,0,0
oInvCollPH,768,288,000B9675,0,1,1,4294967295,0,0
oInvCollPH,752,288,000117AF,0,1,1,4294967295,0,0
oInvCollPH,736,288,0005262A,0,1,1,4294967295,0,0
oInvCollPH,800,288,00269FCA,0,1,1,4294967295,0,0
oInvCollPH,816,288,00216FFA,0,1,1,4294967295,0,0
oInvCollPH,832,288,00191B27,0,1,1,4294967295,0,0
oInvCollPH,848,288,00364704,0,1,1,4294967295,0,0
oInvCollPH,864,288,00227681,0,1,1,4294967295,0,0
oInvCollPH,880,288,003B7302,0,1,1,4294967295,0,0
oInvCollPH,896,288,0036BC79,0,1,1,4294967295,0,0
oInvCollPH,912,288,00145D6B,0,1,1,4294967295,0,0
oInvCollPH,928,288,0028C0EF,0,1,1,4294967295,0,0
oInvCollPH,944,288,00254ADA,0,1,1,4294967295,0,0
oInvCollPH,176,32,00195BE7,0,1,1,4294967295,0,0
oInvCollPH,192,32,002321F9,0,1,1,4294967295,0,0
oInvCollPH,208,32,00115ACE,0,1,1,4294967295,0,0
oInvCollPH,208,48,0030F973,0,1,1,4294967295,0,0
oInvCollPH,160,48,0008F623,0,1,1,4294967295,0,0
oInvCollPH,160,64,0025CAE5,0,1,1,4294967295,0,0
oInvCollPH,160,80,002F8F12,0,1,1,4294967295,0,0
oInvCollPH,160,96,0034B27A,0,1,1,4294967295,0,0
oInvCollPH,160,112,003C5FC8,0,1,1,4294967295,0,0
oInvCollPH,160,128,003ECFF3,0,1,1,4294967295,0,0
oInvCollPH,160,144,003E6EA0,0,1,1,4294967295,0,0
oInvCollPH,176,144,00024CA4,0,1,1,4294967295,0,0
oInvCollPH,192,144,001CD207,0,1,1,4294967295,0,0
oInvCollPH,208,144,0025E352,0,1,1,4294967295,0,0
oInvCollPH,208,128,0004E717,0,1,1,4294967295,0,0
oInvCollPH,208,112,0028043C,0,1,1,4294967295,0,0
oInvCollPH,208,96,000BEEF7,0,1,1,4294967295,0,0
oInvCollPH,368,64,00316B93,0,1,1,4294967295,0,0
oInvCollPH,352,64,003473CD,0,1,1,4294967295,0,0
oInvCollPH,336,64,001B461D,0,1,1,4294967295,0,0
oInvCollPH,320,64,000A2DD2,0,1,1,4294967295,0,0
oInvCollPH,304,64,002C8C00,0,1,1,4294967295,0,0
oInvCollPH,288,64,003CD36E,0,1,1,4294967295,0,0
oInvCollPH,272,64,0029F2D8,0,1,1,4294967295,0,0
oInvCollPH,256,64,001598FC,0,1,1,4294967295,0,0
oInvCollPH,240,64,00215AB8,0,1,1,4294967295,0,0
oInvCollPH,528,64,00233E25,0,1,1,4294967295,0,0
oInvCollPH,512,64,003CD856,0,1,1,4294967295,0,0
oInvCollPH,496,64,00355B57,0,1,1,4294967295,0,0
oInvCollPH,480,64,00088A06,0,1,1,4294967295,0,0
oInvCollPH,464,64,001CCF59,0,1,1,4294967295,0,0
oInvCollPH,448,64,000A3127,0,1,1,4294967295,0,0
oInvCollPH,432,64,0010AE14,0,1,1,4294967295,0,0
oInvCollPH,416,64,000AA01A,0,1,1,4294967295,0,0
oInvCollPH,400,64,000EA206,0,1,1,4294967295,0,0
oInvCollPH,384,64,0006079C,0,1,1,4294967295,0,0
oInvCollPH,224,80,0038FBE2,0,1,1,4294967295,0,0
oInvCollPH,240,80,003724D4,0,1,1,4294967295,0,0
oInvCollPH,256,80,001FEEB4,0,1,1,4294967295,0,0
oInvCollPH,272,80,00243A25,0,1,1,4294967295,0,0
oInvCollPH,288,80,0014912B,0,1,1,4294967295,0,0
oInvCollPH,304,80,003153E0,0,1,1,4294967295,0,0
oInvCollPH,320,80,0016A038,0,1,1,4294967295,0,0
oInvCollPH,336,80,00173848,0,1,1,4294967295,0,0
oInvCollPH,352,80,00358B04,0,1,1,4294967295,0,0
oInvCollPH,368,80,0022CA54,0,1,1,4294967295,0,0
oInvCollPH,384,80,000C386F,0,1,1,4294967295,0,0
oInvCollPH,400,80,00014F5D,0,1,1,4294967295,0,0
oInvCollPH,416,80,00260568,0,1,1,4294967295,0,0
oInvCollPH,432,80,000FF661,0,1,1,4294967295,0,0
oInvCollPH,448,80,00135658,0,1,1,4294967295,0,0
oInvCollPH,464,80,001DE0C5,0,1,1,4294967295,0,0
oInvCollPH,480,80,0015ED8C,0,1,1,4294967295,0,0
oInvCollPH,496,80,000002D4,0,1,1,4294967295,0,0
oInvCollPH,512,80,003A7424,0,1,1,4294967295,0,0
oInvCollPH,528,80,003A726B,0,1,1,4294967295,0,0
oInvCollPH,544,80,001669A3,0,1,1,4294967295,0,0
oInvCollPH,560,80,00366648,0,1,1,4294967295,0,0
oInvCollPH,576,80,00260090,0,1,1,4294967295,0,0
oInvCollPH,592,80,0027E408,0,1,1,4294967295,0,0
oInvCollPH,608,80,00297D50,0,1,1,4294967295,0,0
oInvCollPH,624,80,000B78B3,0,1,1,4294967295,0,0
oInvCollPH,640,80,000ED5AC,0,1,1,4294967295,0,0
oInvCollPH,656,80,0019A04B,0,1,1,4294967295,0,0
oInvCollPH,656,64,0037E14F,0,1,1,4294967295,0,0
oInvCollPH,640,64,00083C60,0,1,1,4294967295,0,0
oInvCollPH,624,64,003CCF19,0,1,1,4294967295,0,0
oInvCollPH,608,64,0038FAB0,0,1,1,4294967295,0,0
oInvCollPH,592,64,00103593,0,1,1,4294967295,0,0
oInvCollPH,576,64,002C7015,0,1,1,4294967295,0,0
oInvCollPH,560,64,0029CE8D,0,1,1,4294967295,0,0
oInvCollPH,544,64,00046331,0,1,1,4294967295,0,0
oInvCollPH,672,96,0023564C,0,1,1,4294967295,0,0
oInvCollPH,672,112,00245A11,0,1,1,4294967295,0,0
oInvCollPH,672,128,00246850,0,1,1,4294967295,0,0
oInvCollPH,672,144,003DC2AD,0,1,1,4294967295,0,0
oInvCollPH,688,144,003BF641,0,1,1,4294967295,0,0
oInvCollPH,704,144,0007C79E,0,1,1,4294967295,0,0
oInvCollPH,720,144,00263593,0,1,1,4294967295,0,0
oInvCollPH,736,144,00155E03,0,1,1,4294967295,0,0
oInvCollPH,752,144,002B4E22,0,1,1,4294967295,0,0
oInvCollPH,768,144,0037C426,0,1,1,4294967295,0,0
oInvCollPH,784,144,002B8C48,0,1,1,4294967295,0,0
oInvCollPH,800,144,000CBC80,0,1,1,4294967295,0,0
oInvCollPH,816,144,002FF1AC,0,1,1,4294967295,0,0
oInvCollPH,688,64,0019D796,0,1,1,4294967295,0,0
oInvCollPH,704,64,00200866,0,1,1,4294967295,0,0
oInvCollPH,720,64,001CAFB5,0,1,1,4294967295,0,0
oInvCollPH,736,64,002DCD6E,0,1,1,4294967295,0,0
oInvCollPH,752,64,0039D538,0,1,1,4294967295,0,0
oInvCollPH,768,64,001EC8F5,0,1,1,4294967295,0,0
oInvCollPH,784,64,000E38DB,0,1,1,4294967295,0,0
oInvCollPH,800,64,003D7BFA,0,1,1,4294967295,0,0
oInvCollPH,816,64,001D8844,0,1,1,4294967295,0,0
oInvCollPH,848,64,003D1666,0,1,1,4294967295,0,0
oInvCollPH,864,48,00304B6C,0,1,1,4294967295,0,0
oInvCollPH,864,32,00041D81,0,1,1,4294967295,0,0
oInvCollPH,864,16,0012E14B,0,1,1,4294967295,0,0
oInvCollPH,832,160,002A5CDA,0,1,1,4294967295,0,0
oInvCollPH,832,176,00100E1F,0,1,1,4294967295,0,0
oInvCollPH,832,192,002B506D,0,1,1,4294967295,0,0
oInvCollPH,832,208,00296C12,0,1,1,4294967295,0,0
oInvCollPH,848,208,0028FB46,0,1,1,4294967295,0,0
oInvCollPH,864,208,0000ED15,0,1,1,4294967295,0,0
oInvCollPH,880,208,002198D7,0,1,1,4294967295,0,0
oInvCollPH,896,208,00262126,0,1,1,4294967295,0,0
oInvCollPH,912,208,003923C2,0,1,1,4294967295,0,0
oInvCollPH,928,208,0034A783,0,1,1,4294967295,0,0
oInvCollPH,944,208,002A2834,0,1,1,4294967295,0,0
oInvisibleSolid,0,288,002A3D59,0,1,1,4294967295,0,1
oInvisibleSolid,160,32,001D0F3F,0,1,1,4294967295,0,1
oInvisibleSolid,224,64,000782DF,0,1,1,4294967295,0,1
oInvisibleSolid,672,64,0002D7A7,0,1,1,4294967295,0,1
oInvisibleSolid,832,64,0037EB65,0,1,1,4294967295,0,1
oInvisibleSolid,864,0,00017E0B,0,1,1,4294967295,0,1
