tileCastlevaniaI,0,272,16,0,32,48,0,1,1,4294967295
tileCastlevaniaI,32,272,16,0,32,48,0,1,1,4294967295
tileCastlevaniaI,64,272,16,0,32,48,0,1,1,4294967295
tileCastlevaniaI,96,272,16,0,32,48,0,1,1,4294967295
tileCastlevaniaI,0,320,16,16,32,32,0,1,1,4294967295
tileCastlevaniaI,32,320,16,16,32,32,0,1,1,4294967295
tileCastlevaniaI,64,320,16,16,32,32,0,1,1,4294967295
tileCastlevaniaI,96,320,16,16,32,32,0,1,1,4294967295
tileCastlevaniaI,32,192,0,144,48,16,0,1,1,4294967295
tileCastlevaniaI,0,160,32,16,32,48,0,1,1,4294967295
tileCastlevaniaI,0,128,32,16,32,32,0,1,1,4294967295
tileCastlevaniaI,0,96,32,16,32,32,0,1,1,4294967295
tileCastlevaniaI,128,256,96,0,32,32,0,1,1,4294967295
tileCastlevaniaI,160,256,16,0,32,32,0,1,1,4294967295
tileCastlevaniaI,192,256,64,0,32,32,0,1,1,4294967295
tileCastlevaniaI,224,272,16,0,32,48,0,1,1,4294967295
tileCastlevaniaI,256,272,16,0,32,48,0,1,1,4294967295
tileCastlevaniaI,128,320,16,16,32,32,0,1,1,4294967295
tileCastlevaniaI,160,320,16,16,32,32,0,1,1,4294967295
tileCastlevaniaI,192,320,16,16,32,32,0,1,1,4294967295
tileCastlevaniaI,224,320,16,16,32,32,0,1,1,4294967295
tileCastlevaniaI,256,320,16,16,32,32,0,1,1,4294967295
tileCastlevaniaI,128,288,16,16,32,32,0,1,1,4294967295
tileCastlevaniaI,160,288,16,16,32,32,0,1,1,4294967295
tileCastlevaniaI,192,288,16,16,32,32,0,1,1,4294967295
tileCastlevaniaI,32,16,16,16,32,32,0,1,1,4294967295
tileCastlevaniaI,64,16,16,16,32,32,0,1,1,4294967295
tileCastlevaniaI,96,16,16,16,32,32,0,1,1,4294967295
tileCastlevaniaI,128,16,16,16,32,32,0,1,1,4294967295
tileCastlevaniaI,160,16,16,16,32,32,0,1,1,4294967295
tileCastlevaniaI,192,16,16,16,32,32,0,1,1,4294967295
tileCastlevaniaI,224,16,16,16,32,32,0,1,1,4294967295
tileCastlevaniaI,256,16,16,16,32,32,0,1,1,4294967295
tileCastlevaniaI,0,48,16,16,32,32,0,1,1,4294967295
tileCastlevaniaI,0,16,16,16,32,32,0,1,1,4294967295
tileCastlevaniaI,32,96,64,112,32,32,0,1,1,4294967295
tileCastlevaniaI,64,96,64,112,32,32,0,1,1,4294967295
tileCastlevaniaI,96,96,64,112,32,32,0,1,1,4294967295
tileCastlevaniaI,128,96,64,112,32,32,0,1,1,4294967295
tileCastlevaniaI,192,96,64,112,32,32,0,1,1,4294967295
tileCastlevaniaI,224,96,64,112,32,32,0,1,1,4294967295
tileCastlevaniaI,256,96,64,112,32,32,0,1,1,4294967295
tileCastlevaniaI,0,208,64,112,32,32,0,1,1,4294967295
tileCastlevaniaI,32,208,64,112,32,32,0,1,1,4294967295
tileCastlevaniaI,64,208,64,112,16,32,0,1,1,4294967295
tileCastlevaniaI,160,96,96,64,16,80,0,1,1,4294967295
tileCastlevaniaI,176,96,128,64,16,80,0,1,1,4294967295
tileCastlevaniaI,160,176,144,64,16,80,0,1,1,4294967295
tileCastlevaniaI,176,176,176,64,16,80,0,1,1,4294967295
tileCastlevaniaI,288,96,128,0,48,32,0,1,1,4294967295
tileCastlevaniaI,288,128,128,16,48,16,0,1,1,4294967295
tileCastlevaniaI,288,144,128,16,48,32,0,1,1,4294967295
tileCastlevaniaI,288,176,128,48,16,16,0,1,1,4294967295
tileCastlevaniaI,304,176,160,48,16,16,0,1,1,4294967295
tileCastlevaniaI,320,176,144,48,32,16,0,1,1,4294967295
tileCastlevaniaI,352,176,144,48,32,16,0,1,1,4294967295
tileCastlevaniaI,384,176,144,48,32,16,0,1,1,4294967295
tileCastlevaniaI,416,176,144,48,32,16,0,1,1,4294967295
tileCastlevaniaI,448,176,144,48,48,16,0,1,1,4294967295
tileCastlevaniaI,480,96,176,0,16,32,0,1,1,4294967295
tileCastlevaniaI,480,144,176,16,16,32,0,1,1,4294967295
tileCastlevaniaI,480,128,176,16,16,16,0,1,1,4294967295
tileCastlevaniaI,336,96,144,0,32,32,0,1,1,4294967295
tileCastlevaniaI,368,96,144,0,32,32,0,1,1,4294967295
tileCastlevaniaI,400,96,144,0,32,32,0,1,1,4294967295
tileCastlevaniaI,432,96,144,0,32,32,0,1,1,4294967295
tileCastlevaniaI,464,96,144,0,16,32,0,1,1,4294967295
tileCastlevaniaI,352,160,32,80,32,16,0,1,1,4294967295
tileCastlevaniaI,400,160,48,80,32,16,0,1,1,4294967295
tileCastlevaniaI,384,160,48,80,16,16,0,1,1,4294967295
tileCastlevaniaI,336,128,144,16,32,16,0,1,1,4294967295
tileCastlevaniaI,336,144,144,16,32,16,0,1,1,4294967295
tileCastlevaniaI,368,128,144,16,32,16,0,1,1,4294967295
tileCastlevaniaI,368,144,144,16,32,16,0,1,1,4294967295
tileCastlevaniaI,400,128,144,16,32,16,0,1,1,4294967295
tileCastlevaniaI,400,144,144,16,32,16,0,1,1,4294967295
tileCastlevaniaI,432,128,144,16,32,16,0,1,1,4294967295
tileCastlevaniaI,464,128,144,16,16,16,0,1,1,4294967295
tileCastlevaniaI,432,144,144,16,32,32,0,1,1,4294967295
tileCastlevaniaI,464,144,144,16,16,32,0,1,1,4294967295
tileCastlevaniaI,336,160,144,32,16,16,0,1,1,4294967295
tileCastlevaniaI,288,48,16,16,32,48,0,1,1,4294967295
tileCastlevaniaI,320,48,16,16,32,48,0,1,1,4294967295
tileCastlevaniaI,352,48,16,16,32,48,0,1,1,4294967295
tileCastlevaniaI,384,48,16,16,32,48,0,1,1,4294967295
tileCastlevaniaI,416,48,16,16,32,48,0,1,1,4294967295
tileCastlevaniaI,448,48,16,16,32,48,0,1,1,4294967295
tileCastlevaniaI,480,48,16,16,32,48,0,1,1,4294967295
tileCastlevaniaI,512,48,16,16,32,48,0,1,1,4294967295
tileCastlevaniaI,544,48,16,16,32,48,0,1,1,4294967295
tileCastlevaniaI,32,48,16,16,32,48,0,1,1,4294967295
tileCastlevaniaI,64,48,16,16,32,48,0,1,1,4294967295
tileCastlevaniaI,96,48,16,16,32,48,0,1,1,4294967295
tileCastlevaniaI,128,48,16,16,32,48,0,1,1,4294967295
tileCastlevaniaI,160,48,16,16,32,48,0,1,1,4294967295
tileCastlevaniaI,192,48,16,16,32,48,0,1,1,4294967295
tileCastlevaniaI,224,48,16,16,32,48,0,1,1,4294967295
tileCastlevaniaI,256,48,16,16,32,48,0,1,1,4294967295
tileCastlevaniaI,288,16,16,16,32,32,0,1,1,4294967295
tileCastlevaniaI,320,16,16,16,32,32,0,1,1,4294967295
tileCastlevaniaI,352,16,16,16,32,32,0,1,1,4294967295
tileCastlevaniaI,384,16,16,16,32,32,0,1,1,4294967295
tileCastlevaniaI,416,16,16,16,32,32,0,1,1,4294967295
tileCastlevaniaI,448,16,16,16,32,32,0,1,1,4294967295
tileCastlevaniaI,480,16,16,16,32,32,0,1,1,4294967295
tileCastlevaniaI,512,16,16,16,32,32,0,1,1,4294967295
tileCastlevaniaI,544,16,16,16,32,32,0,1,1,4294967295
tileCastlevaniaI,32,0,16,32,32,16,0,1,1,4294967295
tileCastlevaniaI,64,0,16,32,32,16,0,1,1,4294967295
tileCastlevaniaI,96,0,16,32,32,16,0,1,1,4294967295
tileCastlevaniaI,128,0,16,32,32,16,0,1,1,4294967295
tileCastlevaniaI,160,0,16,32,32,16,0,1,1,4294967295
tileCastlevaniaI,192,0,16,32,32,16,0,1,1,4294967295
tileCastlevaniaI,224,0,16,32,32,16,0,1,1,4294967295
tileCastlevaniaI,256,0,16,32,32,16,0,1,1,4294967295
tileCastlevaniaI,288,0,16,32,32,16,0,1,1,4294967295
tileCastlevaniaI,320,0,16,32,32,16,0,1,1,4294967295
tileCastlevaniaI,352,0,16,32,32,16,0,1,1,4294967295
tileCastlevaniaI,384,0,16,32,32,16,0,1,1,4294967295
tileCastlevaniaI,416,0,16,32,32,16,0,1,1,4294967295
tileCastlevaniaI,448,0,16,32,32,16,0,1,1,4294967295
tileCastlevaniaI,480,0,16,32,32,16,0,1,1,4294967295
tileCastlevaniaI,512,0,16,32,32,16,0,1,1,4294967295
tileCastlevaniaI,544,0,16,32,32,16,0,1,1,4294967295
tileCastlevaniaI,0,80,16,16,32,16,0,1,1,4294967295
tileCastlevaniaI,0,0,16,32,32,16,0,1,1,4294967295
tileCastlevaniaI,0,256,64,96,32,16,0,1,1,4294967295
tileCastlevaniaI,32,256,64,96,32,16,0,1,1,4294967295
tileCastlevaniaI,64,256,64,96,32,16,0,1,1,4294967295
tileCastlevaniaI,96,256,64,96,32,16,0,1,1,4294967295
tileCastlevaniaI,224,256,64,96,32,16,0,1,1,4294967295
tileCastlevaniaI,256,256,64,96,32,16,0,1,1,4294967295
tileCastlevaniaI,32,176,64,96,32,16,0,1,1,4294967295
tileCastlevaniaI,64,176,64,96,16,16,0,1,1,4294967295
tileCastlevaniaI,128,256,64,96,8,16,0,1,1,4294967295
tileCastlevaniaI,216,256,64,96,8,16,0,1,1,4294967295
tileCastlevaniaI,32,120,96,144,8,24,0,1,1,4294967295
tileCastlevaniaI,32,144,96,144,8,24,0,1,1,4294967295
tileCastlevaniaI,32,168,96,144,8,16,0,1,1,4294967295
tileCastlevaniaI,80,200,96,144,8,32,0,1,1,4294967295
tileCastlevaniaI,80,184,96,144,8,16,0,1,1,4294967295
tileCastlevaniaI,280,160,88,144,8,32,0,1,1,4294967295
tileCastlevaniaI,280,120,88,144,8,24,0,1,1,4294967295
tileCastlevaniaI,152,120,88,144,8,24,0,1,1,4294967295
tileCastlevaniaI,152,144,88,144,8,24,0,1,1,4294967295
tileCastlevaniaI,152,168,88,144,8,24,0,1,1,4294967295
tileCastlevaniaI,152,192,88,144,8,24,0,1,1,4294967295
tileCastlevaniaI,152,216,88,144,8,24,0,1,1,4294967295
tileCastlevaniaI,152,240,88,144,8,16,0,1,1,4294967295
tileCastlevaniaI,280,144,88,144,8,16,0,1,1,4294967295
tileCastlevaniaI,192,120,96,144,8,24,0,1,1,4294967295
tileCastlevaniaI,192,144,96,144,8,24,0,1,1,4294967295
tileCastlevaniaI,192,168,96,144,8,24,0,1,1,4294967295
tileCastlevaniaI,192,192,96,144,8,24,0,1,1,4294967295
tileCastlevaniaI,192,216,96,144,8,24,0,1,1,4294967295
tileCastlevaniaI,192,240,96,144,8,16,0,1,1,4294967295
tileCastlevaniaI,288,272,16,0,32,48,0,1,1,4294967295
tileCastlevaniaI,320,272,16,0,32,48,0,1,1,4294967295
tileCastlevaniaI,352,272,16,0,32,48,0,1,1,4294967295
tileCastlevaniaI,416,272,16,0,32,48,0,1,1,4294967295
tileCastlevaniaI,448,272,16,0,32,48,0,1,1,4294967295
tileCastlevaniaI,480,272,16,0,32,48,0,1,1,4294967295
tileCastlevaniaI,512,272,16,0,32,48,0,1,1,4294967295
tileCastlevaniaI,544,272,16,0,32,48,0,1,1,4294967295
tileCastlevaniaI,384,272,16,0,32,48,0,1,1,4294967295
tileCastlevaniaI,288,320,16,16,32,32,0,1,1,4294967295
tileCastlevaniaI,320,320,16,16,32,32,0,1,1,4294967295
tileCastlevaniaI,352,320,16,16,32,32,0,1,1,4294967295
tileCastlevaniaI,384,320,16,16,32,32,0,1,1,4294967295
tileCastlevaniaI,416,320,16,16,32,32,0,1,1,4294967295
tileCastlevaniaI,448,320,16,16,32,32,0,1,1,4294967295
tileCastlevaniaI,480,320,16,16,32,32,0,1,1,4294967295
tileCastlevaniaI,512,320,16,16,32,32,0,1,1,4294967295
tileCastlevaniaI,544,320,16,16,32,32,0,1,1,4294967295
tileCastlevaniaI,288,256,64,96,32,16,0,1,1,4294967295
tileCastlevaniaI,320,256,64,96,32,16,0,1,1,4294967295
tileCastlevaniaI,352,256,64,96,32,16,0,1,1,4294967295
tileCastlevaniaI,384,256,64,96,32,16,0,1,1,4294967295
tileCastlevaniaI,416,256,64,96,32,16,0,1,1,4294967295
tileCastlevaniaI,448,256,64,96,32,16,0,1,1,4294967295
tileCastlevaniaI,480,256,64,96,32,16,0,1,1,4294967295
tileCastlevaniaI,512,256,64,96,32,16,0,1,1,4294967295
tileCastlevaniaI,544,256,64,96,32,16,0,1,1,4294967295
tileCastlevaniaI,320,192,64,96,32,16,0,1,1,4294967295
tileCastlevaniaI,432,192,64,96,32,16,0,1,1,4294967295
tileCastlevaniaI,496,96,64,112,32,32,0,1,1,4294967295
tileCastlevaniaI,528,96,64,112,32,32,0,1,1,4294967295
tileCastlevaniaI,640,320,16,0,32,32,0,1,1,4294967295
tileCastlevaniaI,672,320,16,0,32,32,0,1,1,4294967295
tileCastlevaniaI,704,320,16,0,32,32,0,1,1,4294967295
tileCastlevaniaI,736,320,16,0,32,32,0,1,1,4294967295
tileCastlevaniaI,768,320,16,0,32,32,0,1,1,4294967295
tileCastlevaniaI,800,320,16,0,32,32,0,1,1,4294967295
tileCastlevaniaI,832,320,16,0,32,32,0,1,1,4294967295
tileCastlevaniaI,576,320,16,16,32,32,0,1,1,4294967295
tileCastlevaniaI,864,320,16,0,32,32,0,1,1,4294967295
tileCastlevaniaI,896,320,16,0,32,32,0,1,1,4294967295
tileCastlevaniaI,1024,240,16,0,32,48,0,1,1,4294967295
tileCastlevaniaI,1056,240,16,0,32,48,0,1,1,4294967295
tileCastlevaniaI,1024,288,16,16,32,32,0,1,1,4294967295
tileCastlevaniaI,1056,288,16,16,32,32,0,1,1,4294967295
tileCastlevaniaI,992,320,16,16,32,32,0,1,1,4294967295
tileCastlevaniaI,1024,320,16,16,32,32,0,1,1,4294967295
tileCastlevaniaI,1056,320,16,16,32,32,0,1,1,4294967295
tileCastlevaniaI,576,48,16,16,32,48,0,1,1,4294967295
tileCastlevaniaI,608,48,16,16,32,48,0,1,1,4294967295
tileCastlevaniaI,640,48,16,16,32,48,0,1,1,4294967295
tileCastlevaniaI,672,48,16,16,32,48,0,1,1,4294967295
tileCastlevaniaI,704,48,16,16,32,48,0,1,1,4294967295
tileCastlevaniaI,768,16,16,16,32,48,0,1,1,4294967295
tileCastlevaniaI,736,64,32,32,32,32,0,1,1,4294967295
tileCastlevaniaI,800,16,16,16,32,48,0,1,1,4294967295
tileCastlevaniaI,832,16,16,16,32,48,0,1,1,4294967295
tileCastlevaniaI,864,16,16,16,32,48,0,1,1,4294967295
tileCastlevaniaI,928,48,16,16,32,48,0,1,1,4294967295
tileCastlevaniaI,896,64,0,32,32,32,0,1,1,4294967295
tileCastlevaniaI,960,48,16,16,32,48,0,1,1,4294967295
tileCastlevaniaI,992,48,16,16,32,48,0,1,1,4294967295
tileCastlevaniaI,1024,48,16,16,32,48,0,1,1,4294967295
tileCastlevaniaI,1056,48,16,16,32,48,0,1,1,4294967295
tileCastlevaniaI,576,16,16,16,32,32,0,1,1,4294967295
tileCastlevaniaI,608,16,16,16,32,32,0,1,1,4294967295
tileCastlevaniaI,640,16,16,16,32,32,0,1,1,4294967295
tileCastlevaniaI,672,16,16,16,32,32,0,1,1,4294967295
tileCastlevaniaI,704,16,16,16,32,32,0,1,1,4294967295
tileCastlevaniaI,736,16,16,16,32,32,0,1,1,4294967295
tileCastlevaniaI,896,16,16,16,32,32,0,1,1,4294967295
tileCastlevaniaI,928,16,16,16,32,32,0,1,1,4294967295
tileCastlevaniaI,960,16,16,16,32,32,0,1,1,4294967295
tileCastlevaniaI,992,16,16,16,32,32,0,1,1,4294967295
tileCastlevaniaI,1024,16,16,16,32,32,0,1,1,4294967295
tileCastlevaniaI,1056,16,16,16,32,32,0,1,1,4294967295
tileCastlevaniaI,576,0,16,32,32,16,0,1,1,4294967295
tileCastlevaniaI,608,0,16,32,32,16,0,1,1,4294967295
tileCastlevaniaI,640,0,16,32,32,16,0,1,1,4294967295
tileCastlevaniaI,672,0,16,32,32,16,0,1,1,4294967295
tileCastlevaniaI,704,0,16,32,32,16,0,1,1,4294967295
tileCastlevaniaI,736,0,16,32,32,16,0,1,1,4294967295
tileCastlevaniaI,768,0,16,32,32,16,0,1,1,4294967295
tileCastlevaniaI,800,0,16,32,32,16,0,1,1,4294967295
tileCastlevaniaI,832,0,16,32,32,16,0,1,1,4294967295
tileCastlevaniaI,864,0,16,32,32,16,0,1,1,4294967295
tileCastlevaniaI,896,0,16,32,32,16,0,1,1,4294967295
tileCastlevaniaI,928,0,16,32,32,16,0,1,1,4294967295
tileCastlevaniaI,960,0,16,32,32,16,0,1,1,4294967295
tileCastlevaniaI,992,0,16,32,32,16,0,1,1,4294967295
tileCastlevaniaI,1024,0,16,32,32,16,0,1,1,4294967295
tileCastlevaniaI,1056,0,16,32,32,16,0,1,1,4294967295
tileCastlevaniaI,736,48,16,16,32,16,0,1,1,4294967295
tileCastlevaniaI,896,48,16,16,32,16,0,1,1,4294967295
tileCastlevaniaI,576,256,64,96,32,16,0,1,1,4294967295
tileCastlevaniaI,640,304,64,96,32,16,0,1,1,4294967295
tileCastlevaniaI,672,304,64,96,32,16,0,1,1,4294967295
tileCastlevaniaI,704,304,64,96,32,16,0,1,1,4294967295
tileCastlevaniaI,736,304,64,96,32,16,0,1,1,4294967295
tileCastlevaniaI,768,304,64,96,32,16,0,1,1,4294967295
tileCastlevaniaI,800,304,64,96,32,16,0,1,1,4294967295
tileCastlevaniaI,832,304,64,96,32,16,0,1,1,4294967295
tileCastlevaniaI,864,304,64,96,32,16,0,1,1,4294967295
tileCastlevaniaI,896,304,64,96,32,16,0,1,1,4294967295
tileCastlevaniaI,960,224,64,96,32,16,0,1,1,4294967295
tileCastlevaniaI,560,96,64,112,32,32,0,1,1,4294967295
tileCastlevaniaI,592,96,64,112,32,32,0,1,1,4294967295
tileCastlevaniaI,624,96,64,112,32,32,0,1,1,4294967295
tileCastlevaniaI,656,96,64,112,32,32,0,1,1,4294967295
tileCastlevaniaI,688,96,64,112,32,32,0,1,1,4294967295
tileCastlevaniaI,720,96,64,112,32,32,0,1,1,4294967295
tileCastlevaniaI,896,96,64,112,32,32,0,1,1,4294967295
tileCastlevaniaI,800,64,64,112,32,32,0,1,1,4294967295
tileCastlevaniaI,832,64,64,112,32,32,0,1,1,4294967295
tileCastlevaniaI,864,64,64,112,32,32,0,1,1,4294967295
tileCastlevaniaI,768,64,64,112,32,32,0,1,1,4294967295
tileCastlevaniaI,928,96,64,112,32,32,0,1,1,4294967295
tileCastlevaniaI,960,96,64,112,32,32,0,1,1,4294967295
tileCastlevaniaI,992,96,64,112,32,32,0,1,1,4294967295
tileCastlevaniaI,1024,96,64,112,32,32,0,1,1,4294967295
tileCastlevaniaI,1056,96,64,112,32,32,0,1,1,4294967295
tileCastlevaniaI,752,96,64,112,16,32,0,1,1,4294967295
tileCastlevaniaI,992,224,64,96,32,16,0,1,1,4294967295
tileCastlevaniaI,1024,224,64,96,32,16,0,1,1,4294967295
tileCastlevaniaI,1056,224,64,96,32,16,0,1,1,4294967295
tileCastlevaniaI,1088,240,16,0,32,48,0,1,1,4294967295
tileCastlevaniaI,1120,240,32,0,32,48,0,1,1,4294967295
tileCastlevaniaI,1184,240,0,0,32,48,0,1,1,4294967295
tileCastlevaniaI,1216,240,16,0,32,48,0,1,1,4294967295
tileCastlevaniaI,1248,240,16,0,32,48,0,1,1,4294967295
tileCastlevaniaI,1088,288,16,16,32,32,0,1,1,4294967295
tileCastlevaniaI,1088,320,16,16,32,32,0,1,1,4294967295
tileCastlevaniaI,1120,288,16,16,32,32,0,1,1,4294967295
tileCastlevaniaI,1120,320,16,16,32,32,0,1,1,4294967295
tileCastlevaniaI,1184,288,16,16,32,32,0,1,1,4294967295
tileCastlevaniaI,1216,288,16,16,32,32,0,1,1,4294967295
tileCastlevaniaI,1248,288,16,16,32,32,0,1,1,4294967295
tileCastlevaniaI,1184,320,16,16,32,32,0,1,1,4294967295
tileCastlevaniaI,1216,320,16,16,32,32,0,1,1,4294967295
tileCastlevaniaI,1152,288,16,0,32,16,0,1,1,4294967295
tileCastlevaniaI,1152,320,16,16,32,32,0,1,1,4294967295
tileCastlevaniaI,1152,304,16,32,32,16,0,1,1,4294967295
tileCastlevaniaI,1248,320,16,16,32,32,0,1,1,4294967295
tileCastlevaniaI,1088,224,64,96,32,16,0,1,1,4294967295
tileCastlevaniaI,1152,272,64,96,32,16,0,1,1,4294967295
tileCastlevaniaI,1216,224,64,96,32,16,0,1,1,4294967295
tileCastlevaniaI,1248,224,64,96,32,16,0,1,1,4294967295
tileCastlevaniaI,1120,96,96,96,16,48,0,1,1,4294967295
tileCastlevaniaI,1136,96,128,96,16,48,0,1,1,4294967295
tileCastlevaniaI,1184,96,96,96,16,48,0,1,1,4294967295
tileCastlevaniaI,1200,96,128,96,16,48,0,1,1,4294967295
tileCastlevaniaI,1120,144,144,64,16,32,0,1,1,4294967295
tileCastlevaniaI,1120,192,144,80,16,48,0,1,1,4294967295
tileCastlevaniaI,1184,192,144,80,16,48,0,1,1,4294967295
tileCastlevaniaI,1136,192,176,80,16,48,0,1,1,4294967295
tileCastlevaniaI,1200,192,176,80,16,48,0,1,1,4294967295
tileCastlevaniaI,1200,144,176,64,16,32,0,1,1,4294967295
tileCastlevaniaI,1136,144,176,64,16,32,0,1,1,4294967295
tileCastlevaniaI,1184,144,144,64,16,32,0,1,1,4294967295
tileCastlevaniaI,1200,176,176,80,16,16,0,1,1,4294967295
tileCastlevaniaI,1136,176,176,80,16,16,0,1,1,4294967295
tileCastlevaniaI,1184,176,144,80,16,16,0,1,1,4294967295
tileCastlevaniaI,1120,176,144,80,16,16,0,1,1,4294967295
tileCastlevaniaI,1088,96,64,112,32,32,0,1,1,4294967295
tileCastlevaniaI,1152,48,64,112,32,32,0,1,1,4294967295
tileCastlevaniaI,1216,96,64,112,32,32,0,1,1,4294967295
tileCastlevaniaI,1088,48,16,16,32,48,0,1,1,4294967295
tileCastlevaniaI,1120,48,32,16,32,48,0,1,1,4294967295
tileCastlevaniaI,1152,32,16,48,32,16,0,1,1,4294967295
tileCastlevaniaI,1152,16,16,16,32,16,0,1,1,4294967295
tileCastlevaniaI,1152,0,16,32,32,16,0,1,1,4294967295
tileCastlevaniaI,1088,16,16,16,32,32,0,1,1,4294967295
tileCastlevaniaI,1120,16,16,16,32,32,0,1,1,4294967295
tileCastlevaniaI,1184,16,16,16,32,32,0,1,1,4294967295
tileCastlevaniaI,1216,16,16,16,32,32,0,1,1,4294967295
tileCastlevaniaI,1088,0,16,32,32,16,0,1,1,4294967295
tileCastlevaniaI,1120,0,16,32,32,16,0,1,1,4294967295
tileCastlevaniaI,1184,0,16,32,32,16,0,1,1,4294967295
tileCastlevaniaI,1216,0,16,32,32,16,0,1,1,4294967295
tileCastlevaniaI,992,288,16,16,32,32,0,1,1,4294967295
tileCastlevaniaI,960,320,16,16,32,32,0,1,1,4294967295
tileCastlevaniaI,992,240,16,0,32,48,0,1,1,4294967295
tileCastlevaniaI,496,160,96,144,8,32,0,1,1,4294967295
tileCastlevaniaI,496,120,96,144,8,24,0,1,1,4294967295
tileCastlevaniaI,496,144,96,144,8,16,0,1,1,4294967295
tileCastlevaniaI,624,288,96,144,8,24,0,1,1,4294967295
tileCastlevaniaI,624,264,96,144,8,24,0,1,1,4294967295
tileCastlevaniaI,936,232,88,144,8,24,0,1,1,4294967295
tileCastlevaniaI,936,280,88,144,8,24,0,1,1,4294967295
tileCastlevaniaI,936,256,88,144,8,24,0,1,1,4294967295
tileCastlevaniaI,768,88,96,144,8,32,0,1,1,4294967295
tileCastlevaniaI,888,88,88,144,8,32,0,1,1,4294967295
tileCastlevaniaI,1152,72,96,144,8,24,0,1,1,4294967295
tileCastlevaniaI,1152,96,96,144,8,24,0,1,1,4294967295
tileCastlevaniaI,1152,120,96,144,8,24,0,1,1,4294967295
tileCastlevaniaI,1152,144,96,144,8,24,0,1,1,4294967295
tileCastlevaniaI,1152,168,96,144,8,24,0,1,1,4294967295
tileCastlevaniaI,1152,192,96,144,8,24,0,1,1,4294967295
tileCastlevaniaI,1152,216,96,144,8,24,0,1,1,4294967295
tileCastlevaniaI,1152,240,96,144,8,24,0,1,1,4294967295
tileCastlevaniaI,1216,120,96,144,8,24,0,1,1,4294967295
tileCastlevaniaI,1216,144,96,144,8,24,0,1,1,4294967295
tileCastlevaniaI,1216,168,96,144,8,24,0,1,1,4294967295
tileCastlevaniaI,1216,192,96,144,8,24,0,1,1,4294967295
tileCastlevaniaI,1176,72,88,144,8,24,0,1,1,4294967295
tileCastlevaniaI,1176,96,88,144,8,24,0,1,1,4294967295
tileCastlevaniaI,1176,120,88,144,8,24,0,1,1,4294967295
tileCastlevaniaI,1176,144,88,144,8,24,0,1,1,4294967295
tileCastlevaniaI,1176,168,88,144,8,24,0,1,1,4294967295
tileCastlevaniaI,1176,192,88,144,8,24,0,1,1,4294967295
tileCastlevaniaI,1176,216,88,144,8,24,0,1,1,4294967295
tileCastlevaniaI,1176,240,88,144,8,24,0,1,1,4294967295
tileCastlevaniaI,1112,120,88,144,8,24,0,1,1,4294967295
tileCastlevaniaI,1112,144,88,144,8,24,0,1,1,4294967295
tileCastlevaniaI,1112,168,88,144,8,24,0,1,1,4294967295
tileCastlevaniaI,1112,192,88,144,8,24,0,1,1,4294967295
tileCastlevaniaI,1176,264,88,144,8,16,0,1,1,4294967295
tileCastlevaniaI,1152,264,96,144,8,16,0,1,1,4294967295
tileCastlevaniaI,1216,216,96,144,8,8,0,1,1,4294967295
tileCastlevaniaI,1216,224,96,144,8,8,0,1,1,4294967295
tileCastlevaniaI,1112,216,88,144,8,8,0,1,1,4294967295
tileCastlevaniaI,1112,224,88,144,8,8,0,1,1,4294967295
tileCastlevaniaI,1280,240,64,0,32,32,0,1,1,4294967295
tileCastlevaniaI,1312,256,64,0,32,32,0,1,1,4294967295
tileCastlevaniaI,1344,272,16,0,32,48,0,1,1,4294967295
tileCastlevaniaI,1312,288,16,16,32,32,0,1,1,4294967295
tileCastlevaniaI,1280,288,16,16,32,32,0,1,1,4294967295
tileCastlevaniaI,1280,320,16,16,32,32,0,1,1,4294967295
tileCastlevaniaI,1312,320,16,16,32,32,0,1,1,4294967295
tileCastlevaniaI,1344,320,16,16,32,32,0,1,1,4294967295
tileCastlevaniaI,1376,320,16,16,32,32,0,1,1,4294967295
tileCastlevaniaI,1280,272,16,32,32,16,0,1,1,4294967295
tileCastlevaniaI,1280,224,80,96,16,16,0,1,1,4294967295
tileCastlevaniaI,1312,240,80,96,16,16,0,1,1,4294967295
tileCastlevaniaI,1304,240,80,96,8,16,0,1,1,4294967295
tileCastlevaniaI,1376,256,64,96,32,16,0,1,1,4294967295
tileCastlevaniaI,1344,256,64,96,32,16,0,1,1,4294967295
tileCastlevaniaI,1336,256,64,96,8,16,0,1,1,4294967295
tileCastlevaniaI,1184,48,0,16,48,48,0,1,1,4294967295
tileCastlevaniaI,1232,48,16,16,48,48,0,1,1,4294967295
tileCastlevaniaI,1280,0,16,16,32,48,0,1,1,4294967295
tileCastlevaniaI,1312,0,16,16,32,48,0,1,1,4294967295
tileCastlevaniaI,1344,0,16,16,32,48,0,1,1,4294967295
tileCastlevaniaI,1248,16,16,16,32,32,0,1,1,4294967295
tileCastlevaniaI,1248,0,16,32,32,16,0,1,1,4294967295
tileCastlevaniaI,1248,96,64,112,32,32,0,1,1,4294967295
tileCastlevaniaI,1280,48,64,112,32,32,0,1,1,4294967295
tileCastlevaniaI,1312,48,64,112,32,32,0,1,1,4294967295
tileCastlevaniaI,1344,48,64,112,32,32,0,1,1,4294967295
tileCastlevaniaI,1376,0,16,16,32,48,0,1,1,4294967295
tileCastlevaniaI,1408,0,16,16,32,48,0,1,1,4294967295
tileCastlevaniaI,1440,0,16,16,32,48,0,1,1,4294967295
tileCastlevaniaI,1376,48,64,112,32,32,0,1,1,4294967295
tileCastlevaniaI,1408,48,64,112,32,32,0,1,1,4294967295
tileCastlevaniaI,1440,48,64,112,32,32,0,1,1,4294967295
tileCastlevaniaI,1376,272,16,0,32,48,0,1,1,4294967295
tileCastlevaniaI,1408,272,16,0,32,48,0,1,1,4294967295
tileCastlevaniaI,1440,272,16,0,32,48,0,1,1,4294967295
tileCastlevaniaI,1408,320,16,16,32,32,0,1,1,4294967295
tileCastlevaniaI,1440,320,16,16,32,32,0,1,1,4294967295
tileCastlevaniaI,1408,256,64,96,32,16,0,1,1,4294967295
tileCastlevaniaI,1440,256,64,96,32,16,0,1,1,4294967295
tileCastlevaniaI,1472,0,16,16,32,48,0,1,1,4294967295
tileCastlevaniaI,1504,0,16,16,32,48,0,1,1,4294967295
tileCastlevaniaI,1536,0,16,16,32,48,0,1,1,4294967295
tileCastlevaniaI,1568,0,16,16,32,48,0,1,1,4294967295
tileCastlevaniaI,1600,0,16,16,32,48,0,1,1,4294967295
tileCastlevaniaI,1632,0,16,16,32,48,0,1,1,4294967295
tileCastlevaniaI,1664,0,16,16,32,48,0,1,1,4294967295
tileCastlevaniaI,1472,272,16,0,32,48,0,1,1,4294967295
tileCastlevaniaI,1504,272,16,0,32,48,0,1,1,4294967295
tileCastlevaniaI,1536,272,16,0,32,48,0,1,1,4294967295
tileCastlevaniaI,1568,272,16,0,32,48,0,1,1,4294967295
tileCastlevaniaI,1600,272,16,0,32,48,0,1,1,4294967295
tileCastlevaniaI,1632,272,16,0,32,48,0,1,1,4294967295
tileCastlevaniaI,1664,272,16,0,32,48,0,1,1,4294967295
tileCastlevaniaI,1472,320,16,16,32,32,0,1,1,4294967295
tileCastlevaniaI,1504,320,16,16,32,32,0,1,1,4294967295
tileCastlevaniaI,1536,320,16,16,32,32,0,1,1,4294967295
tileCastlevaniaI,1568,320,16,16,32,32,0,1,1,4294967295
tileCastlevaniaI,1600,320,16,16,32,32,0,1,1,4294967295
tileCastlevaniaI,1632,320,16,16,32,32,0,1,1,4294967295
tileCastlevaniaI,1664,320,16,16,32,32,0,1,1,4294967295
tileCastlevaniaI,1472,256,64,96,32,16,0,1,1,4294967295
tileCastlevaniaI,1504,256,64,96,32,16,0,1,1,4294967295
tileCastlevaniaI,1536,256,64,96,32,16,0,1,1,4294967295
tileCastlevaniaI,1568,256,64,96,32,16,0,1,1,4294967295
tileCastlevaniaI,1600,256,64,96,32,16,0,1,1,4294967295
tileCastlevaniaI,1632,256,64,96,32,16,0,1,1,4294967295
tileCastlevaniaI,1664,256,64,96,32,16,0,1,1,4294967295
tileCastlevaniaI,1472,48,64,112,32,32,0,1,1,4294967295
tileCastlevaniaI,1504,48,64,112,32,32,0,1,1,4294967295
tileCastlevaniaI,1536,48,64,112,32,32,0,1,1,4294967295
tileCastlevaniaI,1568,48,64,112,32,32,0,1,1,4294967295
tileCastlevaniaI,1600,48,64,112,32,32,0,1,1,4294967295
tileCastlevaniaI,1632,48,64,112,32,32,0,1,1,4294967295
tileCastlevaniaI,1664,48,64,112,32,32,0,1,1,4294967295
tileCastlevaniaI,1376,176,64,96,32,16,0,1,1,4294967295
tileCastlevaniaI,1472,112,64,96,32,16,0,1,1,4294967295
tileCastlevaniaI,1472,192,64,96,32,16,0,1,1,4294967295
tileCastlevaniaI,1568,176,64,96,32,16,0,1,1,4294967295
tileCastlevaniaI,1696,0,16,16,32,48,0,1,1,4294967295
tileCastlevaniaI,1728,0,16,16,32,48,0,1,1,4294967295
tileCastlevaniaI,1760,0,16,16,32,48,0,1,1,4294967295
tileCastlevaniaI,1792,0,16,16,32,48,0,1,1,4294967295
tileCastlevaniaI,1824,0,16,16,32,48,0,1,1,4294967295
tileCastlevaniaI,1856,0,16,16,32,48,0,1,1,4294967295
tileCastlevaniaI,1888,0,16,16,32,48,0,1,1,4294967295
tileCastlevaniaI,1920,0,16,16,32,48,0,1,1,4294967295
tileCastlevaniaI,1952,0,16,16,32,48,0,1,1,4294967295
tileCastlevaniaI,1984,0,16,16,32,48,0,1,1,4294967295
tileCastlevaniaI,2016,0,16,16,32,48,0,1,1,4294967295
tileCastlevaniaI,2048,0,16,16,32,48,0,1,1,4294967295
tileCastlevaniaI,2080,0,16,16,32,48,0,1,1,4294967295
tileCastlevaniaI,2112,0,16,16,32,48,0,1,1,4294967295
tileCastlevaniaI,2144,0,16,16,32,48,0,1,1,4294967295
tileCastlevaniaI,2176,0,16,16,32,48,0,1,1,4294967295
tileCastlevaniaI,2208,0,16,16,32,48,0,1,1,4294967295
tileCastlevaniaI,1696,48,64,112,32,32,0,1,1,4294967295
tileCastlevaniaI,1728,48,64,112,32,32,0,1,1,4294967295
tileCastlevaniaI,1760,48,64,112,32,32,0,1,1,4294967295
tileCastlevaniaI,1792,48,64,112,32,32,0,1,1,4294967295
tileCastlevaniaI,1824,48,64,112,32,32,0,1,1,4294967295
tileCastlevaniaI,1856,48,64,112,32,32,0,1,1,4294967295
tileCastlevaniaI,1888,48,64,112,32,32,0,1,1,4294967295
tileCastlevaniaI,1920,48,64,112,32,32,0,1,1,4294967295
tileCastlevaniaI,2016,48,64,112,32,32,0,1,1,4294967295
tileCastlevaniaI,2048,48,64,112,32,32,0,1,1,4294967295
tileCastlevaniaI,2080,48,64,112,32,32,0,1,1,4294967295
tileCastlevaniaI,2112,48,64,112,32,32,0,1,1,4294967295
tileCastlevaniaI,2144,48,64,112,32,32,0,1,1,4294967295
tileCastlevaniaI,2176,48,64,112,32,32,0,1,1,4294967295
tileCastlevaniaI,2208,48,64,112,32,32,0,1,1,4294967295
tileCastlevaniaI,1696,256,64,96,32,16,0,1,1,4294967295
tileCastlevaniaI,1728,288,64,96,32,16,0,1,1,4294967295
tileCastlevaniaI,1760,288,64,96,32,16,0,1,1,4294967295
tileCastlevaniaI,1792,288,64,96,32,16,0,1,1,4294967295
tileCastlevaniaI,1824,288,64,96,32,16,0,1,1,4294967295
tileCastlevaniaI,1856,288,64,96,32,16,0,1,1,4294967295
tileCastlevaniaI,1888,288,64,96,32,16,0,1,1,4294967295
tileCastlevaniaI,1920,288,64,96,32,16,0,1,1,4294967295
tileCastlevaniaI,1952,288,64,96,32,16,0,1,1,4294967295
tileCastlevaniaI,1984,288,64,96,32,16,0,1,1,4294967295
tileCastlevaniaI,2016,288,64,96,32,16,0,1,1,4294967295
tileCastlevaniaI,2048,288,64,96,32,16,0,1,1,4294967295
tileCastlevaniaI,2080,288,64,96,32,16,0,1,1,4294967295
tileCastlevaniaI,2112,288,64,96,32,16,0,1,1,4294967295
tileCastlevaniaI,2144,288,64,96,32,16,0,1,1,4294967295
tileCastlevaniaI,2176,288,64,96,32,16,0,1,1,4294967295
tileCastlevaniaI,2208,288,64,96,32,16,0,1,1,4294967295
tileCastlevaniaI,656,144,112,144,80,32,0,1,1,4294967295
tileCastlevaniaI,672,176,112,144,80,32,0,1,1,4294967295
tileCastlevaniaI,688,208,112,144,80,32,0,1,1,4294967295
tileCastlevaniaI,688,240,112,144,80,32,0,1,1,4294967295
tileCastlevaniaI,608,192,112,144,80,32,0,1,1,4294967295
tileCastlevaniaI,624,224,112,144,80,32,0,1,1,4294967295
tileCastlevaniaI,592,160,112,144,80,32,0,1,1,4294967295
tileCastlevaniaI,544,208,0,112,48,32,0,1,1,4294967295
tileCastlevaniaI,576,176,0,80,32,32,0,1,1,4294967295
tileCastlevaniaI,112,144,48,144,32,32,0,1,1,4294967295
tileCastlevaniaI,80,144,0,80,32,32,0,1,1,4294967295
tileCastlevaniaI,96,176,0,128,32,16,0,1,1,4294967295
tileCastlevaniaI,96,224,48,160,32,16,0,1,1,4294967295
tileCastlevaniaI,240,176,16,128,32,16,0,1,1,4294967295
tileCastlevaniaI,848,160,0,80,32,64,0,1,1,4294967295
tileCastlevaniaI,1312,128,0,80,32,64,0,1,1,4294967295
tileCastlevaniaI,1632,128,0,80,32,64,0,1,1,4294967295
tileCastlevaniaI,1664,160,32,112,32,32,0,1,1,4294967295
tileCastlevaniaI,1024,144,32,112,32,32,0,1,1,4294967295
tileCastlevaniaI,992,160,32,112,32,32,0,1,1,4294967295
tileCastlevaniaI,816,176,32,112,32,32,0,1,1,4294967295
tileCastlevaniaI,800,160,0,112,32,32,0,1,1,4294967295
tileCastlevaniaI,1024,192,0,112,32,32,0,1,1,4294967295
tileCastlevaniaI,1664,128,0,112,32,32,0,1,1,4294967295
tileCastlevaniaI,1600,160,48,160,32,16,0,1,1,4294967295
tileCastlevaniaI,1568,112,48,160,32,16,0,1,1,4294967295
tileCastlevaniaI,1440,160,48,160,32,16,0,1,1,4294967295
tileCastlevaniaI,1376,96,112,144,32,32,0,1,1,4294967295
tileCastlevaniaI,1408,96,160,144,32,32,0,1,1,4294967295
tileCastlevaniaI,1232,160,112,144,16,32,0,1,1,4294967295
tileCastlevaniaI,1248,160,176,144,16,32,0,1,1,4294967295
tileCastlevaniaI,912,256,176,144,16,32,0,1,1,4294967295
tileCastlevaniaI,880,256,112,144,32,32,0,1,1,4294967295
tileCastlevaniaI,1608,208,112,144,16,32,0,1,1,4294967295
tileCastlevaniaI,1624,208,160,144,32,32,0,1,1,4294967295
tileCastlevaniaI,928,144,48,144,32,32,0,1,1,4294967295
tileCastlevaniaI,912,160,32,112,32,32,0,1,1,4294967295
tileCastlevaniaI,896,160,0,128,32,16,0,1,1,4294967295
tileCastlevaniaI,768,144,0,128,32,16,0,1,1,4294967295
tileCastlevaniaI,784,208,0,128,32,16,0,1,1,4294967295
tileCastlevaniaI,528,160,0,128,32,16,0,1,1,4294967295
tileCastlevaniaI,480,224,0,128,32,16,0,1,1,4294967295
tileCastlevaniaI,416,240,0,96,32,16,0,1,1,4294967295
tileCastlevaniaI,736,272,0,96,32,16,0,1,1,4294967295
tileCastlevaniaI,992,128,0,96,32,16,0,1,1,4294967295
tileCastlevaniaI,1360,224,0,96,32,16,0,1,1,4294967295
tileCastlevaniaI,1520,96,48,160,32,16,0,1,1,4294967295
tileCastlevaniaI,960,192,48,160,32,16,0,1,1,4294967295
tileCastlevaniaI,352,224,48,160,32,16,0,1,1,4294967295
tileCastlevaniaI,240,224,48,160,32,16,0,1,1,4294967295
tileCastlevaniaI,816,272,0,112,32,32,0,1,1,4294967295
tileCastlevaniaI,800,272,0,96,32,16,0,1,1,4294967295
tileCastlevaniaI,832,256,0,96,32,16,0,1,1,4294967295
tileCastlevaniaI,816,112,0,96,16,16,0,1,1,4294967295
tileCastlevaniaI,1072,176,0,96,16,16,0,1,1,4294967295
tileCastlevaniaI,1296,208,0,96,16,16,0,1,1,4294967295
tileCastlevaniaI,1536,160,0,96,16,16,0,1,1,4294967295
tileCastlevaniaI,1520,192,64,144,16,16,0,1,1,4294967295
tileCastlevaniaI,1512,152,64,160,16,16,0,1,1,4294967295
tileCastlevaniaI,1728,264,96,144,8,24,0,1,1,4294967295
tileCastlevaniaI,1728,288,96,144,8,8,0,1,1,4294967295
tileCastlevaniaI,2240,240,0,0,32,48,0,1,1,4294967295
tileCastlevaniaI,2272,240,16,0,32,48,0,1,1,4294967295
tileCastlevaniaI,2304,240,16,0,32,48,0,1,1,4294967295
tileCastlevaniaI,2336,240,16,0,32,48,0,1,1,4294967295
tileCastlevaniaI,2368,240,16,0,32,48,0,1,1,4294967295
tileCastlevaniaI,2400,240,16,0,32,48,0,1,1,4294967295
tileCastlevaniaI,2288,80,16,16,32,48,0,1,1,4294967295
tileCastlevaniaI,2240,80,0,16,48,48,0,1,1,4294967295
tileCastlevaniaI,2320,80,16,16,48,48,0,1,1,4294967295
tileCastlevaniaI,2240,48,0,16,48,32,0,1,1,4294967295
tileCastlevaniaI,2288,48,16,16,32,32,0,1,1,4294967295
tileCastlevaniaI,2368,32,16,16,32,48,0,1,1,4294967295
tileCastlevaniaI,2400,32,16,16,32,48,0,1,1,4294967295
tileCastlevaniaI,2272,288,16,16,32,32,0,1,1,4294967295
tileCastlevaniaI,2304,288,16,16,32,32,0,1,1,4294967295
tileCastlevaniaI,2336,288,16,16,32,32,0,1,1,4294967295
tileCastlevaniaI,2368,288,16,16,32,32,0,1,1,4294967295
tileCastlevaniaI,2400,288,16,16,32,32,0,1,1,4294967295
tileCastlevaniaI,2272,320,16,16,32,32,0,1,1,4294967295
tileCastlevaniaI,2304,320,16,16,32,32,0,1,1,4294967295
tileCastlevaniaI,2336,320,16,16,32,32,0,1,1,4294967295
tileCastlevaniaI,2368,320,16,16,32,32,0,1,1,4294967295
tileCastlevaniaI,2400,320,16,16,32,32,0,1,1,4294967295
tileCastlevaniaI,2368,0,16,16,32,32,0,1,1,4294967295
tileCastlevaniaI,2400,0,16,16,32,32,0,1,1,4294967295
tileCastlevaniaI,2336,0,16,16,32,32,0,1,1,4294967295
tileCastlevaniaI,2336,32,16,16,32,32,0,1,1,4294967295
tileCastlevaniaI,2240,0,16,16,32,32,0,1,1,4294967295
tileCastlevaniaI,2272,0,16,16,32,32,0,1,1,4294967295
tileCastlevaniaI,2304,0,16,16,32,32,0,1,1,4294967295
tileCastlevaniaI,2336,64,16,16,32,16,0,1,1,4294967295
tileCastlevaniaI,2240,32,16,16,32,16,0,1,1,4294967295
tileCastlevaniaI,2272,32,16,16,32,16,0,1,1,4294967295
tileCastlevaniaI,2304,32,16,16,32,16,0,1,1,4294967295
tileCastlevaniaI,2320,48,16,16,16,32,0,1,1,4294967295
tileCastlevaniaI,2368,80,64,112,32,32,0,1,1,4294967295
tileCastlevaniaI,2400,80,64,112,32,32,0,1,1,4294967295
tileCastlevaniaI,2240,128,64,112,32,32,0,1,1,4294967295
tileCastlevaniaI,2272,128,64,112,32,32,0,1,1,4294967295
tileCastlevaniaI,2304,128,64,112,32,32,0,1,1,4294967295
tileCastlevaniaI,2336,128,64,112,32,32,0,1,1,4294967295
tileCastlevaniaI,2240,224,64,96,32,16,0,1,1,4294967295
tileCastlevaniaI,2272,224,64,96,32,16,0,1,1,4294967295
tileCastlevaniaI,2304,224,64,96,32,16,0,1,1,4294967295
tileCastlevaniaI,2336,224,64,96,32,16,0,1,1,4294967295
tileCastlevaniaI,2368,224,64,96,32,16,0,1,1,4294967295
tileCastlevaniaI,2400,224,64,96,32,16,0,1,1,4294967295
tileCastlevaniaI,2432,240,64,0,16,32,0,1,1,4294967295
tileCastlevaniaI,2448,256,64,0,16,32,0,1,1,4294967295
tileCastlevaniaI,2464,272,64,0,16,32,0,1,1,4294967295
tileCastlevaniaI,2480,288,64,0,32,32,0,1,1,4294967295
tileCastlevaniaI,2480,320,16,16,32,32,0,1,1,4294967295
tileCastlevaniaI,2448,320,16,16,32,32,0,1,1,4294967295
tileCastlevaniaI,2432,288,16,16,32,32,0,1,1,4294967295
tileCastlevaniaI,2464,304,16,32,16,16,0,1,1,4294967295
tileCastlevaniaI,2432,272,16,32,16,16,0,1,1,4294967295
tileCastlevaniaI,2432,320,16,16,16,32,0,1,1,4294967295
tileCastlevaniaI,2448,240,80,0,16,16,0,1,1,4294967295
tileCastlevaniaI,2464,256,80,0,16,16,0,1,1,4294967295
tileCastlevaniaI,2480,272,80,0,16,16,0,1,1,4294967295
tileCastlevaniaI,2432,224,64,96,16,16,0,1,1,4294967295
tileCastlevaniaI,2232,120,88,144,8,32,0,1,1,4294967295
tileCastlevaniaI,2232,232,88,144,8,24,0,1,1,4294967295
tileCastlevaniaI,2232,256,88,144,8,24,0,1,1,4294967295
tileCastlevaniaI,2232,96,88,144,8,24,0,1,1,4294967295
tileCastlevaniaI,2232,72,88,144,8,24,0,1,1,4294967295
tileCastlevaniaI,2232,280,88,144,8,16,0,1,1,4294967295
tileCastlevaniaI,2000,48,64,112,16,32,0,1,1,4294967295
tileCastlevaniaI,1936,80,112,144,80,32,0,1,1,4294967295
tileCastlevaniaI,1984,112,144,144,48,32,0,1,1,4294967295
tileCastlevaniaI,1920,112,112,144,48,32,0,1,1,4294967295
tileCastlevaniaI,1968,112,144,144,16,32,0,1,1,4294967295
tileCastlevaniaI,1920,144,112,144,80,32,0,1,1,4294967295
tileCastlevaniaI,1936,176,112,144,80,32,0,1,1,4294967295
tileCastlevaniaI,2000,160,112,144,80,32,0,1,1,4294967295
tileCastlevaniaI,2032,128,112,144,80,32,0,1,1,4294967295
tileCastlevaniaI,2016,96,112,144,80,32,0,1,1,4294967295
tileCastlevaniaI,1856,144,0,80,32,32,0,1,1,4294967295
tileCastlevaniaI,1840,112,0,80,32,32,0,1,1,4294967295
tileCastlevaniaI,1872,128,0,80,32,32,0,1,1,4294967295
tileCastlevaniaI,1856,96,0,80,32,32,0,1,1,4294967295
tileCastlevaniaI,1824,112,32,112,32,32,0,1,1,4294967295
tileCastlevaniaI,1872,80,32,112,32,32,0,1,1,4294967295
tileCastlevaniaI,1888,160,32,112,32,32,0,1,1,4294967295
tileCastlevaniaI,1776,192,48,144,32,32,0,1,1,4294967295
tileCastlevaniaI,2192,144,0,80,32,64,0,1,1,4294967295
tileCastlevaniaI,2112,192,0,80,32,64,0,1,1,4294967295
tileCastlevaniaI,1728,96,0,112,64,32,0,1,1,4294967295
tileCastlevaniaI,1904,240,0,112,64,32,0,1,1,4294967295
tileCastlevaniaI,1744,176,48,160,32,16,0,1,1,4294967295
tileCastlevaniaI,1904,272,48,160,32,16,0,1,1,4294967295
tileCastlevaniaI,1840,224,48,160,32,16,0,1,1,4294967295
tileCastlevaniaI,2096,256,48,160,32,16,0,1,1,4294967295
tileCastlevaniaI,1856,240,32,128,32,16,0,1,1,4294967295
tileCastlevaniaI,1760,224,32,128,32,16,0,1,1,4294967295
tileCastlevaniaI,2080,240,32,128,32,16,0,1,1,4294967295
tileCastlevaniaI,2176,208,32,128,32,16,0,1,1,4294967295
tileCastlevaniaI,2160,192,0,112,32,16,0,1,1,4294967295
tileCastlevaniaI,2064,224,0,112,32,16,0,1,1,4294967295
tileCastlevaniaI,2144,256,0,112,32,16,0,1,1,4294967295
tileCastlevaniaI,1744,128,0,112,32,16,0,1,1,4294967295
tileCastlevaniaI,1728,240,0,112,32,16,0,1,1,4294967295
tileCastlevaniaI,1840,176,0,112,32,16,0,1,1,4294967295
tileCastlevaniaI,2144,96,0,112,32,16,0,1,1,4294967295
tileCastlevaniaI,2192,80,48,112,16,16,0,1,1,4294967295
tileCastlevaniaI,2000,224,48,112,16,16,0,1,1,4294967295
tileCastlevaniaI,1952,48,64,112,32,16,0,1,1,4294967295
tileCastlevaniaI,1984,48,64,112,16,16,0,1,1,4294967295
tileCastlevaniaI,1952,64,128,160,48,16,0,1,1,4294967295
tileCastlevaniaI,2512,304,16,0,32,48,0,1,1,4294967295
tileCastlevaniaI,2544,304,16,0,32,48,0,1,1,4294967295
tileCastlevaniaI,2576,320,16,16,32,32,0,1,1,4294967295
tileCastlevaniaI,2576,304,16,32,32,16,0,1,1,4294967295
tileCastlevaniaI,2576,272,0,0,32,32,0,1,1,4294967295
tileCastlevaniaI,2768,272,16,0,32,48,0,1,1,4294967295
tileCastlevaniaI,2800,272,16,0,32,48,0,1,1,4294967295
tileCastlevaniaI,2832,272,16,0,32,48,0,1,1,4294967295
tileCastlevaniaI,2768,320,16,16,32,32,0,1,1,4294967295
tileCastlevaniaI,2800,320,16,16,32,32,0,1,1,4294967295
tileCastlevaniaI,2832,320,16,16,32,32,0,1,1,4294967295
tileCastlevaniaI,2640,288,64,96,32,16,0,1,1,4294967295
tileCastlevaniaI,2672,288,64,96,32,16,0,1,1,4294967295
tileCastlevaniaI,2704,288,64,96,32,16,0,1,1,4294967295
tileCastlevaniaI,2512,288,64,96,32,16,0,1,1,4294967295
tileCastlevaniaI,2544,288,64,96,32,16,0,1,1,4294967295
tileCastlevaniaI,2576,256,64,96,32,16,0,1,1,4294967295
tileCastlevaniaI,2608,256,64,96,32,16,0,1,1,4294967295
tileCastlevaniaI,2736,224,64,96,32,16,0,1,1,4294967295
tileCastlevaniaI,2768,256,64,96,32,16,0,1,1,4294967295
tileCastlevaniaI,2800,256,64,96,32,16,0,1,1,4294967295
tileCastlevaniaI,2832,256,64,96,32,16,0,1,1,4294967295
tileCastlevaniaI,2432,32,16,16,32,48,0,1,1,4294967295
tileCastlevaniaI,2464,32,16,16,32,48,0,1,1,4294967295
tileCastlevaniaI,2496,32,16,16,32,48,0,1,1,4294967295
tileCastlevaniaI,2528,32,16,16,32,48,0,1,1,4294967295
tileCastlevaniaI,2560,32,16,16,32,48,0,1,1,4294967295
tileCastlevaniaI,2592,32,16,16,32,48,0,1,1,4294967295
tileCastlevaniaI,2624,32,16,16,32,48,0,1,1,4294967295
tileCastlevaniaI,2656,32,16,16,32,48,0,1,1,4294967295
tileCastlevaniaI,2688,32,16,16,32,48,0,1,1,4294967295
tileCastlevaniaI,2720,32,16,16,32,48,0,1,1,4294967295
tileCastlevaniaI,2752,32,16,16,32,48,0,1,1,4294967295
tileCastlevaniaI,2784,32,16,16,32,48,0,1,1,4294967295
tileCastlevaniaI,2816,32,16,16,32,48,0,1,1,4294967295
tileCastlevaniaI,2432,0,16,16,32,32,0,1,1,4294967295
tileCastlevaniaI,2464,0,16,16,32,32,0,1,1,4294967295
tileCastlevaniaI,2496,0,16,16,32,32,0,1,1,4294967295
tileCastlevaniaI,2528,0,16,16,32,32,0,1,1,4294967295
tileCastlevaniaI,2560,0,16,16,32,32,0,1,1,4294967295
tileCastlevaniaI,2592,0,16,16,32,32,0,1,1,4294967295
tileCastlevaniaI,2624,0,16,16,32,32,0,1,1,4294967295
tileCastlevaniaI,2656,0,16,16,32,32,0,1,1,4294967295
tileCastlevaniaI,2688,0,16,16,32,32,0,1,1,4294967295
tileCastlevaniaI,2720,0,16,16,32,32,0,1,1,4294967295
tileCastlevaniaI,2752,0,16,16,32,32,0,1,1,4294967295
tileCastlevaniaI,2784,0,16,16,32,32,0,1,1,4294967295
tileCastlevaniaI,2816,0,16,16,32,32,0,1,1,4294967295
tileCastlevaniaI,2432,80,64,112,32,32,0,1,1,4294967295
tileCastlevaniaI,2464,80,64,112,32,32,0,1,1,4294967295
tileCastlevaniaI,2496,80,64,112,32,32,0,1,1,4294967295
tileCastlevaniaI,2528,80,64,112,32,32,0,1,1,4294967295
tileCastlevaniaI,2560,80,64,112,32,32,0,1,1,4294967295
tileCastlevaniaI,2592,80,64,112,32,32,0,1,1,4294967295
tileCastlevaniaI,2624,80,64,112,32,32,0,1,1,4294967295
tileCastlevaniaI,2656,80,64,112,32,32,0,1,1,4294967295
tileCastlevaniaI,2688,80,64,112,32,32,0,1,1,4294967295
tileCastlevaniaI,2720,80,64,112,32,32,0,1,1,4294967295
tileCastlevaniaI,2752,80,64,112,32,32,0,1,1,4294967295
tileCastlevaniaI,2784,80,64,112,32,32,0,1,1,4294967295
tileCastlevaniaI,2816,80,64,112,32,32,0,1,1,4294967295
tileCastlevaniaI,2504,288,64,96,8,16,0,1,1,4294967295
tileCastlevaniaI,2368,120,96,144,8,32,0,1,1,4294967295
tileCastlevaniaI,2368,104,96,144,8,16,0,1,1,4294967295
tileCastlevaniaI,2640,264,96,144,8,24,0,1,1,4294967295
tileCastlevaniaI,2640,288,96,144,8,8,0,1,1,4294967295
tileCastlevaniaI,2728,264,88,144,8,24,0,1,1,4294967295
tileCastlevaniaI,2728,288,88,144,8,8,0,1,1,4294967295
tileCastlevaniaI,2568,288,88,144,8,8,0,1,1,4294967295
tileCastlevaniaI,2568,264,88,144,8,24,0,1,1,4294967295
tileCastlevaniaI,2864,272,16,0,32,48,0,1,1,4294967295
tileCastlevaniaI,2896,272,16,0,32,48,0,1,1,4294967295
tileCastlevaniaI,2928,272,16,0,32,48,0,1,1,4294967295
tileCastlevaniaI,2960,272,16,0,32,48,0,1,1,4294967295
tileCastlevaniaI,2992,272,16,0,32,48,0,1,1,4294967295
tileCastlevaniaI,3024,272,16,0,32,48,0,1,1,4294967295
tileCastlevaniaI,3056,272,16,0,32,48,0,1,1,4294967295
tileCastlevaniaI,3088,272,16,0,32,48,0,1,1,4294967295
tileCastlevaniaI,2848,32,16,16,32,48,0,1,1,4294967295
tileCastlevaniaI,2880,32,16,16,32,48,0,1,1,4294967295
tileCastlevaniaI,2912,32,16,16,32,48,0,1,1,4294967295
tileCastlevaniaI,2944,32,16,16,32,48,0,1,1,4294967295
tileCastlevaniaI,2976,32,16,16,32,48,0,1,1,4294967295
tileCastlevaniaI,3008,32,16,16,32,48,0,1,1,4294967295
tileCastlevaniaI,3040,32,16,16,32,48,0,1,1,4294967295
tileCastlevaniaI,3072,32,16,16,32,48,0,1,1,4294967295
tileCastlevaniaI,2848,0,16,16,32,32,0,1,1,4294967295
tileCastlevaniaI,2880,0,16,16,32,32,0,1,1,4294967295
tileCastlevaniaI,2912,0,16,16,32,32,0,1,1,4294967295
tileCastlevaniaI,2944,0,16,16,32,32,0,1,1,4294967295
tileCastlevaniaI,2976,0,16,16,32,32,0,1,1,4294967295
tileCastlevaniaI,3008,0,16,16,32,32,0,1,1,4294967295
tileCastlevaniaI,3040,0,16,16,32,32,0,1,1,4294967295
tileCastlevaniaI,3072,0,16,16,32,32,0,1,1,4294967295
tileCastlevaniaI,2864,320,16,16,32,32,0,1,1,4294967295
tileCastlevaniaI,2896,320,16,16,32,32,0,1,1,4294967295
tileCastlevaniaI,2928,320,16,16,32,32,0,1,1,4294967295
tileCastlevaniaI,2960,320,16,16,32,32,0,1,1,4294967295
tileCastlevaniaI,2992,320,16,16,32,32,0,1,1,4294967295
tileCastlevaniaI,3024,320,16,16,32,32,0,1,1,4294967295
tileCastlevaniaI,3056,320,16,16,32,32,0,1,1,4294967295
tileCastlevaniaI,3088,320,16,16,32,32,0,1,1,4294967295
tileCastlevaniaI,2864,256,64,96,32,16,0,1,1,4294967295
tileCastlevaniaI,2896,256,64,96,32,16,0,1,1,4294967295
tileCastlevaniaI,2928,256,64,96,32,16,0,1,1,4294967295
tileCastlevaniaI,2960,256,64,96,32,16,0,1,1,4294967295
tileCastlevaniaI,2992,256,64,96,32,16,0,1,1,4294967295
tileCastlevaniaI,3024,256,64,96,32,16,0,1,1,4294967295
tileCastlevaniaI,3056,256,64,96,32,16,0,1,1,4294967295
tileCastlevaniaI,3088,256,64,96,32,16,0,1,1,4294967295
tileCastlevaniaI,2848,80,64,112,32,32,0,1,1,4294967295
tileCastlevaniaI,2880,80,64,112,32,32,0,1,1,4294967295
tileCastlevaniaI,2912,80,64,112,32,32,0,1,1,4294967295
tileCastlevaniaI,2944,80,64,112,32,32,0,1,1,4294967295
tileCastlevaniaI,2976,80,64,112,32,32,0,1,1,4294967295
tileCastlevaniaI,3008,80,64,112,32,32,0,1,1,4294967295
tileCastlevaniaI,3040,80,64,112,32,32,0,1,1,4294967295
tileCastlevaniaI,3072,80,64,112,32,32,0,1,1,4294967295
tileCastlevaniaI,2736,240,0,0,16,32,0,1,1,4294967295
tileCastlevaniaI,2752,240,48,0,16,32,0,1,1,4294967295
tileCastlevaniaI,2736,272,0,32,32,16,0,1,1,4294967295
tileCastlevaniaI,2728,240,88,144,8,24,0,1,1,4294967295
tileCastlevaniaI,2728,232,88,144,8,8,0,1,1,4294967295
tileCastlevaniaI,2768,256,96,144,8,8,0,1,1,4294967295
tileCastlevaniaI,2768,232,96,144,8,24,0,1,1,4294967295
tileCastlevaniaI,3120,272,16,0,32,48,0,1,1,4294967295
tileCastlevaniaI,3152,272,16,0,32,48,0,1,1,4294967295
tileCastlevaniaI,3184,272,16,0,32,48,0,1,1,4294967295
tileCastlevaniaI,3216,272,16,0,32,48,0,1,1,4294967295
tileCastlevaniaI,3248,272,16,0,32,48,0,1,1,4294967295
tileCastlevaniaI,3104,32,16,16,32,48,0,1,1,4294967295
tileCastlevaniaI,3136,32,16,16,32,48,0,1,1,4294967295
tileCastlevaniaI,3168,32,16,16,32,48,0,1,1,4294967295
tileCastlevaniaI,3200,32,16,16,32,48,0,1,1,4294967295
tileCastlevaniaI,3232,32,16,16,32,48,0,1,1,4294967295
tileCastlevaniaI,3104,0,16,16,32,32,0,1,1,4294967295
tileCastlevaniaI,3136,0,16,16,32,32,0,1,1,4294967295
tileCastlevaniaI,3168,0,16,16,32,32,0,1,1,4294967295
tileCastlevaniaI,3200,0,16,16,32,32,0,1,1,4294967295
tileCastlevaniaI,3232,0,16,16,32,32,0,1,1,4294967295
tileCastlevaniaI,3120,320,16,16,32,32,0,1,1,4294967295
tileCastlevaniaI,3152,320,16,16,32,32,0,1,1,4294967295
tileCastlevaniaI,3184,320,16,16,32,32,0,1,1,4294967295
tileCastlevaniaI,3216,320,16,16,32,32,0,1,1,4294967295
tileCastlevaniaI,3248,320,16,16,32,32,0,1,1,4294967295
tileCastlevaniaI,3120,256,64,96,32,16,0,1,1,4294967295
tileCastlevaniaI,3152,256,64,96,32,16,0,1,1,4294967295
tileCastlevaniaI,3184,256,64,96,32,16,0,1,1,4294967295
tileCastlevaniaI,3216,256,64,96,32,16,0,1,1,4294967295
tileCastlevaniaI,3248,256,64,96,32,16,0,1,1,4294967295
tileCastlevaniaI,3104,80,64,112,32,32,0,1,1,4294967295
tileCastlevaniaI,3136,80,64,112,32,32,0,1,1,4294967295
tileCastlevaniaI,3168,80,64,112,32,32,0,1,1,4294967295
tileCastlevaniaI,3200,80,64,112,32,32,0,1,1,4294967295
tileCastlevaniaI,3232,80,64,112,32,32,0,1,1,4294967295
tileCastlevaniaI,3264,144,0,0,48,64,0,1,1,4294967295
tileCastlevaniaI,3232,192,0,160,32,16,0,1,1,4294967295
tileCastlevaniaI,3264,32,16,16,32,48,0,1,1,4294967295
tileCastlevaniaI,3296,32,16,16,32,48,0,1,1,4294967295
tileCastlevaniaI,3312,144,16,0,32,64,0,1,1,4294967295
tileCastlevaniaI,3344,80,0,16,64,32,0,1,1,4294967295
tileCastlevaniaI,3344,112,0,16,64,32,0,1,1,4294967295
tileCastlevaniaI,3328,32,16,16,16,48,0,1,1,4294967295
tileCastlevaniaI,3264,0,16,16,32,32,0,1,1,4294967295
tileCastlevaniaI,3296,0,16,16,32,32,0,1,1,4294967295
tileCastlevaniaI,3408,32,16,16,32,48,0,1,1,4294967295
tileCastlevaniaI,3440,32,16,16,32,48,0,1,1,4294967295
tileCastlevaniaI,3328,0,16,16,32,32,0,1,1,4294967295
tileCastlevaniaI,3360,0,16,16,32,32,0,1,1,4294967295
tileCastlevaniaI,3392,0,16,16,32,32,0,1,1,4294967295
tileCastlevaniaI,3424,0,16,16,32,32,0,1,1,4294967295
tileCastlevaniaI,3344,32,16,16,32,32,0,1,1,4294967295
tileCastlevaniaI,3376,32,16,16,32,32,0,1,1,4294967295
tileCastlevaniaI,3344,64,16,16,32,16,0,1,1,4294967295
tileCastlevaniaI,3376,64,16,16,32,16,0,1,1,4294967295
tileCastlevaniaI,3280,272,16,0,32,48,0,1,1,4294967295
tileCastlevaniaI,3312,272,16,0,32,48,0,1,1,4294967295
tileCastlevaniaI,3344,272,16,0,32,48,0,1,1,4294967295
tileCastlevaniaI,3376,272,16,0,32,48,0,1,1,4294967295
tileCastlevaniaI,3408,272,16,0,32,48,0,1,1,4294967295
tileCastlevaniaI,3440,272,16,0,32,48,0,1,1,4294967295
tileCastlevaniaI,3344,176,16,32,32,32,0,1,1,4294967295
tileCastlevaniaI,3376,176,32,32,32,32,0,1,1,4294967295
tileCastlevaniaI,3376,144,32,16,32,32,0,1,1,4294967295
tileCastlevaniaI,3344,144,16,16,32,32,0,1,1,4294967295
tileCastlevaniaI,3456,0,16,16,16,32,0,1,1,4294967295
tileCastlevaniaI,3472,32,16,16,32,48,0,1,1,4294967295
tileCastlevaniaI,3504,32,16,16,32,48,0,1,1,4294967295
tileCastlevaniaI,3536,32,16,16,32,48,0,1,1,4294967295
tileCastlevaniaI,3472,0,16,16,32,32,0,1,1,4294967295
tileCastlevaniaI,3504,0,16,16,32,32,0,1,1,4294967295
tileCastlevaniaI,3536,0,16,16,32,32,0,1,1,4294967295
tileCastlevaniaI,3568,0,16,16,32,32,0,1,1,4294967295
tileCastlevaniaI,3568,32,16,16,32,48,0,1,1,4294967295
tileCastlevaniaI,3472,272,16,0,32,48,0,1,1,4294967295
tileCastlevaniaI,3504,272,16,0,32,48,0,1,1,4294967295
tileCastlevaniaI,3536,272,16,0,32,48,0,1,1,4294967295
tileCastlevaniaI,3568,272,16,0,32,48,0,1,1,4294967295
tileCastlevaniaI,3280,320,16,16,32,32,0,1,1,4294967295
tileCastlevaniaI,3312,320,16,16,32,32,0,1,1,4294967295
tileCastlevaniaI,3344,320,16,16,32,32,0,1,1,4294967295
tileCastlevaniaI,3376,320,16,16,32,32,0,1,1,4294967295
tileCastlevaniaI,3408,320,16,16,32,32,0,1,1,4294967295
tileCastlevaniaI,3440,320,16,16,32,32,0,1,1,4294967295
tileCastlevaniaI,3472,320,16,16,32,32,0,1,1,4294967295
tileCastlevaniaI,3504,320,16,16,32,32,0,1,1,4294967295
tileCastlevaniaI,3536,320,16,16,32,32,0,1,1,4294967295
tileCastlevaniaI,3568,320,16,16,32,32,0,1,1,4294967295
tileCastlevaniaI,3264,80,64,112,32,32,0,1,1,4294967295
tileCastlevaniaI,3296,80,64,112,32,32,0,1,1,4294967295
tileCastlevaniaI,3408,80,64,112,32,32,0,1,1,4294967295
tileCastlevaniaI,3440,80,64,112,32,32,0,1,1,4294967295
tileCastlevaniaI,3520,80,64,112,32,32,0,1,1,4294967295
tileCastlevaniaI,3552,80,64,112,32,32,0,1,1,4294967295
tileCastlevaniaI,3280,256,64,96,32,16,0,1,1,4294967295
tileCastlevaniaI,3312,256,64,96,32,16,0,1,1,4294967295
tileCastlevaniaI,3344,256,64,96,32,16,0,1,1,4294967295
tileCastlevaniaI,3376,256,64,96,32,16,0,1,1,4294967295
tileCastlevaniaI,3408,256,64,96,32,16,0,1,1,4294967295
tileCastlevaniaI,3440,256,64,96,32,16,0,1,1,4294967295
tileCastlevaniaI,3520,256,64,96,32,16,0,1,1,4294967295
tileCastlevaniaI,3552,256,64,96,32,16,0,1,1,4294967295
tileCastlevaniaI,3264,128,64,96,32,16,0,1,1,4294967295
tileCastlevaniaI,3296,128,64,96,32,16,0,1,1,4294967295
tileCastlevaniaI,3328,128,64,96,16,16,0,1,1,4294967295
tileCastlevaniaI,3328,80,64,112,16,32,0,1,1,4294967295
tileCastlevaniaI,3232,208,64,112,32,32,0,1,1,4294967295
tileCastlevaniaI,3264,208,64,112,32,32,0,1,1,4294967295
tileCastlevaniaI,3296,208,64,112,32,32,0,1,1,4294967295
tileCastlevaniaI,3328,208,64,112,32,32,0,1,1,4294967295
tileCastlevaniaI,3360,208,64,112,32,32,0,1,1,4294967295
tileCastlevaniaI,3392,208,64,112,16,32,0,1,1,4294967295
tileCastlevaniaI,3232,176,64,96,32,16,0,1,1,4294967295
tileCastlevaniaI,3224,200,88,144,8,32,0,1,1,4294967295
tileCastlevaniaI,3224,184,88,144,8,16,0,1,1,4294967295
tileCastlevaniaI,3256,136,88,144,8,24,0,1,1,4294967295
tileCastlevaniaI,3256,160,88,144,8,16,0,1,1,4294967295
tileCastlevaniaI,3256,176,88,144,8,8,0,1,1,4294967295
tileCastlevaniaI,3408,200,96,144,8,32,0,1,1,4294967295
tileCastlevaniaI,3336,104,88,144,8,24,0,1,1,4294967295
tileCastlevaniaI,3336,128,88,144,8,8,0,1,1,4294967295
tileCastlevaniaI,3408,104,96,144,8,24,0,1,1,4294967295
tileCastlevaniaI,3408,128,96,144,8,24,0,1,1,4294967295
tileCastlevaniaI,3408,152,96,144,8,24,0,1,1,4294967295
tileCastlevaniaI,3408,176,96,144,8,24,0,1,1,4294967295
tileCastlevaniaI,2848,192,64,96,32,16,0,1,1,4294967295
tileCastlevaniaI,3136,192,64,96,32,16,0,1,1,4294967295
tileCastlevaniaI,3600,272,16,0,32,48,0,1,1,4294967295
tileCastlevaniaI,3632,272,16,0,32,48,0,1,1,4294967295
tileCastlevaniaI,3664,272,16,0,32,48,0,1,1,4294967295
tileCastlevaniaI,3696,272,16,0,32,48,0,1,1,4294967295
tileCastlevaniaI,3728,272,16,0,32,48,0,1,1,4294967295
tileCastlevaniaI,3760,272,16,0,32,48,0,1,1,4294967295
tileCastlevaniaI,3600,32,16,16,32,48,0,1,1,4294967295
tileCastlevaniaI,3632,32,16,16,32,48,0,1,1,4294967295
tileCastlevaniaI,3664,32,16,16,32,48,0,1,1,4294967295
tileCastlevaniaI,3696,32,16,16,32,48,0,1,1,4294967295
tileCastlevaniaI,3728,32,16,16,32,48,0,1,1,4294967295
tileCastlevaniaI,3760,80,0,16,48,32,0,1,1,4294967295
tileCastlevaniaI,3760,112,0,16,48,32,0,1,1,4294967295
tileCastlevaniaI,3760,144,0,16,48,32,0,1,1,4294967295
tileCastlevaniaI,3760,176,0,32,48,32,0,1,1,4294967295
tileCastlevaniaI,3792,272,16,0,16,48,0,1,1,4294967295
tileCastlevaniaI,3600,320,16,16,32,32,0,1,1,4294967295
tileCastlevaniaI,3632,320,16,16,32,32,0,1,1,4294967295
tileCastlevaniaI,3664,320,16,16,32,32,0,1,1,4294967295
tileCastlevaniaI,3696,320,16,16,32,32,0,1,1,4294967295
tileCastlevaniaI,3728,320,16,16,32,32,0,1,1,4294967295
tileCastlevaniaI,3760,320,16,16,32,32,0,1,1,4294967295
tileCastlevaniaI,3600,0,16,16,32,32,0,1,1,4294967295
tileCastlevaniaI,3632,0,16,16,32,32,0,1,1,4294967295
tileCastlevaniaI,3664,0,16,16,32,32,0,1,1,4294967295
tileCastlevaniaI,3696,0,16,16,32,32,0,1,1,4294967295
tileCastlevaniaI,3728,0,16,16,32,32,0,1,1,4294967295
tileCastlevaniaI,3760,0,16,16,32,32,0,1,1,4294967295
tileCastlevaniaI,3760,32,16,16,32,32,0,1,1,4294967295
tileCastlevaniaI,3792,320,16,16,16,32,0,1,1,4294967295
tileCastlevaniaI,3792,0,16,16,16,32,0,1,1,4294967295
tileCastlevaniaI,3792,32,16,16,16,32,0,1,1,4294967295
tileCastlevaniaI,3792,64,16,16,16,16,0,1,1,4294967295
tileCastlevaniaI,3584,80,64,112,32,32,0,1,1,4294967295
tileCastlevaniaI,3696,80,64,112,32,32,0,1,1,4294967295
tileCastlevaniaI,3728,80,64,112,32,32,0,1,1,4294967295
tileCastlevaniaI,3760,208,64,112,32,32,0,1,1,4294967295
tileCastlevaniaI,3792,208,64,112,16,32,0,1,1,4294967295
tileCastlevaniaI,3584,256,64,96,32,16,0,1,1,4294967295
tileCastlevaniaI,3696,256,64,96,32,16,0,1,1,4294967295
tileCastlevaniaI,3728,256,64,96,32,16,0,1,1,4294967295
tileCastlevaniaI,3760,256,64,96,32,16,0,1,1,4294967295
tileCastlevaniaI,3792,256,64,96,16,16,0,1,1,4294967295
tileCastlevaniaI,3752,200,88,144,8,32,0,1,1,4294967295
tileCastlevaniaI,3752,176,88,144,8,24,0,1,1,4294967295
tileCastlevaniaI,3752,152,88,144,8,24,0,1,1,4294967295
tileCastlevaniaI,3752,128,88,144,8,24,0,1,1,4294967295
tileCastlevaniaI,3752,104,88,144,8,24,0,1,1,4294967295
tileCastlevaniaI,3760,64,16,16,32,16,0,1,1,4294967295
tileCastlevaniaI,3472,80,96,64,48,80,0,1,1,4294967295
tileCastlevaniaI,3648,80,96,64,48,80,0,1,1,4294967295
tileCastlevaniaI,3616,80,64,112,32,32,0,1,1,4294967295
tileCastlevaniaI,3472,160,96,112,48,32,0,1,1,4294967295
tileCastlevaniaI,3648,160,96,112,48,32,0,1,1,4294967295
tileCastlevaniaI,3472,192,144,64,48,80,0,1,1,4294967295
tileCastlevaniaI,3648,192,144,64,48,80,0,1,1,4294967295
tileCastlevaniaI,3616,256,64,96,32,16,0,1,1,4294967295
tileCastlevaniaI,3464,104,88,144,8,24,0,1,1,4294967295
tileCastlevaniaI,3464,128,88,144,8,24,0,1,1,4294967295
tileCastlevaniaI,3464,152,88,144,8,24,0,1,1,4294967295
tileCastlevaniaI,3464,176,88,144,8,24,0,1,1,4294967295
tileCastlevaniaI,3464,200,88,144,8,24,0,1,1,4294967295
tileCastlevaniaI,3464,224,88,144,8,24,0,1,1,4294967295
tileCastlevaniaI,3640,104,88,144,8,24,0,1,1,4294967295
tileCastlevaniaI,3640,128,88,144,8,24,0,1,1,4294967295
tileCastlevaniaI,3640,152,88,144,8,24,0,1,1,4294967295
tileCastlevaniaI,3640,176,88,144,8,24,0,1,1,4294967295
tileCastlevaniaI,3640,200,88,144,8,24,0,1,1,4294967295
tileCastlevaniaI,3640,224,88,144,8,24,0,1,1,4294967295
tileCastlevaniaI,3464,248,88,144,8,16,0,1,1,4294967295
tileCastlevaniaI,3640,248,88,144,8,16,0,1,1,4294967295
tileCastlevaniaI,3520,104,96,144,8,24,0,1,1,4294967295
tileCastlevaniaI,3520,128,96,144,8,24,0,1,1,4294967295
tileCastlevaniaI,3520,152,96,144,8,24,0,1,1,4294967295
tileCastlevaniaI,3520,176,96,144,8,24,0,1,1,4294967295
tileCastlevaniaI,3520,200,96,144,8,24,0,1,1,4294967295
tileCastlevaniaI,3520,224,96,144,8,24,0,1,1,4294967295
tileCastlevaniaI,3696,104,96,144,8,24,0,1,1,4294967295
tileCastlevaniaI,3696,128,96,144,8,24,0,1,1,4294967295
tileCastlevaniaI,3696,152,96,144,8,24,0,1,1,4294967295
tileCastlevaniaI,3696,176,96,144,8,24,0,1,1,4294967295
tileCastlevaniaI,3696,200,96,144,8,24,0,1,1,4294967295
tileCastlevaniaI,3696,224,96,144,8,24,0,1,1,4294967295
tileCastlevaniaI,3520,248,96,144,8,16,0,1,1,4294967295
tileCastlevaniaI,3696,248,96,144,8,16,0,1,1,4294967295
tileCastlevaniaI,3072,128,112,144,80,32,0,1,1,4294967295
tileCastlevaniaI,3056,160,112,144,80,32,0,1,1,4294967295
tileCastlevaniaI,2784,128,112,144,80,32,0,1,1,4294967295
tileCastlevaniaI,2560,144,112,144,80,32,0,1,1,4294967295
tileCastlevaniaI,2528,192,112,144,80,32,0,1,1,4294967295
tileCastlevaniaI,2608,208,112,144,80,32,0,1,1,4294967295
tileCastlevaniaI,2624,176,112,144,80,32,0,1,1,4294967295
tileCastlevaniaI,2480,160,112,144,80,32,0,1,1,4294967295
tileCastlevaniaI,2448,128,112,144,80,32,0,1,1,4294967295
tileCastlevaniaI,2400,176,112,144,80,32,0,1,1,4294967295
tileCastlevaniaI,2336,192,112,144,80,32,0,1,1,4294967295
tileCastlevaniaI,2320,160,112,144,80,32,0,1,1,4294967295
tileCastlevaniaI,2416,144,48,160,32,16,0,1,1,4294967295
tileCastlevaniaI,2496,240,48,160,32,16,0,1,1,4294967295
tileCastlevaniaI,2752,176,48,160,32,16,0,1,1,4294967295
tileCastlevaniaI,2832,240,48,160,32,16,0,1,1,4294967295
tileCastlevaniaI,3008,192,48,160,32,16,0,1,1,4294967295
tileCastlevaniaI,3200,144,48,160,32,16,0,1,1,4294967295
tileCastlevaniaI,3296,112,48,160,32,16,0,1,1,4294967295
tileCastlevaniaI,3568,224,48,160,32,16,0,1,1,4294967295
tileCastlevaniaI,3600,176,48,160,32,16,0,1,1,4294967295
tileCastlevaniaI,3568,144,0,96,32,16,0,1,1,4294967295
tileCastlevaniaI,3712,192,0,96,32,16,0,1,1,4294967295
tileCastlevaniaI,3584,240,0,96,32,16,0,1,1,4294967295
tileCastlevaniaI,3360,240,0,96,32,16,0,1,1,4294967295
tileCastlevaniaI,2992,224,0,96,32,16,0,1,1,4294967295
tileCastlevaniaI,2896,176,0,96,32,16,0,1,1,4294967295
tileCastlevaniaI,2704,112,0,96,32,16,0,1,1,4294967295
tileCastlevaniaI,2480,224,0,96,32,16,0,1,1,4294967295
tileCastlevaniaI,2608,240,0,96,32,16,0,1,1,4294967295
tileCastlevaniaI,2544,128,0,128,32,16,0,1,1,4294967295
tileCastlevaniaI,2704,128,0,128,32,16,0,1,1,4294967295
tileCastlevaniaI,2784,192,0,128,32,16,0,1,1,4294967295
tileCastlevaniaI,2912,160,0,128,32,16,0,1,1,4294967295
tileCastlevaniaI,2976,208,0,128,32,16,0,1,1,4294967295
tileCastlevaniaI,3184,128,0,128,32,16,0,1,1,4294967295
tileCastlevaniaI,3184,176,0,128,32,16,0,1,1,4294967295
tileCastlevaniaI,3312,240,0,128,32,16,0,1,1,4294967295
tileCastlevaniaI,3424,176,0,128,32,16,0,1,1,4294967295
tileCastlevaniaI,3568,192,0,128,32,16,0,1,1,4294967295
tileCastlevaniaI,3600,112,0,128,32,16,0,1,1,4294967295
tileCastlevaniaI,3712,144,0,128,32,16,0,1,1,4294967295
tileCastlevaniaI,3424,144,32,128,32,16,0,1,1,4294967295
tileCastlevaniaI,3552,160,32,128,32,16,0,1,1,4294967295
tileCastlevaniaI,3024,224,32,128,32,16,0,1,1,4294967295
tileCastlevaniaI,2880,224,32,128,32,16,0,1,1,4294967295
tileCastlevaniaI,2720,208,32,128,32,16,0,1,1,4294967295
tileCastlevaniaI,2400,128,32,128,32,16,0,1,1,4294967295
tileCastlevaniaI,2256,192,32,128,32,16,0,1,1,4294967295
tileCastlevaniaI,2288,160,48,112,16,16,0,1,1,4294967295
tileCastlevaniaI,2496,112,48,112,16,16,0,1,1,4294967295
tileCastlevaniaI,2544,272,48,112,16,16,0,1,1,4294967295
tileCastlevaniaI,2800,224,48,112,16,16,0,1,1,4294967295
tileCastlevaniaI,2848,176,48,112,16,16,0,1,1,4294967295
tileCastlevaniaI,3024,144,48,112,16,16,0,1,1,4294967295
tileCastlevaniaI,3152,144,48,112,16,16,0,1,1,4294967295
tileCastlevaniaI,3440,224,48,112,16,16,0,1,1,4294967295
tileCastlevaniaI,3536,128,48,112,16,16,0,1,1,4294967295
tileCastlevaniaI,3536,208,48,112,16,16,0,1,1,4294967295
tileCastlevaniaI,3760,240,48,112,16,16,0,1,1,4294967295
tileCastlevaniaI,3600,208,64,144,16,16,0,1,1,4294967295
tileCastlevaniaI,3232,128,64,144,16,16,0,1,1,4294967295
tileCastlevaniaI,3056,112,64,144,16,16,0,1,1,4294967295
tileCastlevaniaI,2672,144,64,144,16,16,0,1,1,4294967295
tileCastlevaniaI,2592,112,0,80,16,16,0,1,1,4294967295
tileCastlevaniaI,2960,224,0,80,16,16,0,1,1,4294967295
tileCastlevaniaI,3424,208,16,80,16,16,0,1,1,4294967295
tileCastlevaniaI,3168,160,48,144,16,16,0,1,1,4294967295
tileCastlevaniaI,3248,128,48,144,16,16,0,1,1,4294967295
tileCastlevaniaI,352,200,96,144,8,32,0,1,1,4294967295
tileCastlevaniaI,464,200,96,144,8,32,0,1,1,4294967295
tileCastlevaniaI,312,200,88,144,8,32,0,1,1,4294967295
tileCastlevaniaI,424,200,88,144,8,32,0,1,1,4294967295
tileCastlevaniaI,1464,120,88,144,8,32,0,1,1,4294967295
tileCastlevaniaI,1368,184,88,144,8,32,0,1,1,4294967295
tileCastlevaniaI,1464,200,88,144,8,32,0,1,1,4294967295
tileCastlevaniaI,1560,184,88,144,8,32,0,1,1,4294967295
tileCastlevaniaI,1408,184,96,144,8,32,0,1,1,4294967295
tileCastlevaniaI,1504,200,96,144,8,32,0,1,1,4294967295
tileCastlevaniaI,1504,120,96,144,8,32,0,1,1,4294967295
tileCastlevaniaI,1600,184,96,144,8,32,0,1,1,4294967295
tileCastlevaniaI,2880,200,96,144,8,32,0,1,1,4294967295
tileCastlevaniaI,3168,200,96,144,8,32,0,1,1,4294967295
tileCastlevaniaI,2840,200,88,144,8,32,0,1,1,4294967295
tileCastlevaniaI,3128,200,88,144,8,32,0,1,1,4294967295
tileCastlevaniaI,2848,208,0,64,32,32,0,1,1,4294967295
tileCastlevaniaI,3136,208,0,64,32,32,0,1,1,4294967295
tileCastlevaniaI,1472,128,0,64,32,32,0,1,1,4294967295
tileCastlevaniaI,1472,208,0,64,32,32,0,1,1,4294967295
tileCastlevaniaI,1376,192,0,64,32,32,0,1,1,4294967295
tileCastlevaniaI,1568,192,0,64,32,32,0,1,1,4294967295
tileCastlevaniaI,432,208,0,64,32,32,0,1,1,4294967295
tileCastlevaniaI,320,208,0,64,32,32,0,1,1,4294967295
tileCastlevaniaI,2640,304,16,0,32,48,0,1,1,4294967295
tileCastlevaniaI,2672,304,16,0,32,48,0,1,1,4294967295
tileCastlevaniaI,2704,304,16,0,32,48,0,1,1,4294967295
tileCastlevaniaI,2608,272,32,0,32,32,0,1,1,4294967295
tileCastlevaniaI,2736,288,0,16,32,16,0,1,1,4294967295
tileCastlevaniaI,2608,320,16,16,32,32,0,1,1,4294967295
tileCastlevaniaI,2736,320,16,16,32,32,0,1,1,4294967295
tileCastlevaniaI,2608,304,16,32,32,16,0,1,1,4294967295
tileCastlevaniaI,2736,304,16,32,32,16,0,1,1,4294967295
tileCastlevaniaI,1728,304,16,0,32,48,0,1,1,4294967295
tileCastlevaniaI,1760,304,16,0,32,48,0,1,1,4294967295
tileCastlevaniaI,1792,304,16,0,32,48,0,1,1,4294967295
tileCastlevaniaI,1824,304,16,0,32,48,0,1,1,4294967295
tileCastlevaniaI,1856,304,16,0,32,48,0,1,1,4294967295
tileCastlevaniaI,1888,304,16,0,32,48,0,1,1,4294967295
tileCastlevaniaI,1920,304,16,0,32,48,0,1,1,4294967295
tileCastlevaniaI,1952,304,16,0,32,48,0,1,1,4294967295
tileCastlevaniaI,1984,304,16,0,32,48,0,1,1,4294967295
tileCastlevaniaI,2016,304,16,0,32,48,0,1,1,4294967295
tileCastlevaniaI,2048,304,16,0,32,48,0,1,1,4294967295
tileCastlevaniaI,2080,304,16,0,32,48,0,1,1,4294967295
tileCastlevaniaI,2112,304,16,0,32,48,0,1,1,4294967295
tileCastlevaniaI,2144,304,16,0,32,48,0,1,1,4294967295
tileCastlevaniaI,2176,304,16,0,32,48,0,1,1,4294967295
tileCastlevaniaI,2208,304,16,0,32,48,0,1,1,4294967295
tileCastlevaniaI,1696,272,32,0,32,32,0,1,1,4294967295
tileCastlevaniaI,2240,288,0,16,32,16,0,1,1,4294967295
tileCastlevaniaI,1696,320,16,16,32,32,0,1,1,4294967295
tileCastlevaniaI,2240,320,16,16,32,32,0,1,1,4294967295
tileCastlevaniaI,1696,304,16,32,32,16,0,1,1,4294967295
tileCastlevaniaI,2240,304,16,32,32,16,0,1,1,4294967295
tileCastlevaniaI,1280,88,96,144,8,32,0,1,1,4294967295
tileCastlevaniaI,1280,72,96,144,8,16,0,1,1,4294967295
tileCastlevaniaI,944,240,0,0,48,48,0,1,1,4294967295
tileCastlevaniaI,944,288,0,16,48,32,0,1,1,4294967295
tileCastlevaniaI,928,320,16,0,16,32,0,1,1,4294967295
tileCastlevaniaI,944,320,32,16,16,32,0,1,1,4294967295
tileCastlevaniaI,944,224,64,96,16,16,0,1,1,4294967295
tileCastlevaniaI,928,304,64,96,16,16,0,1,1,4294967295
tileCastlevaniaI,936,304,88,152,8,8,0,1,1,4294967295
tileCastlevaniaI,624,304,56,96,16,16,0,1,1,4294967295
tileCastlevaniaI,576,272,16,0,48,48,0,1,1,4294967295
tileCastlevaniaI,608,320,16,16,16,32,0,1,1,4294967295
tileCastlevaniaI,624,320,32,0,16,32,0,1,1,4294967295
tileCastlevaniaI,608,256,64,96,16,16,0,1,1,4294967295
tileCastlevaniaI,624,304,96,152,8,8,0,1,1,4294967295
