tileMarioWorldA,704,32,64,192,32,16,0,1,1,4294967295
tileMarioWorldA,704,48,64,192,32,16,0,1,1,4294967295
tileMarioWorldA,704,64,64,192,32,16,0,1,1,4294967295
tileMarioWorldA,704,80,64,192,32,16,0,1,1,4294967295
tileMarioWorldA,672,32,32,112,32,32,0,1,1,4294967295
tileMarioWorldA,640,32,80,192,32,16,0,1,1,4294967295
tileMarioWorldA,640,48,80,192,32,16,0,1,1,4294967295
tileMarioWorldA,640,64,80,192,32,16,0,1,1,4294967295
tileMarioWorldA,640,80,80,192,32,16,0,1,1,4294967295
tileMarioWorldA,640,96,80,192,32,16,0,1,1,4294967295
tileMarioWorldA,640,112,80,192,32,16,0,1,1,4294967295
tileMarioWorldA,640,128,80,192,32,16,0,1,1,4294967295
tileMarioWorldA,640,144,80,192,32,16,0,1,1,4294967295
tileMarioWorldA,640,160,80,192,32,16,0,1,1,4294967295
tileMarioWorldA,640,176,80,192,32,16,0,1,1,4294967295
tileMarioWorldA,640,192,80,192,32,16,0,1,1,4294967295
tileMarioWorldA,640,208,80,192,32,16,0,1,1,4294967295
tileMarioWorldA,640,224,80,192,32,16,0,1,1,4294967295
tileMarioWorldA,640,240,80,192,32,16,0,1,1,4294967295
tileMarioWorldA,640,256,80,192,32,16,0,1,1,4294967295
tileMarioWorldA,640,272,80,192,32,16,0,1,1,4294967295
tileMarioWorldA,704,96,64,192,32,16,0,1,1,4294967295
tileMarioWorldA,704,112,64,192,32,16,0,1,1,4294967295
tileMarioWorldA,704,128,64,192,32,16,0,1,1,4294967295
tileMarioWorldA,704,144,64,192,32,16,0,1,1,4294967295
tileMarioWorldA,704,160,64,192,32,16,0,1,1,4294967295
tileMarioWorldA,704,176,64,192,32,16,0,1,1,4294967295
tileMarioWorldA,704,192,64,192,32,16,0,1,1,4294967295
tileMarioWorldA,704,208,64,192,32,16,0,1,1,4294967295
tileMarioWorldA,704,224,64,192,32,16,0,1,1,4294967295
tileMarioWorldA,704,240,64,192,32,16,0,1,1,4294967295
tileMarioWorldA,704,256,64,192,32,16,0,1,1,4294967295
tileMarioWorldA,704,272,64,192,32,16,0,1,1,4294967295
tileMarioWorldA,704,288,64,192,32,16,0,1,1,4294967295
tileMarioWorldA,704,304,64,192,32,16,0,1,1,4294967295
tileMarioWorldA,704,320,64,192,32,16,0,1,1,4294967295
tileMarioWorldA,704,336,64,192,32,16,0,1,1,4294967295
tileMarioWorldA,640,288,80,192,32,32,0,1,1,4294967295
tileMarioWorldA,704,352,64,192,32,16,0,1,1,4294967295
tileMarioWorldA,704,368,64,192,32,16,0,1,1,4294967295
tileMarioWorldA,704,384,64,192,32,16,0,1,1,4294967295
tileMarioWorldA,704,400,64,192,32,16,0,1,1,4294967295
tileMarioWorldA,704,416,64,192,32,16,0,1,1,4294967295
tileMarioWorldA,704,432,64,192,32,16,0,1,1,4294967295
tileMarioWorldA,704,448,64,192,32,16,0,1,1,4294967295
tileMarioWorldA,704,464,64,192,32,16,0,1,1,4294967295
tileMarioWorldA,704,480,64,192,32,16,0,1,1,4294967295
tileMarioWorldA,704,496,64,192,32,16,0,1,1,4294967295
tileMarioWorldA,688,512,80,176,16,32,0,1,1,4294967295
tileMarioWorldA,672,512,80,176,16,32,0,1,1,4294967295
tileMarioWorldA,656,512,80,176,16,32,0,1,1,4294967295
tileMarioWorldA,640,512,80,176,16,32,0,1,1,4294967295
tileMarioWorldA,608,448,80,176,32,32,0,1,1,4294967295
tileMarioWorldA,592,448,80,176,16,32,0,1,1,4294967295
tileMarioWorldA,576,448,80,176,16,32,0,1,1,4294967295
tileMarioWorldA,544,432,80,192,32,16,0,1,1,4294967295
tileMarioWorldA,544,416,80,192,32,16,0,1,1,4294967295
tileMarioWorldA,544,400,80,192,32,16,0,1,1,4294967295
tileMarioWorldA,544,384,80,192,32,16,0,1,1,4294967295
tileMarioWorldA,544,368,80,192,32,16,0,1,1,4294967295
tileMarioWorldA,544,352,80,192,32,16,0,1,1,4294967295
tileMarioWorldA,544,336,80,192,32,16,0,1,1,4294967295
tileMarioWorldA,544,320,80,192,32,16,0,1,1,4294967295
tileMarioWorldA,576,288,80,192,16,32,0,1,1,4294967295
tileMarioWorldA,592,288,80,192,16,32,0,1,1,4294967295
tileMarioWorldA,608,288,80,192,16,32,0,1,1,4294967295
tileMarioWorldA,624,288,80,192,16,32,0,1,1,4294967295
tileMarioWorldA,704,512,128,0,32,32,0,1,1,4294967295
tileMarioWorldA,608,480,80,192,32,16,0,1,1,4294967295
tileMarioWorldA,608,496,80,192,32,16,0,1,1,4294967295
tileMarioWorldA,544,288,128,0,32,32,0,1,1,4294967295
tileMarioWorldA,544,448,128,0,32,32,0,1,1,4294967295
tileMarioWorldA,544,480,128,0,32,32,0,1,1,4294967295
tileMarioWorldA,576,480,128,0,32,32,0,1,1,4294967295
tileMarioWorldA,544,512,128,0,32,32,0,1,1,4294967295
tileMarioWorldA,576,512,128,0,32,32,0,1,1,4294967295
tileMarioWorldA,608,512,128,0,32,32,0,1,1,4294967295
tileMarioWorldA,512,496,64,192,32,16,0,1,1,4294967295
tileMarioWorldA,512,480,64,192,32,16,0,1,1,4294967295
tileMarioWorldA,512,464,64,192,32,16,0,1,1,4294967295
tileMarioWorldA,512,448,64,192,32,16,0,1,1,4294967295
tileMarioWorldA,496,512,80,176,16,32,0,1,1,4294967295
tileMarioWorldA,480,512,80,176,16,32,0,1,1,4294967295
tileMarioWorldA,464,512,80,176,16,32,0,1,1,4294967295
tileMarioWorldA,448,512,80,176,16,32,0,1,1,4294967295
tileMarioWorldA,432,512,80,176,16,32,0,1,1,4294967295
tileMarioWorldA,416,512,80,176,16,32,0,1,1,4294967295
tileMarioWorldA,400,512,80,176,16,32,0,1,1,4294967295
tileMarioWorldA,384,512,80,176,16,32,0,1,1,4294967295
tileMarioWorldA,352,496,80,192,32,16,0,1,1,4294967295
tileMarioWorldA,352,480,80,192,32,16,0,1,1,4294967295
tileMarioWorldA,352,448,80,176,32,32,0,1,1,4294967295
tileMarioWorldA,336,448,80,176,16,32,0,1,1,4294967295
tileMarioWorldA,320,448,80,176,16,32,0,1,1,4294967295
tileMarioWorldA,288,432,80,192,32,16,0,1,1,4294967295
tileMarioWorldA,288,416,80,192,32,16,0,1,1,4294967295
tileMarioWorldA,288,400,80,192,32,16,0,1,1,4294967295
tileMarioWorldA,288,384,80,192,32,16,0,1,1,4294967295
tileMarioWorldA,288,368,80,192,32,16,0,1,1,4294967295
tileMarioWorldA,288,352,80,192,32,16,0,1,1,4294967295
tileMarioWorldA,320,320,80,192,16,32,0,1,1,4294967295
tileMarioWorldA,336,320,80,192,16,32,0,1,1,4294967295
tileMarioWorldA,352,320,80,192,16,32,0,1,1,4294967295
tileMarioWorldA,368,320,80,192,16,32,0,1,1,4294967295
tileMarioWorldA,384,320,80,192,16,32,0,1,1,4294967295
tileMarioWorldA,400,320,80,192,16,32,0,1,1,4294967295
tileMarioWorldA,416,320,80,192,16,32,0,1,1,4294967295
tileMarioWorldA,432,320,80,192,16,32,0,1,1,4294967295
tileMarioWorldA,448,320,80,192,16,32,0,1,1,4294967295
tileMarioWorldA,464,320,80,192,16,32,0,1,1,4294967295
tileMarioWorldA,480,320,80,192,16,32,0,1,1,4294967295
tileMarioWorldA,496,320,80,192,16,32,0,1,1,4294967295
tileMarioWorldA,512,352,64,192,32,16,0,1,1,4294967295
tileMarioWorldA,512,368,64,192,32,16,0,1,1,4294967295
tileMarioWorldA,512,384,64,192,32,16,0,1,1,4294967295
tileMarioWorldA,512,400,64,192,32,16,0,1,1,4294967295
tileMarioWorldA,512,416,64,192,32,16,0,1,1,4294967295
tileMarioWorldA,512,432,64,192,32,16,0,1,1,4294967295
tileMarioWorldA,288,320,128,0,32,32,0,1,1,4294967295
tileMarioWorldA,288,448,128,0,32,32,0,1,1,4294967295
tileMarioWorldA,288,480,128,0,32,32,0,1,1,4294967295
tileMarioWorldA,320,480,128,0,32,32,0,1,1,4294967295
tileMarioWorldA,512,320,128,0,32,32,0,1,1,4294967295
tileMarioWorldA,512,512,128,0,32,32,0,1,1,4294967295
tileMarioWorldA,592,256,80,176,16,32,0,1,1,4294967295
tileMarioWorldA,576,256,80,176,16,32,0,1,1,4294967295
tileMarioWorldA,560,256,80,176,16,32,0,1,1,4294967295
tileMarioWorldA,544,256,80,176,16,32,0,1,1,4294967295
tileMarioWorldA,512,256,64,176,32,32,0,1,1,4294967295
tileMarioWorldA,496,288,80,176,16,32,0,1,1,4294967295
tileMarioWorldA,480,288,80,176,16,32,0,1,1,4294967295
tileMarioWorldA,464,288,80,176,16,32,0,1,1,4294967295
tileMarioWorldA,448,288,80,176,16,32,0,1,1,4294967295
tileMarioWorldA,432,288,80,176,16,32,0,1,1,4294967295
tileMarioWorldA,416,288,80,176,16,32,0,1,1,4294967295
tileMarioWorldA,512,288,128,0,32,32,0,1,1,4294967295
tileMarioWorldA,608,240,64,192,32,16,0,1,1,4294967295
tileMarioWorldA,608,224,64,192,32,16,0,1,1,4294967295
tileMarioWorldA,608,208,64,192,32,16,0,1,1,4294967295
tileMarioWorldA,608,192,64,192,32,16,0,1,1,4294967295
tileMarioWorldA,608,176,64,192,32,16,0,1,1,4294967295
tileMarioWorldA,608,256,128,0,32,32,0,1,1,4294967295
tileMarioWorldA,608,160,64,192,32,16,0,1,1,4294967295
tileMarioWorldA,608,144,64,192,32,16,0,1,1,4294967295
tileMarioWorldA,608,128,64,192,32,16,0,1,1,4294967295
tileMarioWorldA,512,160,80,192,32,32,0,1,1,4294967295
tileMarioWorldA,512,128,80,176,32,32,0,1,1,4294967295
tileMarioWorldA,496,128,80,176,16,32,0,1,1,4294967295
tileMarioWorldA,480,128,80,176,16,32,0,1,1,4294967295
tileMarioWorldA,672,16,32,112,32,16,0,1,1,4294967295
tileMarioWorldA,672,0,32,112,32,16,0,1,1,4294967295
tileMarioWorldA,704,16,64,192,32,16,0,1,1,4294967295
tileMarioWorldA,704,0,64,192,32,16,0,1,1,4294967295
tileMarioWorldA,640,16,80,192,32,16,0,1,1,4294967295
tileMarioWorldA,640,0,80,192,32,16,0,1,1,4294967295
tileMarioWorldA,608,112,64,192,32,16,0,1,1,4294967295
tileMarioWorldA,608,96,64,192,32,16,0,1,1,4294967295
tileMarioWorldA,608,80,64,192,32,16,0,1,1,4294967295
tileMarioWorldA,608,64,64,192,32,16,0,1,1,4294967295
tileMarioWorldA,608,48,64,192,32,16,0,1,1,4294967295
tileMarioWorldA,608,32,64,192,32,16,0,1,1,4294967295
tileMarioWorldA,448,112,80,192,32,16,0,1,1,4294967295
tileMarioWorldA,448,96,80,192,32,16,0,1,1,4294967295
tileMarioWorldA,448,80,80,192,32,16,0,1,1,4294967295
tileMarioWorldA,448,64,80,192,32,16,0,1,1,4294967295
tileMarioWorldA,448,48,80,192,32,16,0,1,1,4294967295
tileMarioWorldA,448,32,80,192,32,16,0,1,1,4294967295
tileMarioWorldA,480,0,80,192,16,32,0,1,1,4294967295
tileMarioWorldA,496,0,80,192,16,32,0,1,1,4294967295
tileMarioWorldA,512,0,80,192,16,32,0,1,1,4294967295
tileMarioWorldA,528,0,80,192,16,32,0,1,1,4294967295
tileMarioWorldA,544,0,80,192,16,32,0,1,1,4294967295
tileMarioWorldA,560,0,80,192,16,32,0,1,1,4294967295
tileMarioWorldA,576,0,80,192,16,32,0,1,1,4294967295
tileMarioWorldA,592,0,80,192,16,32,0,1,1,4294967295
tileMarioWorldA,608,0,128,0,32,32,0,1,1,4294967295
tileMarioWorldA,448,0,128,0,32,32,0,1,1,4294967295
tileMarioWorldA,416,0,128,0,32,32,0,1,1,4294967295
tileMarioWorldA,496,160,80,192,16,32,0,1,1,4294967295
tileMarioWorldA,480,160,80,192,16,32,0,1,1,4294967295
tileMarioWorldA,464,160,80,192,16,32,0,1,1,4294967295
tileMarioWorldA,448,160,80,192,16,32,0,1,1,4294967295
tileMarioWorldA,400,288,80,176,16,32,0,1,1,4294967295
tileMarioWorldA,384,288,80,176,16,32,0,1,1,4294967295
tileMarioWorldA,368,288,80,176,16,32,0,1,1,4294967295
tileMarioWorldA,352,288,80,176,16,32,0,1,1,4294967295
tileMarioWorldA,336,288,80,176,16,32,0,1,1,4294967295
tileMarioWorldA,320,288,80,176,16,32,0,1,1,4294967295
tileMarioWorldA,304,288,80,176,16,32,0,1,1,4294967295
tileMarioWorldA,288,288,80,176,16,32,0,1,1,4294967295
tileMarioWorldA,256,192,80,192,32,16,0,1,1,4294967295
tileMarioWorldA,256,208,80,192,32,16,0,1,1,4294967295
tileMarioWorldA,256,224,80,192,32,16,0,1,1,4294967295
tileMarioWorldA,256,240,80,192,32,16,0,1,1,4294967295
tileMarioWorldA,256,256,80,192,32,16,0,1,1,4294967295
tileMarioWorldA,256,272,80,192,32,16,0,1,1,4294967295
tileMarioWorldA,576,416,0,112,32,32,0,1,1,4294967295
tileMarioWorldA,672,448,0,112,32,32,0,1,1,4294967295
tileMarioWorldA,320,416,0,112,32,32,0,1,1,4294967295
tileMarioWorldA,384,480,0,112,32,32,0,1,1,4294967295
tileMarioWorldA,480,480,0,112,32,32,0,1,1,4294967295
tileMarioWorldA,288,256,0,112,32,32,0,1,1,4294967295
tileMarioWorldA,384,256,0,112,32,32,0,1,1,4294967295
tileMarioWorldA,480,256,0,112,32,32,0,1,1,4294967295
tileMarioWorldA,256,288,64,192,32,16,0,1,1,4294967295
tileMarioWorldA,256,304,64,192,32,16,0,1,1,4294967295
tileMarioWorldA,256,320,64,192,32,16,0,1,1,4294967295
tileMarioWorldA,256,336,64,192,32,16,0,1,1,4294967295
tileMarioWorldA,240,256,80,192,16,32,0,1,1,4294967295
tileMarioWorldA,224,256,80,192,16,32,0,1,1,4294967295
tileMarioWorldA,208,256,80,192,16,32,0,1,1,4294967295
tileMarioWorldA,192,256,80,192,16,32,0,1,1,4294967295
tileMarioWorldA,176,256,80,192,16,32,0,1,1,4294967295
tileMarioWorldA,160,256,80,192,16,32,0,1,1,4294967295
tileMarioWorldA,144,256,80,192,16,32,0,1,1,4294967295
tileMarioWorldA,128,256,80,192,16,32,0,1,1,4294967295
tileMarioWorldA,112,256,80,192,16,32,0,1,1,4294967295
tileMarioWorldA,96,256,80,192,16,32,0,1,1,4294967295
tileMarioWorldA,0,288,80,192,32,16,0,1,1,4294967295
tileMarioWorldA,0,304,80,192,32,16,0,1,1,4294967295
tileMarioWorldA,0,320,80,192,32,16,0,1,1,4294967295
tileMarioWorldA,0,336,80,192,32,16,0,1,1,4294967295
tileMarioWorldA,0,352,80,192,32,16,0,1,1,4294967295
tileMarioWorldA,0,368,80,192,32,16,0,1,1,4294967295
tileMarioWorldA,64,384,80,176,16,32,0,1,1,4294967295
tileMarioWorldA,80,384,80,176,16,32,0,1,1,4294967295
tileMarioWorldA,96,384,80,176,32,32,0,1,1,4294967295
tileMarioWorldA,128,416,80,176,16,32,0,1,1,4294967295
tileMarioWorldA,144,416,80,176,16,32,0,1,1,4294967295
tileMarioWorldA,160,416,80,176,32,32,0,1,1,4294967295
tileMarioWorldA,192,448,80,176,16,32,0,1,1,4294967295
tileMarioWorldA,208,448,80,176,16,32,0,1,1,4294967295
tileMarioWorldA,224,448,80,176,16,32,0,1,1,4294967295
tileMarioWorldA,240,448,80,176,16,32,0,1,1,4294967295
tileMarioWorldA,80,256,80,192,16,32,0,1,1,4294967295
tileMarioWorldA,64,256,80,192,16,32,0,1,1,4294967295
tileMarioWorldA,256,352,64,192,32,16,0,1,1,4294967295
tileMarioWorldA,256,368,64,192,32,16,0,1,1,4294967295
tileMarioWorldA,256,384,64,192,32,16,0,1,1,4294967295
tileMarioWorldA,256,400,64,192,32,16,0,1,1,4294967295
tileMarioWorldA,256,416,64,192,32,16,0,1,1,4294967295
tileMarioWorldA,256,432,64,192,32,16,0,1,1,4294967295
tileMarioWorldA,256,448,128,0,32,32,0,1,1,4294967295
tileMarioWorldA,160,448,128,0,32,32,0,1,1,4294967295
tileMarioWorldA,64,416,128,0,32,32,0,1,1,4294967295
tileMarioWorldA,96,416,128,0,32,32,0,1,1,4294967295
tileMarioWorldA,0,256,128,0,32,32,0,1,1,4294967295
tileMarioWorldA,256,160,128,0,32,32,0,1,1,4294967295
tileMarioWorldA,0,384,128,0,32,32,0,1,1,4294967295
tileMarioWorldA,32,416,128,0,32,32,0,1,1,4294967295
tileMarioWorldA,32,384,80,176,16,32,0,1,1,4294967295
tileMarioWorldA,48,384,80,176,16,32,0,1,1,4294967295
tileMarioWorldA,0,416,128,0,32,32,0,1,1,4294967295
tileMarioWorldA,32,256,80,192,16,32,0,1,1,4294967295
tileMarioWorldA,48,256,80,192,16,32,0,1,1,4294967295
tileMarioWorldA,192,480,128,0,32,32,0,1,1,4294967295
tileMarioWorldA,224,480,128,0,32,32,0,1,1,4294967295
tileMarioWorldA,256,480,128,0,32,32,0,1,1,4294967295
tileMarioWorldA,208,224,80,176,16,32,0,1,1,4294967295
tileMarioWorldA,192,224,80,176,16,32,0,1,1,4294967295
tileMarioWorldA,176,224,80,176,16,32,0,1,1,4294967295
tileMarioWorldA,160,224,80,176,16,32,0,1,1,4294967295
tileMarioWorldA,224,208,64,192,32,16,0,1,1,4294967295
tileMarioWorldA,224,192,64,192,32,16,0,1,1,4294967295
tileMarioWorldA,224,176,64,192,32,16,0,1,1,4294967295
tileMarioWorldA,224,160,64,192,32,16,0,1,1,4294967295
tileMarioWorldA,224,144,64,192,32,16,0,1,1,4294967295
tileMarioWorldA,224,128,64,192,32,16,0,1,1,4294967295
tileMarioWorldA,208,96,80,192,16,32,0,1,1,4294967295
tileMarioWorldA,192,96,80,192,16,32,0,1,1,4294967295
tileMarioWorldA,176,96,80,192,16,32,0,1,1,4294967295
tileMarioWorldA,160,96,80,192,16,32,0,1,1,4294967295
tileMarioWorldA,128,96,64,192,32,32,0,1,1,4294967295
tileMarioWorldA,128,80,64,192,32,16,0,1,1,4294967295
tileMarioWorldA,128,64,64,192,32,16,0,1,1,4294967295
tileMarioWorldA,128,48,64,192,32,16,0,1,1,4294967295
tileMarioWorldA,128,32,64,192,32,16,0,1,1,4294967295
tileMarioWorldA,112,0,80,192,16,32,0,1,1,4294967295
tileMarioWorldA,96,0,80,192,16,32,0,1,1,4294967295
tileMarioWorldA,80,0,80,192,16,32,0,1,1,4294967295
tileMarioWorldA,64,0,80,192,16,32,0,1,1,4294967295
tileMarioWorldA,48,0,80,192,16,32,0,1,1,4294967295
tileMarioWorldA,32,0,80,192,16,32,0,1,1,4294967295
tileMarioWorldA,0,32,80,192,32,16,0,1,1,4294967295
tileMarioWorldA,0,48,80,192,32,16,0,1,1,4294967295
tileMarioWorldA,0,64,80,192,32,16,0,1,1,4294967295
tileMarioWorldA,0,80,80,192,32,16,0,1,1,4294967295
tileMarioWorldA,0,96,80,192,32,16,0,1,1,4294967295
tileMarioWorldA,0,112,80,192,32,16,0,1,1,4294967295
tileMarioWorldA,0,128,80,192,32,16,0,1,1,4294967295
tileMarioWorldA,0,144,80,192,32,16,0,1,1,4294967295
tileMarioWorldA,64,192,80,192,32,16,0,1,1,4294967295
tileMarioWorldA,64,208,80,192,32,16,0,1,1,4294967295
tileMarioWorldA,96,224,80,176,16,32,0,1,1,4294967295
tileMarioWorldA,112,224,80,176,16,32,0,1,1,4294967295
tileMarioWorldA,128,224,80,176,16,32,0,1,1,4294967295
tileMarioWorldA,144,224,80,176,16,32,0,1,1,4294967295
tileMarioWorldA,416,32,64,192,32,16,0,1,1,4294967295
tileMarioWorldA,416,48,64,192,32,16,0,1,1,4294967295
tileMarioWorldA,416,64,64,192,32,16,0,1,1,4294967295
tileMarioWorldA,416,80,64,192,32,16,0,1,1,4294967295
tileMarioWorldA,416,96,64,192,32,16,0,1,1,4294967295
tileMarioWorldA,416,112,64,192,32,16,0,1,1,4294967295
tileMarioWorldA,416,160,80,192,16,32,0,1,1,4294967295
tileMarioWorldA,432,160,80,192,16,32,0,1,1,4294967295
tileMarioWorldA,448,128,128,0,32,32,0,1,1,4294967295
tileMarioWorldA,256,112,80,192,32,16,0,1,1,4294967295
tileMarioWorldA,256,96,80,192,32,16,0,1,1,4294967295
tileMarioWorldA,256,80,80,192,32,16,0,1,1,4294967295
tileMarioWorldA,256,64,80,192,32,16,0,1,1,4294967295
tileMarioWorldA,256,48,80,192,32,16,0,1,1,4294967295
tileMarioWorldA,256,32,80,192,32,16,0,1,1,4294967295
tileMarioWorldA,352,0,80,192,16,32,0,1,1,4294967295
tileMarioWorldA,368,0,80,192,16,32,0,1,1,4294967295
tileMarioWorldA,384,0,80,192,16,32,0,1,1,4294967295
tileMarioWorldA,400,0,80,192,16,32,0,1,1,4294967295
tileMarioWorldA,336,0,80,192,16,32,0,1,1,4294967295
tileMarioWorldA,320,0,80,192,16,32,0,1,1,4294967295
tileMarioWorldA,304,0,80,192,16,32,0,1,1,4294967295
tileMarioWorldA,288,0,80,192,16,32,0,1,1,4294967295
tileMarioWorldA,288,128,80,176,16,32,0,1,1,4294967295
tileMarioWorldA,304,128,80,176,16,32,0,1,1,4294967295
tileMarioWorldA,320,128,80,176,16,32,0,1,1,4294967295
tileMarioWorldA,336,128,80,176,16,32,0,1,1,4294967295
tileMarioWorldA,352,128,80,176,16,32,0,1,1,4294967295
tileMarioWorldA,368,128,80,176,16,32,0,1,1,4294967295
tileMarioWorldA,384,128,80,176,16,32,0,1,1,4294967295
tileMarioWorldA,400,128,80,176,16,32,0,1,1,4294967295
tileMarioWorldA,368,160,80,192,16,32,0,1,1,4294967295
tileMarioWorldA,384,160,80,192,16,32,0,1,1,4294967295
tileMarioWorldA,400,160,80,192,16,32,0,1,1,4294967295
tileMarioWorldA,352,160,80,192,16,32,0,1,1,4294967295
tileMarioWorldA,336,160,80,192,16,32,0,1,1,4294967295
tileMarioWorldA,320,160,80,192,16,32,0,1,1,4294967295
tileMarioWorldA,304,160,80,192,16,32,0,1,1,4294967295
tileMarioWorldA,288,160,80,192,16,32,0,1,1,4294967295
tileMarioWorldA,256,128,128,0,32,32,0,1,1,4294967295
tileMarioWorldA,416,128,128,0,32,32,0,1,1,4294967295
tileMarioWorldA,0,224,128,0,32,32,0,1,1,4294967295
tileMarioWorldA,0,0,128,0,32,32,0,1,1,4294967295
tileMarioWorldA,224,224,128,0,32,32,0,1,1,4294967295
tileMarioWorldA,224,96,128,0,32,32,0,1,1,4294967295
tileMarioWorldA,256,0,128,0,32,32,0,1,1,4294967295
tileMarioWorldA,128,0,128,0,32,32,0,1,1,4294967295
tileMarioWorldA,160,0,128,0,32,32,0,1,1,4294967295
tileMarioWorldA,192,0,128,0,32,32,0,1,1,4294967295
tileMarioWorldA,224,0,128,0,32,32,0,1,1,4294967295
tileMarioWorldA,160,32,128,0,32,32,0,1,1,4294967295
tileMarioWorldA,192,32,128,0,32,32,0,1,1,4294967295
tileMarioWorldA,224,32,128,0,32,32,0,1,1,4294967295
tileMarioWorldA,160,64,128,0,32,32,0,1,1,4294967295
tileMarioWorldA,192,64,128,0,32,32,0,1,1,4294967295
tileMarioWorldA,224,64,128,0,32,32,0,1,1,4294967295
tileMarioWorldA,64,160,80,176,32,32,0,1,1,4294967295
tileMarioWorldA,48,160,80,176,16,32,0,1,1,4294967295
tileMarioWorldA,32,160,80,176,16,32,0,1,1,4294967295
tileMarioWorldA,0,192,128,0,32,32,0,1,1,4294967295
tileMarioWorldA,32,192,128,0,32,32,0,1,1,4294967295
tileMarioWorldA,32,224,128,0,32,32,0,1,1,4294967295
tileMarioWorldA,64,224,128,0,32,32,0,1,1,4294967295
tileMarioWorldA,0,160,128,0,32,32,0,1,1,4294967295
tileMarioWorldA,480,96,0,112,32,32,0,1,1,4294967295
tileMarioWorldA,288,96,0,112,32,32,0,1,1,4294967295
tileMarioWorldA,384,96,0,112,32,32,0,1,1,4294967295
tileMarioWorldA,32,128,0,112,32,32,0,1,1,4294967295
tileMarioWorldA,96,192,0,112,32,32,0,1,1,4294967295
tileMarioWorldA,192,192,0,112,32,32,0,1,1,4294967295
tileMarioWorldA,32,352,0,112,32,32,0,1,1,4294967295
tileMarioWorldA,128,384,0,112,32,32,0,1,1,4294967295
tileMarioWorldA,224,416,0,112,32,32,0,1,1,4294967295
tileMarioWorldA,112,448,80,192,16,32,0,1,1,4294967295
tileMarioWorldA,96,448,80,192,16,32,0,1,1,4294967295
tileMarioWorldA,80,448,80,192,16,32,0,1,1,4294967295
tileMarioWorldA,64,448,80,192,16,32,0,1,1,4294967295
tileMarioWorldA,48,448,80,192,16,32,0,1,1,4294967295
tileMarioWorldA,32,448,80,192,16,32,0,1,1,4294967295
tileMarioWorldA,0,480,80,192,32,16,0,1,1,4294967295
tileMarioWorldA,0,496,80,192,32,16,0,1,1,4294967295
tileMarioWorldA,0,512,80,192,32,16,0,1,1,4294967295
tileMarioWorldA,0,528,80,192,32,16,0,1,1,4294967295
tileMarioWorldA,128,448,80,192,16,32,0,1,1,4294967295
tileMarioWorldA,144,448,80,192,16,32,0,1,1,4294967295
tileMarioWorldA,160,480,64,192,32,16,0,1,1,4294967295
tileMarioWorldA,160,496,64,192,32,16,0,1,1,4294967295
tileMarioWorldA,160,512,64,192,32,32,0,1,1,4294967295
tileMarioWorldA,192,512,80,192,16,32,0,1,1,4294967295
tileMarioWorldA,208,512,80,192,16,32,0,1,1,4294967295
tileMarioWorldA,224,512,80,192,16,32,0,1,1,4294967295
tileMarioWorldA,240,512,80,192,16,32,0,1,1,4294967295
tileMarioWorldA,256,512,80,192,16,32,0,1,1,4294967295
tileMarioWorldA,272,512,80,192,16,32,0,1,1,4294967295
tileMarioWorldA,0,544,80,192,32,16,0,1,1,4294967295
tileMarioWorldA,0,560,80,192,32,16,0,1,1,4294967295
tileMarioWorldA,0,576,80,192,32,16,0,1,1,4294967295
tileMarioWorldA,0,592,80,192,32,16,0,1,1,4294967295
tileMarioWorldA,32,608,80,176,16,32,0,1,1,4294967295
tileMarioWorldA,48,608,80,176,16,32,0,1,1,4294967295
tileMarioWorldA,64,608,80,176,16,32,0,1,1,4294967295
tileMarioWorldA,80,608,80,176,16,32,0,1,1,4294967295
tileMarioWorldA,96,608,80,176,16,32,0,1,1,4294967295
tileMarioWorldA,112,608,80,176,16,32,0,1,1,4294967295
tileMarioWorldA,128,608,80,176,32,32,0,1,1,4294967295
tileMarioWorldA,128,640,80,192,32,16,0,1,1,4294967295
tileMarioWorldA,128,656,80,192,32,16,0,1,1,4294967295
tileMarioWorldA,160,672,80,176,16,32,0,1,1,4294967295
tileMarioWorldA,176,672,80,176,16,32,0,1,1,4294967295
tileMarioWorldA,192,672,80,176,16,32,0,1,1,4294967295
tileMarioWorldA,208,672,80,176,16,32,0,1,1,4294967295
tileMarioWorldA,224,672,80,176,16,32,0,1,1,4294967295
tileMarioWorldA,240,672,80,176,16,32,0,1,1,4294967295
tileMarioWorldA,256,672,80,176,16,32,0,1,1,4294967295
tileMarioWorldA,272,672,80,176,16,32,0,1,1,4294967295
tileMarioWorldA,288,640,64,176,32,32,0,1,1,4294967295
tileMarioWorldA,320,640,80,176,16,32,0,1,1,4294967295
tileMarioWorldA,336,640,80,176,16,32,0,1,1,4294967295
tileMarioWorldA,352,640,80,176,16,32,0,1,1,4294967295
tileMarioWorldA,368,640,80,176,16,32,0,1,1,4294967295
tileMarioWorldA,384,624,64,192,32,16,0,1,1,4294967295
tileMarioWorldA,384,608,64,192,32,16,0,1,1,4294967295
tileMarioWorldA,384,592,64,192,32,16,0,1,1,4294967295
tileMarioWorldA,384,576,64,192,32,16,0,1,1,4294967295
tileMarioWorldA,384,560,64,192,32,16,0,1,1,4294967295
tileMarioWorldA,384,544,64,192,32,16,0,1,1,4294967295
tileMarioWorldA,288,512,80,192,16,32,0,1,1,4294967295
tileMarioWorldA,304,512,80,192,16,32,0,1,1,4294967295
tileMarioWorldA,320,512,80,192,16,32,0,1,1,4294967295
tileMarioWorldA,336,512,80,192,16,32,0,1,1,4294967295
tileMarioWorldA,352,512,80,192,16,32,0,1,1,4294967295
tileMarioWorldA,368,512,80,192,16,32,0,1,1,4294967295
tileMarioWorldA,0,448,128,0,32,32,0,1,1,4294967295
tileMarioWorldA,0,608,128,0,32,32,0,1,1,4294967295
tileMarioWorldA,0,640,128,0,32,32,0,1,1,4294967295
tileMarioWorldA,32,640,128,0,32,32,0,1,1,4294967295
tileMarioWorldA,64,640,128,0,32,32,0,1,1,4294967295
tileMarioWorldA,96,640,128,0,32,32,0,1,1,4294967295
tileMarioWorldA,0,672,128,0,32,32,0,1,1,4294967295
tileMarioWorldA,32,672,128,0,32,32,0,1,1,4294967295
tileMarioWorldA,64,672,128,0,32,32,0,1,1,4294967295
tileMarioWorldA,96,672,128,0,32,32,0,1,1,4294967295
tileMarioWorldA,128,672,128,0,32,32,0,1,1,4294967295
tileMarioWorldA,288,672,128,0,32,32,0,1,1,4294967295
tileMarioWorldA,384,640,128,0,32,32,0,1,1,4294967295
tileMarioWorldA,352,608,0,112,32,32,0,1,1,4294967295
tileMarioWorldA,32,576,0,112,32,32,0,1,1,4294967295
tileMarioWorldA,96,592,80,160,16,16,0,1,1,4294967295
tileMarioWorldA,112,592,80,160,16,16,0,1,1,4294967295
tileMarioWorldA,448,576,80,192,32,16,0,1,1,4294967295
tileMarioWorldA,480,544,80,192,16,32,0,1,1,4294967295
tileMarioWorldA,496,544,80,192,16,32,0,1,1,4294967295
tileMarioWorldA,512,544,80,192,16,32,0,1,1,4294967295
tileMarioWorldA,528,544,80,192,16,32,0,1,1,4294967295
tileMarioWorldA,576,544,80,192,16,32,0,1,1,4294967295
tileMarioWorldA,560,544,80,192,16,32,0,1,1,4294967295
tileMarioWorldA,544,544,80,192,16,32,0,1,1,4294967295
tileMarioWorldA,592,544,80,192,16,32,0,1,1,4294967295
tileMarioWorldA,624,544,80,192,16,32,0,1,1,4294967295
tileMarioWorldA,608,544,80,192,16,32,0,1,1,4294967295
tileMarioWorldA,656,544,80,192,16,32,0,1,1,4294967295
tileMarioWorldA,640,544,80,192,16,32,0,1,1,4294967295
tileMarioWorldA,448,592,80,192,32,16,0,1,1,4294967295
tileMarioWorldA,448,624,80,192,32,16,0,1,1,4294967295
tileMarioWorldA,448,608,80,192,32,16,0,1,1,4294967295
tileMarioWorldA,448,656,80,192,32,16,0,1,1,4294967295
tileMarioWorldA,448,640,80,192,32,16,0,1,1,4294967295
tileMarioWorldA,480,672,80,176,16,32,0,1,1,4294967295
tileMarioWorldA,496,672,80,176,16,32,0,1,1,4294967295
tileMarioWorldA,512,672,80,176,16,32,0,1,1,4294967295
tileMarioWorldA,528,672,80,176,16,32,0,1,1,4294967295
tileMarioWorldA,544,672,80,176,32,32,0,1,1,4294967295
tileMarioWorldA,544,704,80,192,32,32,0,1,1,4294967295
tileMarioWorldA,672,544,80,192,16,32,0,1,1,4294967295
tileMarioWorldA,688,544,80,192,16,32,0,1,1,4294967295
tileMarioWorldA,704,576,64,192,32,16,0,1,1,4294967295
tileMarioWorldA,704,592,64,192,32,16,0,1,1,4294967295
tileMarioWorldA,704,608,64,192,32,16,0,1,1,4294967295
tileMarioWorldA,704,624,64,192,32,16,0,1,1,4294967295
tileMarioWorldA,704,640,64,192,32,16,0,1,1,4294967295
tileMarioWorldA,704,656,64,192,32,16,0,1,1,4294967295
tileMarioWorldA,704,672,64,192,32,16,0,1,1,4294967295
tileMarioWorldA,704,688,64,192,32,16,0,1,1,4294967295
tileMarioWorldA,704,704,64,192,32,16,0,1,1,4294967295
tileMarioWorldA,704,720,64,192,32,16,0,1,1,4294967295
tileMarioWorldA,672,736,64,176,32,32,0,1,1,4294967295
tileMarioWorldA,672,768,64,192,32,16,0,1,1,4294967295
tileMarioWorldA,672,784,64,192,32,16,0,1,1,4294967295
tileMarioWorldA,448,544,128,0,32,32,0,1,1,4294967295
tileMarioWorldA,704,544,128,0,32,32,0,1,1,4294967295
tileMarioWorldA,416,544,128,0,32,32,0,1,1,4294967295
tileMarioWorldA,416,576,128,0,32,32,0,1,1,4294967295
tileMarioWorldA,416,608,128,0,32,32,0,1,1,4294967295
tileMarioWorldA,416,640,128,0,32,32,0,1,1,4294967295
tileMarioWorldA,448,672,128,0,32,32,0,1,1,4294967295
tileMarioWorldA,656,800,80,176,16,32,0,1,1,4294967295
tileMarioWorldA,640,800,80,176,16,32,0,1,1,4294967295
tileMarioWorldA,624,800,80,176,16,32,0,1,1,4294967295
tileMarioWorldA,608,800,80,176,16,32,0,1,1,4294967295
tileMarioWorldA,528,704,80,192,16,32,0,1,1,4294967295
tileMarioWorldA,512,704,80,192,16,32,0,1,1,4294967295
tileMarioWorldA,496,704,80,192,16,32,0,1,1,4294967295
tileMarioWorldA,480,704,80,192,16,32,0,1,1,4294967295
tileMarioWorldA,432,672,80,192,16,32,0,1,1,4294967295
tileMarioWorldA,416,672,80,192,16,32,0,1,1,4294967295
tileMarioWorldA,400,672,80,192,16,32,0,1,1,4294967295
tileMarioWorldA,384,672,80,192,16,32,0,1,1,4294967295
tileMarioWorldA,368,672,80,192,16,32,0,1,1,4294967295
tileMarioWorldA,352,672,80,192,16,32,0,1,1,4294967295
tileMarioWorldA,336,672,80,192,16,32,0,1,1,4294967295
tileMarioWorldA,320,672,80,192,16,32,0,1,1,4294967295
tileMarioWorldA,448,704,64,192,32,32,0,1,1,4294967295
tileMarioWorldA,704,736,128,0,32,32,0,1,1,4294967295
tileMarioWorldA,704,768,128,0,32,32,0,1,1,4294967295
tileMarioWorldA,672,800,128,0,32,32,0,1,1,4294967295
tileMarioWorldA,704,800,128,0,32,32,0,1,1,4294967295
tileMarioWorldA,592,800,80,176,16,32,0,1,1,4294967295
tileMarioWorldA,576,800,80,176,16,32,0,1,1,4294967295
tileMarioWorldA,560,800,80,176,16,32,0,1,1,4294967295
tileMarioWorldA,544,800,80,176,16,32,0,1,1,4294967295
tileMarioWorldA,528,800,80,176,16,32,0,1,1,4294967295
tileMarioWorldA,512,800,80,176,16,32,0,1,1,4294967295
tileMarioWorldA,496,800,80,176,16,32,0,1,1,4294967295
tileMarioWorldA,480,800,80,176,16,32,0,1,1,4294967295
tileMarioWorldA,464,800,80,176,16,32,0,1,1,4294967295
tileMarioWorldA,448,800,80,176,16,32,0,1,1,4294967295
tileMarioWorldA,432,800,80,176,16,32,0,1,1,4294967295
tileMarioWorldA,416,800,80,176,16,32,0,1,1,4294967295
tileMarioWorldA,400,800,80,176,16,32,0,1,1,4294967295
tileMarioWorldA,384,800,80,176,16,32,0,1,1,4294967295
tileMarioWorldA,336,832,80,176,16,32,0,1,1,4294967295
tileMarioWorldA,320,832,80,176,16,32,0,1,1,4294967295
tileMarioWorldA,352,800,64,176,32,32,0,1,1,4294967295
tileMarioWorldA,304,832,80,176,16,32,0,1,1,4294967295
tileMarioWorldA,288,832,80,176,16,32,0,1,1,4294967295
tileMarioWorldA,272,832,80,176,16,32,0,1,1,4294967295
tileMarioWorldA,256,832,80,176,16,32,0,1,1,4294967295
tileMarioWorldA,240,832,80,176,16,32,0,1,1,4294967295
tileMarioWorldA,224,832,80,176,16,32,0,1,1,4294967295
tileMarioWorldA,192,816,80,192,32,16,0,1,1,4294967295
tileMarioWorldA,192,800,80,192,32,16,0,1,1,4294967295
tileMarioWorldA,192,784,80,192,32,16,0,1,1,4294967295
tileMarioWorldA,192,768,80,192,32,16,0,1,1,4294967295
tileMarioWorldA,192,752,80,192,32,16,0,1,1,4294967295
tileMarioWorldA,192,736,80,192,32,16,0,1,1,4294967295
tileMarioWorldA,288,704,80,192,32,32,0,1,1,4294967295
tileMarioWorldA,272,704,80,192,16,32,0,1,1,4294967295
tileMarioWorldA,256,704,80,192,16,32,0,1,1,4294967295
tileMarioWorldA,240,704,80,192,16,32,0,1,1,4294967295
tileMarioWorldA,224,704,80,192,16,32,0,1,1,4294967295
tileMarioWorldA,192,704,128,0,32,32,0,1,1,4294967295
tileMarioWorldA,192,832,128,0,32,32,0,1,1,4294967295
tileMarioWorldA,480,640,0,112,32,32,0,1,1,4294967295
tileMarioWorldA,224,800,0,112,32,32,0,1,1,4294967295
tileMarioWorldA,640,768,0,112,32,32,0,1,1,4294967295
tileMarioWorldA,160,736,64,192,32,16,0,1,1,4294967295
tileMarioWorldA,144,704,80,192,16,32,0,1,1,4294967295
tileMarioWorldA,128,704,80,192,16,32,0,1,1,4294967295
tileMarioWorldA,112,704,80,192,16,32,0,1,1,4294967295
tileMarioWorldA,96,704,80,192,16,32,0,1,1,4294967295
tileMarioWorldA,80,704,80,192,16,32,0,1,1,4294967295
tileMarioWorldA,64,704,80,192,16,32,0,1,1,4294967295
tileMarioWorldA,48,704,80,192,16,32,0,1,1,4294967295
tileMarioWorldA,32,704,80,192,16,32,0,1,1,4294967295
tileMarioWorldA,0,736,80,192,32,16,0,1,1,4294967295
tileMarioWorldA,0,752,80,192,32,16,0,1,1,4294967295
tileMarioWorldA,0,784,80,192,32,16,0,1,1,4294967295
tileMarioWorldA,0,768,80,192,32,16,0,1,1,4294967295
tileMarioWorldA,160,752,64,192,32,16,0,1,1,4294967295
tileMarioWorldA,160,784,64,192,32,16,0,1,1,4294967295
tileMarioWorldA,160,768,64,192,32,16,0,1,1,4294967295
tileMarioWorldA,0,800,80,192,32,16,0,1,1,4294967295
tileMarioWorldA,0,816,80,192,32,16,0,1,1,4294967295
tileMarioWorldA,64,864,80,192,32,16,0,1,1,4294967295
tileMarioWorldA,64,880,80,192,32,16,0,1,1,4294967295
tileMarioWorldA,64,832,80,176,32,32,0,1,1,4294967295
tileMarioWorldA,32,832,80,176,16,32,0,1,1,4294967295
tileMarioWorldA,48,832,80,176,16,32,0,1,1,4294967295
tileMarioWorldA,0,704,128,0,32,32,0,1,1,4294967295
tileMarioWorldA,160,704,128,0,32,32,0,1,1,4294967295
tileMarioWorldA,160,800,64,192,32,16,0,1,1,4294967295
tileMarioWorldA,160,816,64,192,32,16,0,1,1,4294967295
tileMarioWorldA,160,832,64,192,32,32,0,1,1,4294967295
tileMarioWorldA,96,896,80,176,32,32,0,1,1,4294967295
tileMarioWorldA,128,928,80,176,32,32,0,1,1,4294967295
tileMarioWorldA,160,960,80,176,32,32,0,1,1,4294967295
tileMarioWorldA,192,864,64,192,32,32,0,1,1,4294967295
tileMarioWorldA,224,896,64,192,32,32,0,1,1,4294967295
tileMarioWorldA,192,992,80,176,16,32,0,1,1,4294967295
tileMarioWorldA,208,992,80,176,16,32,0,1,1,4294967295
tileMarioWorldA,224,992,80,176,16,32,0,1,1,4294967295
tileMarioWorldA,240,992,80,176,16,32,0,1,1,4294967295
tileMarioWorldA,256,992,80,176,16,32,0,1,1,4294967295
tileMarioWorldA,272,992,80,176,16,32,0,1,1,4294967295
tileMarioWorldA,288,992,80,176,16,32,0,1,1,4294967295
tileMarioWorldA,304,992,80,176,16,32,0,1,1,4294967295
tileMarioWorldA,320,992,80,176,16,32,0,1,1,4294967295
tileMarioWorldA,336,992,80,176,16,32,0,1,1,4294967295
tileMarioWorldA,352,992,80,176,16,32,0,1,1,4294967295
tileMarioWorldA,368,992,80,176,16,32,0,1,1,4294967295
tileMarioWorldA,384,992,80,176,16,32,0,1,1,4294967295
tileMarioWorldA,400,992,80,176,16,32,0,1,1,4294967295
tileMarioWorldA,416,992,80,176,16,32,0,1,1,4294967295
tileMarioWorldA,432,992,80,176,16,32,0,1,1,4294967295
tileMarioWorldA,448,992,80,176,16,32,0,1,1,4294967295
tileMarioWorldA,464,992,80,176,16,32,0,1,1,4294967295
tileMarioWorldA,480,992,80,176,16,32,0,1,1,4294967295
tileMarioWorldA,496,992,80,176,16,32,0,1,1,4294967295
tileMarioWorldA,256,896,80,192,16,32,0,1,1,4294967295
tileMarioWorldA,272,896,80,192,16,32,0,1,1,4294967295
tileMarioWorldA,288,896,80,192,16,32,0,1,1,4294967295
tileMarioWorldA,304,896,80,192,16,32,0,1,1,4294967295
tileMarioWorldA,320,896,80,192,16,32,0,1,1,4294967295
tileMarioWorldA,336,896,80,192,16,32,0,1,1,4294967295
tileMarioWorldA,352,896,80,192,16,32,0,1,1,4294967295
tileMarioWorldA,368,896,80,192,16,32,0,1,1,4294967295
tileMarioWorldA,384,896,80,192,16,32,0,1,1,4294967295
tileMarioWorldA,400,896,80,192,16,32,0,1,1,4294967295
tileMarioWorldA,416,896,80,192,16,32,0,1,1,4294967295
tileMarioWorldA,432,896,80,192,16,32,0,1,1,4294967295
tileMarioWorldA,448,896,80,192,16,32,0,1,1,4294967295
tileMarioWorldA,464,896,80,192,16,32,0,1,1,4294967295
tileMarioWorldA,480,896,80,192,16,32,0,1,1,4294967295
tileMarioWorldA,496,896,80,192,16,32,0,1,1,4294967295
tileMarioWorldA,528,896,80,192,16,32,0,1,1,4294967295
tileMarioWorldA,512,896,80,192,16,32,0,1,1,4294967295
tileMarioWorldA,544,896,80,192,16,32,0,1,1,4294967295
tileMarioWorldA,560,896,80,192,16,32,0,1,1,4294967295
tileMarioWorldA,576,896,80,192,32,32,0,1,1,4294967295
tileMarioWorldA,576,880,80,192,32,16,0,1,1,4294967295
tileMarioWorldA,576,864,80,192,32,16,0,1,1,4294967295
tileMarioWorldA,608,832,80,192,16,32,0,1,1,4294967295
tileMarioWorldA,624,832,80,192,16,32,0,1,1,4294967295
tileMarioWorldA,640,832,80,192,16,32,0,1,1,4294967295
tileMarioWorldA,656,832,80,192,16,32,0,1,1,4294967295
tileMarioWorldA,672,832,80,192,16,32,0,1,1,4294967295
tileMarioWorldA,688,832,80,192,16,32,0,1,1,4294967295
tileMarioWorldA,704,864,64,192,32,16,0,1,1,4294967295
tileMarioWorldA,704,880,64,192,32,16,0,1,1,4294967295
tileMarioWorldA,704,896,64,192,32,16,0,1,1,4294967295
tileMarioWorldA,704,912,64,192,32,16,0,1,1,4294967295
tileMarioWorldA,704,928,64,192,32,16,0,1,1,4294967295
tileMarioWorldA,704,944,64,192,32,16,0,1,1,4294967295
tileMarioWorldA,704,960,64,192,32,16,0,1,1,4294967295
tileMarioWorldA,704,976,64,192,32,16,0,1,1,4294967295
tileMarioWorldA,512,992,80,176,16,32,0,1,1,4294967295
tileMarioWorldA,528,992,80,176,16,32,0,1,1,4294967295
tileMarioWorldA,544,992,80,176,16,32,0,1,1,4294967295
tileMarioWorldA,560,992,80,176,16,32,0,1,1,4294967295
tileMarioWorldA,576,992,80,176,16,32,0,1,1,4294967295
tileMarioWorldA,592,992,80,176,16,32,0,1,1,4294967295
tileMarioWorldA,608,992,80,176,16,32,0,1,1,4294967295
tileMarioWorldA,624,992,80,176,16,32,0,1,1,4294967295
tileMarioWorldA,640,992,80,176,16,32,0,1,1,4294967295
tileMarioWorldA,656,992,80,176,16,32,0,1,1,4294967295
tileMarioWorldA,672,992,80,176,16,32,0,1,1,4294967295
tileMarioWorldA,688,992,80,176,16,32,0,1,1,4294967295
tileMarioWorldA,704,832,128,0,32,32,0,1,1,4294967295
tileMarioWorldA,704,992,128,0,32,32,0,1,1,4294967295
tileMarioWorldA,224,864,128,0,32,32,0,1,1,4294967295
tileMarioWorldA,256,864,128,0,32,32,0,1,1,4294967295
tileMarioWorldA,288,864,128,0,32,32,0,1,1,4294967295
tileMarioWorldA,320,864,128,0,32,32,0,1,1,4294967295
tileMarioWorldA,352,832,128,0,32,32,0,1,1,4294967295
tileMarioWorldA,384,832,128,0,32,32,0,1,1,4294967295
tileMarioWorldA,416,832,128,0,32,32,0,1,1,4294967295
tileMarioWorldA,448,832,128,0,32,32,0,1,1,4294967295
tileMarioWorldA,480,832,128,0,32,32,0,1,1,4294967295
tileMarioWorldA,512,832,128,0,32,32,0,1,1,4294967295
tileMarioWorldA,544,832,128,0,32,32,0,1,1,4294967295
tileMarioWorldA,576,832,128,0,32,32,0,1,1,4294967295
tileMarioWorldA,352,864,128,0,32,32,0,1,1,4294967295
tileMarioWorldA,384,864,128,0,32,32,0,1,1,4294967295
tileMarioWorldA,416,864,128,0,32,32,0,1,1,4294967295
tileMarioWorldA,448,864,128,0,32,32,0,1,1,4294967295
tileMarioWorldA,480,864,128,0,32,32,0,1,1,4294967295
tileMarioWorldA,512,864,128,0,32,32,0,1,1,4294967295
tileMarioWorldA,544,864,128,0,32,32,0,1,1,4294967295
tileMarioWorldA,0,832,128,0,32,32,0,1,1,4294967295
tileMarioWorldA,0,864,128,0,32,32,0,1,1,4294967295
tileMarioWorldA,32,864,128,0,32,32,0,1,1,4294967295
tileMarioWorldA,0,896,128,0,32,32,0,1,1,4294967295
tileMarioWorldA,32,896,128,0,32,32,0,1,1,4294967295
tileMarioWorldA,64,896,128,0,32,32,0,1,1,4294967295
tileMarioWorldA,0,928,128,0,32,32,0,1,1,4294967295
tileMarioWorldA,32,928,128,0,32,32,0,1,1,4294967295
tileMarioWorldA,64,928,128,0,32,32,0,1,1,4294967295
tileMarioWorldA,96,928,128,0,32,32,0,1,1,4294967295
tileMarioWorldA,0,960,128,0,32,32,0,1,1,4294967295
tileMarioWorldA,32,960,128,0,32,32,0,1,1,4294967295
tileMarioWorldA,64,960,128,0,32,32,0,1,1,4294967295
tileMarioWorldA,96,960,128,0,32,32,0,1,1,4294967295
tileMarioWorldA,128,960,128,0,32,32,0,1,1,4294967295
tileMarioWorldA,0,992,128,0,32,32,0,1,1,4294967295
tileMarioWorldA,32,992,128,0,32,32,0,1,1,4294967295
tileMarioWorldA,64,992,128,0,32,32,0,1,1,4294967295
tileMarioWorldA,96,992,128,0,32,32,0,1,1,4294967295
tileMarioWorldA,128,992,128,0,32,32,0,1,1,4294967295
tileMarioWorldA,160,992,128,0,32,32,0,1,1,4294967295
tileMarioWorldA,32,800,0,112,32,32,0,1,1,4294967295
tileMarioWorldA,640,960,0,112,32,32,0,1,1,4294967295
tileMarioWorldA,624,976,80,160,16,16,0,1,1,4294967295
tileMarioWorldA,672,976,80,160,16,16,0,1,1,4294967295
tileMarioWorldA,320,704,80,32,16,16,0,1,1,4294967295
tileMarioWorldA,336,704,80,32,16,16,0,1,1,4294967295
tileMarioWorldA,352,704,80,32,16,16,0,1,1,4294967295
tileMarioWorldA,368,704,80,32,16,16,0,1,1,4294967295
tileMarioWorldA,384,704,80,32,16,16,0,1,1,4294967295
tileMarioWorldA,400,704,80,32,16,16,0,1,1,4294967295
tileMarioWorldA,320,352,80,32,16,16,0,1,1,4294967295
tileMarioWorldA,336,352,80,32,16,16,0,1,1,4294967295
tileMarioWorldA,352,352,80,32,16,16,0,1,1,4294967295
tileMarioWorldA,368,352,80,32,16,16,0,1,1,4294967295
tileMarioWorldA,384,352,80,32,16,16,0,1,1,4294967295
tileMarioWorldA,32,288,80,32,16,16,0,1,1,4294967295
tileMarioWorldA,48,288,80,32,16,16,0,1,1,4294967295
tileMarioWorldA,64,288,80,32,16,16,0,1,1,4294967295
tileMarioWorldA,80,288,80,32,16,16,0,1,1,4294967295
tileMarioWorldA,288,192,80,32,16,16,0,1,1,4294967295
tileMarioWorldA,304,192,80,32,16,16,0,1,1,4294967295
tileMarioWorldA,320,192,80,32,16,16,0,1,1,4294967295
tileMarioWorldA,288,32,80,32,16,16,0,1,1,4294967295
tileMarioWorldA,304,32,80,32,16,16,0,1,1,4294967295
tileMarioWorldA,32,32,80,32,16,16,0,1,1,4294967295
tileMarioWorldA,576,240,80,160,16,16,0,1,1,4294967295
tileMarioWorldA,592,240,80,160,16,16,0,1,1,4294967295
tileMarioWorldA,640,480,0,112,32,32,0,1,1,4294967295
tileMarioWorldA,672,480,0,128,32,16,0,1,1,4294967295
tileMarioWorldA,672,496,0,128,32,16,0,1,1,4294967295
