tileMM_SigmaA,0,3008,32,64,64,48,0,1,1,4294967295
tileMM_SigmaA,144,3008,32,64,64,48,0,1,1,4294967295
tileMM_SigmaA,208,3008,32,64,64,48,0,1,1,4294967295
tileMM_SigmaA,272,3008,32,64,64,48,0,1,1,4294967295
tileMM_SigmaA,64,3008,32,64,48,48,0,1,1,4294967295
tileMM_SigmaA,112,3008,64,64,32,48,0,1,1,4294967295
tileMM_SigmaA,0,2896,32,80,64,48,0,1,1,4294967295
tileMM_SigmaA,144,2816,112,128,32,16,0,1,1,4294967295
tileMM_SigmaA,0,2816,112,128,16,16,0,1,1,4294967295
tileMM_SigmaA,64,2848,32,96,48,32,0,1,1,4294967295
tileMM_SigmaA,112,2848,64,96,32,32,0,1,1,4294967295
tileMM_SigmaA,64,2832,0,152,48,8,0,1,1,4294967295
tileMM_SigmaA,112,2832,32,152,32,8,0,1,1,4294967295
tileMM_SigmaA,64,2840,32,88,48,8,0,1,1,4294967295
tileMM_SigmaA,112,2840,64,88,32,8,0,1,1,4294967295
tileMM_SigmaA,0,2832,0,144,64,16,0,1,1,4294967295
tileMM_SigmaA,0,2848,32,80,64,32,0,1,1,4294967295
tileMM_SigmaA,0,2880,32,80,64,16,0,1,1,4294967295
tileMM_SigmaA,304,2672,96,128,32,16,0,1,1,4294967295
tileMM_SigmaA,336,2672,104,128,32,16,0,1,1,4294967295
tileMM_SigmaA,368,2672,104,128,32,16,0,1,1,4294967295
tileMM_SigmaA,400,2672,104,128,32,16,0,1,1,4294967295
tileMM_SigmaA,432,2672,104,128,32,16,0,1,1,4294967295
tileMM_SigmaA,464,2672,104,128,16,16,0,1,1,4294967295
tileMM_SigmaA,16,2816,104,128,32,16,0,1,1,4294967295
tileMM_SigmaA,48,2816,104,128,32,16,0,1,1,4294967295
tileMM_SigmaA,80,2816,104,128,32,16,0,1,1,4294967295
tileMM_SigmaA,112,2816,104,128,32,16,0,1,1,4294967295
tileMM_SigmaA,176,2528,112,128,32,16,0,1,1,4294967295
tileMM_SigmaA,144,2528,104,128,32,16,0,1,1,4294967295
tileMM_SigmaA,16,2528,104,128,32,16,0,1,1,4294967295
tileMM_SigmaA,48,2528,104,128,32,16,0,1,1,4294967295
tileMM_SigmaA,80,2528,104,128,32,16,0,1,1,4294967295
tileMM_SigmaA,112,2528,104,128,32,16,0,1,1,4294967295
tileMM_SigmaA,304,2352,104,128,32,16,0,1,1,4294967295
tileMM_SigmaA,336,2352,104,128,32,16,0,1,1,4294967295
tileMM_SigmaA,368,2352,104,128,32,16,0,1,1,4294967295
tileMM_SigmaA,400,2352,104,128,32,16,0,1,1,4294967295
tileMM_SigmaA,432,2352,104,128,32,16,0,1,1,4294967295
tileMM_SigmaA,144,2048,104,128,32,16,0,1,1,4294967295
tileMM_SigmaA,16,2048,104,128,32,16,0,1,1,4294967295
tileMM_SigmaA,48,2048,104,128,32,16,0,1,1,4294967295
tileMM_SigmaA,80,2048,104,128,32,16,0,1,1,4294967295
tileMM_SigmaA,112,2048,104,128,32,16,0,1,1,4294967295
tileMM_SigmaA,304,2048,104,128,32,16,0,1,1,4294967295
tileMM_SigmaA,336,2048,104,128,32,16,0,1,1,4294967295
tileMM_SigmaA,368,2048,104,128,32,16,0,1,1,4294967295
tileMM_SigmaA,400,2048,104,128,32,16,0,1,1,4294967295
tileMM_SigmaA,432,2048,104,128,32,16,0,1,1,4294967295
tileMM_SigmaA,112,1808,104,128,32,16,0,1,1,4294967295
tileMM_SigmaA,16,1808,104,128,32,16,0,1,1,4294967295
tileMM_SigmaA,48,1808,104,128,32,16,0,1,1,4294967295
tileMM_SigmaA,80,1808,104,128,32,16,0,1,1,4294967295
tileMM_SigmaA,336,1808,104,128,32,16,0,1,1,4294967295
tileMM_SigmaA,368,1808,104,128,32,16,0,1,1,4294967295
tileMM_SigmaA,400,1808,104,128,32,16,0,1,1,4294967295
tileMM_SigmaA,432,1808,104,128,32,16,0,1,1,4294967295
tileMM_SigmaA,240,1536,104,128,32,16,0,1,1,4294967295
tileMM_SigmaA,272,1536,104,128,32,16,0,1,1,4294967295
tileMM_SigmaA,304,1536,104,128,32,16,0,1,1,4294967295
tileMM_SigmaA,336,1536,104,128,32,16,0,1,1,4294967295
tileMM_SigmaA,368,1536,104,128,32,16,0,1,1,4294967295
tileMM_SigmaA,400,1536,104,128,32,16,0,1,1,4294967295
tileMM_SigmaA,432,1536,104,128,32,16,0,1,1,4294967295
tileMM_SigmaA,320,1296,104,128,32,16,0,1,1,4294967295
tileMM_SigmaA,352,1296,104,128,32,16,0,1,1,4294967295
tileMM_SigmaA,384,1296,104,128,32,16,0,1,1,4294967295
tileMM_SigmaA,416,1296,104,128,32,16,0,1,1,4294967295
tileMM_SigmaA,448,1296,104,128,32,16,0,1,1,4294967295
tileMM_SigmaA,0,1296,104,128,32,16,0,1,1,4294967295
tileMM_SigmaA,32,1296,104,128,32,16,0,1,1,4294967295
tileMM_SigmaA,64,1296,104,128,32,16,0,1,1,4294967295
tileMM_SigmaA,96,1296,104,128,32,16,0,1,1,4294967295
tileMM_SigmaA,128,1296,104,128,32,16,0,1,1,4294967295
tileMM_SigmaA,0,608,104,128,32,16,0,1,1,4294967295
tileMM_SigmaA,32,608,104,128,32,16,0,1,1,4294967295
tileMM_SigmaA,64,608,104,128,32,16,0,1,1,4294967295
tileMM_SigmaA,96,608,104,128,32,16,0,1,1,4294967295
tileMM_SigmaA,128,608,104,128,32,16,0,1,1,4294967295
tileMM_SigmaA,320,608,104,128,32,16,0,1,1,4294967295
tileMM_SigmaA,352,608,104,128,32,16,0,1,1,4294967295
tileMM_SigmaA,384,608,104,128,32,16,0,1,1,4294967295
tileMM_SigmaA,416,608,104,128,32,16,0,1,1,4294967295
tileMM_SigmaA,448,608,104,128,32,16,0,1,1,4294967295
tileMM_SigmaA,352,464,104,128,32,16,0,1,1,4294967295
tileMM_SigmaA,384,464,104,128,32,16,0,1,1,4294967295
tileMM_SigmaA,416,464,104,128,32,16,0,1,1,4294967295
tileMM_SigmaA,448,464,104,128,32,16,0,1,1,4294967295
tileMM_SigmaA,0,464,104,128,32,16,0,1,1,4294967295
tileMM_SigmaA,32,464,104,128,32,16,0,1,1,4294967295
tileMM_SigmaA,64,464,104,128,32,16,0,1,1,4294967295
tileMM_SigmaA,96,464,104,128,32,16,0,1,1,4294967295
tileMM_SigmaA,0,240,104,128,32,16,0,1,1,4294967295
tileMM_SigmaA,32,240,104,128,32,16,0,1,1,4294967295
tileMM_SigmaA,64,240,104,128,32,16,0,1,1,4294967295
tileMM_SigmaA,96,240,104,128,32,16,0,1,1,4294967295
tileMM_SigmaA,352,240,104,128,32,16,0,1,1,4294967295
tileMM_SigmaA,384,240,104,128,32,16,0,1,1,4294967295
tileMM_SigmaA,416,240,104,128,32,16,0,1,1,4294967295
tileMM_SigmaA,448,240,104,128,32,16,0,1,1,4294967295
tileMM_SigmaA,0,144,104,128,32,16,0,1,1,4294967295
tileMM_SigmaA,32,144,104,128,32,16,0,1,1,4294967295
tileMM_SigmaA,64,144,104,128,32,16,0,1,1,4294967295
tileMM_SigmaA,96,144,104,128,32,16,0,1,1,4294967295
tileMM_SigmaA,128,144,112,128,32,16,0,1,1,4294967295
tileMM_SigmaA,128,240,112,128,32,16,0,1,1,4294967295
tileMM_SigmaA,128,464,112,128,32,16,0,1,1,4294967295
tileMM_SigmaA,160,608,112,128,32,16,0,1,1,4294967295
tileMM_SigmaA,160,1296,112,128,32,16,0,1,1,4294967295
tileMM_SigmaA,144,1808,112,128,32,16,0,1,1,4294967295
tileMM_SigmaA,240,1904,112,128,32,16,0,1,1,4294967295
tileMM_SigmaA,176,2048,112,128,32,16,0,1,1,4294967295
tileMM_SigmaA,256,2144,112,128,32,16,0,1,1,4294967295
tileMM_SigmaA,224,2144,104,128,32,16,0,1,1,4294967295
tileMM_SigmaA,272,2352,96,128,32,16,0,1,1,4294967295
tileMM_SigmaA,192,2144,96,128,32,16,0,1,1,4294967295
tileMM_SigmaA,272,2048,96,128,32,16,0,1,1,4294967295
tileMM_SigmaA,304,1808,96,128,32,16,0,1,1,4294967295
tileMM_SigmaA,208,1904,96,128,32,16,0,1,1,4294967295
tileMM_SigmaA,208,1536,96,128,32,16,0,1,1,4294967295
tileMM_SigmaA,288,1296,96,128,32,16,0,1,1,4294967295
tileMM_SigmaA,288,608,96,128,32,16,0,1,1,4294967295
tileMM_SigmaA,320,464,96,128,32,16,0,1,1,4294967295
tileMM_SigmaA,320,240,96,128,32,16,0,1,1,4294967295
tileMM_SigmaA,464,1536,112,128,16,16,0,1,1,4294967295
tileMM_SigmaA,464,1808,112,128,16,16,0,1,1,4294967295
tileMM_SigmaA,0,1808,112,128,16,16,0,1,1,4294967295
tileMM_SigmaA,0,2048,112,128,16,16,0,1,1,4294967295
tileMM_SigmaA,464,2048,112,128,16,16,0,1,1,4294967295
tileMM_SigmaA,464,2352,112,128,16,16,0,1,1,4294967295
tileMM_SigmaA,0,2528,112,128,16,16,0,1,1,4294967295
tileMM_SigmaA,0,3056,0,128,64,16,0,1,1,4294967295
tileMM_SigmaA,144,3056,32,80,64,16,0,1,1,4294967295
tileMM_SigmaA,64,3056,32,80,48,16,0,1,1,4294967295
tileMM_SigmaA,112,3056,64,80,32,16,0,1,1,4294967295
tileMM_SigmaA,208,3056,0,128,64,16,0,1,1,4294967295
tileMM_SigmaA,272,3056,32,80,64,16,0,1,1,4294967295
tileMM_SigmaA,336,2688,0,144,64,16,0,1,1,4294967295
tileMM_SigmaA,336,2704,32,80,64,32,0,1,1,4294967295
tileMM_SigmaA,336,2736,32,80,64,32,0,1,1,4294967295
tileMM_SigmaA,336,2768,32,80,64,32,0,1,1,4294967295
tileMM_SigmaA,336,2800,32,80,64,32,0,1,1,4294967295
tileMM_SigmaA,336,2864,32,80,64,32,0,1,1,4294967295
tileMM_SigmaA,336,2896,32,80,64,32,0,1,1,4294967295
tileMM_SigmaA,336,2928,32,80,64,32,0,1,1,4294967295
tileMM_SigmaA,336,2960,32,80,64,32,0,1,1,4294967295
tileMM_SigmaA,336,2832,0,128,64,16,0,1,1,4294967295
tileMM_SigmaA,336,2848,0,152,64,8,0,1,1,4294967295
tileMM_SigmaA,336,2856,32,80,64,8,0,1,1,4294967295
tileMM_SigmaA,336,3024,0,128,64,32,0,1,1,4294967295
tileMM_SigmaA,336,2992,32,80,64,32,0,1,1,4294967295
tileMM_SigmaA,336,3056,32,80,64,16,0,1,1,4294967295
tileMM_SigmaA,80,2560,32,80,64,32,0,1,1,4294967295
tileMM_SigmaA,80,2544,0,152,64,8,0,1,1,4294967295
tileMM_SigmaA,80,2552,32,80,64,8,0,1,1,4294967295
tileMM_SigmaA,80,2656,0,128,64,16,0,1,1,4294967295
tileMM_SigmaA,80,2800,0,128,64,16,0,1,1,4294967295
tileMM_SigmaA,80,2672,0,152,64,8,0,1,1,4294967295
tileMM_SigmaA,80,2680,32,80,64,8,0,1,1,4294967295
tileMM_SigmaA,80,2592,32,80,64,32,0,1,1,4294967295
tileMM_SigmaA,80,2624,32,80,64,32,0,1,1,4294967295
tileMM_SigmaA,80,2688,32,80,64,32,0,1,1,4294967295
tileMM_SigmaA,80,2720,32,80,64,32,0,1,1,4294967295
tileMM_SigmaA,80,2752,32,80,64,32,0,1,1,4294967295
tileMM_SigmaA,80,2784,32,80,64,16,0,1,1,4294967295
tileMM_SigmaA,80,2512,0,128,64,16,0,1,1,4294967295
tileMM_SigmaA,336,2656,0,128,64,16,0,1,1,4294967295
tileMM_SigmaA,352,2528,48,128,16,16,0,1,1,4294967295
tileMM_SigmaA,336,2544,0,152,64,8,0,1,1,4294967295
tileMM_SigmaA,336,2528,0,128,16,16,0,1,1,4294967295
tileMM_SigmaA,336,2552,32,80,64,8,0,1,1,4294967295
tileMM_SigmaA,336,2560,32,80,64,32,0,1,1,4294967295
tileMM_SigmaA,336,2592,32,80,64,32,0,1,1,4294967295
tileMM_SigmaA,336,2624,32,80,64,32,0,1,1,4294967295
tileMM_SigmaA,336,2368,0,152,16,8,0,1,1,4294967295
tileMM_SigmaA,352,2368,48,152,16,8,0,1,1,4294967295
tileMM_SigmaA,336,2376,32,80,16,8,0,1,1,4294967295
tileMM_SigmaA,352,2376,80,80,16,8,0,1,1,4294967295
tileMM_SigmaA,336,2384,32,80,16,16,0,1,1,4294967295
tileMM_SigmaA,336,2512,32,80,16,16,0,1,1,4294967295
tileMM_SigmaA,352,2384,80,80,16,16,0,1,1,4294967295
tileMM_SigmaA,352,2512,80,80,16,16,0,1,1,4294967295
tileMM_SigmaA,336,2400,32,80,64,32,0,1,1,4294967295
tileMM_SigmaA,336,2432,32,80,64,32,0,1,1,4294967295
tileMM_SigmaA,336,2464,32,80,64,32,0,1,1,4294967295
tileMM_SigmaA,336,2496,32,80,64,16,0,1,1,4294967295
tileMM_SigmaA,368,2512,8,160,32,32,0,1,1,4294967295
tileMM_SigmaA,368,2368,16,160,48,32,0,1,1,4294967295
tileMM_SigmaA,80,2352,0,152,64,8,0,1,1,4294967295
tileMM_SigmaA,80,2360,32,80,64,8,0,1,1,4294967295
tileMM_SigmaA,80,2480,32,80,64,32,0,1,1,4294967295
tileMM_SigmaA,80,2448,32,80,64,32,0,1,1,4294967295
tileMM_SigmaA,80,2416,32,80,64,32,0,1,1,4294967295
tileMM_SigmaA,80,2384,32,80,64,32,0,1,1,4294967295
tileMM_SigmaA,80,2368,32,80,64,16,0,1,1,4294967295
tileMM_SigmaA,80,2336,0,128,64,16,0,1,1,4294967295
tileMM_SigmaA,80,2240,0,128,64,16,0,1,1,4294967295
tileMM_SigmaA,336,2336,0,128,64,16,0,1,1,4294967295
tileMM_SigmaA,336,2160,0,128,64,16,0,1,1,4294967295
tileMM_SigmaA,80,2256,0,152,64,8,0,1,1,4294967295
tileMM_SigmaA,80,2064,0,152,64,8,0,1,1,4294967295
tileMM_SigmaA,336,2176,0,152,64,8,0,1,1,4294967295
tileMM_SigmaA,336,2064,0,152,64,8,0,1,1,4294967295
tileMM_SigmaA,80,2264,32,80,64,8,0,1,1,4294967295
tileMM_SigmaA,336,2184,32,80,64,8,0,1,1,4294967295
tileMM_SigmaA,336,2072,32,80,64,8,0,1,1,4294967295
tileMM_SigmaA,80,2072,32,80,64,8,0,1,1,4294967295
tileMM_SigmaA,80,2272,32,80,64,32,0,1,1,4294967295
tileMM_SigmaA,80,2304,32,80,64,32,0,1,1,4294967295
tileMM_SigmaA,336,2192,32,80,64,32,0,1,1,4294967295
tileMM_SigmaA,336,2224,32,80,64,32,0,1,1,4294967295
tileMM_SigmaA,336,2256,32,80,64,32,0,1,1,4294967295
tileMM_SigmaA,336,2288,32,80,64,32,0,1,1,4294967295
tileMM_SigmaA,336,2080,32,80,64,32,0,1,1,4294967295
tileMM_SigmaA,336,2112,32,80,64,32,0,1,1,4294967295
tileMM_SigmaA,80,2080,32,80,64,32,0,1,1,4294967295
tileMM_SigmaA,80,2112,32,80,64,32,0,1,1,4294967295
tileMM_SigmaA,80,2144,32,80,64,32,0,1,1,4294967295
tileMM_SigmaA,80,2176,32,80,64,32,0,1,1,4294967295
tileMM_SigmaA,80,2208,32,80,64,32,0,1,1,4294967295
tileMM_SigmaA,336,2144,32,80,64,16,0,1,1,4294967295
tileMM_SigmaA,336,2320,32,80,64,16,0,1,1,4294967295
tileMM_SigmaA,144,16,32,80,64,48,0,1,1,4294967295
tileMM_SigmaA,208,16,32,80,64,48,0,1,1,4294967295
tileMM_SigmaA,272,16,32,80,64,48,0,1,1,4294967295
tileMM_SigmaA,416,80,32,80,64,48,0,1,1,4294967295
tileMM_SigmaA,336,16,32,80,48,48,0,1,1,4294967295
tileMM_SigmaA,384,16,64,80,32,48,0,1,1,4294967295
tileMM_SigmaA,336,192,32,64,48,32,0,1,1,4294967295
tileMM_SigmaA,416,192,32,64,64,32,0,1,1,4294967295
tileMM_SigmaA,384,192,64,64,32,32,0,1,1,4294967295
tileMM_SigmaA,416,224,0,136,64,16,0,1,1,4294967295
tileMM_SigmaA,336,224,0,128,48,16,0,1,1,4294967295
tileMM_SigmaA,384,224,32,128,32,16,0,1,1,4294967295
tileMM_SigmaA,416,48,32,80,64,32,0,1,1,4294967295
tileMM_SigmaA,416,16,32,80,64,32,0,1,1,4294967295
tileMM_SigmaA,144,0,32,80,64,16,0,1,1,4294967295
tileMM_SigmaA,208,0,32,80,64,16,0,1,1,4294967295
tileMM_SigmaA,272,0,32,80,64,16,0,1,1,4294967295
tileMM_SigmaA,416,0,32,80,64,16,0,1,1,4294967295
tileMM_SigmaA,336,0,32,80,48,16,0,1,1,4294967295
tileMM_SigmaA,384,0,64,80,32,16,0,1,1,4294967295
tileMM_SigmaA,64,1984,0,152,64,8,0,1,1,4294967295
tileMM_SigmaA,0,1984,0,152,64,8,0,1,1,4294967295
tileMM_SigmaA,352,1984,0,152,64,8,0,1,1,4294967295
tileMM_SigmaA,416,1984,0,144,64,16,0,1,1,4294967295
tileMM_SigmaA,0,2032,0,128,64,16,0,1,1,4294967295
tileMM_SigmaA,64,2032,0,128,64,16,0,1,1,4294967295
tileMM_SigmaA,416,2032,0,128,64,16,0,1,1,4294967295
tileMM_SigmaA,352,2032,0,128,64,16,0,1,1,4294967295
tileMM_SigmaA,0,2000,32,80,64,32,0,1,1,4294967295
tileMM_SigmaA,64,2000,32,80,64,32,0,1,1,4294967295
tileMM_SigmaA,352,2000,32,80,64,32,0,1,1,4294967295
tileMM_SigmaA,416,2000,32,80,64,32,0,1,1,4294967295
tileMM_SigmaA,0,1992,32,80,64,8,0,1,1,4294967295
tileMM_SigmaA,64,1992,32,80,64,8,0,1,1,4294967295
tileMM_SigmaA,352,1992,32,80,64,8,0,1,1,4294967295
tileMM_SigmaA,80,1968,0,128,64,16,0,1,1,4294967295
tileMM_SigmaA,336,1968,0,128,64,16,0,1,1,4294967295
tileMM_SigmaA,80,1888,0,128,64,16,0,1,1,4294967295
tileMM_SigmaA,336,1792,0,128,64,16,0,1,1,4294967295
tileMM_SigmaA,80,1792,0,128,64,16,0,1,1,4294967295
tileMM_SigmaA,80,1648,0,128,64,16,0,1,1,4294967295
tileMM_SigmaA,80,1392,0,128,64,16,0,1,1,4294967295
tileMM_SigmaA,336,1392,0,128,64,16,0,1,1,4294967295
tileMM_SigmaA,336,1136,0,128,64,16,0,1,1,4294967295
tileMM_SigmaA,80,1136,0,128,64,16,0,1,1,4294967295
tileMM_SigmaA,80,1280,0,128,64,16,0,1,1,4294967295
tileMM_SigmaA,336,1280,0,128,64,16,0,1,1,4294967295
tileMM_SigmaA,336,880,0,128,64,16,0,1,1,4294967295
tileMM_SigmaA,80,880,0,128,64,16,0,1,1,4294967295
tileMM_SigmaA,80,592,0,128,64,16,0,1,1,4294967295
tileMM_SigmaA,80,448,0,128,64,16,0,1,1,4294967295
tileMM_SigmaA,336,592,0,128,64,16,0,1,1,4294967295
tileMM_SigmaA,336,448,0,128,64,16,0,1,1,4294967295
tileMM_SigmaA,80,224,0,128,64,16,0,1,1,4294967295
tileMM_SigmaA,80,128,0,128,64,16,0,1,1,4294967295
tileMM_SigmaA,80,0,0,144,64,16,0,1,1,4294967295
tileMM_SigmaA,80,160,0,152,64,8,0,1,1,4294967295
tileMM_SigmaA,336,256,0,152,64,8,0,1,1,4294967295
tileMM_SigmaA,80,480,0,152,64,8,0,1,1,4294967295
tileMM_SigmaA,80,624,0,152,64,8,0,1,1,4294967295
tileMM_SigmaA,336,480,0,152,64,8,0,1,1,4294967295
tileMM_SigmaA,336,624,0,152,64,8,0,1,1,4294967295
tileMM_SigmaA,80,896,0,152,64,8,0,1,1,4294967295
tileMM_SigmaA,336,896,0,152,64,8,0,1,1,4294967295
tileMM_SigmaA,80,1152,0,152,64,8,0,1,1,4294967295
tileMM_SigmaA,336,1152,0,152,64,8,0,1,1,4294967295
tileMM_SigmaA,336,1312,0,152,64,8,0,1,1,4294967295
tileMM_SigmaA,80,1312,0,152,64,8,0,1,1,4294967295
tileMM_SigmaA,80,1408,0,152,64,8,0,1,1,4294967295
tileMM_SigmaA,336,1408,0,152,64,8,0,1,1,4294967295
tileMM_SigmaA,336,1552,0,152,64,8,0,1,1,4294967295
tileMM_SigmaA,80,1664,0,152,64,8,0,1,1,4294967295
tileMM_SigmaA,80,1824,0,152,64,8,0,1,1,4294967295
tileMM_SigmaA,80,1904,0,152,64,8,0,1,1,4294967295
tileMM_SigmaA,336,1824,0,152,64,8,0,1,1,4294967295
tileMM_SigmaA,80,1912,32,80,64,8,0,1,1,4294967295
tileMM_SigmaA,336,1832,32,80,64,8,0,1,1,4294967295
tileMM_SigmaA,80,1832,32,80,64,8,0,1,1,4294967295
tileMM_SigmaA,80,1672,32,80,64,8,0,1,1,4294967295
tileMM_SigmaA,336,1560,32,80,64,8,0,1,1,4294967295
tileMM_SigmaA,80,1416,32,80,64,8,0,1,1,4294967295
tileMM_SigmaA,336,1416,32,80,64,8,0,1,1,4294967295
tileMM_SigmaA,80,1320,32,80,64,8,0,1,1,4294967295
tileMM_SigmaA,336,1320,32,80,64,8,0,1,1,4294967295
tileMM_SigmaA,336,1160,32,80,64,8,0,1,1,4294967295
tileMM_SigmaA,80,1160,32,80,64,8,0,1,1,4294967295
tileMM_SigmaA,336,904,32,80,64,8,0,1,1,4294967295
tileMM_SigmaA,80,904,32,80,64,8,0,1,1,4294967295
tileMM_SigmaA,336,488,32,80,64,8,0,1,1,4294967295
tileMM_SigmaA,80,488,32,80,64,8,0,1,1,4294967295
tileMM_SigmaA,80,632,32,80,64,8,0,1,1,4294967295
tileMM_SigmaA,336,632,32,80,64,8,0,1,1,4294967295
tileMM_SigmaA,80,168,32,80,64,8,0,1,1,4294967295
tileMM_SigmaA,336,264,32,80,64,8,0,1,1,4294967295
tileMM_SigmaA,80,16,32,80,64,32,0,1,1,4294967295
tileMM_SigmaA,80,48,32,80,64,32,0,1,1,4294967295
tileMM_SigmaA,80,80,32,80,64,32,0,1,1,4294967295
tileMM_SigmaA,80,176,32,80,64,32,0,1,1,4294967295
tileMM_SigmaA,336,272,32,80,64,32,0,1,1,4294967295
tileMM_SigmaA,336,304,32,80,64,32,0,1,1,4294967295
tileMM_SigmaA,80,256,0,152,64,8,0,1,1,4294967295
tileMM_SigmaA,80,264,32,80,64,8,0,1,1,4294967295
tileMM_SigmaA,336,336,32,80,64,32,0,1,1,4294967295
tileMM_SigmaA,336,368,32,80,64,32,0,1,1,4294967295
tileMM_SigmaA,336,400,32,80,64,32,0,1,1,4294967295
tileMM_SigmaA,80,272,32,80,64,32,0,1,1,4294967295
tileMM_SigmaA,80,304,32,80,64,32,0,1,1,4294967295
tileMM_SigmaA,80,336,32,80,64,32,0,1,1,4294967295
tileMM_SigmaA,80,368,32,80,64,32,0,1,1,4294967295
tileMM_SigmaA,80,400,32,80,64,32,0,1,1,4294967295
tileMM_SigmaA,80,496,32,80,64,32,0,1,1,4294967295
tileMM_SigmaA,80,528,32,80,64,32,0,1,1,4294967295
tileMM_SigmaA,80,560,32,80,64,32,0,1,1,4294967295
tileMM_SigmaA,336,496,32,80,64,32,0,1,1,4294967295
tileMM_SigmaA,336,528,32,80,64,32,0,1,1,4294967295
tileMM_SigmaA,336,560,32,80,64,32,0,1,1,4294967295
tileMM_SigmaA,80,640,32,80,64,32,0,1,1,4294967295
tileMM_SigmaA,80,672,32,80,64,32,0,1,1,4294967295
tileMM_SigmaA,80,704,32,80,64,32,0,1,1,4294967295
tileMM_SigmaA,80,736,32,80,64,32,0,1,1,4294967295
tileMM_SigmaA,80,768,32,80,64,32,0,1,1,4294967295
tileMM_SigmaA,80,800,32,80,64,32,0,1,1,4294967295
tileMM_SigmaA,80,832,32,80,64,32,0,1,1,4294967295
tileMM_SigmaA,336,640,32,80,64,32,0,1,1,4294967295
tileMM_SigmaA,336,672,32,80,64,32,0,1,1,4294967295
tileMM_SigmaA,336,704,32,80,64,32,0,1,1,4294967295
tileMM_SigmaA,336,736,32,80,64,32,0,1,1,4294967295
tileMM_SigmaA,336,768,32,80,64,32,0,1,1,4294967295
tileMM_SigmaA,336,800,32,80,64,32,0,1,1,4294967295
tileMM_SigmaA,336,832,32,80,64,32,0,1,1,4294967295
tileMM_SigmaA,80,912,32,80,64,32,0,1,1,4294967295
tileMM_SigmaA,80,944,32,80,64,32,0,1,1,4294967295
tileMM_SigmaA,80,976,32,80,64,32,0,1,1,4294967295
tileMM_SigmaA,80,1008,32,80,64,32,0,1,1,4294967295
tileMM_SigmaA,80,1040,32,80,64,32,0,1,1,4294967295
tileMM_SigmaA,80,1072,32,80,64,32,0,1,1,4294967295
tileMM_SigmaA,80,1104,32,80,64,32,0,1,1,4294967295
tileMM_SigmaA,336,912,32,80,64,32,0,1,1,4294967295
tileMM_SigmaA,336,944,32,80,64,32,0,1,1,4294967295
tileMM_SigmaA,336,976,32,80,64,32,0,1,1,4294967295
tileMM_SigmaA,336,1008,32,80,64,32,0,1,1,4294967295
tileMM_SigmaA,336,1040,32,80,64,32,0,1,1,4294967295
tileMM_SigmaA,336,1072,32,80,64,32,0,1,1,4294967295
tileMM_SigmaA,336,1104,32,80,64,32,0,1,1,4294967295
tileMM_SigmaA,80,1168,32,80,64,32,0,1,1,4294967295
tileMM_SigmaA,80,1200,32,80,64,32,0,1,1,4294967295
tileMM_SigmaA,80,1232,32,80,64,32,0,1,1,4294967295
tileMM_SigmaA,336,1168,32,80,64,32,0,1,1,4294967295
tileMM_SigmaA,336,1200,32,80,64,32,0,1,1,4294967295
tileMM_SigmaA,336,1232,32,80,64,32,0,1,1,4294967295
tileMM_SigmaA,80,1328,32,80,64,32,0,1,1,4294967295
tileMM_SigmaA,80,1360,32,80,64,32,0,1,1,4294967295
tileMM_SigmaA,336,1328,32,80,64,32,0,1,1,4294967295
tileMM_SigmaA,336,1360,32,80,64,32,0,1,1,4294967295
tileMM_SigmaA,336,1520,0,128,64,16,0,1,1,4294967295
tileMM_SigmaA,80,1424,32,80,64,32,0,1,1,4294967295
tileMM_SigmaA,80,1456,32,80,64,32,0,1,1,4294967295
tileMM_SigmaA,80,1488,32,80,64,32,0,1,1,4294967295
tileMM_SigmaA,80,1520,32,80,64,32,0,1,1,4294967295
tileMM_SigmaA,80,1552,32,80,64,32,0,1,1,4294967295
tileMM_SigmaA,80,1584,32,80,64,32,0,1,1,4294967295
tileMM_SigmaA,80,1616,32,80,64,32,0,1,1,4294967295
tileMM_SigmaA,336,1424,32,80,64,32,0,1,1,4294967295
tileMM_SigmaA,336,1456,32,80,64,32,0,1,1,4294967295
tileMM_SigmaA,336,1488,32,80,64,32,0,1,1,4294967295
tileMM_SigmaA,80,1680,32,80,64,32,0,1,1,4294967295
tileMM_SigmaA,80,1712,32,80,64,32,0,1,1,4294967295
tileMM_SigmaA,80,1744,32,80,64,32,0,1,1,4294967295
tileMM_SigmaA,80,1840,32,80,64,32,0,1,1,4294967295
tileMM_SigmaA,80,1920,32,80,64,32,0,1,1,4294967295
tileMM_SigmaA,336,1840,32,80,64,32,0,1,1,4294967295
tileMM_SigmaA,336,1872,32,80,64,32,0,1,1,4294967295
tileMM_SigmaA,336,1904,32,80,64,32,0,1,1,4294967295
tileMM_SigmaA,336,1936,32,80,64,32,0,1,1,4294967295
tileMM_SigmaA,336,1568,32,80,64,32,0,1,1,4294967295
tileMM_SigmaA,336,1600,32,80,64,32,0,1,1,4294967295
tileMM_SigmaA,336,1632,32,80,64,32,0,1,1,4294967295
tileMM_SigmaA,336,1664,32,80,64,32,0,1,1,4294967295
tileMM_SigmaA,336,1696,32,80,64,32,0,1,1,4294967295
tileMM_SigmaA,336,1728,32,80,64,32,0,1,1,4294967295
tileMM_SigmaA,336,1760,32,80,64,32,0,1,1,4294967295
tileMM_SigmaA,80,1952,32,80,64,16,0,1,1,4294967295
tileMM_SigmaA,80,1872,32,80,64,16,0,1,1,4294967295
tileMM_SigmaA,80,1776,32,80,64,16,0,1,1,4294967295
tileMM_SigmaA,80,1264,32,80,64,16,0,1,1,4294967295
tileMM_SigmaA,336,1264,32,80,64,16,0,1,1,4294967295
tileMM_SigmaA,336,864,32,80,64,16,0,1,1,4294967295
tileMM_SigmaA,80,864,32,80,64,16,0,1,1,4294967295
tileMM_SigmaA,80,432,32,80,64,16,0,1,1,4294967295
tileMM_SigmaA,336,432,32,80,64,16,0,1,1,4294967295
tileMM_SigmaA,80,208,32,80,64,16,0,1,1,4294967295
tileMM_SigmaA,80,112,32,80,64,16,0,1,1,4294967295
tileMM_SigmaA,32,2800,16,128,48,16,0,1,1,4294967295
tileMM_SigmaA,32,2768,48,80,48,32,0,1,1,4294967295
tileMM_SigmaA,32,2736,48,80,48,32,0,1,1,4294967295
tileMM_SigmaA,32,2704,48,80,48,32,0,1,1,4294967295
tileMM_SigmaA,32,2672,16,128,48,32,0,1,1,4294967295
tileMM_SigmaA,32,2640,16,128,48,32,0,1,1,4294967295
tileMM_SigmaA,32,2608,48,80,48,32,0,1,1,4294967295
tileMM_SigmaA,32,2576,48,80,48,32,0,1,1,4294967295
tileMM_SigmaA,432,2656,16,128,48,16,0,1,1,4294967295
tileMM_SigmaA,432,2624,48,80,48,32,0,1,1,4294967295
tileMM_SigmaA,432,2592,48,80,48,32,0,1,1,4294967295
tileMM_SigmaA,432,2560,48,80,48,32,0,1,1,4294967295
tileMM_SigmaA,432,2528,48,80,48,32,0,1,1,4294967295
tileMM_SigmaA,432,2496,48,80,48,32,0,1,1,4294967295
tileMM_SigmaA,432,2464,48,80,48,32,0,1,1,4294967295
tileMM_SigmaA,432,2432,48,80,48,32,0,1,1,4294967295
tileMM_SigmaA,432,2400,48,80,48,32,0,1,1,4294967295
tileMM_SigmaA,32,2512,16,128,48,16,0,1,1,4294967295
tileMM_SigmaA,432,2336,16,128,48,16,0,1,1,4294967295
tileMM_SigmaA,432,1968,16,128,48,16,0,1,1,4294967295
tileMM_SigmaA,32,1968,16,128,48,16,0,1,1,4294967295
tileMM_SigmaA,32,1792,16,128,48,16,0,1,1,4294967295
tileMM_SigmaA,432,1792,16,128,48,16,0,1,1,4294967295
tileMM_SigmaA,432,1520,16,128,48,16,0,1,1,4294967295
tileMM_SigmaA,32,1280,16,128,48,16,0,1,1,4294967295
tileMM_SigmaA,432,1280,16,128,48,16,0,1,1,4294967295
tileMM_SigmaA,32,592,16,128,48,16,0,1,1,4294967295
tileMM_SigmaA,32,448,16,128,48,16,0,1,1,4294967295
tileMM_SigmaA,432,448,16,128,48,16,0,1,1,4294967295
tileMM_SigmaA,432,592,16,128,48,16,0,1,1,4294967295
tileMM_SigmaA,32,224,16,128,48,16,0,1,1,4294967295
tileMM_SigmaA,32,128,16,128,48,16,0,1,1,4294967295
tileMM_SigmaA,0,224,0,128,32,16,0,1,1,4294967295
tileMM_SigmaA,0,448,0,128,32,16,0,1,1,4294967295
tileMM_SigmaA,0,128,0,128,32,16,0,1,1,4294967295
tileMM_SigmaA,400,448,0,128,32,16,0,1,1,4294967295
tileMM_SigmaA,0,592,0,128,32,16,0,1,1,4294967295
tileMM_SigmaA,400,592,0,128,32,16,0,1,1,4294967295
tileMM_SigmaA,0,1280,0,128,32,16,0,1,1,4294967295
tileMM_SigmaA,400,1280,0,128,32,16,0,1,1,4294967295
tileMM_SigmaA,400,1520,0,128,32,16,0,1,1,4294967295
tileMM_SigmaA,400,1792,0,128,32,16,0,1,1,4294967295
tileMM_SigmaA,0,1792,0,128,32,16,0,1,1,4294967295
tileMM_SigmaA,400,1968,0,128,32,16,0,1,1,4294967295
tileMM_SigmaA,0,1968,0,128,32,16,0,1,1,4294967295
tileMM_SigmaA,400,2336,0,128,32,16,0,1,1,4294967295
tileMM_SigmaA,0,2800,0,128,32,16,0,1,1,4294967295
tileMM_SigmaA,400,2656,0,128,32,16,0,1,1,4294967295
tileMM_SigmaA,0,2640,0,128,32,32,0,1,1,4294967295
tileMM_SigmaA,0,2672,0,128,32,32,0,1,1,4294967295
tileMM_SigmaA,0,2576,32,80,32,32,0,1,1,4294967295
tileMM_SigmaA,0,2608,32,80,32,32,0,1,1,4294967295
tileMM_SigmaA,0,2704,32,80,32,32,0,1,1,4294967295
tileMM_SigmaA,0,2736,32,80,32,32,0,1,1,4294967295
tileMM_SigmaA,0,2768,32,80,32,32,0,1,1,4294967295
tileMM_SigmaA,400,2432,32,80,32,32,0,1,1,4294967295
tileMM_SigmaA,400,2464,32,80,32,32,0,1,1,4294967295
tileMM_SigmaA,400,2496,32,80,32,32,0,1,1,4294967295
tileMM_SigmaA,400,2528,32,80,32,32,0,1,1,4294967295
tileMM_SigmaA,400,2560,32,80,32,32,0,1,1,4294967295
tileMM_SigmaA,400,2592,32,80,32,32,0,1,1,4294967295
tileMM_SigmaA,400,2624,32,80,32,32,0,1,1,4294967295
tileMM_SigmaA,400,2400,32,80,32,32,0,1,1,4294967295
tileMM_SigmaA,32,2544,16,152,48,8,0,1,1,4294967295
tileMM_SigmaA,416,2368,0,152,64,8,0,1,1,4294967295
tileMM_SigmaA,416,2376,32,80,64,24,0,1,1,4294967295
tileMM_SigmaA,0,2544,0,152,32,8,0,1,1,4294967295
tileMM_SigmaA,32,2552,48,80,48,24,0,1,1,4294967295
tileMM_SigmaA,0,2552,32,80,32,24,0,1,1,4294967295
tileMM_SigmaA,432,2688,16,152,48,8,0,1,1,4294967295
tileMM_SigmaA,400,2688,0,152,32,8,0,1,1,4294967295
tileMM_SigmaA,432,3040,48,80,48,32,0,1,1,4294967295
tileMM_SigmaA,432,3008,48,80,48,32,0,1,1,4294967295
tileMM_SigmaA,432,2976,48,80,48,32,0,1,1,4294967295
tileMM_SigmaA,432,2944,16,128,48,32,0,1,1,4294967295
tileMM_SigmaA,432,2848,16,128,48,32,0,1,1,4294967295
tileMM_SigmaA,432,2880,48,80,48,32,0,1,1,4294967295
tileMM_SigmaA,432,2912,48,80,48,32,0,1,1,4294967295
tileMM_SigmaA,432,2816,48,80,48,32,0,1,1,4294967295
tileMM_SigmaA,432,2784,48,80,48,32,0,1,1,4294967295
tileMM_SigmaA,432,2752,48,80,48,32,0,1,1,4294967295
tileMM_SigmaA,432,2720,48,80,48,32,0,1,1,4294967295
tileMM_SigmaA,432,2696,48,80,48,24,0,1,1,4294967295
tileMM_SigmaA,400,2696,32,80,32,24,0,1,1,4294967295
tileMM_SigmaA,400,2720,32,80,32,32,0,1,1,4294967295
tileMM_SigmaA,400,2752,32,80,32,32,0,1,1,4294967295
tileMM_SigmaA,400,2784,32,80,32,32,0,1,1,4294967295
tileMM_SigmaA,400,2816,32,80,32,32,0,1,1,4294967295
tileMM_SigmaA,400,2880,32,80,32,32,0,1,1,4294967295
tileMM_SigmaA,400,2912,32,80,32,32,0,1,1,4294967295
tileMM_SigmaA,400,2976,32,80,32,32,0,1,1,4294967295
tileMM_SigmaA,400,3008,32,80,32,32,0,1,1,4294967295
tileMM_SigmaA,400,3040,32,80,32,32,0,1,1,4294967295
tileMM_SigmaA,400,2848,0,128,32,32,0,1,1,4294967295
tileMM_SigmaA,400,2944,0,128,32,32,0,1,1,4294967295
tileMM_SigmaA,0,2064,0,160,48,32,0,1,1,4294967295
tileMM_SigmaA,432,1552,0,160,48,32,0,1,1,4294967295
tileMM_SigmaA,0,1088,16,160,48,32,0,1,1,4294967295
tileMM_SigmaA,432,768,8,160,48,32,0,1,1,4294967295
tileMM_SigmaA,48,352,24,160,32,32,0,1,1,4294967295
tileMM_SigmaA,448,320,8,160,32,32,0,1,1,4294967295
tileMM_SigmaA,48,2064,0,144,16,16,0,1,1,4294967295
tileMM_SigmaA,64,2064,48,144,16,16,0,1,1,4294967295
tileMM_SigmaA,64,2080,80,80,16,16,0,1,1,4294967295
tileMM_SigmaA,48,2080,32,80,16,16,0,1,1,4294967295
tileMM_SigmaA,32,2096,48,80,48,32,0,1,1,4294967295
tileMM_SigmaA,32,2128,48,80,48,32,0,1,1,4294967295
tileMM_SigmaA,32,2160,48,80,48,32,0,1,1,4294967295
tileMM_SigmaA,32,2192,48,80,48,32,0,1,1,4294967295
tileMM_SigmaA,32,2224,16,128,48,32,0,1,1,4294967295
tileMM_SigmaA,32,2384,16,128,48,32,0,1,1,4294967295
tileMM_SigmaA,32,2256,48,80,48,32,0,1,1,4294967295
tileMM_SigmaA,32,2288,48,80,48,32,0,1,1,4294967295
tileMM_SigmaA,32,2320,48,80,48,32,0,1,1,4294967295
tileMM_SigmaA,32,2352,48,80,48,32,0,1,1,4294967295
tileMM_SigmaA,32,2416,48,80,48,32,0,1,1,4294967295
tileMM_SigmaA,32,2448,48,80,48,32,0,1,1,4294967295
tileMM_SigmaA,32,2480,48,80,48,32,0,1,1,4294967295
tileMM_SigmaA,0,2512,0,128,32,16,0,1,1,4294967295
tileMM_SigmaA,0,2480,32,80,32,32,0,1,1,4294967295
tileMM_SigmaA,0,2448,32,80,32,32,0,1,1,4294967295
tileMM_SigmaA,0,2384,0,128,32,32,0,1,1,4294967295
tileMM_SigmaA,0,2224,0,128,32,32,0,1,1,4294967295
tileMM_SigmaA,0,2416,32,80,32,32,0,1,1,4294967295
tileMM_SigmaA,0,2256,32,80,32,32,0,1,1,4294967295
tileMM_SigmaA,0,2288,32,80,32,32,0,1,1,4294967295
tileMM_SigmaA,0,2320,32,80,32,32,0,1,1,4294967295
tileMM_SigmaA,0,2352,32,80,32,32,0,1,1,4294967295
tileMM_SigmaA,0,2192,32,80,32,32,0,1,1,4294967295
tileMM_SigmaA,0,2160,32,80,32,32,0,1,1,4294967295
tileMM_SigmaA,0,2128,32,80,32,32,0,1,1,4294967295
tileMM_SigmaA,0,2096,32,80,32,32,0,1,1,4294967295
tileMM_SigmaA,432,2304,48,80,48,32,0,1,1,4294967295
tileMM_SigmaA,432,2272,48,80,48,32,0,1,1,4294967295
tileMM_SigmaA,432,2240,48,80,48,32,0,1,1,4294967295
tileMM_SigmaA,432,2208,16,128,48,32,0,1,1,4294967295
tileMM_SigmaA,432,2176,48,80,48,32,0,1,1,4294967295
tileMM_SigmaA,432,2144,48,80,48,32,0,1,1,4294967295
tileMM_SigmaA,432,2112,48,80,48,32,0,1,1,4294967295
tileMM_SigmaA,432,2080,48,80,48,32,0,1,1,4294967295
tileMM_SigmaA,432,2064,16,152,48,8,0,1,1,4294967295
tileMM_SigmaA,432,2072,48,80,48,8,0,1,1,4294967295
tileMM_SigmaA,400,2072,32,80,32,8,0,1,1,4294967295
tileMM_SigmaA,400,2064,0,152,32,8,0,1,1,4294967295
tileMM_SigmaA,400,2080,32,80,32,32,0,1,1,4294967295
tileMM_SigmaA,400,2112,32,80,32,32,0,1,1,4294967295
tileMM_SigmaA,400,2144,32,80,32,32,0,1,1,4294967295
tileMM_SigmaA,400,2176,32,80,32,32,0,1,1,4294967295
tileMM_SigmaA,400,2240,32,80,32,32,0,1,1,4294967295
tileMM_SigmaA,400,2272,32,80,32,32,0,1,1,4294967295
tileMM_SigmaA,400,2304,32,80,32,32,0,1,1,4294967295
tileMM_SigmaA,400,2208,0,128,32,32,0,1,1,4294967295
tileMM_SigmaA,432,1584,16,152,48,8,0,1,1,4294967295
tileMM_SigmaA,432,1592,48,80,48,8,0,1,1,4294967295
tileMM_SigmaA,432,1600,48,80,48,32,0,1,1,4294967295
tileMM_SigmaA,432,1632,48,80,48,32,0,1,1,4294967295
tileMM_SigmaA,432,1664,16,128,48,32,0,1,1,4294967295
tileMM_SigmaA,432,1696,48,80,48,32,0,1,1,4294967295
tileMM_SigmaA,432,1728,48,80,48,32,0,1,1,4294967295
tileMM_SigmaA,432,1760,48,80,48,32,0,1,1,4294967295
tileMM_SigmaA,400,1664,0,128,32,32,0,1,1,4294967295
tileMM_SigmaA,400,1696,32,80,32,32,0,1,1,4294967295
tileMM_SigmaA,400,1728,32,80,32,32,0,1,1,4294967295
tileMM_SigmaA,400,1760,32,80,32,32,0,1,1,4294967295
tileMM_SigmaA,400,1632,32,80,32,32,0,1,1,4294967295
tileMM_SigmaA,400,1600,32,80,32,32,0,1,1,4294967295
tileMM_SigmaA,400,1568,32,80,32,32,0,1,1,4294967295
tileMM_SigmaA,400,1552,0,152,16,8,0,1,1,4294967295
tileMM_SigmaA,400,1560,32,80,16,8,0,1,1,4294967295
tileMM_SigmaA,416,1552,48,152,16,8,0,1,1,4294967295
tileMM_SigmaA,32,1936,48,80,48,32,0,1,1,4294967295
tileMM_SigmaA,32,1904,48,80,48,32,0,1,1,4294967295
tileMM_SigmaA,32,1872,48,80,48,32,0,1,1,4294967295
tileMM_SigmaA,32,1840,48,80,48,32,0,1,1,4294967295
tileMM_SigmaA,432,1936,48,80,48,32,0,1,1,4294967295
tileMM_SigmaA,432,1904,16,128,48,32,0,1,1,4294967295
tileMM_SigmaA,432,1872,48,80,48,32,0,1,1,4294967295
tileMM_SigmaA,432,1840,48,80,48,32,0,1,1,4294967295
tileMM_SigmaA,400,1904,0,128,32,32,0,1,1,4294967295
tileMM_SigmaA,0,1840,32,80,32,32,0,1,1,4294967295
tileMM_SigmaA,0,1872,32,80,32,32,0,1,1,4294967295
tileMM_SigmaA,0,1904,32,80,32,32,0,1,1,4294967295
tileMM_SigmaA,0,1936,32,80,32,32,0,1,1,4294967295
tileMM_SigmaA,400,1840,32,80,32,32,0,1,1,4294967295
tileMM_SigmaA,400,1872,32,80,32,32,0,1,1,4294967295
tileMM_SigmaA,400,1936,32,80,32,32,0,1,1,4294967295
tileMM_SigmaA,0,1824,0,144,32,16,0,1,1,4294967295
tileMM_SigmaA,32,1824,16,144,48,16,0,1,1,4294967295
tileMM_SigmaA,432,1824,16,152,48,8,0,1,1,4294967295
tileMM_SigmaA,400,1824,0,152,32,8,0,1,1,4294967295
tileMM_SigmaA,400,1832,32,80,32,8,0,1,1,4294967295
tileMM_SigmaA,432,1832,48,80,48,8,0,1,1,4294967295
tileMM_SigmaA,32,192,48,80,48,32,0,1,1,4294967295
tileMM_SigmaA,0,192,32,80,32,32,0,1,1,4294967295
tileMM_SigmaA,0,96,32,80,32,32,0,1,1,4294967295
tileMM_SigmaA,0,64,32,80,32,32,0,1,1,4294967295
tileMM_SigmaA,0,32,32,80,32,32,0,1,1,4294967295
tileMM_SigmaA,32,32,48,80,48,32,0,1,1,4294967295
tileMM_SigmaA,32,64,48,80,48,32,0,1,1,4294967295
tileMM_SigmaA,32,96,48,80,48,32,0,1,1,4294967295
tileMM_SigmaA,32,160,16,152,48,8,0,1,1,4294967295
tileMM_SigmaA,32,0,16,152,48,8,0,1,1,4294967295
tileMM_SigmaA,0,0,0,152,32,8,0,1,1,4294967295
tileMM_SigmaA,0,160,0,152,32,8,0,1,1,4294967295
tileMM_SigmaA,0,8,32,80,32,24,0,1,1,4294967295
tileMM_SigmaA,0,168,32,80,32,24,0,1,1,4294967295
tileMM_SigmaA,32,8,48,80,48,24,0,1,1,4294967295
tileMM_SigmaA,32,168,48,80,48,24,0,1,1,4294967295
tileMM_SigmaA,32,1568,16,152,48,8,0,1,1,4294967295
tileMM_SigmaA,432,1424,16,128,48,32,0,1,1,4294967295
tileMM_SigmaA,32,1760,48,80,48,32,0,1,1,4294967295
tileMM_SigmaA,32,1728,48,80,48,32,0,1,1,4294967295
tileMM_SigmaA,32,1696,48,80,48,32,0,1,1,4294967295
tileMM_SigmaA,32,1664,48,80,48,32,0,1,1,4294967295
tileMM_SigmaA,32,1632,48,80,48,32,0,1,1,4294967295
tileMM_SigmaA,32,1600,48,80,48,32,0,1,1,4294967295
tileMM_SigmaA,32,1576,48,80,48,24,0,1,1,4294967295
tileMM_SigmaA,0,1568,0,152,32,8,0,1,1,4294967295
tileMM_SigmaA,0,1576,32,80,32,24,0,1,1,4294967295
tileMM_SigmaA,0,1600,32,80,32,32,0,1,1,4294967295
tileMM_SigmaA,0,1632,32,80,32,32,0,1,1,4294967295
tileMM_SigmaA,0,1664,32,80,32,32,0,1,1,4294967295
tileMM_SigmaA,0,1696,32,80,32,32,0,1,1,4294967295
tileMM_SigmaA,0,1728,32,80,32,32,0,1,1,4294967295
tileMM_SigmaA,0,1760,32,80,32,32,0,1,1,4294967295
tileMM_SigmaA,400,1424,0,128,32,32,0,1,1,4294967295
tileMM_SigmaA,432,1456,48,80,48,32,0,1,1,4294967295
tileMM_SigmaA,432,1488,48,80,48,32,0,1,1,4294967295
tileMM_SigmaA,400,1456,32,80,32,32,0,1,1,4294967295
tileMM_SigmaA,400,1488,32,80,32,32,0,1,1,4294967295
tileMM_SigmaA,400,1392,32,80,32,32,0,1,1,4294967295
tileMM_SigmaA,400,1360,32,80,32,32,0,1,1,4294967295
tileMM_SigmaA,400,1328,32,80,32,32,0,1,1,4294967295
tileMM_SigmaA,432,1328,48,80,48,32,0,1,1,4294967295
tileMM_SigmaA,432,1360,48,80,48,32,0,1,1,4294967295
tileMM_SigmaA,432,1392,48,80,48,32,0,1,1,4294967295
tileMM_SigmaA,32,1552,16,128,48,16,0,1,1,4294967295
tileMM_SigmaA,0,1552,0,128,32,16,0,1,1,4294967295
tileMM_SigmaA,432,1312,16,152,48,8,0,1,1,4294967295
tileMM_SigmaA,32,1312,16,152,48,8,0,1,1,4294967295
tileMM_SigmaA,0,1312,0,152,32,8,0,1,1,4294967295
tileMM_SigmaA,400,1312,0,152,32,8,0,1,1,4294967295
tileMM_SigmaA,32,1320,48,80,48,8,0,1,1,4294967295
tileMM_SigmaA,432,1320,48,80,48,8,0,1,1,4294967295
tileMM_SigmaA,0,1320,32,80,32,8,0,1,1,4294967295
tileMM_SigmaA,400,1320,32,80,32,8,0,1,1,4294967295
tileMM_SigmaA,32,1520,48,80,48,32,0,1,1,4294967295
tileMM_SigmaA,32,1488,48,80,48,32,0,1,1,4294967295
tileMM_SigmaA,32,1456,48,80,48,32,0,1,1,4294967295
tileMM_SigmaA,32,1424,48,80,48,32,0,1,1,4294967295
tileMM_SigmaA,32,1392,48,80,48,32,0,1,1,4294967295
tileMM_SigmaA,32,1360,48,80,48,32,0,1,1,4294967295
tileMM_SigmaA,32,1328,48,80,48,32,0,1,1,4294967295
tileMM_SigmaA,0,1328,32,80,32,32,0,1,1,4294967295
tileMM_SigmaA,0,1360,32,80,32,32,0,1,1,4294967295
tileMM_SigmaA,0,1392,32,80,32,32,0,1,1,4294967295
tileMM_SigmaA,0,1424,32,80,32,32,0,1,1,4294967295
tileMM_SigmaA,0,1456,32,80,32,32,0,1,1,4294967295
tileMM_SigmaA,0,1488,32,80,32,32,0,1,1,4294967295
tileMM_SigmaA,0,1520,32,80,32,32,0,1,1,4294967295
tileMM_SigmaA,32,1248,48,80,48,32,0,1,1,4294967295
tileMM_SigmaA,32,1216,48,80,48,32,0,1,1,4294967295
tileMM_SigmaA,32,1184,48,80,48,32,0,1,1,4294967295
tileMM_SigmaA,32,1152,48,80,48,32,0,1,1,4294967295
tileMM_SigmaA,432,1152,48,80,48,32,0,1,1,4294967295
tileMM_SigmaA,432,1184,48,80,48,32,0,1,1,4294967295
tileMM_SigmaA,432,1216,48,80,48,32,0,1,1,4294967295
tileMM_SigmaA,432,1248,48,80,48,32,0,1,1,4294967295
tileMM_SigmaA,432,1120,48,80,48,32,0,1,1,4294967295
tileMM_SigmaA,432,1088,48,80,48,32,0,1,1,4294967295
tileMM_SigmaA,432,1056,48,80,48,32,0,1,1,4294967295
tileMM_SigmaA,432,1024,16,128,48,32,0,1,1,4294967295
tileMM_SigmaA,432,928,16,128,48,32,0,1,1,4294967295
tileMM_SigmaA,432,960,48,80,48,32,0,1,1,4294967295
tileMM_SigmaA,432,992,48,80,48,32,0,1,1,4294967295
tileMM_SigmaA,432,896,48,80,48,32,0,1,1,4294967295
tileMM_SigmaA,432,864,48,80,48,32,0,1,1,4294967295
tileMM_SigmaA,432,832,48,80,48,32,0,1,1,4294967295
tileMM_SigmaA,432,800,16,144,48,16,0,1,1,4294967295
tileMM_SigmaA,432,816,48,80,48,16,0,1,1,4294967295
tileMM_SigmaA,400,928,0,128,32,32,0,1,1,4294967295
tileMM_SigmaA,400,1024,0,128,32,32,0,1,1,4294967295
tileMM_SigmaA,400,832,32,80,32,32,0,1,1,4294967295
tileMM_SigmaA,400,864,32,80,32,32,0,1,1,4294967295
tileMM_SigmaA,400,896,32,80,32,32,0,1,1,4294967295
tileMM_SigmaA,400,960,32,80,32,32,0,1,1,4294967295
tileMM_SigmaA,400,992,32,80,32,32,0,1,1,4294967295
tileMM_SigmaA,400,1056,32,80,32,32,0,1,1,4294967295
tileMM_SigmaA,400,1088,32,80,32,32,0,1,1,4294967295
tileMM_SigmaA,400,1120,32,80,32,32,0,1,1,4294967295
tileMM_SigmaA,400,1152,32,80,32,32,0,1,1,4294967295
tileMM_SigmaA,400,1184,32,80,32,32,0,1,1,4294967295
tileMM_SigmaA,400,1216,32,80,32,32,0,1,1,4294967295
tileMM_SigmaA,400,1248,32,80,32,32,0,1,1,4294967295
tileMM_SigmaA,0,1152,32,80,32,32,0,1,1,4294967295
tileMM_SigmaA,0,1184,32,80,32,32,0,1,1,4294967295
tileMM_SigmaA,0,1216,32,80,32,32,0,1,1,4294967295
tileMM_SigmaA,0,1248,32,80,32,32,0,1,1,4294967295
tileMM_SigmaA,0,1120,0,152,48,8,0,1,1,4294967295
tileMM_SigmaA,0,1128,32,80,48,24,0,1,1,4294967295
tileMM_SigmaA,48,1120,64,80,32,32,0,1,1,4294967295
tileMM_SigmaA,48,1088,64,80,32,32,0,1,1,4294967295
tileMM_SigmaA,0,1072,0,128,48,16,0,1,1,4294967295
tileMM_SigmaA,0,1040,32,80,48,32,0,1,1,4294967295
tileMM_SigmaA,0,1008,32,80,48,32,0,1,1,4294967295
tileMM_SigmaA,0,944,32,80,48,32,0,1,1,4294967295
tileMM_SigmaA,0,912,32,80,48,32,0,1,1,4294967295
tileMM_SigmaA,0,880,32,80,48,32,0,1,1,4294967295
tileMM_SigmaA,0,992,0,152,48,8,0,1,1,4294967295
tileMM_SigmaA,0,976,0,128,48,16,0,1,1,4294967295
tileMM_SigmaA,0,1000,32,80,48,8,0,1,1,4294967295
tileMM_SigmaA,48,1056,64,80,32,32,0,1,1,4294967295
tileMM_SigmaA,48,1024,64,80,32,32,0,1,1,4294967295
tileMM_SigmaA,48,992,32,152,32,8,0,1,1,4294967295
tileMM_SigmaA,48,1000,64,80,32,24,0,1,1,4294967295
tileMM_SigmaA,48,976,32,128,32,16,0,1,1,4294967295
tileMM_SigmaA,48,944,64,80,32,32,0,1,1,4294967295
tileMM_SigmaA,48,912,64,80,32,32,0,1,1,4294967295
tileMM_SigmaA,48,880,64,80,32,32,0,1,1,4294967295
tileMM_SigmaA,400,800,32,80,16,32,0,1,1,4294967295
tileMM_SigmaA,400,768,32,80,16,32,0,1,1,4294967295
tileMM_SigmaA,416,768,80,80,16,32,0,1,1,4294967295
tileMM_SigmaA,416,800,64,80,16,32,0,1,1,4294967295
tileMM_SigmaA,432,752,16,128,48,16,0,1,1,4294967295
tileMM_SigmaA,432,720,48,80,48,32,0,1,1,4294967295
tileMM_SigmaA,432,688,48,80,48,32,0,1,1,4294967295
tileMM_SigmaA,432,656,48,80,48,32,0,1,1,4294967295
tileMM_SigmaA,432,624,16,152,48,8,0,1,1,4294967295
tileMM_SigmaA,432,632,48,80,48,24,0,1,1,4294967295
tileMM_SigmaA,400,624,0,152,32,8,0,1,1,4294967295
tileMM_SigmaA,400,632,32,80,32,24,0,1,1,4294967295
tileMM_SigmaA,400,656,32,80,32,32,0,1,1,4294967295
tileMM_SigmaA,400,688,32,80,32,32,0,1,1,4294967295
tileMM_SigmaA,400,720,32,80,32,32,0,1,1,4294967295
tileMM_SigmaA,400,752,32,80,32,16,0,1,1,4294967295
tileMM_SigmaA,32,848,48,80,48,32,0,1,1,4294967295
tileMM_SigmaA,32,816,16,128,48,32,0,1,1,4294967295
tileMM_SigmaA,32,784,48,80,48,32,0,1,1,4294967295
tileMM_SigmaA,32,752,48,80,48,32,0,1,1,4294967295
tileMM_SigmaA,32,720,16,128,48,16,0,1,1,4294967295
tileMM_SigmaA,32,688,48,80,48,32,0,1,1,4294967295
tileMM_SigmaA,32,656,48,80,48,32,0,1,1,4294967295
tileMM_SigmaA,32,736,16,152,48,8,0,1,1,4294967295
tileMM_SigmaA,32,624,16,152,48,8,0,1,1,4294967295
tileMM_SigmaA,32,632,48,80,48,24,0,1,1,4294967295
tileMM_SigmaA,32,744,48,80,48,8,0,1,1,4294967295
tileMM_SigmaA,0,624,0,152,32,8,0,1,1,4294967295
tileMM_SigmaA,0,736,0,152,32,8,0,1,1,4294967295
tileMM_SigmaA,0,720,0,128,32,16,0,1,1,4294967295
tileMM_SigmaA,0,816,0,128,32,32,0,1,1,4294967295
tileMM_SigmaA,0,848,32,80,32,32,0,1,1,4294967295
tileMM_SigmaA,0,784,32,80,32,32,0,1,1,4294967295
tileMM_SigmaA,0,752,32,80,32,32,0,1,1,4294967295
tileMM_SigmaA,0,688,32,80,32,32,0,1,1,4294967295
tileMM_SigmaA,0,656,32,80,32,32,0,1,1,4294967295
tileMM_SigmaA,0,744,32,80,32,8,0,1,1,4294967295
tileMM_SigmaA,0,632,32,80,32,24,0,1,1,4294967295
tileMM_SigmaA,32,560,48,80,48,32,0,1,1,4294967295
tileMM_SigmaA,32,528,48,80,48,32,0,1,1,4294967295
tileMM_SigmaA,32,496,48,80,48,32,0,1,1,4294967295
tileMM_SigmaA,432,560,48,80,48,32,0,1,1,4294967295
tileMM_SigmaA,432,496,48,80,48,32,0,1,1,4294967295
tileMM_SigmaA,0,560,32,80,32,32,0,1,1,4294967295
tileMM_SigmaA,0,528,32,80,32,32,0,1,1,4294967295
tileMM_SigmaA,0,496,32,80,32,32,0,1,1,4294967295
tileMM_SigmaA,432,544,16,152,48,8,0,1,1,4294967295
tileMM_SigmaA,432,528,16,128,48,16,0,1,1,4294967295
tileMM_SigmaA,432,552,48,80,48,8,0,1,1,4294967295
tileMM_SigmaA,432,488,48,80,48,8,0,1,1,4294967295
tileMM_SigmaA,432,480,16,152,48,8,0,1,1,4294967295
tileMM_SigmaA,32,480,16,152,48,8,0,1,1,4294967295
tileMM_SigmaA,32,488,48,80,48,8,0,1,1,4294967295
tileMM_SigmaA,0,480,0,152,32,8,0,1,1,4294967295
tileMM_SigmaA,400,480,0,152,32,8,0,1,1,4294967295
tileMM_SigmaA,400,544,0,152,32,8,0,1,1,4294967295
tileMM_SigmaA,400,528,0,128,32,16,0,1,1,4294967295
tileMM_SigmaA,0,488,32,80,32,8,0,1,1,4294967295
tileMM_SigmaA,400,488,32,80,32,8,0,1,1,4294967295
tileMM_SigmaA,400,552,32,80,32,8,0,1,1,4294967295
tileMM_SigmaA,400,496,32,80,32,32,0,1,1,4294967295
tileMM_SigmaA,400,560,32,80,32,32,0,1,1,4294967295
tileMM_SigmaA,48,384,32,152,32,8,0,1,1,4294967295
tileMM_SigmaA,448,352,32,152,32,8,0,1,1,4294967295
tileMM_SigmaA,48,392,64,80,32,24,0,1,1,4294967295
tileMM_SigmaA,448,360,64,80,32,24,0,1,1,4294967295
tileMM_SigmaA,48,416,64,80,32,32,0,1,1,4294967295
tileMM_SigmaA,448,384,64,80,32,32,0,1,1,4294967295
tileMM_SigmaA,448,416,64,80,32,32,0,1,1,4294967295
tileMM_SigmaA,0,416,32,80,48,32,0,1,1,4294967295
tileMM_SigmaA,0,384,32,80,48,32,0,1,1,4294967295
tileMM_SigmaA,0,352,32,80,48,32,0,1,1,4294967295
tileMM_SigmaA,400,416,32,80,48,32,0,1,1,4294967295
tileMM_SigmaA,400,384,32,80,48,32,0,1,1,4294967295
tileMM_SigmaA,400,352,32,80,48,32,0,1,1,4294967295
tileMM_SigmaA,400,320,32,80,48,32,0,1,1,4294967295
tileMM_SigmaA,400,288,32,80,48,32,0,1,1,4294967295
tileMM_SigmaA,0,320,32,80,48,32,0,1,1,4294967295
tileMM_SigmaA,0,288,32,80,48,32,0,1,1,4294967295
tileMM_SigmaA,400,256,0,152,48,8,0,1,1,4294967295
tileMM_SigmaA,400,264,32,80,48,24,0,1,1,4294967295
tileMM_SigmaA,0,256,0,144,48,16,0,1,1,4294967295
tileMM_SigmaA,0,272,32,80,48,16,0,1,1,4294967295
tileMM_SigmaA,48,256,32,144,32,16,0,1,1,4294967295
tileMM_SigmaA,448,256,32,152,32,8,0,1,1,4294967295
tileMM_SigmaA,448,264,64,80,32,24,0,1,1,4294967295
tileMM_SigmaA,48,320,64,80,32,32,0,1,1,4294967295
tileMM_SigmaA,48,288,64,80,32,32,0,1,1,4294967295
tileMM_SigmaA,448,288,64,80,32,32,0,1,1,4294967295
tileMM_SigmaA,48,272,64,80,32,16,0,1,1,4294967295
tileMM_SigmaA,144,2720,64,160,128,32,0,1,1,4294967295
tileMM_SigmaA,272,2720,64,160,64,32,0,1,1,4294967295
tileMM_SigmaA,144,2400,96,160,96,32,0,1,1,4294967295
tileMM_SigmaA,240,2400,64,160,96,32,0,1,1,4294967295
tileMM_SigmaA,144,1856,64,160,128,32,0,1,1,4294967295
tileMM_SigmaA,272,1856,64,160,64,32,0,1,1,4294967295
tileMM_SigmaA,144,1680,128,160,64,32,0,1,1,4294967295
tileMM_SigmaA,208,1680,64,160,128,32,0,1,1,4294967295
tileMM_SigmaA,144,1616,64,160,128,32,0,1,1,4294967295
tileMM_SigmaA,272,1616,96,160,64,32,0,1,1,4294967295
tileMM_SigmaA,144,1136,64,160,128,32,0,1,1,4294967295
tileMM_SigmaA,144,928,64,160,128,32,0,1,1,4294967295
tileMM_SigmaA,304,928,64,160,32,32,0,1,1,4294967295
tileMM_SigmaA,304,1136,64,160,32,32,0,1,1,4294967295
tileMM_SigmaA,272,928,96,160,32,32,0,1,1,4294967295
tileMM_SigmaA,272,1136,96,160,32,32,0,1,1,4294967295
tileMM_SigmaA,144,304,96,160,96,32,0,1,1,4294967295
tileMM_SigmaA,240,304,96,160,96,32,0,1,1,4294967295
tileMM_SigmaA,144,384,96,160,96,32,0,1,1,4294967295
tileMM_SigmaA,240,384,96,160,96,32,0,1,1,4294967295
tileMM_SigmaA,48,2944,176,48,16,32,0,1,1,4294967295
tileMM_SigmaA,48,2976,176,64,16,32,0,1,1,4294967295
tileMM_SigmaA,0,2944,160,64,16,64,0,1,1,4294967295
tileMM_SigmaA,16,2944,160,64,16,64,0,1,1,4294967295
tileMM_SigmaA,32,2944,160,64,16,64,0,1,1,4294967295
tileMM_SigmaA,144,592,96,128,48,16,0,1,1,4294967295
tileMM_SigmaA,144,576,96,128,48,16,0,1,1,4294967295
tileMM_SigmaA,144,560,96,128,48,16,0,1,1,4294967295
tileMM_SigmaA,208,144,96,128,48,16,0,1,1,4294967295
