oExit,0,256,0022072F,0,1,1,4294967295,0,1
oMetEleExit,944,288,0035669E,0,1,1,4294967295,0,1
oEventBarrier,832,112,002C737A,0,1,1,4294967295,0,1
oMisc,696,168,00286198,0,1,1,4294967295,0,1
oMisc,728,152,0002CB3C,0,1,1,4294967295,0,1
oMisc,760,168,0037BB83,0,1,1,4294967295,0,1
oPlayer1,64,288,001A7A33,0,1,1,4294967295,0,0
oMetroidDoorHolder,16,256,003EACCB,0,1,1,4294967295,0,1
oInvCollPH,48,64,00304812,0,1,1,4294967295,0,0
oInvCollPH,48,80,00214D23,0,1,1,4294967295,0,0
oInvCollPH,48,96,001D5B28,0,1,1,4294967295,0,0
oInvCollPH,48,112,0011AA0E,0,1,1,4294967295,0,0
oInvCollPH,48,128,0011487A,0,1,1,4294967295,0,0
oInvCollPH,48,144,0019AFE4,0,1,1,4294967295,0,0
oInvCollPH,48,160,00148757,0,1,1,4294967295,0,0
oInvCollPH,48,176,0034A431,0,1,1,4294967295,0,0
oInvCollPH,48,192,003B5FFC,0,1,1,4294967295,0,0
oInvCollPH,48,208,000FCC4A,0,1,1,4294967295,0,0
oInvCollPH,32,208,003AF663,0,1,1,4294967295,0,0
oInvCollPH,16,208,000B766B,0,1,1,4294967295,0,0
oInvCollPH,0,208,000F77F2,0,1,1,4294967295,0,0
oInvCollPH,16,288,00327874,0,1,1,4294967295,0,0
oInvCollPH,32,288,000A47DE,0,1,1,4294967295,0,0
oInvCollPH,48,288,003F2465,0,1,1,4294967295,0,0
oInvCollPH,64,288,0021C57D,0,1,1,4294967295,0,0
oInvCollPH,80,288,0005D56F,0,1,1,4294967295,0,0
oInvCollPH,96,288,00229D18,0,1,1,4294967295,0,0
oInvCollPH,112,288,0029D3B5,0,1,1,4294967295,0,0
oInvCollPH,128,288,003D1294,0,1,1,4294967295,0,0
oInvCollPH,144,288,0039D4C0,0,1,1,4294967295,0,0
oInvCollPH,160,288,003E0C2A,0,1,1,4294967295,0,0
oInvCollPH,176,288,001A2284,0,1,1,4294967295,0,0
oInvCollPH,64,48,0003696A,0,1,1,4294967295,0,0
oInvCollPH,80,48,00068B51,0,1,1,4294967295,0,0
oInvCollPH,96,48,0030C86B,0,1,1,4294967295,0,0
oInvCollPH,112,48,00017B6D,0,1,1,4294967295,0,0
oInvCollPH,128,48,0002D0A2,0,1,1,4294967295,0,0
oInvCollPH,144,48,003BE789,0,1,1,4294967295,0,0
oInvCollPH,160,48,003E295F,0,1,1,4294967295,0,0
oInvCollPH,176,48,002EA05D,0,1,1,4294967295,0,0
oInvCollPH,832,256,002F2929,0,1,1,4294967295,0,0
oInvCollPH,832,272,00281758,0,1,1,4294967295,0,0
oInvCollPH,832,80,00191A4B,0,1,1,4294967295,0,0
oInvCollPH,832,96,001BAE2B,0,1,1,4294967295,0,0
oInvCollPH,1024,80,00017334,0,1,1,4294967295,0,0
oInvCollPH,1024,96,00401B08,0,1,1,4294967295,0,0
oInvCollPH,1024,112,001F349D,0,1,1,4294967295,0,0
oInvCollPH,1024,128,003CC791,0,1,1,4294967295,0,0
oInvCollPH,1024,144,0014DDE7,0,1,1,4294967295,0,0
oInvCollPH,1024,160,0031ED7F,0,1,1,4294967295,0,0
oInvCollPH,1024,176,00390A0E,0,1,1,4294967295,0,0
oInvCollPH,1024,192,0011A4C8,0,1,1,4294967295,0,0
oInvCollPH,1024,208,00231B3E,0,1,1,4294967295,0,0
oInvCollPH,1024,224,002ACF25,0,1,1,4294967295,0,0
oInvCollPH,1024,240,002EDE20,0,1,1,4294967295,0,0
oInvCollPH,1024,256,0039ABEA,0,1,1,4294967295,0,0
oInvCollPH,1024,272,003A9D07,0,1,1,4294967295,0,0
oInvCollPH,992,288,002AF4B3,0,1,1,4294967295,0,0
oInvCollPH,1008,288,000B3F14,0,1,1,4294967295,0,0
oInvCollPH,976,304,000814AD,0,1,1,4294967295,0,0
oInvCollPH,976,320,000C00BC,0,1,1,4294967295,0,0
oInvCollPH,976,336,00189B7C,0,1,1,4294967295,0,0
oInvCollPH,928,336,00361F21,0,1,1,4294967295,0,0
oInvCollPH,928,320,0039D544,0,1,1,4294967295,0,0
oInvCollPH,928,304,0005CEF7,0,1,1,4294967295,0,0
oInvCollPH,928,288,0010F2AD,0,1,1,4294967295,0,0
oInvCollPH,912,288,000201E9,0,1,1,4294967295,0,0
oInvCollPH,896,288,00287994,0,1,1,4294967295,0,0
oInvCollPH,880,288,003D16D6,0,1,1,4294967295,0,0
oInvCollPH,864,288,0004CB86,0,1,1,4294967295,0,0
oInvCollPH,848,288,003C7392,0,1,1,4294967295,0,0
oInvCollPH,816,288,003CE52E,0,1,1,4294967295,0,0
oInvCollPH,800,288,003956E8,0,1,1,4294967295,0,0
oInvCollPH,784,288,000199C5,0,1,1,4294967295,0,0
oInvCollPH,768,288,0011FC01,0,1,1,4294967295,0,0
oInvCollPH,752,288,001E63CC,0,1,1,4294967295,0,0
oInvCollPH,736,288,00072277,0,1,1,4294967295,0,0
oInvCollPH,720,288,00149276,0,1,1,4294967295,0,0
oInvCollPH,704,288,003DE7A2,0,1,1,4294967295,0,0
oInvCollPH,192,48,003D88B1,0,1,1,4294967295,0,0
oInvCollPH,208,48,0001A7C5,0,1,1,4294967295,0,0
oInvCollPH,224,48,00072FA8,0,1,1,4294967295,0,0
oInvCollPH,240,48,00332780,0,1,1,4294967295,0,0
oInvCollPH,256,48,001A790E,0,1,1,4294967295,0,0
oInvCollPH,272,48,0016F1AF,0,1,1,4294967295,0,0
oInvCollPH,288,48,000548B0,0,1,1,4294967295,0,0
oInvCollPH,304,48,00155F86,0,1,1,4294967295,0,0
oInvCollPH,320,48,000526E1,0,1,1,4294967295,0,0
oInvCollPH,336,48,001BA810,0,1,1,4294967295,0,0
oInvCollPH,352,48,00095C68,0,1,1,4294967295,0,0
oInvCollPH,368,48,0014DA8A,0,1,1,4294967295,0,0
oInvCollPH,384,48,00178401,0,1,1,4294967295,0,0
oInvCollPH,400,48,00100FB9,0,1,1,4294967295,0,0
oInvCollPH,416,48,000037F6,0,1,1,4294967295,0,0
oInvCollPH,432,48,001BA8E0,0,1,1,4294967295,0,0
oInvCollPH,448,48,0004B2AC,0,1,1,4294967295,0,0
oInvCollPH,464,48,0008F3AD,0,1,1,4294967295,0,0
oInvCollPH,480,48,0022698D,0,1,1,4294967295,0,0
oInvCollPH,496,48,0024A700,0,1,1,4294967295,0,0
oInvCollPH,512,48,00400A6C,0,1,1,4294967295,0,0
oInvCollPH,528,48,0010E1D7,0,1,1,4294967295,0,0
oInvCollPH,544,48,0038D093,0,1,1,4294967295,0,0
oInvCollPH,560,48,002F43A6,0,1,1,4294967295,0,0
oInvCollPH,576,48,001D861C,0,1,1,4294967295,0,0
oInvCollPH,592,48,00178ABC,0,1,1,4294967295,0,0
oInvCollPH,608,48,00165230,0,1,1,4294967295,0,0
oInvCollPH,624,48,003303ED,0,1,1,4294967295,0,0
oInvCollPH,640,48,00222A1C,0,1,1,4294967295,0,0
oInvCollPH,656,48,003FFDC2,0,1,1,4294967295,0,0
oInvCollPH,672,48,002AD195,0,1,1,4294967295,0,0
oInvCollPH,688,80,001A19B9,0,1,1,4294967295,0,0
oInvCollPH,704,48,001D8F82,0,1,1,4294967295,0,0
oInvCollPH,720,80,0036B520,0,1,1,4294967295,0,0
oInvCollPH,736,48,001B19E4,0,1,1,4294967295,0,0
oInvCollPH,752,80,0027B03C,0,1,1,4294967295,0,0
oInvCollPH,768,48,003AE3DA,0,1,1,4294967295,0,0
oInvCollPH,784,48,0011C868,0,1,1,4294967295,0,0
oInvCollPH,800,48,00007E06,0,1,1,4294967295,0,0
oInvCollPH,816,48,0021C418,0,1,1,4294967295,0,0
oInvCollPH,848,48,0031E541,0,1,1,4294967295,0,0
oInvCollPH,864,48,001619EE,0,1,1,4294967295,0,0
oInvCollPH,880,48,003FD5ED,0,1,1,4294967295,0,0
oInvCollPH,896,48,0031F520,0,1,1,4294967295,0,0
oInvCollPH,912,48,0002E716,0,1,1,4294967295,0,0
oInvCollPH,928,48,002AB8EE,0,1,1,4294967295,0,0
oInvCollPH,944,48,0007CB6F,0,1,1,4294967295,0,0
oInvCollPH,960,48,00107FC4,0,1,1,4294967295,0,0
oInvCollPH,976,48,002E932B,0,1,1,4294967295,0,0
oInvCollPH,992,48,003ADDDC,0,1,1,4294967295,0,0
oInvCollPH,1008,48,0037E1EC,0,1,1,4294967295,0,0
oInvCollPH,336,224,0024757C,0,1,1,4294967295,0,0
oInvCollPH,352,224,002B0458,0,1,1,4294967295,0,0
oInvCollPH,368,224,0013E36B,0,1,1,4294967295,0,0
oInvCollPH,384,224,002F8235,0,1,1,4294967295,0,0
oInvCollPH,400,224,000B1FC8,0,1,1,4294967295,0,0
oInvCollPH,416,224,002EE98E,0,1,1,4294967295,0,0
oInvCollPH,432,224,001FC58D,0,1,1,4294967295,0,0
oInvCollPH,448,224,002D0A95,0,1,1,4294967295,0,0
oInvCollPH,464,224,0013BEB1,0,1,1,4294967295,0,0
oInvCollPH,560,224,002ED854,0,1,1,4294967295,0,0
oInvCollPH,544,224,0027FEC2,0,1,1,4294967295,0,0
oInvCollPH,528,224,001DB6A7,0,1,1,4294967295,0,0
oInvCollPH,512,224,00004BC3,0,1,1,4294967295,0,0
oInvCollPH,496,224,00043B35,0,1,1,4294967295,0,0
oInvCollPH,480,224,00243DA3,0,1,1,4294967295,0,0
oInvCollPH,720,96,001F3AE9,0,1,1,4294967295,0,0
oInvCollPH,720,112,003806E9,0,1,1,4294967295,0,0
oInvCollPH,720,128,0000085F,0,1,1,4294967295,0,0
oInvCollPH,688,96,0020A72A,0,1,1,4294967295,0,0
oInvCollPH,688,112,003B5360,0,1,1,4294967295,0,0
oInvCollPH,688,128,001CE1B7,0,1,1,4294967295,0,0
oInvCollPH,688,144,003A5FED,0,1,1,4294967295,0,0
oInvCollPH,752,96,001B9F8B,0,1,1,4294967295,0,0
oInvCollPH,752,112,00393AB7,0,1,1,4294967295,0,0
oInvCollPH,752,128,001218BE,0,1,1,4294967295,0,0
oInvCollPH,752,144,00039F81,0,1,1,4294967295,0,0
oInvisibleSolid,0,288,000A4E3D,0,1,1,4294967295,0,1
oInvisibleSolid,0,0,0030C950,0,1,1,4294967295,0,1
oInvisibleSolid,0,64,0002F5DD,0,1,1,4294967295,0,1
oInvisibleSolid,832,64,002CF135,0,1,1,4294967295,0,1
oInvisibleSolid,832,240,0002DC14,0,1,1,4294967295,0,1
oInvisibleSolid,1024,64,001840EA,0,1,1,4294967295,0,1
oInvisibleSolid,976,288,00171042,0,1,1,4294967295,0,1
oInvisibleRupLowSlope,192,272,001AECE2,0,1,1,4294967295,0,0
oInvisibleRupLowSlope,224,256,0019C6F0,0,1,1,4294967295,0,0
oInvisibleRupLowSlope,256,240,00071479,0,1,1,4294967295,0,0
oInvisibleRupLowSlope,288,224,00351855,0,1,1,4294967295,0,0
oInvisibleLupLowSlope,576,224,0019774B,0,1,1,4294967295,0,0
oInvisibleLupLowSlope,608,240,0009B5EF,0,1,1,4294967295,0,0
oInvisibleLupLowSlope,640,256,001C7894,0,1,1,4294967295,0,0
oInvisibleLupLowSlope,672,272,002EA4C2,0,1,1,4294967295,0,0
oInvisibleSolid,224,272,002C4E38,0,1,1,4294967295,0,1
oInvisibleSolid,256,256,002F02F0,0,1,1,4294967295,0,1
oInvisibleSolid,288,240,00273F89,0,1,1,4294967295,0,1
oInvisibleSolid,320,224,001D8DEE,0,1,1,4294967295,0,1
oInvisibleSolid,688,64,003AAB21,0,1,1,4294967295,0,1
oInvisibleSolid,720,64,000AF31D,0,1,1,4294967295,0,1
oInvisibleSolid,752,64,001DE1E6,0,1,1,4294967295,0,1
