tileBarrens,0,480,160,0,32,32,0,1,1,4294967295
tileBarrens,32,480,160,0,32,32,0,1,1,4294967295
tileBarrens,64,480,160,0,32,32,0,1,1,4294967295
tileBarrens,96,480,160,0,32,32,0,1,1,4294967295
tileBarrens,128,480,160,0,32,32,0,1,1,4294967295
tileBarrens,160,480,160,0,32,32,0,1,1,4294967295
tileBarrens,192,480,160,0,32,32,0,1,1,4294967295
tileBarrens,224,480,160,0,32,32,0,1,1,4294967295
tileBarrens,256,480,160,0,32,32,0,1,1,4294967295
tileBarrens,288,480,160,0,32,32,0,1,1,4294967295
tileBarrens,320,480,160,0,32,32,0,1,1,4294967295
tileBarrens,352,480,160,0,32,32,0,1,1,4294967295
tileBarrens,384,480,160,0,32,32,0,1,1,4294967295
tileBarrens,416,480,160,0,32,32,0,1,1,4294967295
tileBarrens,448,480,160,0,32,32,0,1,1,4294967295
tileBarrens,480,480,160,0,32,32,0,1,1,4294967295
tileBarrens,512,480,160,0,32,32,0,1,1,4294967295
tileBarrens,544,480,160,0,32,32,0,1,1,4294967295
tileBarrens,576,480,160,0,32,32,0,1,1,4294967295
tileBarrens,608,480,160,0,32,32,0,1,1,4294967295
tileBarrens,0,448,160,0,32,32,0,1,1,4294967295
tileBarrens,32,448,160,0,32,32,0,1,1,4294967295
tileBarrens,64,448,160,0,32,32,0,1,1,4294967295
tileBarrens,96,448,160,0,32,32,0,1,1,4294967295
tileBarrens,128,448,160,0,32,32,0,1,1,4294967295
tileBarrens,160,448,160,0,32,32,0,1,1,4294967295
tileBarrens,192,448,160,0,32,32,0,1,1,4294967295
tileBarrens,224,448,160,0,32,32,0,1,1,4294967295
tileBarrens,256,448,160,0,32,32,0,1,1,4294967295
tileBarrens,288,448,160,0,32,32,0,1,1,4294967295
tileBarrens,320,448,160,0,32,32,0,1,1,4294967295
tileBarrens,352,448,160,0,32,32,0,1,1,4294967295
tileBarrens,384,448,160,0,32,32,0,1,1,4294967295
tileBarrens,416,448,160,0,32,32,0,1,1,4294967295
tileBarrens,448,448,160,0,32,32,0,1,1,4294967295
tileBarrens,480,448,160,0,32,32,0,1,1,4294967295
tileBarrens,512,448,160,0,32,32,0,1,1,4294967295
tileBarrens,544,448,160,0,32,32,0,1,1,4294967295
tileBarrens,576,448,160,0,32,32,0,1,1,4294967295
tileBarrens,608,448,160,0,32,32,0,1,1,4294967295
tileBarrens,0,432,32,16,96,16,0,1,1,4294967295
tileBarrens,96,432,32,16,96,16,0,1,1,4294967295
tileBarrens,192,432,32,16,96,16,0,1,1,4294967295
tileBarrens,288,432,32,16,96,16,0,1,1,4294967295
tileBarrens,384,432,32,16,96,16,0,1,1,4294967295
tileBarrens,480,416,128,0,32,32,0,1,1,4294967295
tileBarrens,544,384,128,0,32,32,0,1,1,4294967295
tileBarrens,608,352,128,0,32,32,0,1,1,4294967295
tileBarrens,672,320,128,0,32,32,0,1,1,4294967295
tileBarrens,512,400,32,0,32,16,0,1,1,4294967295
tileBarrens,576,368,32,0,32,16,0,1,1,4294967295
tileBarrens,640,336,32,0,32,16,0,1,1,4294967295
tileBarrens,512,416,160,0,32,32,0,1,1,4294967295
tileBarrens,544,416,160,0,32,32,0,1,1,4294967295
tileBarrens,576,416,160,0,32,32,0,1,1,4294967295
tileBarrens,608,416,160,0,32,32,0,1,1,4294967295
tileBarrens,576,384,160,0,32,32,0,1,1,4294967295
tileBarrens,608,384,160,0,32,32,0,1,1,4294967295
tileBarrens,640,352,160,0,32,32,0,1,1,4294967295
tileBarrens,672,352,160,0,32,32,0,1,1,4294967295
tileBarrens,672,384,160,0,32,32,0,1,1,4294967295
tileBarrens,672,416,160,0,32,32,0,1,1,4294967295
tileBarrens,672,448,160,0,32,32,0,1,1,4294967295
tileBarrens,672,480,160,0,32,32,0,1,1,4294967295
tileBarrens,640,384,160,0,32,32,0,1,1,4294967295
tileBarrens,640,416,160,0,32,32,0,1,1,4294967295
tileBarrens,640,448,160,0,32,32,0,1,1,4294967295
tileBarrens,640,480,160,0,32,32,0,1,1,4294967295
tileBarrens,720,304,32,16,96,16,0,1,1,4294967295
tileBarrens,704,304,32,0,16,16,0,1,1,4294967295
tileBarrens,832,320,0,0,32,32,0,1,1,4294967295
tileBarrens,816,304,112,0,16,16,0,1,1,4294967295
tileBarrens,864,344,0,0,32,32,0,1,1,4294967295
tileBarrens,896,368,0,0,32,32,0,1,1,4294967295
tileBarrens,928,392,0,0,32,32,0,1,1,4294967295
tileBarrens,960,416,0,0,32,32,0,1,1,4294967295
tileBarrens,992,432,32,16,96,16,0,1,1,4294967295
tileBarrens,1088,432,32,16,96,16,0,1,1,4294967295
tileBarrens,1184,416,128,0,32,32,0,1,1,4294967295
tileBarrens,1216,392,128,0,32,32,0,1,1,4294967295
tileBarrens,1248,368,128,0,32,32,0,1,1,4294967295
tileBarrens,1280,344,128,0,32,32,0,1,1,4294967295
tileBarrens,1312,320,128,0,32,32,0,1,1,4294967295
tileBarrens,1344,304,32,0,16,16,0,1,1,4294967295
tileBarrens,1360,304,32,16,96,16,0,1,1,4294967295
tileBarrens,1456,304,32,16,96,16,0,1,1,4294967295
tileBarrens,1552,304,32,16,96,16,0,1,1,4294967295
tileBarrens,704,320,160,0,32,32,0,1,1,4294967295
tileBarrens,704,352,160,0,32,32,0,1,1,4294967295
tileBarrens,704,384,160,0,32,32,0,1,1,4294967295
tileBarrens,704,416,160,0,32,32,0,1,1,4294967295
tileBarrens,704,448,160,0,32,32,0,1,1,4294967295
tileBarrens,704,480,160,0,32,32,0,1,1,4294967295
tileBarrens,736,480,160,0,32,32,0,1,1,4294967295
tileBarrens,768,480,160,0,32,32,0,1,1,4294967295
tileBarrens,736,320,160,0,32,32,0,1,1,4294967295
tileBarrens,736,352,160,0,32,32,0,1,1,4294967295
tileBarrens,736,384,160,0,32,32,0,1,1,4294967295
tileBarrens,736,416,160,0,32,32,0,1,1,4294967295
tileBarrens,768,320,160,0,32,32,0,1,1,4294967295
tileBarrens,800,320,160,0,32,32,0,1,1,4294967295
tileBarrens,800,352,160,0,32,32,0,1,1,4294967295
tileBarrens,800,384,160,0,32,32,0,1,1,4294967295
tileBarrens,800,416,160,0,32,32,0,1,1,4294967295
tileBarrens,736,448,160,0,32,32,0,1,1,4294967295
tileBarrens,768,448,160,0,32,32,0,1,1,4294967295
tileBarrens,800,448,160,0,32,32,0,1,1,4294967295
tileBarrens,768,352,160,0,32,32,0,1,1,4294967295
tileBarrens,768,384,160,0,32,32,0,1,1,4294967295
tileBarrens,768,416,160,0,32,32,0,1,1,4294967295
tileBarrens,800,480,160,0,32,32,0,1,1,4294967295
tileBarrens,832,480,160,0,32,32,0,1,1,4294967295
tileBarrens,864,480,160,0,32,32,0,1,1,4294967295
tileBarrens,896,480,160,0,32,32,0,1,1,4294967295
tileBarrens,928,480,160,0,32,32,0,1,1,4294967295
tileBarrens,960,480,160,0,32,32,0,1,1,4294967295
tileBarrens,992,480,160,0,32,32,0,1,1,4294967295
tileBarrens,1024,480,160,0,32,32,0,1,1,4294967295
tileBarrens,1056,480,160,0,32,32,0,1,1,4294967295
tileBarrens,1088,480,160,0,32,32,0,1,1,4294967295
tileBarrens,1120,480,160,0,32,32,0,1,1,4294967295
tileBarrens,1152,480,160,0,32,32,0,1,1,4294967295
tileBarrens,1184,480,160,0,32,32,0,1,1,4294967295
tileBarrens,1216,480,160,0,32,32,0,1,1,4294967295
tileBarrens,1344,320,160,0,32,32,0,1,1,4294967295
tileBarrens,1344,352,160,0,32,32,0,1,1,4294967295
tileBarrens,1344,384,160,0,32,32,0,1,1,4294967295
tileBarrens,1344,416,160,0,32,32,0,1,1,4294967295
tileBarrens,1344,448,160,0,32,32,0,1,1,4294967295
tileBarrens,1344,480,160,0,32,32,0,1,1,4294967295
tileBarrens,1248,480,160,0,32,32,0,1,1,4294967295
tileBarrens,1280,480,160,0,32,32,0,1,1,4294967295
tileBarrens,1312,480,160,0,32,32,0,1,1,4294967295
tileBarrens,960,448,160,0,32,32,0,1,1,4294967295
tileBarrens,992,448,160,0,32,32,0,1,1,4294967295
tileBarrens,1024,448,160,0,32,32,0,1,1,4294967295
tileBarrens,1056,448,160,0,32,32,0,1,1,4294967295
tileBarrens,1088,448,160,0,32,32,0,1,1,4294967295
tileBarrens,1120,448,160,0,32,32,0,1,1,4294967295
tileBarrens,1152,448,160,0,32,32,0,1,1,4294967295
tileBarrens,1184,448,160,0,32,32,0,1,1,4294967295
tileBarrens,1216,448,160,0,32,32,0,1,1,4294967295
tileBarrens,1248,448,160,0,32,32,0,1,1,4294967295
tileBarrens,1280,448,160,0,32,32,0,1,1,4294967295
tileBarrens,1312,448,160,0,32,32,0,1,1,4294967295
tileBarrens,832,448,160,0,32,32,0,1,1,4294967295
tileBarrens,864,448,160,0,32,32,0,1,1,4294967295
tileBarrens,896,448,160,0,32,32,0,1,1,4294967295
tileBarrens,928,448,160,0,32,32,0,1,1,4294967295
tileBarrens,832,416,160,0,32,32,0,1,1,4294967295
tileBarrens,864,416,160,0,32,32,0,1,1,4294967295
tileBarrens,896,416,160,0,32,32,0,1,1,4294967295
tileBarrens,832,384,160,0,32,32,0,1,1,4294967295
tileBarrens,864,384,160,0,32,32,0,1,1,4294967295
tileBarrens,832,352,160,0,32,32,0,1,1,4294967295
tileBarrens,1248,416,160,0,32,32,0,1,1,4294967295
tileBarrens,1280,416,160,0,32,32,0,1,1,4294967295
tileBarrens,1312,416,160,0,32,32,0,1,1,4294967295
tileBarrens,1280,384,160,0,32,32,0,1,1,4294967295
tileBarrens,1312,384,160,0,32,32,0,1,1,4294967295
tileBarrens,1312,352,160,0,32,32,0,1,1,4294967295
tileBarrens,864,376,160,24,32,8,0,1,1,4294967295
tileBarrens,1280,376,160,24,32,8,0,1,1,4294967295
tileBarrens,896,400,160,16,32,16,0,1,1,4294967295
tileBarrens,1248,400,160,16,32,16,0,1,1,4294967295
tileBarrens,928,424,160,8,32,24,0,1,1,4294967295
tileBarrens,1216,424,160,8,32,24,0,1,1,4294967295
tileBarrens,1376,320,160,0,32,32,0,1,1,4294967295
tileBarrens,1408,320,160,0,32,32,0,1,1,4294967295
tileBarrens,1440,320,160,0,32,32,0,1,1,4294967295
tileBarrens,1472,320,160,0,32,32,0,1,1,4294967295
tileBarrens,1504,320,160,0,32,32,0,1,1,4294967295
tileBarrens,1536,320,160,0,32,32,0,1,1,4294967295
tileBarrens,1568,320,160,0,32,32,0,1,1,4294967295
tileBarrens,1600,320,160,0,32,32,0,1,1,4294967295
tileBarrens,1376,352,160,0,32,32,0,1,1,4294967295
tileBarrens,1408,352,160,0,32,32,0,1,1,4294967295
tileBarrens,1440,352,160,0,32,32,0,1,1,4294967295
tileBarrens,1472,352,160,0,32,32,0,1,1,4294967295
tileBarrens,1504,352,160,0,32,32,0,1,1,4294967295
tileBarrens,1536,352,160,0,32,32,0,1,1,4294967295
tileBarrens,1568,352,160,0,32,32,0,1,1,4294967295
tileBarrens,1600,352,160,0,32,32,0,1,1,4294967295
tileBarrens,1376,384,160,0,32,32,0,1,1,4294967295
tileBarrens,1376,416,160,0,32,32,0,1,1,4294967295
tileBarrens,1376,448,160,0,32,32,0,1,1,4294967295
tileBarrens,1376,480,160,0,32,32,0,1,1,4294967295
tileBarrens,1408,480,160,0,32,32,0,1,1,4294967295
tileBarrens,1440,480,160,0,32,32,0,1,1,4294967295
tileBarrens,1472,480,160,0,32,32,0,1,1,4294967295
tileBarrens,1504,480,160,0,32,32,0,1,1,4294967295
tileBarrens,1536,480,160,0,32,32,0,1,1,4294967295
tileBarrens,1568,480,160,0,32,32,0,1,1,4294967295
tileBarrens,1600,480,160,0,32,32,0,1,1,4294967295
tileBarrens,1408,384,160,0,32,32,0,1,1,4294967295
tileBarrens,1408,416,160,0,32,32,0,1,1,4294967295
tileBarrens,1408,448,160,0,32,32,0,1,1,4294967295
tileBarrens,1440,448,160,0,32,32,0,1,1,4294967295
tileBarrens,1472,448,160,0,32,32,0,1,1,4294967295
tileBarrens,1504,448,160,0,32,32,0,1,1,4294967295
tileBarrens,1536,448,160,0,32,32,0,1,1,4294967295
tileBarrens,1568,448,160,0,32,32,0,1,1,4294967295
tileBarrens,1600,384,160,0,32,32,0,1,1,4294967295
tileBarrens,1600,416,160,0,32,32,0,1,1,4294967295
tileBarrens,1600,448,160,0,32,32,0,1,1,4294967295
tileBarrens,1440,384,160,0,32,32,0,1,1,4294967295
tileBarrens,1472,384,160,0,32,32,0,1,1,4294967295
tileBarrens,1504,384,160,0,32,32,0,1,1,4294967295
tileBarrens,1440,416,160,0,32,32,0,1,1,4294967295
tileBarrens,1472,416,160,0,32,32,0,1,1,4294967295
tileBarrens,1504,416,160,0,32,32,0,1,1,4294967295
tileBarrens,1536,416,160,0,32,32,0,1,1,4294967295
tileBarrens,1536,384,160,0,32,32,0,1,1,4294967295
tileBarrens,1568,384,160,0,32,32,0,1,1,4294967295
tileBarrens,1568,416,160,0,32,32,0,1,1,4294967295
tileBarrens,1664,320,0,0,32,32,0,1,1,4294967295
tileBarrens,1648,304,112,0,16,16,0,1,1,4294967295
tileBarrens,1712,352,0,0,32,32,0,1,1,4294967295
tileBarrens,1760,384,0,0,32,32,0,1,1,4294967295
tileBarrens,1808,416,0,0,32,32,0,1,1,4294967295
tileBarrens,1840,432,32,16,96,16,0,1,1,4294967295
tileBarrens,1936,432,32,16,96,16,0,1,1,4294967295
tileBarrens,1696,336,112,0,16,16,0,1,1,4294967295
tileBarrens,1744,368,112,0,16,16,0,1,1,4294967295
tileBarrens,1792,400,112,0,16,16,0,1,1,4294967295
tileBarrens,1632,320,160,0,32,32,0,1,1,4294967295
tileBarrens,1632,352,160,0,32,32,0,1,1,4294967295
tileBarrens,1632,384,160,0,32,32,0,1,1,4294967295
tileBarrens,1632,416,160,0,32,32,0,1,1,4294967295
tileBarrens,1632,448,160,0,32,32,0,1,1,4294967295
tileBarrens,1632,480,160,0,32,32,0,1,1,4294967295
tileBarrens,1664,480,160,0,32,32,0,1,1,4294967295
tileBarrens,1696,480,160,0,32,32,0,1,1,4294967295
tileBarrens,1728,480,160,0,32,32,0,1,1,4294967295
tileBarrens,1760,480,160,0,32,32,0,1,1,4294967295
tileBarrens,1792,480,160,0,32,32,0,1,1,4294967295
tileBarrens,1824,480,160,0,32,32,0,1,1,4294967295
tileBarrens,1856,480,160,0,32,32,0,1,1,4294967295
tileBarrens,1888,480,160,0,32,32,0,1,1,4294967295
tileBarrens,1920,480,160,0,32,32,0,1,1,4294967295
tileBarrens,1968,480,160,0,32,32,0,1,1,4294967295
tileBarrens,2000,480,160,0,32,32,0,1,1,4294967295
tileBarrens,1664,448,160,0,32,32,0,1,1,4294967295
tileBarrens,1696,448,160,0,32,32,0,1,1,4294967295
tileBarrens,1728,448,160,0,32,32,0,1,1,4294967295
tileBarrens,1760,448,160,0,32,32,0,1,1,4294967295
tileBarrens,1792,448,160,0,32,32,0,1,1,4294967295
tileBarrens,1824,448,160,0,32,32,0,1,1,4294967295
tileBarrens,1856,448,160,0,32,32,0,1,1,4294967295
tileBarrens,1888,448,160,0,32,32,0,1,1,4294967295
tileBarrens,1920,448,160,0,32,32,0,1,1,4294967295
tileBarrens,1952,448,160,0,32,32,0,1,1,4294967295
tileBarrens,1984,448,160,0,32,32,0,1,1,4294967295
tileBarrens,1664,416,160,0,32,32,0,1,1,4294967295
tileBarrens,1696,416,160,0,32,32,0,1,1,4294967295
tileBarrens,1728,416,160,0,32,32,0,1,1,4294967295
tileBarrens,1760,416,160,0,32,32,0,1,1,4294967295
tileBarrens,1664,384,160,0,32,32,0,1,1,4294967295
tileBarrens,1696,384,160,0,32,32,0,1,1,4294967295
tileBarrens,1728,384,160,0,32,32,0,1,1,4294967295
tileBarrens,1664,352,160,0,32,32,0,1,1,4294967295
tileBarrens,1696,352,160,0,16,32,0,1,1,4294967295
tileBarrens,1792,416,160,0,16,32,0,1,1,4294967295
tileBarrens,2016,448,160,0,16,32,0,1,1,4294967295
tileBarrens,1952,480,160,0,16,32,0,1,1,4294967295
tileBarrens,2032,432,32,16,96,16,0,1,1,4294967295
tileBarrens,2032,448,160,0,32,32,0,1,1,4294967295
tileBarrens,2064,448,160,0,32,32,0,1,1,4294967295
tileBarrens,2096,448,160,0,32,32,0,1,1,4294967295
tileBarrens,2032,480,160,0,32,32,0,1,1,4294967295
tileBarrens,2064,480,160,0,32,32,0,1,1,4294967295
tileBarrens,2096,480,160,0,32,32,0,1,1,4294967295
tileBarrens,2128,416,128,0,32,32,0,1,1,4294967295
tileBarrens,2160,400,32,0,16,16,0,1,1,4294967295
tileBarrens,2176,400,112,0,16,16,0,1,1,4294967295
tileBarrens,2192,416,0,0,32,32,0,1,1,4294967295
tileBarrens,2224,432,32,16,96,16,0,1,1,4294967295
tileBarrens,2160,416,160,0,32,32,0,1,1,4294967295
tileBarrens,2128,448,160,0,32,32,0,1,1,4294967295
tileBarrens,2160,448,160,0,32,32,0,1,1,4294967295
tileBarrens,2192,448,160,0,32,32,0,1,1,4294967295
tileBarrens,2224,448,160,0,32,32,0,1,1,4294967295
tileBarrens,2256,448,160,0,32,32,0,1,1,4294967295
tileBarrens,2128,480,160,0,32,32,0,1,1,4294967295
tileBarrens,2160,480,160,0,32,32,0,1,1,4294967295
tileBarrens,2192,480,160,0,32,32,0,1,1,4294967295
tileBarrens,2224,480,160,0,32,32,0,1,1,4294967295
tileBarrens,2256,480,160,0,32,32,0,1,1,4294967295
tileBarrens,2288,448,160,0,32,32,0,1,1,4294967295
tileBarrens,2288,480,160,0,32,32,0,1,1,4294967295
tileBarrens,2320,416,128,0,32,32,0,1,1,4294967295
tileBarrens,2384,416,0,0,32,32,0,1,1,4294967295
tileBarrens,2416,432,32,16,96,16,0,1,1,4294967295
tileBarrens,2512,416,128,0,32,32,0,1,1,4294967295
tileBarrens,2576,416,0,0,32,32,0,1,1,4294967295
tileBarrens,2352,400,32,0,16,16,0,1,1,4294967295
tileBarrens,2544,400,32,0,16,16,0,1,1,4294967295
tileBarrens,2368,400,112,0,16,16,0,1,1,4294967295
tileBarrens,2560,400,112,0,16,16,0,1,1,4294967295
tileBarrens,2608,432,32,16,96,16,0,1,1,4294967295
tileBarrens,2704,432,32,16,96,16,0,1,1,4294967295
tileBarrens,2352,416,160,0,32,32,0,1,1,4294967295
tileBarrens,2544,416,160,0,32,32,0,1,1,4294967295
tileBarrens,2320,448,160,0,32,32,0,1,1,4294967295
tileBarrens,2352,448,160,0,32,32,0,1,1,4294967295
tileBarrens,2384,448,160,0,32,32,0,1,1,4294967295
tileBarrens,2416,448,160,0,32,32,0,1,1,4294967295
tileBarrens,2448,448,160,0,32,32,0,1,1,4294967295
tileBarrens,2480,448,160,0,32,32,0,1,1,4294967295
tileBarrens,2512,448,160,0,32,32,0,1,1,4294967295
tileBarrens,2544,448,160,0,32,32,0,1,1,4294967295
tileBarrens,2576,448,160,0,32,32,0,1,1,4294967295
tileBarrens,2608,448,160,0,32,32,0,1,1,4294967295
tileBarrens,2640,448,160,0,32,32,0,1,1,4294967295
tileBarrens,2672,448,160,0,32,32,0,1,1,4294967295
tileBarrens,2704,448,160,0,32,32,0,1,1,4294967295
tileBarrens,2736,448,160,0,32,32,0,1,1,4294967295
tileBarrens,2768,448,160,0,32,32,0,1,1,4294967295
tileBarrens,2320,480,160,0,32,32,0,1,1,4294967295
tileBarrens,2352,480,160,0,32,32,0,1,1,4294967295
tileBarrens,2384,480,160,0,32,32,0,1,1,4294967295
tileBarrens,2416,480,160,0,32,32,0,1,1,4294967295
tileBarrens,2448,480,160,0,32,32,0,1,1,4294967295
tileBarrens,2480,480,160,0,32,32,0,1,1,4294967295
tileBarrens,2512,480,160,0,32,32,0,1,1,4294967295
tileBarrens,2544,480,160,0,32,32,0,1,1,4294967295
tileBarrens,2576,480,160,0,32,32,0,1,1,4294967295
tileBarrens,2608,480,160,0,32,32,0,1,1,4294967295
tileBarrens,2640,480,160,0,32,32,0,1,1,4294967295
tileBarrens,2672,480,160,0,32,32,0,1,1,4294967295
tileBarrens,2704,480,160,0,32,32,0,1,1,4294967295
tileBarrens,2736,480,160,0,32,32,0,1,1,4294967295
tileBarrens,2768,480,160,0,32,32,0,1,1,4294967295
