tileNeoGrimeC,176,0,32,16,32,32,0,1,1,4294967295
tileNeoGrimeC,0,0,64,0,32,32,0,1,1,4294967295
tileNeoGrimeC,32,0,64,0,32,32,0,1,1,4294967295
tileNeoGrimeC,64,0,64,0,32,32,0,1,1,4294967295
tileNeoGrimeC,96,0,64,0,32,32,0,1,1,4294967295
tileNeoGrimeC,448,0,64,0,32,32,0,1,1,4294967295
tileNeoGrimeC,416,0,64,0,32,32,0,1,1,4294967295
tileNeoGrimeC,384,0,64,0,32,32,0,1,1,4294967295
tileNeoGrimeC,352,0,64,0,32,32,0,1,1,4294967295
tileNeoGrimeC,320,0,64,0,32,32,0,1,1,4294967295
tileNeoGrimeC,128,0,64,0,32,32,0,1,1,4294967295
tileNeoGrimeC,272,0,0,16,32,32,0,1,1,4294967295
tileNeoGrimeC,160,0,64,0,16,32,0,1,1,4294967295
tileNeoGrimeC,304,0,64,0,16,32,0,1,1,4294967295
tileNeoGrimeC,176,32,32,16,32,32,0,1,1,4294967295
tileNeoGrimeC,176,64,32,16,32,32,0,1,1,4294967295
tileNeoGrimeC,176,96,32,16,32,32,0,1,1,4294967295
tileNeoGrimeC,176,128,32,16,32,32,0,1,1,4294967295
tileNeoGrimeC,176,160,32,16,32,32,0,1,1,4294967295
tileNeoGrimeC,176,192,32,16,32,32,0,1,1,4294967295
tileNeoGrimeC,176,224,32,16,32,32,0,1,1,4294967295
tileNeoGrimeC,176,256,32,16,32,32,0,1,1,4294967295
tileNeoGrimeC,176,288,32,16,32,32,0,1,1,4294967295
tileNeoGrimeC,176,320,32,16,32,32,0,1,1,4294967295
tileNeoGrimeC,176,352,32,16,32,32,0,1,1,4294967295
tileNeoGrimeC,176,384,32,16,32,32,0,1,1,4294967295
tileNeoGrimeC,272,32,0,16,32,32,0,1,1,4294967295
tileNeoGrimeC,272,64,0,16,32,32,0,1,1,4294967295
tileNeoGrimeC,272,96,0,16,32,32,0,1,1,4294967295
tileNeoGrimeC,272,128,0,16,32,32,0,1,1,4294967295
tileNeoGrimeC,272,160,0,16,32,32,0,1,1,4294967295
tileNeoGrimeC,272,192,0,16,32,32,0,1,1,4294967295
tileNeoGrimeC,272,224,0,16,32,32,0,1,1,4294967295
tileNeoGrimeC,272,256,0,16,32,32,0,1,1,4294967295
tileNeoGrimeC,272,288,0,16,32,32,0,1,1,4294967295
tileNeoGrimeC,272,320,0,16,32,32,0,1,1,4294967295
tileNeoGrimeC,272,352,0,16,32,32,0,1,1,4294967295
tileNeoGrimeC,272,384,0,16,32,32,0,1,1,4294967295
tileNeoGrimeC,272,416,0,16,32,32,0,1,1,4294967295
tileNeoGrimeC,272,448,0,16,32,32,0,1,1,4294967295
tileNeoGrimeC,272,480,0,16,32,32,0,1,1,4294967295
tileNeoGrimeC,272,512,0,16,32,32,0,1,1,4294967295
tileNeoGrimeC,272,544,0,16,32,32,0,1,1,4294967295
tileNeoGrimeC,272,576,0,16,32,32,0,1,1,4294967295
tileNeoGrimeC,272,608,0,16,32,32,0,1,1,4294967295
tileNeoGrimeC,272,640,0,16,32,32,0,1,1,4294967295
tileNeoGrimeC,272,672,0,16,32,32,0,1,1,4294967295
tileNeoGrimeC,272,704,0,16,32,32,0,1,1,4294967295
tileNeoGrimeC,272,736,0,16,32,32,0,1,1,4294967295
tileNeoGrimeC,272,768,0,16,32,32,0,1,1,4294967295
tileNeoGrimeC,272,800,0,16,32,32,0,1,1,4294967295
tileNeoGrimeC,272,832,0,16,32,32,0,1,1,4294967295
tileNeoGrimeC,272,864,0,16,32,32,0,1,1,4294967295
tileNeoGrimeC,176,416,32,16,32,32,0,1,1,4294967295
tileNeoGrimeC,176,448,32,16,32,32,0,1,1,4294967295
tileNeoGrimeC,176,480,32,16,32,32,0,1,1,4294967295
tileNeoGrimeC,176,512,32,16,32,32,0,1,1,4294967295
tileNeoGrimeC,176,544,32,16,32,32,0,1,1,4294967295
tileNeoGrimeC,176,576,32,16,32,32,0,1,1,4294967295
tileNeoGrimeC,176,608,32,16,32,32,0,1,1,4294967295
tileNeoGrimeC,176,640,32,16,32,32,0,1,1,4294967295
tileNeoGrimeC,176,672,32,16,32,32,0,1,1,4294967295
tileNeoGrimeC,176,704,32,16,32,32,0,1,1,4294967295
tileNeoGrimeC,176,736,32,16,32,32,0,1,1,4294967295
tileNeoGrimeC,176,768,32,16,32,32,0,1,1,4294967295
tileNeoGrimeC,176,800,32,16,32,32,0,1,1,4294967295
tileNeoGrimeC,176,832,32,16,32,32,0,1,1,4294967295
tileNeoGrimeC,176,864,32,16,32,32,0,1,1,4294967295
tileNeoGrimeC,176,896,32,16,32,32,0,1,1,4294967295
tileNeoGrimeC,176,928,32,16,32,32,0,1,1,4294967295
tileNeoGrimeC,272,896,0,16,32,32,0,1,1,4294967295
tileNeoGrimeC,272,928,0,16,32,32,0,1,1,4294967295
tileNeoGrimeC,64,1344,16,0,32,32,0,1,1,4294967295
tileNeoGrimeC,96,1344,16,0,32,32,0,1,1,4294967295
tileNeoGrimeC,128,1344,16,0,32,32,0,1,1,4294967295
tileNeoGrimeC,160,1344,16,0,32,32,0,1,1,4294967295
tileNeoGrimeC,192,1344,16,0,32,32,0,1,1,4294967295
tileNeoGrimeC,224,1344,16,0,32,32,0,1,1,4294967295
tileNeoGrimeC,256,1344,16,0,32,32,0,1,1,4294967295
tileNeoGrimeC,288,1344,16,0,32,32,0,1,1,4294967295
tileNeoGrimeC,320,1344,16,0,32,32,0,1,1,4294967295
tileNeoGrimeC,352,1344,16,0,32,32,0,1,1,4294967295
tileNeoGrimeC,384,1344,16,0,32,32,0,1,1,4294967295
tileNeoGrimeC,416,1344,16,0,32,32,0,1,1,4294967295
tileNeoGrimeC,448,1344,16,0,32,32,0,1,1,4294967295
tileNeoGrimeC,0,1376,64,0,32,32,0,1,1,4294967295
tileNeoGrimeC,32,1376,64,0,32,32,0,1,1,4294967295
tileNeoGrimeC,64,1376,64,0,32,32,0,1,1,4294967295
tileNeoGrimeC,96,1376,64,0,32,32,0,1,1,4294967295
tileNeoGrimeC,128,1376,64,0,32,32,0,1,1,4294967295
tileNeoGrimeC,160,1376,64,0,32,32,0,1,1,4294967295
tileNeoGrimeC,192,1376,64,0,32,32,0,1,1,4294967295
tileNeoGrimeC,224,1376,64,0,32,32,0,1,1,4294967295
tileNeoGrimeC,256,1376,64,0,32,32,0,1,1,4294967295
tileNeoGrimeC,288,1376,64,0,32,32,0,1,1,4294967295
tileNeoGrimeC,320,1376,64,0,32,32,0,1,1,4294967295
tileNeoGrimeC,352,1376,64,0,32,32,0,1,1,4294967295
tileNeoGrimeC,384,1376,64,0,32,32,0,1,1,4294967295
tileNeoGrimeC,416,1376,64,0,32,32,0,1,1,4294967295
tileNeoGrimeC,448,1376,64,0,32,32,0,1,1,4294967295
tileNeoGrimeC,160,1088,16,32,48,32,0,1,1,4294967295
tileNeoGrimeC,272,1088,0,32,48,32,0,1,1,4294967295
tileNeoGrimeC,176,960,32,16,32,32,0,1,1,4294967295
tileNeoGrimeC,176,992,32,16,32,32,0,1,1,4294967295
tileNeoGrimeC,176,1024,32,16,32,32,0,1,1,4294967295
tileNeoGrimeC,272,960,0,16,32,32,0,1,1,4294967295
tileNeoGrimeC,272,992,0,16,32,32,0,1,1,4294967295
tileNeoGrimeC,272,1024,0,16,32,32,0,1,1,4294967295
tileNeoGrimeC,272,1056,0,16,32,32,0,1,1,4294967295
tileNeoGrimeC,176,1056,32,16,32,32,0,1,1,4294967295
tileNeoGrimeC,416,1248,0,32,48,32,0,1,1,4294967295
tileNeoGrimeC,464,1248,16,32,16,32,0,1,1,4294967295
tileNeoGrimeC,416,1216,0,16,32,32,0,1,1,4294967295
tileNeoGrimeC,416,1184,0,16,32,32,0,1,1,4294967295
tileNeoGrimeC,416,1152,0,16,32,32,0,1,1,4294967295
tileNeoGrimeC,416,1120,0,16,32,32,0,1,1,4294967295
tileNeoGrimeC,320,1088,16,32,32,32,0,1,1,4294967295
tileNeoGrimeC,352,1088,16,32,32,32,0,1,1,4294967295
tileNeoGrimeC,384,1088,16,32,32,32,0,1,1,4294967295
tileNeoGrimeC,128,1088,16,32,32,32,0,1,1,4294967295
tileNeoGrimeC,96,1088,16,32,32,32,0,1,1,4294967295
tileNeoGrimeC,64,1088,16,32,32,32,0,1,1,4294967295
tileNeoGrimeC,32,1120,32,16,32,32,0,1,1,4294967295
tileNeoGrimeC,32,1152,32,16,32,32,0,1,1,4294967295
tileNeoGrimeC,32,1184,32,16,32,32,0,1,1,4294967295
tileNeoGrimeC,32,1216,32,16,32,32,0,1,1,4294967295
tileNeoGrimeC,32,1248,32,16,32,32,0,1,1,4294967295
tileNeoGrimeC,32,1280,32,16,32,32,0,1,1,4294967295
tileNeoGrimeC,32,1312,32,16,32,32,0,1,1,4294967295
tileNeoGrimeC,48,1088,32,16,16,32,0,1,1,4294967295
tileNeoGrimeC,48,1344,32,16,16,32,0,1,1,4294967295
tileNeoGrimeC,416,1088,16,16,16,32,0,1,1,4294967295
tileNeoGrimeC,448,1120,64,0,32,32,0,1,1,4294967295
tileNeoGrimeC,448,1152,64,0,32,32,0,1,1,4294967295
tileNeoGrimeC,448,1184,64,0,32,32,0,1,1,4294967295
tileNeoGrimeC,448,1216,64,0,32,32,0,1,1,4294967295
tileNeoGrimeC,0,1088,64,0,32,32,0,1,1,4294967295
tileNeoGrimeC,0,1120,64,0,32,32,0,1,1,4294967295
tileNeoGrimeC,0,1152,64,0,32,32,0,1,1,4294967295
tileNeoGrimeC,0,1184,64,0,32,32,0,1,1,4294967295
tileNeoGrimeC,0,1216,64,0,32,32,0,1,1,4294967295
tileNeoGrimeC,0,1248,64,0,32,32,0,1,1,4294967295
tileNeoGrimeC,0,1280,64,0,32,32,0,1,1,4294967295
tileNeoGrimeC,0,1312,64,0,32,32,0,1,1,4294967295
tileNeoGrimeC,0,1344,64,0,32,32,0,1,1,4294967295
tileNeoGrimeC,448,1088,64,0,32,32,0,1,1,4294967295
tileNeoGrimeC,32,1088,64,0,16,32,0,1,1,4294967295
tileNeoGrimeC,32,1344,64,0,16,32,0,1,1,4294967295
tileNeoGrimeC,432,1088,64,0,16,32,0,1,1,4294967295
tileNeoGrimeC,304,32,64,0,16,32,0,1,1,4294967295
tileNeoGrimeC,304,64,64,0,16,32,0,1,1,4294967295
tileNeoGrimeC,304,96,64,0,16,32,0,1,1,4294967295
tileNeoGrimeC,304,128,64,0,16,32,0,1,1,4294967295
tileNeoGrimeC,304,160,64,0,16,32,0,1,1,4294967295
tileNeoGrimeC,304,192,64,0,16,32,0,1,1,4294967295
tileNeoGrimeC,304,224,64,0,16,32,0,1,1,4294967295
tileNeoGrimeC,304,256,64,0,16,32,0,1,1,4294967295
tileNeoGrimeC,304,288,64,0,16,32,0,1,1,4294967295
tileNeoGrimeC,304,320,64,0,16,32,0,1,1,4294967295
tileNeoGrimeC,304,352,64,0,16,32,0,1,1,4294967295
tileNeoGrimeC,304,384,64,0,16,32,0,1,1,4294967295
tileNeoGrimeC,304,416,64,0,16,32,0,1,1,4294967295
tileNeoGrimeC,304,448,64,0,16,32,0,1,1,4294967295
tileNeoGrimeC,304,480,64,0,16,32,0,1,1,4294967295
tileNeoGrimeC,304,512,64,0,16,32,0,1,1,4294967295
tileNeoGrimeC,304,544,64,0,16,32,0,1,1,4294967295
tileNeoGrimeC,304,576,64,0,16,32,0,1,1,4294967295
tileNeoGrimeC,304,608,64,0,16,32,0,1,1,4294967295
tileNeoGrimeC,304,640,64,0,16,32,0,1,1,4294967295
tileNeoGrimeC,304,672,64,0,16,32,0,1,1,4294967295
tileNeoGrimeC,304,704,64,0,16,32,0,1,1,4294967295
tileNeoGrimeC,304,736,64,0,16,32,0,1,1,4294967295
tileNeoGrimeC,304,768,64,0,16,32,0,1,1,4294967295
tileNeoGrimeC,304,800,64,0,16,32,0,1,1,4294967295
tileNeoGrimeC,304,832,64,0,16,32,0,1,1,4294967295
tileNeoGrimeC,304,864,64,0,16,32,0,1,1,4294967295
tileNeoGrimeC,304,896,64,0,16,32,0,1,1,4294967295
tileNeoGrimeC,304,928,64,0,16,32,0,1,1,4294967295
tileNeoGrimeC,304,960,64,0,16,32,0,1,1,4294967295
tileNeoGrimeC,304,992,64,0,16,32,0,1,1,4294967295
tileNeoGrimeC,304,1024,64,0,16,32,0,1,1,4294967295
tileNeoGrimeC,304,1056,64,0,16,32,0,1,1,4294967295
tileNeoGrimeC,160,1056,64,0,16,32,0,1,1,4294967295
tileNeoGrimeC,160,1024,64,0,16,32,0,1,1,4294967295
tileNeoGrimeC,160,992,64,0,16,32,0,1,1,4294967295
tileNeoGrimeC,160,960,64,0,16,32,0,1,1,4294967295
tileNeoGrimeC,160,928,64,0,16,32,0,1,1,4294967295
tileNeoGrimeC,160,896,64,0,16,32,0,1,1,4294967295
tileNeoGrimeC,160,32,64,0,16,32,0,1,1,4294967295
tileNeoGrimeC,160,64,64,0,16,32,0,1,1,4294967295
tileNeoGrimeC,160,96,64,0,16,32,0,1,1,4294967295
tileNeoGrimeC,160,128,64,0,16,32,0,1,1,4294967295
tileNeoGrimeC,160,160,64,0,16,32,0,1,1,4294967295
tileNeoGrimeC,160,192,64,0,16,32,0,1,1,4294967295
tileNeoGrimeC,160,224,64,0,16,32,0,1,1,4294967295
tileNeoGrimeC,160,256,64,0,16,32,0,1,1,4294967295
tileNeoGrimeC,160,288,64,0,16,32,0,1,1,4294967295
tileNeoGrimeC,160,320,64,0,16,32,0,1,1,4294967295
tileNeoGrimeC,160,352,64,0,16,32,0,1,1,4294967295
tileNeoGrimeC,160,384,64,0,16,32,0,1,1,4294967295
tileNeoGrimeC,160,416,64,0,16,32,0,1,1,4294967295
tileNeoGrimeC,160,448,64,0,16,32,0,1,1,4294967295
tileNeoGrimeC,160,480,64,0,16,32,0,1,1,4294967295
tileNeoGrimeC,160,512,64,0,16,32,0,1,1,4294967295
tileNeoGrimeC,160,544,64,0,16,32,0,1,1,4294967295
tileNeoGrimeC,160,576,64,0,16,32,0,1,1,4294967295
tileNeoGrimeC,160,608,64,0,16,32,0,1,1,4294967295
tileNeoGrimeC,160,640,64,0,16,32,0,1,1,4294967295
tileNeoGrimeC,160,672,64,0,16,32,0,1,1,4294967295
tileNeoGrimeC,160,704,64,0,16,32,0,1,1,4294967295
tileNeoGrimeC,160,736,64,0,16,32,0,1,1,4294967295
tileNeoGrimeC,160,768,64,0,16,32,0,1,1,4294967295
tileNeoGrimeC,160,800,64,0,16,32,0,1,1,4294967295
tileNeoGrimeC,160,832,64,0,16,32,0,1,1,4294967295
tileNeoGrimeC,160,864,64,0,16,32,0,1,1,4294967295
tileNeoGrimeC,0,1056,64,0,32,32,0,1,1,4294967295
tileNeoGrimeC,32,1056,64,0,32,32,0,1,1,4294967295
tileNeoGrimeC,64,1056,64,0,32,32,0,1,1,4294967295
tileNeoGrimeC,96,1056,64,0,32,32,0,1,1,4294967295
tileNeoGrimeC,128,1056,64,0,32,32,0,1,1,4294967295
tileNeoGrimeC,0,1024,64,0,32,32,0,1,1,4294967295
tileNeoGrimeC,32,1024,64,0,32,32,0,1,1,4294967295
tileNeoGrimeC,64,1024,64,0,32,32,0,1,1,4294967295
tileNeoGrimeC,96,1024,64,0,32,32,0,1,1,4294967295
tileNeoGrimeC,128,1024,64,0,32,32,0,1,1,4294967295
tileNeoGrimeC,320,1056,64,0,32,32,0,1,1,4294967295
tileNeoGrimeC,352,1056,64,0,32,32,0,1,1,4294967295
tileNeoGrimeC,384,1056,64,0,32,32,0,1,1,4294967295
tileNeoGrimeC,416,1056,64,0,32,32,0,1,1,4294967295
tileNeoGrimeC,448,1056,64,0,32,32,0,1,1,4294967295
tileNeoGrimeC,320,1024,64,0,32,32,0,1,1,4294967295
tileNeoGrimeC,352,1024,64,0,32,32,0,1,1,4294967295
tileNeoGrimeC,384,1024,64,0,32,32,0,1,1,4294967295
tileNeoGrimeC,416,1024,64,0,32,32,0,1,1,4294967295
tileNeoGrimeC,448,1024,64,0,32,32,0,1,1,4294967295
tileNeoGrimeC,320,32,64,0,32,32,0,1,1,4294967295
tileNeoGrimeC,352,32,64,0,32,32,0,1,1,4294967295
tileNeoGrimeC,384,32,64,0,32,32,0,1,1,4294967295
tileNeoGrimeC,416,32,64,0,32,32,0,1,1,4294967295
tileNeoGrimeC,448,32,64,0,32,32,0,1,1,4294967295
tileNeoGrimeC,0,32,64,0,32,32,0,1,1,4294967295
tileNeoGrimeC,32,32,64,0,32,32,0,1,1,4294967295
tileNeoGrimeC,64,32,64,0,32,32,0,1,1,4294967295
tileNeoGrimeC,96,32,64,0,32,32,0,1,1,4294967295
tileNeoGrimeC,128,32,64,0,32,32,0,1,1,4294967295
tileNeoGrimeC,128,64,64,0,32,32,0,1,1,4294967295
tileNeoGrimeC,128,96,64,0,32,32,0,1,1,4294967295
tileNeoGrimeC,128,128,64,0,32,32,0,1,1,4294967295
tileNeoGrimeC,128,160,64,0,32,32,0,1,1,4294967295
tileNeoGrimeC,128,192,64,0,32,32,0,1,1,4294967295
tileNeoGrimeC,128,224,64,0,32,32,0,1,1,4294967295
tileNeoGrimeC,128,256,64,0,32,32,0,1,1,4294967295
tileNeoGrimeC,128,288,64,0,32,32,0,1,1,4294967295
tileNeoGrimeC,128,320,64,0,32,32,0,1,1,4294967295
tileNeoGrimeC,128,352,64,0,32,32,0,1,1,4294967295
tileNeoGrimeC,128,384,64,0,32,32,0,1,1,4294967295
tileNeoGrimeC,128,416,64,0,32,32,0,1,1,4294967295
tileNeoGrimeC,128,448,64,0,32,32,0,1,1,4294967295
tileNeoGrimeC,128,480,64,0,32,32,0,1,1,4294967295
tileNeoGrimeC,128,512,64,0,32,32,0,1,1,4294967295
tileNeoGrimeC,128,544,64,0,32,32,0,1,1,4294967295
tileNeoGrimeC,128,576,64,0,32,32,0,1,1,4294967295
tileNeoGrimeC,128,608,64,0,32,32,0,1,1,4294967295
tileNeoGrimeC,128,640,64,0,32,32,0,1,1,4294967295
tileNeoGrimeC,128,672,64,0,32,32,0,1,1,4294967295
tileNeoGrimeC,128,704,64,0,32,32,0,1,1,4294967295
tileNeoGrimeC,128,736,64,0,32,32,0,1,1,4294967295
tileNeoGrimeC,128,768,64,0,32,32,0,1,1,4294967295
tileNeoGrimeC,128,800,64,0,32,32,0,1,1,4294967295
tileNeoGrimeC,128,832,64,0,32,32,0,1,1,4294967295
tileNeoGrimeC,128,864,64,0,32,32,0,1,1,4294967295
tileNeoGrimeC,128,896,64,0,32,32,0,1,1,4294967295
tileNeoGrimeC,128,928,64,0,32,32,0,1,1,4294967295
tileNeoGrimeC,128,960,64,0,32,32,0,1,1,4294967295
tileNeoGrimeC,128,992,64,0,32,32,0,1,1,4294967295
tileNeoGrimeC,320,992,64,0,32,32,0,1,1,4294967295
tileNeoGrimeC,352,992,64,0,32,32,0,1,1,4294967295
tileNeoGrimeC,384,992,64,0,32,32,0,1,1,4294967295
tileNeoGrimeC,416,992,64,0,32,32,0,1,1,4294967295
tileNeoGrimeC,448,992,64,0,32,32,0,1,1,4294967295
tileNeoGrimeC,320,960,64,0,32,32,0,1,1,4294967295
tileNeoGrimeC,352,960,64,0,32,32,0,1,1,4294967295
tileNeoGrimeC,384,960,64,0,32,32,0,1,1,4294967295
tileNeoGrimeC,416,960,64,0,32,32,0,1,1,4294967295
tileNeoGrimeC,448,960,64,0,32,32,0,1,1,4294967295
tileNeoGrimeC,320,64,64,0,32,32,0,1,1,4294967295
tileNeoGrimeC,352,64,64,0,32,32,0,1,1,4294967295
tileNeoGrimeC,384,64,64,0,32,32,0,1,1,4294967295
tileNeoGrimeC,416,64,64,0,32,32,0,1,1,4294967295
tileNeoGrimeC,448,64,64,0,32,32,0,1,1,4294967295
tileNeoGrimeC,448,96,64,0,32,32,0,1,1,4294967295
tileNeoGrimeC,448,128,64,0,32,32,0,1,1,4294967295
tileNeoGrimeC,448,160,64,0,32,32,0,1,1,4294967295
tileNeoGrimeC,448,192,64,0,32,32,0,1,1,4294967295
tileNeoGrimeC,448,224,64,0,32,32,0,1,1,4294967295
tileNeoGrimeC,448,256,64,0,32,32,0,1,1,4294967295
tileNeoGrimeC,448,288,64,0,32,32,0,1,1,4294967295
tileNeoGrimeC,448,320,64,0,32,32,0,1,1,4294967295
tileNeoGrimeC,448,352,64,0,32,32,0,1,1,4294967295
tileNeoGrimeC,448,384,64,0,32,32,0,1,1,4294967295
tileNeoGrimeC,448,416,64,0,32,32,0,1,1,4294967295
tileNeoGrimeC,448,448,64,0,32,32,0,1,1,4294967295
tileNeoGrimeC,448,480,64,0,32,32,0,1,1,4294967295
tileNeoGrimeC,448,512,64,0,32,32,0,1,1,4294967295
tileNeoGrimeC,448,544,64,0,32,32,0,1,1,4294967295
tileNeoGrimeC,448,576,64,0,32,32,0,1,1,4294967295
tileNeoGrimeC,448,608,64,0,32,32,0,1,1,4294967295
tileNeoGrimeC,448,640,64,0,32,32,0,1,1,4294967295
tileNeoGrimeC,448,672,64,0,32,32,0,1,1,4294967295
tileNeoGrimeC,448,704,64,0,32,32,0,1,1,4294967295
tileNeoGrimeC,448,736,64,0,32,32,0,1,1,4294967295
tileNeoGrimeC,448,768,64,0,32,32,0,1,1,4294967295
tileNeoGrimeC,448,800,64,0,32,32,0,1,1,4294967295
tileNeoGrimeC,448,832,64,0,32,32,0,1,1,4294967295
tileNeoGrimeC,448,864,64,0,32,32,0,1,1,4294967295
tileNeoGrimeC,448,896,64,0,32,32,0,1,1,4294967295
tileNeoGrimeC,448,928,64,0,32,32,0,1,1,4294967295
tileNeoGrimeC,0,64,64,0,32,32,0,1,1,4294967295
tileNeoGrimeC,0,96,64,0,32,32,0,1,1,4294967295
tileNeoGrimeC,0,128,64,0,32,32,0,1,1,4294967295
tileNeoGrimeC,0,160,64,0,32,32,0,1,1,4294967295
tileNeoGrimeC,0,192,64,0,32,32,0,1,1,4294967295
tileNeoGrimeC,0,224,64,0,32,32,0,1,1,4294967295
tileNeoGrimeC,0,256,64,0,32,32,0,1,1,4294967295
tileNeoGrimeC,0,288,64,0,32,32,0,1,1,4294967295
tileNeoGrimeC,0,320,64,0,32,32,0,1,1,4294967295
tileNeoGrimeC,0,352,64,0,32,32,0,1,1,4294967295
tileNeoGrimeC,0,384,64,0,32,32,0,1,1,4294967295
tileNeoGrimeC,0,416,64,0,32,32,0,1,1,4294967295
tileNeoGrimeC,0,448,64,0,32,32,0,1,1,4294967295
tileNeoGrimeC,32,448,64,0,32,32,0,1,1,4294967295
tileNeoGrimeC,64,448,64,0,32,32,0,1,1,4294967295
tileNeoGrimeC,96,448,64,0,32,32,0,1,1,4294967295
tileNeoGrimeC,96,64,64,0,32,32,0,1,1,4294967295
tileNeoGrimeC,96,96,64,0,32,32,0,1,1,4294967295
tileNeoGrimeC,96,128,64,0,32,32,0,1,1,4294967295
tileNeoGrimeC,96,160,64,0,32,32,0,1,1,4294967295
tileNeoGrimeC,96,192,64,0,32,32,0,1,1,4294967295
tileNeoGrimeC,96,224,64,0,32,32,0,1,1,4294967295
tileNeoGrimeC,96,256,64,0,32,32,0,1,1,4294967295
tileNeoGrimeC,96,288,64,0,32,32,0,1,1,4294967295
tileNeoGrimeC,96,320,64,0,32,32,0,1,1,4294967295
tileNeoGrimeC,96,352,64,0,32,32,0,1,1,4294967295
tileNeoGrimeC,96,384,64,0,32,32,0,1,1,4294967295
tileNeoGrimeC,96,416,64,0,32,32,0,1,1,4294967295
tileNeoGrimeC,64,416,64,0,32,32,0,1,1,4294967295
tileNeoGrimeC,32,416,64,0,32,32,0,1,1,4294967295
tileNeoGrimeC,32,384,64,0,32,32,0,1,1,4294967295
tileNeoGrimeC,32,352,64,0,32,32,0,1,1,4294967295
tileNeoGrimeC,32,320,64,0,32,32,0,1,1,4294967295
tileNeoGrimeC,32,288,64,0,32,32,0,1,1,4294967295
tileNeoGrimeC,32,256,64,0,32,32,0,1,1,4294967295
tileNeoGrimeC,32,224,64,0,32,32,0,1,1,4294967295
tileNeoGrimeC,32,192,64,0,32,32,0,1,1,4294967295
tileNeoGrimeC,32,160,64,0,32,32,0,1,1,4294967295
tileNeoGrimeC,32,128,64,0,32,32,0,1,1,4294967295
tileNeoGrimeC,32,96,64,0,32,32,0,1,1,4294967295
tileNeoGrimeC,32,64,64,0,32,32,0,1,1,4294967295
tileNeoGrimeC,64,64,64,0,32,32,0,1,1,4294967295
tileNeoGrimeC,64,96,64,0,32,32,0,1,1,4294967295
tileNeoGrimeC,64,128,64,0,32,32,0,1,1,4294967295
tileNeoGrimeC,64,160,64,0,32,32,0,1,1,4294967295
tileNeoGrimeC,64,192,64,0,32,32,0,1,1,4294967295
tileNeoGrimeC,64,224,64,0,32,32,0,1,1,4294967295
tileNeoGrimeC,64,256,64,0,32,32,0,1,1,4294967295
tileNeoGrimeC,64,288,64,0,32,32,0,1,1,4294967295
tileNeoGrimeC,64,320,64,0,32,32,0,1,1,4294967295
tileNeoGrimeC,64,352,64,0,32,32,0,1,1,4294967295
tileNeoGrimeC,64,384,64,0,32,32,0,1,1,4294967295
tileNeoGrimeC,0,480,64,0,32,32,0,1,1,4294967295
tileNeoGrimeC,0,512,64,0,32,32,0,1,1,4294967295
tileNeoGrimeC,0,544,64,0,32,32,0,1,1,4294967295
tileNeoGrimeC,0,576,64,0,32,32,0,1,1,4294967295
tileNeoGrimeC,0,608,64,0,32,32,0,1,1,4294967295
tileNeoGrimeC,0,640,64,0,32,32,0,1,1,4294967295
tileNeoGrimeC,0,672,64,0,32,32,0,1,1,4294967295
tileNeoGrimeC,0,704,64,0,32,32,0,1,1,4294967295
tileNeoGrimeC,0,736,64,0,32,32,0,1,1,4294967295
tileNeoGrimeC,0,768,64,0,32,32,0,1,1,4294967295
tileNeoGrimeC,0,800,64,0,32,32,0,1,1,4294967295
tileNeoGrimeC,0,832,64,0,32,32,0,1,1,4294967295
tileNeoGrimeC,0,864,64,0,32,32,0,1,1,4294967295
tileNeoGrimeC,0,896,64,0,32,32,0,1,1,4294967295
tileNeoGrimeC,0,928,64,0,32,32,0,1,1,4294967295
tileNeoGrimeC,0,960,64,0,32,32,0,1,1,4294967295
tileNeoGrimeC,0,992,64,0,32,32,0,1,1,4294967295
tileNeoGrimeC,32,992,64,0,32,32,0,1,1,4294967295
tileNeoGrimeC,64,992,64,0,32,32,0,1,1,4294967295
tileNeoGrimeC,96,992,64,0,32,32,0,1,1,4294967295
tileNeoGrimeC,96,960,64,0,32,32,0,1,1,4294967295
tileNeoGrimeC,96,928,64,0,32,32,0,1,1,4294967295
tileNeoGrimeC,96,896,64,0,32,32,0,1,1,4294967295
tileNeoGrimeC,96,864,64,0,32,32,0,1,1,4294967295
tileNeoGrimeC,96,832,64,0,32,32,0,1,1,4294967295
tileNeoGrimeC,96,800,64,0,32,32,0,1,1,4294967295
tileNeoGrimeC,96,768,64,0,32,32,0,1,1,4294967295
tileNeoGrimeC,96,736,64,0,32,32,0,1,1,4294967295
tileNeoGrimeC,96,704,64,0,32,32,0,1,1,4294967295
tileNeoGrimeC,96,672,64,0,32,32,0,1,1,4294967295
tileNeoGrimeC,96,640,64,0,32,32,0,1,1,4294967295
tileNeoGrimeC,96,608,64,0,32,32,0,1,1,4294967295
tileNeoGrimeC,96,576,64,0,32,32,0,1,1,4294967295
tileNeoGrimeC,96,544,64,0,32,32,0,1,1,4294967295
tileNeoGrimeC,96,512,64,0,32,32,0,1,1,4294967295
tileNeoGrimeC,96,480,64,0,32,32,0,1,1,4294967295
tileNeoGrimeC,64,480,64,0,32,32,0,1,1,4294967295
tileNeoGrimeC,32,480,64,0,32,32,0,1,1,4294967295
tileNeoGrimeC,32,512,64,0,32,32,0,1,1,4294967295
tileNeoGrimeC,32,544,64,0,32,32,0,1,1,4294967295
tileNeoGrimeC,32,576,64,0,32,32,0,1,1,4294967295
tileNeoGrimeC,32,608,64,0,32,32,0,1,1,4294967295
tileNeoGrimeC,32,640,64,0,32,32,0,1,1,4294967295
tileNeoGrimeC,32,672,64,0,32,32,0,1,1,4294967295
tileNeoGrimeC,32,704,64,0,32,32,0,1,1,4294967295
tileNeoGrimeC,32,736,64,0,32,32,0,1,1,4294967295
tileNeoGrimeC,32,768,64,0,32,32,0,1,1,4294967295
tileNeoGrimeC,32,800,64,0,32,32,0,1,1,4294967295
tileNeoGrimeC,32,832,64,0,32,32,0,1,1,4294967295
tileNeoGrimeC,32,864,64,0,32,32,0,1,1,4294967295
tileNeoGrimeC,32,896,64,0,32,32,0,1,1,4294967295
tileNeoGrimeC,32,928,64,0,32,32,0,1,1,4294967295
tileNeoGrimeC,32,960,64,0,32,32,0,1,1,4294967295
tileNeoGrimeC,64,960,64,0,32,32,0,1,1,4294967295
tileNeoGrimeC,64,928,64,0,32,32,0,1,1,4294967295
tileNeoGrimeC,64,896,64,0,32,32,0,1,1,4294967295
tileNeoGrimeC,64,864,64,0,32,32,0,1,1,4294967295
tileNeoGrimeC,64,832,64,0,32,32,0,1,1,4294967295
tileNeoGrimeC,64,800,64,0,32,32,0,1,1,4294967295
tileNeoGrimeC,64,768,64,0,32,32,0,1,1,4294967295
tileNeoGrimeC,64,736,64,0,32,32,0,1,1,4294967295
tileNeoGrimeC,64,704,64,0,32,32,0,1,1,4294967295
tileNeoGrimeC,64,672,64,0,32,32,0,1,1,4294967295
tileNeoGrimeC,64,640,64,0,32,32,0,1,1,4294967295
tileNeoGrimeC,64,608,64,0,32,32,0,1,1,4294967295
tileNeoGrimeC,64,576,64,0,32,32,0,1,1,4294967295
tileNeoGrimeC,64,544,64,0,32,32,0,1,1,4294967295
tileNeoGrimeC,64,512,64,0,32,32,0,1,1,4294967295
tileNeoGrimeC,320,928,64,0,32,32,0,1,1,4294967295
tileNeoGrimeC,416,928,64,0,32,32,0,1,1,4294967295
tileNeoGrimeC,352,928,64,0,32,32,0,1,1,4294967295
tileNeoGrimeC,384,928,64,0,32,32,0,1,1,4294967295
tileNeoGrimeC,320,896,64,0,32,32,0,1,1,4294967295
tileNeoGrimeC,352,896,64,0,32,32,0,1,1,4294967295
tileNeoGrimeC,384,896,64,0,32,32,0,1,1,4294967295
tileNeoGrimeC,416,896,64,0,32,32,0,1,1,4294967295
tileNeoGrimeC,320,352,64,0,32,32,0,1,1,4294967295
tileNeoGrimeC,320,384,64,0,32,32,0,1,1,4294967295
tileNeoGrimeC,320,416,64,0,32,32,0,1,1,4294967295
tileNeoGrimeC,320,448,64,0,32,32,0,1,1,4294967295
tileNeoGrimeC,320,480,64,0,32,32,0,1,1,4294967295
tileNeoGrimeC,320,512,64,0,32,32,0,1,1,4294967295
tileNeoGrimeC,320,544,64,0,32,32,0,1,1,4294967295
tileNeoGrimeC,320,576,64,0,32,32,0,1,1,4294967295
tileNeoGrimeC,320,608,64,0,32,32,0,1,1,4294967295
tileNeoGrimeC,320,640,64,0,32,32,0,1,1,4294967295
tileNeoGrimeC,320,672,64,0,32,32,0,1,1,4294967295
tileNeoGrimeC,320,704,64,0,32,32,0,1,1,4294967295
tileNeoGrimeC,320,736,64,0,32,32,0,1,1,4294967295
tileNeoGrimeC,320,768,64,0,32,32,0,1,1,4294967295
tileNeoGrimeC,320,800,64,0,32,32,0,1,1,4294967295
tileNeoGrimeC,320,832,64,0,32,32,0,1,1,4294967295
tileNeoGrimeC,320,864,64,0,32,32,0,1,1,4294967295
tileNeoGrimeC,352,864,64,0,32,32,0,1,1,4294967295
tileNeoGrimeC,384,864,64,0,32,32,0,1,1,4294967295
tileNeoGrimeC,416,864,64,0,32,32,0,1,1,4294967295
tileNeoGrimeC,416,352,64,0,32,32,0,1,1,4294967295
tileNeoGrimeC,416,384,64,0,32,32,0,1,1,4294967295
tileNeoGrimeC,416,416,64,0,32,32,0,1,1,4294967295
tileNeoGrimeC,416,448,64,0,32,32,0,1,1,4294967295
tileNeoGrimeC,416,480,64,0,32,32,0,1,1,4294967295
tileNeoGrimeC,416,512,64,0,32,32,0,1,1,4294967295
tileNeoGrimeC,416,544,64,0,32,32,0,1,1,4294967295
tileNeoGrimeC,416,576,64,0,32,32,0,1,1,4294967295
tileNeoGrimeC,416,608,64,0,32,32,0,1,1,4294967295
tileNeoGrimeC,416,640,64,0,32,32,0,1,1,4294967295
tileNeoGrimeC,416,672,64,0,32,32,0,1,1,4294967295
tileNeoGrimeC,416,704,64,0,32,32,0,1,1,4294967295
tileNeoGrimeC,416,736,64,0,32,32,0,1,1,4294967295
tileNeoGrimeC,416,768,64,0,32,32,0,1,1,4294967295
tileNeoGrimeC,416,800,64,0,32,32,0,1,1,4294967295
tileNeoGrimeC,416,832,64,0,32,32,0,1,1,4294967295
tileNeoGrimeC,384,832,64,0,32,32,0,1,1,4294967295
tileNeoGrimeC,352,832,64,0,32,32,0,1,1,4294967295
tileNeoGrimeC,352,800,64,0,32,32,0,1,1,4294967295
tileNeoGrimeC,384,800,64,0,32,32,0,1,1,4294967295
tileNeoGrimeC,384,768,64,0,32,32,0,1,1,4294967295
tileNeoGrimeC,352,768,64,0,32,32,0,1,1,4294967295
tileNeoGrimeC,352,736,64,0,32,32,0,1,1,4294967295
tileNeoGrimeC,384,736,64,0,32,32,0,1,1,4294967295
tileNeoGrimeC,384,704,64,0,32,32,0,1,1,4294967295
tileNeoGrimeC,384,672,64,0,32,32,0,1,1,4294967295
tileNeoGrimeC,352,672,64,0,32,32,0,1,1,4294967295
tileNeoGrimeC,352,704,64,0,32,32,0,1,1,4294967295
tileNeoGrimeC,352,352,64,0,32,32,0,1,1,4294967295
tileNeoGrimeC,352,384,64,0,32,32,0,1,1,4294967295
tileNeoGrimeC,352,416,64,0,32,32,0,1,1,4294967295
tileNeoGrimeC,352,448,64,0,32,32,0,1,1,4294967295
tileNeoGrimeC,352,480,64,0,32,32,0,1,1,4294967295
tileNeoGrimeC,352,512,64,0,32,32,0,1,1,4294967295
tileNeoGrimeC,352,544,64,0,32,32,0,1,1,4294967295
tileNeoGrimeC,352,576,64,0,32,32,0,1,1,4294967295
tileNeoGrimeC,352,608,64,0,32,32,0,1,1,4294967295
tileNeoGrimeC,352,640,64,0,32,32,0,1,1,4294967295
tileNeoGrimeC,384,640,64,0,32,32,0,1,1,4294967295
tileNeoGrimeC,384,608,64,0,32,32,0,1,1,4294967295
tileNeoGrimeC,384,576,64,0,32,32,0,1,1,4294967295
tileNeoGrimeC,384,544,64,0,32,32,0,1,1,4294967295
tileNeoGrimeC,384,512,64,0,32,32,0,1,1,4294967295
tileNeoGrimeC,384,480,64,0,32,32,0,1,1,4294967295
tileNeoGrimeC,384,448,64,0,32,32,0,1,1,4294967295
tileNeoGrimeC,384,416,64,0,32,32,0,1,1,4294967295
tileNeoGrimeC,384,384,64,0,32,32,0,1,1,4294967295
tileNeoGrimeC,384,352,64,0,32,32,0,1,1,4294967295
tileNeoGrimeC,320,96,64,0,32,32,0,1,1,4294967295
tileNeoGrimeC,320,128,64,0,32,32,0,1,1,4294967295
tileNeoGrimeC,320,160,64,0,32,32,0,1,1,4294967295
tileNeoGrimeC,320,192,64,0,32,32,0,1,1,4294967295
tileNeoGrimeC,320,224,64,0,32,32,0,1,1,4294967295
tileNeoGrimeC,320,256,64,0,32,32,0,1,1,4294967295
tileNeoGrimeC,320,288,64,0,32,32,0,1,1,4294967295
tileNeoGrimeC,320,320,64,0,32,32,0,1,1,4294967295
tileNeoGrimeC,352,320,64,0,32,32,0,1,1,4294967295
tileNeoGrimeC,352,288,64,0,32,32,0,1,1,4294967295
tileNeoGrimeC,352,256,64,0,32,32,0,1,1,4294967295
tileNeoGrimeC,352,224,64,0,32,32,0,1,1,4294967295
tileNeoGrimeC,352,192,64,0,32,32,0,1,1,4294967295
tileNeoGrimeC,352,160,64,0,32,32,0,1,1,4294967295
tileNeoGrimeC,352,128,64,0,32,32,0,1,1,4294967295
tileNeoGrimeC,352,96,64,0,32,32,0,1,1,4294967295
tileNeoGrimeC,384,96,64,0,32,32,0,1,1,4294967295
tileNeoGrimeC,384,128,64,0,32,32,0,1,1,4294967295
tileNeoGrimeC,384,160,64,0,32,32,0,1,1,4294967295
tileNeoGrimeC,384,192,64,0,32,32,0,1,1,4294967295
tileNeoGrimeC,384,224,64,0,32,32,0,1,1,4294967295
tileNeoGrimeC,384,256,64,0,32,32,0,1,1,4294967295
tileNeoGrimeC,384,288,64,0,32,32,0,1,1,4294967295
tileNeoGrimeC,384,320,64,0,32,32,0,1,1,4294967295
tileNeoGrimeC,416,320,64,0,32,32,0,1,1,4294967295
tileNeoGrimeC,416,288,64,0,32,32,0,1,1,4294967295
tileNeoGrimeC,416,256,64,0,32,32,0,1,1,4294967295
tileNeoGrimeC,416,224,64,0,32,32,0,1,1,4294967295
tileNeoGrimeC,416,192,64,0,32,32,0,1,1,4294967295
tileNeoGrimeC,416,160,64,0,32,32,0,1,1,4294967295
tileNeoGrimeC,416,128,64,0,32,32,0,1,1,4294967295
tileNeoGrimeC,416,96,64,0,32,32,0,1,1,4294967295
tileNeoGrimeC,64,1248,96,0,96,96,0,1,1,4294967295
tileNeoGrimeC,320,1248,96,0,96,96,0,1,1,4294967295
tileNeoGrimeC,160,1248,0,96,160,80,0,1,1,4294967295
tileNeoGrimeC,432,1280,160,192,32,16,0,1,1,4294967295
tileNeoGrimeC,416,1280,64,64,16,32,0,1,1,4294967295
tileNeoGrimeC,416,1312,64,80,16,16,0,1,1,4294967295
tileNeoGrimeC,416,1328,64,80,16,16,0,1,1,4294967295
tileNeoGrimeC,464,1280,160,192,16,16,0,1,1,4294967295
tileNeoGrimeC,432,1296,96,176,32,32,0,1,1,4294967295
tileNeoGrimeC,432,1328,96,176,32,16,0,1,1,4294967295
tileNeoGrimeC,464,1296,96,176,16,32,0,1,1,4294967295
tileNeoGrimeC,464,1328,96,176,16,16,0,1,1,4294967295
tileNeoGrimeC,208,16,128,192,32,16,0,1,1,4294967295
tileNeoGrimeC,208,32,128,192,32,16,0,1,1,4294967295
tileNeoGrimeC,208,48,128,192,32,16,0,1,1,4294967295
tileNeoGrimeC,208,64,128,192,32,16,0,1,1,4294967295
tileNeoGrimeC,208,80,128,192,32,16,0,1,1,4294967295
tileNeoGrimeC,208,112,128,192,32,16,0,1,1,4294967295
tileNeoGrimeC,208,128,128,192,32,16,0,1,1,4294967295
tileNeoGrimeC,208,144,128,192,32,16,0,1,1,4294967295
tileNeoGrimeC,208,160,128,192,32,16,0,1,1,4294967295
tileNeoGrimeC,208,176,128,192,32,16,0,1,1,4294967295
tileNeoGrimeC,240,16,128,192,32,16,0,1,1,4294967295
tileNeoGrimeC,240,32,128,192,32,16,0,1,1,4294967295
tileNeoGrimeC,240,48,128,192,32,16,0,1,1,4294967295
tileNeoGrimeC,240,64,128,192,32,16,0,1,1,4294967295
tileNeoGrimeC,240,80,128,192,32,16,0,1,1,4294967295
tileNeoGrimeC,240,112,128,192,32,16,0,1,1,4294967295
tileNeoGrimeC,240,128,128,192,32,16,0,1,1,4294967295
tileNeoGrimeC,240,144,128,192,32,16,0,1,1,4294967295
tileNeoGrimeC,240,160,128,192,32,16,0,1,1,4294967295
tileNeoGrimeC,240,176,128,192,32,16,0,1,1,4294967295
tileNeoGrimeC,240,208,128,192,32,16,0,1,1,4294967295
tileNeoGrimeC,240,224,128,192,32,16,0,1,1,4294967295
tileNeoGrimeC,240,240,128,192,32,16,0,1,1,4294967295
tileNeoGrimeC,240,256,128,192,32,16,0,1,1,4294967295
tileNeoGrimeC,240,272,128,192,32,16,0,1,1,4294967295
tileNeoGrimeC,240,304,128,192,32,16,0,1,1,4294967295
tileNeoGrimeC,240,320,128,192,32,16,0,1,1,4294967295
tileNeoGrimeC,240,336,128,192,32,16,0,1,1,4294967295
tileNeoGrimeC,240,352,128,192,32,16,0,1,1,4294967295
tileNeoGrimeC,208,208,128,192,32,16,0,1,1,4294967295
tileNeoGrimeC,208,224,128,192,32,16,0,1,1,4294967295
tileNeoGrimeC,208,240,128,192,32,16,0,1,1,4294967295
tileNeoGrimeC,208,256,128,192,32,16,0,1,1,4294967295
tileNeoGrimeC,208,272,128,192,32,16,0,1,1,4294967295
tileNeoGrimeC,208,304,128,192,32,16,0,1,1,4294967295
tileNeoGrimeC,208,320,128,192,32,16,0,1,1,4294967295
tileNeoGrimeC,208,336,128,192,32,16,0,1,1,4294967295
tileNeoGrimeC,208,352,128,192,32,16,0,1,1,4294967295
tileNeoGrimeC,208,368,128,192,32,16,0,1,1,4294967295
tileNeoGrimeC,208,400,128,192,32,16,0,1,1,4294967295
tileNeoGrimeC,208,416,128,192,32,16,0,1,1,4294967295
tileNeoGrimeC,208,432,128,192,32,16,0,1,1,4294967295
tileNeoGrimeC,208,448,128,192,32,16,0,1,1,4294967295
tileNeoGrimeC,208,464,128,192,32,16,0,1,1,4294967295
tileNeoGrimeC,208,496,128,192,32,16,0,1,1,4294967295
tileNeoGrimeC,208,512,128,192,32,16,0,1,1,4294967295
tileNeoGrimeC,208,528,128,192,32,16,0,1,1,4294967295
tileNeoGrimeC,208,544,128,192,32,16,0,1,1,4294967295
tileNeoGrimeC,208,560,128,192,32,16,0,1,1,4294967295
tileNeoGrimeC,208,592,128,192,32,16,0,1,1,4294967295
tileNeoGrimeC,208,608,128,192,32,16,0,1,1,4294967295
tileNeoGrimeC,240,368,128,192,32,16,0,1,1,4294967295
tileNeoGrimeC,240,400,128,192,32,16,0,1,1,4294967295
tileNeoGrimeC,240,416,128,192,32,16,0,1,1,4294967295
tileNeoGrimeC,240,432,128,192,32,16,0,1,1,4294967295
tileNeoGrimeC,240,448,128,192,32,16,0,1,1,4294967295
tileNeoGrimeC,240,464,128,192,32,16,0,1,1,4294967295
tileNeoGrimeC,240,496,128,192,32,16,0,1,1,4294967295
tileNeoGrimeC,240,512,128,192,32,16,0,1,1,4294967295
tileNeoGrimeC,240,528,128,192,32,16,0,1,1,4294967295
tileNeoGrimeC,240,544,128,192,32,16,0,1,1,4294967295
tileNeoGrimeC,240,560,128,192,32,16,0,1,1,4294967295
tileNeoGrimeC,240,592,128,192,32,16,0,1,1,4294967295
tileNeoGrimeC,240,608,128,192,32,16,0,1,1,4294967295
tileNeoGrimeC,208,624,128,192,32,16,0,1,1,4294967295
tileNeoGrimeC,208,640,128,192,32,16,0,1,1,4294967295
tileNeoGrimeC,208,656,128,192,32,16,0,1,1,4294967295
tileNeoGrimeC,208,688,128,192,32,16,0,1,1,4294967295
tileNeoGrimeC,208,704,128,192,32,16,0,1,1,4294967295
tileNeoGrimeC,208,720,128,192,32,16,0,1,1,4294967295
tileNeoGrimeC,208,736,128,192,32,16,0,1,1,4294967295
tileNeoGrimeC,208,752,128,192,32,16,0,1,1,4294967295
tileNeoGrimeC,208,784,128,192,32,16,0,1,1,4294967295
tileNeoGrimeC,208,800,128,192,32,16,0,1,1,4294967295
tileNeoGrimeC,208,816,128,192,32,16,0,1,1,4294967295
tileNeoGrimeC,208,832,128,192,32,16,0,1,1,4294967295
tileNeoGrimeC,208,848,128,192,32,16,0,1,1,4294967295
tileNeoGrimeC,208,880,128,192,32,16,0,1,1,4294967295
tileNeoGrimeC,240,624,128,192,32,16,0,1,1,4294967295
tileNeoGrimeC,240,640,128,192,32,16,0,1,1,4294967295
tileNeoGrimeC,240,656,128,192,32,16,0,1,1,4294967295
tileNeoGrimeC,240,688,128,192,32,16,0,1,1,4294967295
tileNeoGrimeC,240,704,128,192,32,16,0,1,1,4294967295
tileNeoGrimeC,240,720,128,192,32,16,0,1,1,4294967295
tileNeoGrimeC,240,736,128,192,32,16,0,1,1,4294967295
tileNeoGrimeC,240,752,128,192,32,16,0,1,1,4294967295
tileNeoGrimeC,240,784,128,192,32,16,0,1,1,4294967295
tileNeoGrimeC,240,800,128,192,32,16,0,1,1,4294967295
tileNeoGrimeC,240,816,128,192,32,16,0,1,1,4294967295
tileNeoGrimeC,240,832,128,192,32,16,0,1,1,4294967295
tileNeoGrimeC,240,848,128,192,32,16,0,1,1,4294967295
tileNeoGrimeC,240,880,128,192,32,16,0,1,1,4294967295
tileNeoGrimeC,240,896,128,192,32,16,0,1,1,4294967295
tileNeoGrimeC,208,896,128,192,32,16,0,1,1,4294967295
tileNeoGrimeC,208,912,128,192,32,16,0,1,1,4294967295
tileNeoGrimeC,208,928,128,192,32,16,0,1,1,4294967295
tileNeoGrimeC,208,944,128,192,32,16,0,1,1,4294967295
tileNeoGrimeC,208,976,128,192,32,16,0,1,1,4294967295
tileNeoGrimeC,208,992,128,192,32,16,0,1,1,4294967295
tileNeoGrimeC,208,1008,128,192,32,16,0,1,1,4294967295
tileNeoGrimeC,208,1024,128,192,32,16,0,1,1,4294967295
tileNeoGrimeC,208,1040,128,192,32,16,0,1,1,4294967295
tileNeoGrimeC,240,1040,128,192,32,16,0,1,1,4294967295
tileNeoGrimeC,240,1024,128,192,32,16,0,1,1,4294967295
tileNeoGrimeC,240,1008,128,192,32,16,0,1,1,4294967295
tileNeoGrimeC,240,992,128,192,32,16,0,1,1,4294967295
tileNeoGrimeC,240,976,128,192,32,16,0,1,1,4294967295
tileNeoGrimeC,240,944,128,192,32,16,0,1,1,4294967295
tileNeoGrimeC,240,928,128,192,32,16,0,1,1,4294967295
tileNeoGrimeC,240,912,128,192,32,16,0,1,1,4294967295
tileNeoGrimeC,208,1104,0,96,64,16,0,1,1,4294967295
tileNeoGrimeC,208,0,0,96,64,16,0,1,1,4294967295
tileNeoGrimeC,208,96,0,96,64,16,0,1,1,4294967295
tileNeoGrimeC,208,192,0,96,64,16,0,1,1,4294967295
tileNeoGrimeC,208,288,0,96,64,16,0,1,1,4294967295
tileNeoGrimeC,208,384,0,96,64,16,0,1,1,4294967295
tileNeoGrimeC,208,480,0,96,64,16,0,1,1,4294967295
tileNeoGrimeC,208,576,0,96,64,16,0,1,1,4294967295
tileNeoGrimeC,208,672,0,96,64,16,0,1,1,4294967295
tileNeoGrimeC,208,768,0,96,64,16,0,1,1,4294967295
tileNeoGrimeC,208,864,0,96,64,16,0,1,1,4294967295
tileNeoGrimeC,208,960,0,96,64,16,0,1,1,4294967295
tileNeoGrimeC,208,1072,0,96,64,16,0,1,1,4294967295
tileNeoGrimeC,208,1088,0,96,64,16,0,1,1,4294967295
tileNeoGrimeC,208,1056,0,96,64,16,0,1,1,4294967295
tileNeoGrimeC,160,1328,0,96,160,16,0,1,1,4294967295
tileNeoGrimeC,64,1232,0,96,160,16,0,1,1,4294967295
tileNeoGrimeC,256,1232,0,96,160,16,0,1,1,4294967295
tileNeoGrimeC,224,1232,64,96,32,16,0,1,1,4294967295
tileNeoGrimeC,64,1120,128,176,32,16,0,1,1,4294967295
tileNeoGrimeC,96,1120,128,176,32,16,0,1,1,4294967295
tileNeoGrimeC,128,1120,128,176,32,16,0,1,1,4294967295
tileNeoGrimeC,192,1120,128,176,32,16,0,1,1,4294967295
tileNeoGrimeC,224,1120,128,176,32,16,0,1,1,4294967295
tileNeoGrimeC,256,1120,128,176,32,16,0,1,1,4294967295
tileNeoGrimeC,320,1120,128,176,32,16,0,1,1,4294967295
tileNeoGrimeC,352,1120,128,176,32,16,0,1,1,4294967295
tileNeoGrimeC,384,1120,128,176,32,16,0,1,1,4294967295
tileNeoGrimeC,96,1136,64,0,32,32,0,1,1,4294967295
tileNeoGrimeC,96,1168,64,0,32,32,0,1,1,4294967295
tileNeoGrimeC,96,1200,64,0,32,32,0,1,1,4294967295
tileNeoGrimeC,224,1136,64,0,32,32,0,1,1,4294967295
tileNeoGrimeC,224,1168,64,0,32,32,0,1,1,4294967295
tileNeoGrimeC,224,1200,64,0,32,32,0,1,1,4294967295
tileNeoGrimeC,352,1136,64,0,32,32,0,1,1,4294967295
tileNeoGrimeC,352,1168,64,0,32,32,0,1,1,4294967295
tileNeoGrimeC,352,1200,64,0,32,32,0,1,1,4294967295
tileNeoGrimeC,64,1136,32,176,32,32,0,1,1,4294967295
tileNeoGrimeC,128,1136,32,176,32,32,0,1,1,4294967295
tileNeoGrimeC,192,1136,32,176,32,32,0,1,1,4294967295
tileNeoGrimeC,256,1136,32,176,32,32,0,1,1,4294967295
tileNeoGrimeC,320,1136,32,176,32,32,0,1,1,4294967295
tileNeoGrimeC,384,1136,32,176,32,32,0,1,1,4294967295
tileNeoGrimeC,64,1168,0,176,32,32,0,1,1,4294967295
tileNeoGrimeC,64,1200,0,176,32,32,0,1,1,4294967295
tileNeoGrimeC,128,1168,0,176,32,32,0,1,1,4294967295
tileNeoGrimeC,128,1200,0,176,32,32,0,1,1,4294967295
tileNeoGrimeC,192,1168,0,176,32,32,0,1,1,4294967295
tileNeoGrimeC,192,1200,0,176,32,32,0,1,1,4294967295
tileNeoGrimeC,256,1168,0,176,32,32,0,1,1,4294967295
tileNeoGrimeC,256,1200,0,176,32,32,0,1,1,4294967295
tileNeoGrimeC,320,1168,0,176,32,32,0,1,1,4294967295
tileNeoGrimeC,320,1200,0,176,32,32,0,1,1,4294967295
tileNeoGrimeC,384,1168,0,176,32,32,0,1,1,4294967295
tileNeoGrimeC,384,1200,0,176,32,32,0,1,1,4294967295
tileNeoGrimeC,160,1120,128,176,32,32,0,1,1,4294967295
tileNeoGrimeC,288,1120,128,176,32,32,0,1,1,4294967295
tileNeoGrimeC,160,1152,128,192,32,16,0,1,1,4294967295
tileNeoGrimeC,160,1168,128,192,32,16,0,1,1,4294967295
tileNeoGrimeC,160,1184,128,192,32,16,0,1,1,4294967295
tileNeoGrimeC,160,1200,128,192,32,16,0,1,1,4294967295
tileNeoGrimeC,160,1216,128,192,32,16,0,1,1,4294967295
tileNeoGrimeC,288,1152,128,192,32,16,0,1,1,4294967295
tileNeoGrimeC,288,1168,128,192,32,16,0,1,1,4294967295
tileNeoGrimeC,288,1184,128,192,32,16,0,1,1,4294967295
tileNeoGrimeC,288,1200,128,192,32,16,0,1,1,4294967295
tileNeoGrimeC,288,1216,128,192,32,16,0,1,1,4294967295
